9.876351576561311e-42
587.4625854492188
711.83251953125
585.9775390625
616.8875732421875
586.2125854492188
663.9100341796875
692.5950317382812
639.6050415039062
975.9925537109375
657.697509765625
959.9025268554688
964.9775390625
988.2200317382812
989.5650634765625
960.9900512695312
994.37255859375
980.9275512695312
991.6075439453125
945.6300659179688
980.5650634765625
992.68505859375
837.4425659179688
906.342529296875
900.3575439453125
993.0750122070312
991.6100463867188
968.14501953125
972.6625366210938
993.3675537109375
970.1900634765625
992.2500610351562
955.2950439453125
977.2200317382812
964.5575561523438
967.1175537109375
960.070068359375
965.99755859375
996.06005859375
959.6300659179688
965.5750122070312
958.7275390625
658.2650146484375
840.3400268554688
591.0675659179688
679.3450317382812
779.6875610351562
935.6075439453125
987.6475219726562
784.7325439453125
971.4525146484375
991.6675415039062
969.4275512695312
993.02001953125
806.6000366210938
985.070068359375
948.4150390625
975.1650390625
993.8250122070312
964.2775268554688
797.3800659179688
921.7275390625
597.7650756835938
909.3575439453125
744.4400634765625
992.820068359375
992.4025268554688
976.0575561523438
889.1025390625
972.6075439453125
969.6475219726562
959.2200317382812
749.1800537109375
877.7550659179688
630.7025756835938
840.112548828125
992.8300170898438
993.3800659179688
877.675048828125
975.9625244140625
967.02001953125
962.1925659179688
868.322509765625
932.7000122070312
944.5275268554688
991.0575561523438
994.2500610351562
992.3925170898438
980.7325439453125
964.70751953125
925.0800170898438
752.135009765625
992.925048828125
980.6250610351562
961.5425415039062
966.7000122070312
995.1625366210938
993.1900634765625
965.7500610351562
858.0750122070312
946.9550170898438
993.4650268554688
963.56005859375
963.1875610351562
800.08251953125
966.5850219726562
941.43505859375
993.5675659179688
968.3750610351562
970.5550537109375
914.6475219726562
979.8650512695312
959.9125366210938
971.6000366210938
986.4525146484375
966.1700439453125
968.0975341796875
806.58251953125
967.5950317382812
926.3300170898438
990.70751953125
977.467529296875
972.1700439453125
975.06005859375
970.5875244140625
988.8250122070312
975.320068359375
988.9725341796875
994.550048828125
973.2875366210938
978.445068359375
889.8300170898438
981.93505859375
984.0900268554688
983.6375122070312
988.1500244140625
957.1475219726562
978.7400512695312
984.8775634765625
984.5375366210938
992.362548828125
981.3775634765625
985.4850463867188
987.1925659179688
988.072509765625
983.89501953125
985.030029296875
988.43505859375
989.0675659179688
991.6650390625
991.6200561523438
989.550048828125
991.382568359375
990.9125366210938
991.1050415039062
992.0050659179688
993.987548828125
993.6875610351562
994.635009765625
994.7925415039062
996.675048828125
997.0850219726562
626.6700439453125
667.2625122070312
607.0000610351562
628.7975463867188
622.8075561523438
682.4950561523438
740.9150390625
678.4550170898438
781.4200439453125
750.9825439453125
605.320068359375
682.8700561523438
813.74755859375
603.5000610351562
824.4425659179688
626.155029296875
729.1775512695312
939.2350463867188
692.4300537109375
927.8600463867188
894.9275512695312
684.1375122070312
578.5725708007812
949.1000366210938
840.8550415039062
849.2750244140625
761.0900268554688
846.3025512695312
827.925048828125
619.1025390625
827.3975219726562
851.2825317382812
842.2900390625
832.1775512695312
655.0275268554688
657.7100219726562
635.830078125
687.1300659179688
749.7625122070312
632.2125854492188
764.0775146484375
760.5950317382812
873.5125122070312
718.9950561523438
821.425048828125
683.81005859375
940.655029296875
786.6250610351562
907.7325439453125
693.0275268554688
665.9700317382812
893.280029296875
692.8750610351562
945.93505859375
829.99755859375
679.9950561523438
756.1150512695312
969.52001953125
870.5800170898438
696.4775390625
829.5175170898438
806.64501953125
856.87255859375
683.072509765625
873.4125366210938
710.697509765625
721.7750244140625
906.1050415039062
854.570068359375
736.2725219726562
825.3400268554688
794.2500610351562
752.612548828125
878.2400512695312
861.2550659179688
856.7100219726562
890.760009765625
881.9725341796875
910.3550415039062
803.0325317382812
860.4075317382812
793.5625610351562
970.4650268554688
822.1000366210938
964.7425537109375
909.5125122070312
913.0675659179688
916.1725463867188
893.4525146484375
918.2550659179688
915.2875366210938
932.7550659179688
939.6500244140625
972.0325317382812
978.52001953125
979.9850463867188
897.2225341796875
905.6600341796875
893.4725341796875
764.2550659179688
734.820068359375
736.4750366210938
720.4400634765625
732.06005859375
621.330078125
631.7975463867188
644.5950317382812
895.3750610351562
809.0250244140625
834.5350341796875
806.7300415039062
771.5025634765625
625.5100708007812
643.8850708007812
661.030029296875
639.967529296875
702.4300537109375
811.8050537109375
789.2200317382812
657.2675170898438
659.4275512695312
783.1375122070312
668.1525268554688
890.9000244140625
772.8925170898438
919.6400146484375
770.0375366210938
756.822509765625
772.6200561523438
877.2900390625
625.425048828125
757.195068359375
679.6500244140625
763.4700317382812
687.4075317382812
678.322509765625
768.4275512695312
901.2550659179688
798.9500122070312
635.6375732421875
719.8025512695312
697.510009765625
815.4950561523438
642.7075805664062
681.4700317382812
816.4200439453125
739.445068359375
704.2550659179688
886.6100463867188
768.8050537109375
809.4150390625
656.9100341796875
805.135009765625
736.3750610351562
646.8325805664062
717.2325439453125
708.3775634765625
725.2775268554688
809.37255859375
734.2825317382812
685.8550415039062
755.3375244140625
719.8375244140625
816.2975463867188
752.5375366210938
814.6875610351562
760.1025390625
752.9950561523438
780.0050659179688
798.4125366210938
801.2625122070312
815.95751953125
823.6725463867188
821.31005859375
823.89501953125
816.08251953125
909.195068359375
918.320068359375
926.4650268554688
954.4525146484375
940.3925170898438
976.0525512695312
926.842529296875
809.507568359375
826.3400268554688
956.2675170898438
840.8925170898438
924.4200439453125
972.135009765625
827.737548828125
725.3300170898438
863.4000244140625
963.81005859375
982.93505859375
986.2750244140625
992.195068359375
989.7650146484375
991.1025390625
990.33251953125
993.9650268554688
992.49755859375
992.62255859375
994.8125610351562
995.6600341796875
876.5525512695312
823.4125366210938
957.362548828125
926.2650146484375
982.1575317382812
962.0275268554688
801.8175659179688
988.9125366210938
990.1275634765625
993.0250244140625
994.945068359375
993.0050659179688
996.3125610351562
877.5400390625
888.320068359375
948.2875366210938
927.6575317382812
992.2250366210938
924.62255859375
897.0000610351562
989.3150634765625
978.5025634765625
990.4850463867188
952.4000244140625
835.7275390625
987.8250122070312
970.45751953125
892.0575561523438
992.8375244140625
976.445068359375
981.0550537109375
950.695068359375
980.8500366210938
984.5800170898438
983.3475341796875
989.4600219726562
985.5575561523438
989.1800537109375
991.33251953125
991.6600341796875
992.4750366210938
991.0975341796875
997.20751953125
991.37255859375
991.3350219726562
996.7275390625
991.5975341796875
992.382568359375
991.1475219726562
992.9375610351562
995.195068359375
965.947509765625
961.0650634765625
977.0525512695312
977.5675659179688
979.3925170898438
981.5775146484375
985.0775146484375
986.14501953125
986.697509765625
987.3650512695312
989.9125366210938
990.5525512695312
990.6475219726562
992.2100219726562
991.8150634765625
993.6425170898438
992.9000244140625
993.7675170898438
995.3175659179688
995.68505859375
998.9800415039062
734.9775390625
677.0000610351562
644.8775634765625
949.197509765625
996.8250122070312
894.5525512695312
934.0150146484375
998.820068359375
997.175048828125
724.5175170898438
984.9200439453125
983.7300415039062
968.87255859375
994.425048828125
997.31005859375
911.3400268554688
997.0800170898438
901.7550659179688
971.092529296875
940.7050170898438
781.9925537109375
992.7400512695312
1001.1100463867188
987.68505859375
991.7500610351562
860.2825317382812
998.12255859375
993.5625610351562
990.62255859375
993.0675659179688
993.9850463867188
994.8500366210938
994.5000610351562
998.5350341796875
994.925048828125
994.6475219726562
999.0000610351562
997.2025146484375
993.3075561523438
992.0050659179688
985.842529296875
999.4500122070312
931.1525268554688
987.1425170898438
996.882568359375
986.6400146484375
995.7325439453125
995.7975463867188
992.612548828125
995.4850463867188
994.9125366210938
979.112548828125
998.757568359375
986.6100463867188
975.362548828125
997.9775390625
995.2275390625
997.260009765625
999.6075439453125
995.6025390625
998.0900268554688
997.467529296875
996.4825439453125
998.3550415039062
990.507568359375
994.93505859375
962.6875610351562
998.695068359375
988.6600341796875
987.74755859375
997.6625366210938
993.0675659179688
999.1650390625
982.8475341796875
994.9025268554688
996.8550415039062
997.0800170898438
996.945068359375
993.1575317382812
996.1600341796875
995.1300659179688
996.5400390625
998.5275268554688
997.9425659179688
998.0250244140625
995.2000122070312
998.760009765625
962.7425537109375
997.9200439453125
993.70751953125
997.20751953125
998.4775390625
998.45751953125
996.8550415039062
987.9075317382812
991.737548828125
999.1275634765625
995.6725463867188
999.1625366210938
992.925048828125
990.6625366210938
995.4175415039062
997.9725341796875
996.3700561523438
998.6625366210938
998.2675170898438
998.0000610351562
998.2875366210938
998.9075317382812
998.4325561523438
999.3175659179688
999.2125244140625
997.5225219726562
998.0650634765625
997.447509765625
999.5225219726562
997.68505859375
996.7500610351562
997.757568359375
998.1050415039062
999.4175415039062
997.257568359375
998.9550170898438
999.3375244140625
998.4150390625
999.0225219726562
999.3150634765625
999.7250366210938
999.5000610351562
999.342529296875
979.632568359375
973.0050659179688
981.1100463867188
980.3525390625
983.885009765625
986.6250610351562
955.9125366210938
972.1275634765625
981.4100341796875
980.37255859375
938.0350341796875
987.9775390625
990.3075561523438
973.7750244140625
944.3050537109375
991.2750244140625
970.9325561523438
984.6175537109375
983.1825561523438
979.12255859375
988.52001953125
987.5750122070312
990.7950439453125
991.1275634765625
993.010009765625
990.0475463867188
990.5625610351562
992.7250366210938
988.5275268554688
991.2625122070312
955.925048828125
955.2325439453125
952.425048828125
982.9625244140625
956.5325317382812
948.9925537109375
946.9725341796875
965.820068359375
956.467529296875
951.0025634765625
988.0350341796875
987.2150268554688
957.9200439453125
947.9325561523438
975.1650390625
977.3375244140625
956.0350341796875
970.9300537109375
955.7725219726562
967.12255859375
977.9950561523438
987.8275146484375
969.862548828125
963.300048828125
968.6200561523438
983.9550170898438
981.6300659179688
979.6250610351562
977.2900390625
992.43505859375
986.9375610351562
987.0575561523438
989.1375122070312
980.7225341796875
969.4850463867188
973.6200561523438
984.862548828125
993.1575317382812
977.362548828125
991.6050415039062
977.4400634765625
985.7200317382812
991.4300537109375
991.2975463867188
880.99755859375
782.4175415039062
884.9900512695312
890.2875366210938
897.8875122070312
917.0675659179688
968.4325561523438
959.0625610351562
924.7650146484375
971.5050659179688
936.9550170898438
978.800048828125
978.5325317382812
972.6675415039062
976.280029296875
978.4200439453125
977.3925170898438
982.260009765625
978.8250122070312
961.6150512695312
979.7550659179688
975.385009765625
978.27001953125
980.695068359375
984.487548828125
982.8275146484375
983.5425415039062
985.2525634765625
982.1375122070312
974.947509765625
981.1150512695312
974.260009765625
980.4400634765625
978.6825561523438
968.8600463867188
963.9700317382812
962.8875122070312
964.4400634765625
967.1800537109375
964.655029296875
965.5525512695312
954.2450561523438
961.1900634765625
959.3775634765625
955.197509765625
967.6675415039062
957.2150268554688
967.9900512695312
992.0950317382812
972.5975341796875
972.9200439453125
988.8475341796875
983.1400146484375
992.9425659179688
986.2775268554688
988.7400512695312
985.7150268554688
979.7025146484375
979.0650634765625
977.925048828125
983.257568359375
986.447509765625
984.8500366210938
984.905029296875
994.5050659179688
982.0525512695312
988.7425537109375
962.5625610351562
988.2325439453125
988.507568359375
995.6025390625
986.947509765625
993.1625366210938
997.0800170898438
993.77001953125
989.1725463867188
995.8500366210938
995.4600219726562
988.2725219726562
991.2300415039062
990.467529296875
993.27001953125
997.030029296875
993.6575317382812
986.9950561523438
959.8050537109375
997.0625610351562
997.4550170898438
989.9200439453125
989.1050415039062
993.0975341796875
996.99755859375
996.8050537109375
998.7850341796875
993.1600341796875
1000.050048828125
989.0125122070312
989.77001953125
999.2550659179688
988.1425170898438
994.237548828125
998.760009765625
992.2825317382812
999.7300415039062
995.3475341796875
999.4375610351562
995.260009765625
998.3575439453125
982.8450317382812
998.2000122070312
998.8025512695312
984.3575439453125
987.3975219726562
997.6300659179688
996.20751953125
998.6675415039062
998.6650390625
993.7425537109375
997.2725219726562
996.8150634765625
979.8175659179688
992.3525390625
976.9325561523438
996.382568359375
997.1250610351562
998.3050537109375
990.2900390625
988.6500244140625
978.58251953125
994.1000366210938
976.7775268554688
994.570068359375
998.2550659179688
972.0875244140625
986.7650146484375
988.3450317382812
988.1650390625
994.9550170898438
987.6200561523438
987.1075439453125
984.530029296875
992.757568359375
984.510009765625
997.3975219726562
985.68505859375
992.95751953125
988.2900390625
984.8075561523438
995.1700439453125
983.6050415039062
981.1525268554688
963.0950317382812
986.9400634765625
989.9100341796875
822.2150268554688
973.7250366210938
963.5550537109375
975.2900390625
979.33251953125
977.5550537109375
983.3050537109375
978.7250366210938
979.5400390625
968.5900268554688
983.6525268554688
985.2325439453125
985.257568359375
979.550048828125
977.2975463867188
972.6775512695312
963.77001953125
965.3550415039062
964.2425537109375
975.5025634765625
967.3925170898438
971.8150634765625
976.2425537109375
990.3600463867188
984.8500366210938
988.8300170898438
986.2425537109375
991.0450439453125
995.300048828125
987.030029296875
991.405029296875
990.9375610351562
994.7325439453125
998.1375122070312
996.8675537109375
995.99755859375
999.5550537109375
993.6275634765625
995.8450317382812
996.8250122070312
995.7975463867188
994.2950439453125
987.7825317382812
994.0325317382812
994.9175415039062
984.0375366210938
989.2775268554688
996.070068359375
994.8500366210938
986.1000366210938
964.6300659179688
854.0225219726562
975.9600219726562
983.14501953125
981.5425415039062
980.3675537109375
975.6800537109375
984.3750610351562
984.7625122070312
985.0375366210938
986.4375610351562
980.5025634765625
966.7500610351562
966.1725463867188
963.3575439453125
973.6775512695312
981.45751953125
974.217529296875
990.260009765625
995.9550170898438
991.9275512695312
998.4175415039062
992.5225219726562
994.3075561523438
992.5675659179688
998.5400390625
991.3575439453125
996.9800415039062
995.4650268554688
982.1050415039062
991.9025268554688
878.632568359375
979.1525268554688
968.3575439453125
982.1025390625
983.697509765625
986.4225463867188
982.2750244140625
964.737548828125
971.4800415039062
970.0375366210938
968.5225219726562
979.8925170898438
980.0400390625
997.52001953125
988.8775634765625
992.9550170898438
994.6825561523438
999.300048828125
994.7625122070312
993.967529296875
977.2900390625
990.342529296875
996.280029296875
986.1075439453125
993.7100219726562
982.9075317382812
985.385009765625
985.27001953125
965.5650634765625
971.0000610351562
978.39501953125
972.0750122070312
980.7900390625
984.9600219726562
993.0400390625
999.405029296875
981.0650634765625
982.9625244140625
885.467529296875
985.2925415039062
984.487548828125
980.83251953125
987.4525146484375
982.9775390625
968.1475219726562
983.3350219726562
967.1250610351562
973.9375610351562
970.1825561523438
996.9325561523438
984.4600219726562
984.7975463867188
995.7050170898438
985.3175659179688
982.7875366210938
968.9275512695312
973.6825561523438
998.4925537109375
997.5225219726562
985.7275390625
984.5450439453125
985.7225341796875
980.1025390625
998.9650268554688
998.9225463867188
996.4275512695312
992.2775268554688
993.1500244140625
991.0025634765625
993.6475219726562
894.1575317382812
988.2675170898438
999.2025146484375
993.1775512695312
992.2450561523438
993.5775146484375
984.74755859375
978.4600219726562
988.1500244140625
984.4075317382812
995.3450317382812
996.7975463867188
993.9125366210938
995.8525390625
909.0850219726562
999.81005859375
998.5775146484375
998.37255859375
929.5000610351562
984.49755859375
989.8300170898438
918.530029296875
977.20751953125
993.487548828125
990.2050170898438
958.632568359375
963.5800170898438
996.33251953125
965.4700317382812
993.0150146484375
992.06005859375
991.5900268554688
968.6425170898438
994.1575317382812
993.967529296875
991.8450317382812
999.510009765625
994.9125366210938
974.9125366210938
993.4025268554688
988.0950317382812
997.7675170898438
991.8550415039062
971.385009765625
996.382568359375
971.83251953125
984.697509765625
994.9000244140625
999.37255859375
991.6075439453125
998.2650146484375
993.780029296875
996.635009765625
