9.876351576561311e-42
587.9904174804688
712.8704223632812
586.3754272460938
617.7779541015625
586.5379638671875
664.9029541015625
693.5904541015625
640.5304565429688
973.470458984375
658.73046875
957.7804565429688
962.8754272460938
985.575439453125
986.8604736328125
958.782958984375
991.5604248046875
978.66796875
988.9679565429688
943.9154663085938
978.4854736328125
989.9454345703125
837.6329345703125
905.367919921875
899.7354736328125
990.3104248046875
988.9879760742188
966.2054443359375
970.9379272460938
990.6329345703125
968.2529296875
989.6354370117188
953.9954223632812
975.177978515625
963.2879638671875
965.3804321289062
958.6879272460938
964.407958984375
993.3204345703125
958.5204467773438
963.8829345703125
957.6204223632812
659.2454223632812
840.3379516601562
591.4104614257812
680.4454345703125
780.3154296875
934.0254516601562
984.990478515625
785.2979736328125
969.2079467773438
988.9554443359375
967.2329711914062
990.2979736328125
807.240478515625
982.865478515625
946.9329223632812
973.1504516601562
991.16796875
962.5054321289062
797.990478515625
920.2354736328125
598.4554443359375
908.3604736328125
745.3604736328125
990.1904296875
989.6854248046875
973.8854370117188
888.2529296875
970.6204223632812
967.7129516601562
957.7879638671875
750.1329345703125
877.04296875
631.5629272460938
840.1979370117188
990.14794921875
990.60546875
877.1929321289062
973.9529418945312
965.6354370117188
960.64794921875
867.8404541015625
931.0379638671875
942.9029541015625
988.5029296875
991.4379272460938
989.680419921875
978.5354614257812
963.2229614257812
923.5654296875
752.9004516601562
990.2454223632812
978.492919921875
959.9254760742188
964.4029541015625
992.2554321289062
990.52294921875
964.1604614257812
857.8529663085938
945.0379638671875
990.64794921875
961.8629760742188
961.4854736328125
800.4829711914062
964.305419921875
939.5179443359375
990.8479614257812
966.6254272460938
968.64794921875
913.5479736328125
977.4679565429688
957.8629760742188
969.6729736328125
983.8829345703125
964.1829223632812
966.2579345703125
806.9154663085938
965.7154541015625
925.052978515625
988.3104248046875
975.2979736328125
970.2454223632812
972.9329223632812
968.7654418945312
986.4354248046875
973.3579711914062
986.532958984375
991.8904418945312
971.4104614257812
976.4054565429688
889.2379760742188
979.8079223632812
981.930419921875
981.5004272460938
985.8829345703125
955.2504272460938
976.58544921875
982.5679321289062
982.1304321289062
989.9629516601562
979.0779418945312
983.157958984375
984.8379516601562
985.6929321289062
981.7179565429688
982.8004760742188
986.1004638671875
986.7354736328125
989.200439453125
989.0729370117188
987.0979614257812
988.825439453125
988.302978515625
988.5929565429688
989.4679565429688
991.3729248046875
991.1304321289062
992.0454711914062
992.1729736328125
993.9829711914062
994.3504638671875
627.387939453125
668.3179321289062
607.5479125976562
629.60791015625
623.6529541015625
683.950439453125
742.0704345703125
679.6954345703125
782.240478515625
752.0004272460938
605.8504638671875
683.9754638671875
813.9729614257812
604.180419921875
824.3904418945312
627.1729125976562
730.1629638671875
936.98046875
693.7329711914062
925.6529541015625
893.7704467773438
685.2554321289062
579.0054321289062
946.5929565429688
840.7704467773438
849.1304321289062
761.8829345703125
846.3279418945312
828.1129760742188
619.950439453125
827.5029296875
851.2054443359375
842.2329711914062
832.3629760742188
656.10546875
658.7504272460938
636.470458984375
688.5154418945312
750.8629760742188
632.7854614257812
764.8754272460938
761.3304443359375
872.6079711914062
719.8629760742188
821.46044921875
684.9954223632812
938.1454467773438
787.1829223632812
906.2679443359375
694.3904418945312
667.0929565429688
892.1879272460938
694.1329345703125
943.4104614257812
830.0829467773438
681.0579223632812
757.2229614257812
966.5604248046875
869.9229736328125
697.8079223632812
829.6329345703125
807.0779418945312
856.3079223632812
684.27294921875
872.48046875
712.2179565429688
722.9479370117188
904.5579223632812
854.3729248046875
737.492919921875
825.3629760742188
794.71044921875
753.6229248046875
877.095458984375
860.8729248046875
856.1254272460938
889.73046875
881.137939453125
908.8079223632812
803.4629516601562
859.9129638671875
794.0279541015625
967.5679321289062
822.0404663085938
961.9054565429688
907.6729736328125
911.3204345703125
914.3779296875
892.1029663085938
916.3529663085938
913.6454467773438
930.73046875
937.430419921875
969.04296875
975.4354248046875
976.8954467773438
893.3154296875
901.4754638671875
889.6104736328125
764.512939453125
735.5629272460938
737.1504516601562
721.1604614257812
732.6654663085938
621.805419921875
632.2979125976562
645.3479614257812
891.867919921875
808.6979370117188
833.2479248046875
806.4554443359375
771.8129272460938
625.89794921875
644.4129638671875
661.9104614257812
640.637939453125
703.2779541015625
811.8604736328125
789.6204223632812
658.1954345703125
660.512939453125
783.720458984375
669.52294921875
887.1554565429688
772.9204711914062
914.8854370117188
770.1929321289062
757.1879272460938
772.8104248046875
874.2179565429688
625.77294921875
757.8329467773438
680.5579223632812
764.137939453125
688.5779418945312
679.2579345703125
768.3904418945312
897.1254272460938
798.64794921875
636.0679321289062
720.5729370117188
698.5354614257812
814.2754516601562
643.1904296875
682.4529418945312
815.2504272460938
740.1754760742188
705.3504638671875
882.9629516601562
769.367919921875
808.48046875
657.6729736328125
805.0379638671875
737.4629516601562
647.4279174804688
718.35546875
709.33544921875
726.0454711914062
809.1754760742188
735.0254516601562
686.7854614257812
755.907958984375
720.6454467773438
815.98046875
753.0779418945312
814.242919921875
760.54296875
753.48046875
780.1029663085938
798.3579711914062
801.0379638671875
815.367919921875
822.9104614257812
820.5779418945312
823.0779418945312
815.0829467773438
904.6879272460938
913.407958984375
921.4554443359375
948.3829345703125
935.1129760742188
969.7879638671875
922.46044921875
809.2604370117188
825.6029663085938
950.7554321289062
839.9829711914062
921.1004638671875
967.2979736328125
827.5204467773438
726.4579467773438
862.345458984375
959.3804321289062
978.1754760742188
981.1304321289062
987.6604614257812
984.6304321289062
986.2854614257812
985.9229736328125
989.46044921875
988.1329345703125
987.9679565429688
990.3704223632812
991.2579345703125
874.0779418945312
822.9629516601562
952.14794921875
923.6904296875
977.3004760742188
958.1354370117188
802.0504760742188
983.9779663085938
985.1454467773438
988.4779663085938
990.46044921875
988.3804321289062
992.0504760742188
875.365478515625
886.7454223632812
944.950439453125
925.2879638671875
987.4054565429688
920.6904296875
894.7154541015625
984.7079467773438
974.470458984375
986.1454467773438
947.970458984375
835.240478515625
983.4154663085938
965.2854614257812
890.1604614257812
988.3704223632812
971.3304443359375
975.9654541015625
946.8304443359375
975.9204711914062
979.6229248046875
978.54296875
985.14794921875
980.8154296875
984.492919921875
986.7479248046875
986.6829223632812
987.5354614257812
986.5629272460938
992.6304321289062
986.58544921875
986.8804321289062
992.1029663085938
986.8529663085938
987.7354736328125
986.7079467773438
988.52294921875
990.680419921875
959.5779418945312
955.0454711914062
970.9404296875
971.64794921875
973.8154296875
976.1229248046875
979.6854248046875
980.6879272460938
981.3754272460938
982.0629272460938
984.8204345703125
985.677978515625
985.8329467773438
987.4379272460938
987.1229248046875
989.0654296875
988.5929565429688
989.4829711914062
990.9754638671875
991.4679565429688
994.7504272460938
736.0204467773438
678.41796875
645.9029541015625
946.04296875
992.4679565429688
893.0204467773438
931.5054321289062
994.4879760742188
993.0004272460938
725.825439453125
980.7654418945312
979.6879272460938
965.3754272460938
990.2454223632812
993.2154541015625
909.4004516601562
992.7379760742188
899.9329223632812
967.3479614257812
937.8804321289062
782.5379638671875
988.3854370117188
996.7479248046875
983.6529541015625
987.6079711914062
859.4679565429688
993.7804565429688
989.1504516601562
986.4204711914062
988.805419921875
989.5704345703125
990.512939453125
990.055419921875
994.1354370117188
990.6504516601562
990.48046875
994.8229370117188
993.2754516601562
988.8954467773438
987.85546875
981.9404296875
995.1904296875
928.8404541015625
983.3304443359375
992.617919921875
982.8629760742188
991.6254272460938
991.6879272460938
988.740478515625
991.8379516601562
991.1254272460938
975.7554321289062
994.782958984375
983.0579223632812
972.2554321289062
994.3104248046875
991.6079711914062
993.7604370117188
995.8804321289062
992.0879516601562
994.4054565429688
994.2679443359375
993.3229370117188
995.095458984375
986.4429321289062
990.5679321289062
959.512939453125
994.4479370117188
984.77294921875
984.0579223632812
993.8504638671875
989.5154418945312
995.3204345703125
979.5729370117188
991.4754638671875
993.4529418945312
993.7904663085938
993.7129516601562
989.1004638671875
991.7979736328125
991.04296875
992.4379272460938
994.9404296875
994.677978515625
994.8379516601562
990.9454345703125
994.595458984375
959.6929321289062
994.1304321289062
990.1204223632812
993.6329345703125
995.0504760742188
995.1029663085938
992.6329345703125
984.1954345703125
987.950439453125
995.1229248046875
992.2679443359375
995.6954345703125
989.2554321289062
987.1654663085938
991.8404541015625
994.302978515625
992.3104248046875
994.9879760742188
994.3604736328125
993.8754272460938
994.6904296875
995.5379638671875
994.492919921875
995.430419921875
995.85546875
993.7254638671875
994.2854614257812
993.7804565429688
996.0279541015625
994.2479248046875
993.3954467773438
994.3804321289062
994.6454467773438
995.8629760742188
993.46044921875
995.1829223632812
995.617919921875
994.9779663085938
995.6329345703125
995.950439453125
996.2954711914062
996.095458984375
996.0829467773438
974.6754760742188
968.387939453125
976.2379760742188
975.3904418945312
978.8104248046875
981.6454467773438
952.02294921875
967.79296875
976.7279663085938
975.6004638671875
934.8129272460938
982.7329711914062
985.1454467773438
969.1254272460938
940.867919921875
986.2229614257812
966.4979248046875
979.5629272460938
978.3579711914062
974.5304565429688
983.6004638671875
982.700439453125
985.8479614257812
985.9229736328125
987.930419921875
984.9879760742188
985.5829467773438
987.6979370117188
983.677978515625
986.3229370117188
952.2704467773438
951.7754516601562
949.1029663085938
978.6304321289062
952.9954223632812
945.6829223632812
943.8529663085938
962.055419921875
953.1329345703125
947.720458984375
983.6979370117188
983.1104736328125
954.4354248046875
944.7154541015625
971.2979736328125
973.4229736328125
952.7854614257812
966.992919921875
952.3779296875
963.4754638671875
974.0179443359375
983.595458984375
965.8304443359375
959.595458984375
964.7779541015625
979.677978515625
977.5254516601562
975.6254272460938
973.0279541015625
988.04296875
982.7154541015625
982.6554565429688
984.85546875
976.3404541015625
965.470458984375
969.5304565429688
980.4454345703125
988.5154418945312
973.2254638671875
987.180419921875
973.4554443359375
981.5929565429688
987.1854248046875
987.1729736328125
877.41796875
781.7954711914062
881.3779296875
886.5029296875
893.8579711914062
912.407958984375
962.012939453125
952.79296875
919.8904418945312
965.0579223632812
931.6879272460938
972.60546875
972.5704345703125
967.2954711914062
970.8704223632812
972.927978515625
971.1629638671875
976.0729370117188
972.7354736328125
957.0729370117188
973.8429565429688
970.4229736328125
973.240478515625
975.54296875
978.8804321289062
977.180419921875
977.79296875
979.7854614257812
976.907958984375
970.0254516601562
976.0079345703125
969.3929443359375
975.345458984375
973.677978515625
964.367919921875
959.9429321289062
958.7054443359375
960.4554443359375
962.867919921875
960.6429443359375
961.450439453125
950.7529296875
957.4154663085938
955.8204345703125
951.7029418945312
963.6004638671875
953.6954345703125
963.96044921875
987.7329711914062
968.3504638671875
969.0654296875
983.8529663085938
978.5179443359375
988.6404418945312
981.4029541015625
983.887939453125
981.0454711914062
975.4429321289062
975.0654296875
974.0404663085938
979.2529296875
981.782958984375
980.302978515625
980.7679443359375
990.3604736328125
978.1529541015625
984.7354736328125
958.8204345703125
984.0404663085938
984.60546875
991.5979614257812
982.4879760742188
988.4579467773438
993.0604248046875
989.8329467773438
985.10546875
991.9754638671875
991.5404663085938
983.8579711914062
987.1129760742188
986.2904663085938
989.1854248046875
993.2454223632812
989.5254516601562
982.7754516601562
956.3429565429688
993.1254272460938
992.990478515625
985.7129516601562
985.0029296875
989.2154541015625
993.2154541015625
992.930419921875
995.0254516601562
989.1254272460938
996.3504638671875
985.2054443359375
986.0304565429688
995.5354614257812
984.4204711914062
990.2329711914062
995.3529663085938
988.5654296875
996.1354370117188
991.1929321289062
995.9329223632812
991.5654296875
994.720458984375
978.8729248046875
994.4954223632812
995.5079345703125
980.615478515625
983.6404418945312
994.430419921875
992.6754760742188
995.3279418945312
995.3204345703125
990.2254638671875
994.0304565429688
993.555419921875
976.3179321289062
988.7504272460938
973.4479370117188
993.1829223632812
993.9554443359375
995.1904296875
986.8229370117188
985.1554565429688
975.2254638671875
990.7604370117188
973.6429443359375
991.177978515625
995.2179565429688
968.907958984375
983.6454467773438
985.117919921875
985.0604248046875
991.8929443359375
984.4729614257812
983.9479370117188
981.470458984375
989.8504638671875
981.4779663085938
994.5404663085938
982.6854248046875
990.0579223632812
985.35546875
982.0454711914062
992.3079223632812
980.657958984375
978.3429565429688
960.6954345703125
984.3729248046875
987.365478515625
820.5779418945312
967.2329711914062
957.21044921875
968.8779296875
973.2179565429688
971.7604370117188
977.3279418945312
972.680419921875
973.657958984375
963.7329711914062
977.91796875
979.7254638671875
979.6354370117188
974.4629516601562
972.33544921875
967.9579467773438
959.71044921875
961.3804321289062
960.367919921875
970.9104614257812
963.5654296875
967.6754760742188
971.9329223632812
985.4329223632812
980.4754638671875
984.7054443359375
981.907958984375
987.137939453125
990.6354370117188
982.742919921875
987.3279418945312
986.5579223632812
990.6829223632812
994.387939453125
992.9979248046875
992.2279663085938
996.0679321289062
989.5579223632812
992.1829223632812
993.242919921875
992.2079467773438
990.4129638671875
984.1404418945312
990.8479614257812
991.5504760742188
980.8179321289062
986.0679321289062
993.0629272460938
991.8704223632812
982.9404296875
962.33544921875
851.470458984375
969.4854736328125
977.0279541015625
975.9829711914062
974.2654418945312
970.3904418945312
978.8154296875
979.450439453125
979.637939453125
981.0279541015625
975.4104614257812
962.552978515625
962.1304321289062
959.5679321289062
969.5204467773438
977.0179443359375
970.4154663085938
985.4054565429688
992.10546875
988.0379638671875
994.7554321289062
988.4429321289062
990.117919921875
988.8154296875
995.2979736328125
987.5404663085938
993.5504760742188
992.552978515625
979.5804443359375
989.2779541015625
875.1504516601562
972.8279418945312
961.96044921875
976.21044921875
978.2079467773438
981.1104736328125
977.0929565429688
960.7754516601562
967.367919921875
965.8229370117188
964.700439453125
975.5779418945312
976.1829223632812
993.6629638671875
984.677978515625
989.0629272460938
990.9454345703125
995.8404541015625
990.7454223632812
990.220458984375
974.2579345703125
987.0629272460938
993.3629760742188
983.1454467773438
991.0729370117188
976.8829345703125
980.0454711914062
979.867919921875
961.427978515625
966.64794921875
973.8929443359375
968.0004272460938
976.8629760742188
980.4979248046875
988.1404418945312
995.7529296875
978.012939453125
979.9779663085938
881.805419921875
979.367919921875
978.5204467773438
974.8829345703125
982.0704345703125
977.7554321289062
963.9254760742188
978.5629272460938
963.3929443359375
969.8204345703125
966.2329711914062
993.1829223632812
981.200439453125
981.8304443359375
992.8104248046875
979.4679565429688
976.9004516601562
965.2229614257812
969.7529296875
994.7679443359375
993.6329345703125
979.9129638671875
978.887939453125
980.930419921875
976.0354614257812
995.305419921875
995.0604248046875
992.427978515625
988.8954467773438
989.8079223632812
988.1104736328125
990.7579345703125
890.1754760742188
983.927978515625
995.617919921875
989.73046875
988.9679565429688
990.5404663085938
979.2879638671875
974.5204467773438
983.3429565429688
980.3129272460938
991.8779296875
993.3379516601562
990.89794921875
993.012939453125
904.54296875
996.2029418945312
994.700439453125
994.907958984375
924.1504516601562
979.2029418945312
985.5254516601562
913.7229614257812
971.9479370117188
988.60546875
986.075439453125
952.3204345703125
957.1329345703125
993.512939453125
959.0504760742188
988.6954345703125
987.9354248046875
987.4104614257812
962.23046875
989.9329223632812
989.8329467773438
987.6979370117188
995.98046875
990.8429565429688
968.4154663085938
989.3129272460938
983.5804443359375
994.990478515625
987.9354248046875
967.4854736328125
993.8229370117188
965.39794921875
979.1704711914062
990.8104248046875
995.8704223632812
987.7804565429688
994.96044921875
989.8629760742188
992.0829467773438
