9.876351576561311e-42
614.294189453125
701.8966674804688
587.2466430664062
647.95166015625
588.95166015625
726.4966430664062
730.1841430664062
671.4291381835938
948.1666259765625
685.3566284179688
925.6766357421875
929.7066650390625
973.629150390625
959.47412109375
907.0491333007812
986.7291259765625
951.254150390625
986.2041625976562
903.2491455078125
982.681640625
987.1891479492188
775.84912109375
837.51416015625
826.461669921875
986.7041625976562
987.5541381835938
932.7366333007812
948.7316284179688
987.984130859375
972.63916015625
988.691650390625
923.4441528320312
978.5616455078125
962.8816528320312
965.1016235351562
958.066650390625
960.3016357421875
991.0216674804688
962.8316650390625
962.7941284179688
963.1691284179688
665.63916015625
844.8441162109375
583.7991333007812
694.024169921875
763.994140625
905.6241455078125
970.2191162109375
775.5216674804688
949.2316284179688
985.2466430664062
933.8741455078125
986.744140625
747.359130859375
984.714111328125
883.57666015625
975.8341674804688
988.8541259765625
966.3516235351562
768.6141357421875
910.649169921875
658.7616577148438
845.1966552734375
744.3041381835938
983.0391235351562
986.119140625
955.47412109375
808.8766479492188
976.401611328125
972.4866333007812
959.5841674804688
736.2416381835938
868.1841430664062
690.2716674804688
820.0741577148438
983.961669921875
987.0291137695312
796.8816528320312
977.7266235351562
960.869140625
960.8141479492188
857.4266357421875
919.7716674804688
889.6591186523438
986.1766357421875
986.8941650390625
987.0841674804688
976.339111328125
963.5316162109375
914.84912109375
778.2291259765625
986.8841552734375
979.5841674804688
962.711669921875
948.0491333007812
986.8466186523438
988.4091186523438
964.78662109375
840.70166015625
867.8466186523438
986.754150390625
965.8741455078125
965.26416015625
814.1866455078125
940.0091552734375
881.7666625976562
988.1241455078125
959.1066284179688
973.6341552734375
888.8616333007812
957.6641235351562
922.91162109375
975.9791259765625
961.494140625
937.8941650390625
963.9366455078125
819.921630859375
966.4866333007812
887.0091552734375
978.20166015625
953.464111328125
975.84912109375
971.6116333007812
976.191650390625
979.0016479492188
976.7666625976562
979.586669921875
988.6991577148438
977.4866333007812
979.7166137695312
859.994140625
982.3566284179688
984.0391235351562
985.089111328125
986.2191162109375
915.6566162109375
965.9716186523438
971.4366455078125
963.7416381835938
976.711669921875
973.0066528320312
966.149169921875
972.6116333007812
977.0641479492188
980.9466552734375
982.8566284179688
984.2916259765625
985.5841674804688
984.3041381835938
985.7691650390625
986.9891357421875
987.046630859375
987.3966674804688
987.57666015625
988.9866333007812
988.7891235351562
988.8866577148438
989.4716186523438
990.0716552734375
991.5291137695312
992.4266357421875
640.856689453125
663.1991577148438
632.9866333007812
656.024169921875
640.1791381835938
692.4766235351562
754.9891357421875
697.0941162109375
765.8016357421875
768.4341430664062
625.6866455078125
701.4166259765625
796.1766357421875
636.9041748046875
827.066650390625
686.774169921875
751.4666137695312
914.4166259765625
697.1566162109375
907.8816528320312
877.6166381835938
708.024169921875
595.9741821289062
929.274169921875
866.9791259765625
830.6366577148438
737.026611328125
799.01416015625
843.7791137695312
641.7691650390625
873.899169921875
823.6941528320312
865.6791381835938
812.5066528320312
653.359130859375
664.0116577148438
634.2566528320312
701.431640625
741.609130859375
630.1741333007812
752.1641235351562
749.901611328125
880.129150390625
739.6666259765625
808.2041625976562
673.2566528320312
928.6266479492188
777.369140625
929.9291381835938
668.6341552734375
681.6866455078125
850.3291625976562
704.776611328125
929.2566528320312
820.8816528320312
668.4966430664062
751.6466674804688
956.2516479492188
832.4266357421875
718.1766357421875
805.2491455078125
774.3841552734375
837.2316284179688
680.5591430664062
869.806640625
712.2941284179688
715.0216674804688
899.494140625
851.16162109375
753.1566162109375
805.9691162109375
805.4241333007812
744.6441650390625
873.3141479492188
876.4166259765625
865.1866455078125
855.7316284179688
892.2716674804688
912.0441284179688
790.3516235351562
889.8816528320312
813.6566162109375
943.5066528320312
844.5516357421875
934.4491577148438
873.401611328125
891.66162109375
918.254150390625
883.6416625976562
892.806640625
899.7491455078125
918.2841186523438
930.1741333007812
943.379150390625
950.984130859375
960.1466674804688
901.6541137695312
910.0916137695312
883.8041381835938
774.8466186523438
741.3741455078125
749.1066284179688
733.1241455078125
722.191650390625
625.0516357421875
634.379150390625
662.7266235351562
894.7216186523438
815.5591430664062
851.4166259765625
809.0916137695312
778.5316162109375
630.4291381835938
646.5541381835938
668.6016235351562
649.6341552734375
705.7916259765625
825.276611328125
805.1766357421875
660.8466186523438
688.5716552734375
809.20166015625
701.276611328125
890.2591552734375
774.681640625
922.5816650390625
779.0116577148438
752.1591186523438
778.3416137695312
872.0191650390625
631.3741455078125
761.171630859375
676.3016357421875
784.816650390625
705.3466186523438
692.13916015625
773.6791381835938
898.7591552734375
793.3566284179688
635.51416015625
718.336669921875
680.714111328125
816.34912109375
642.0541381835938
669.5741577148438
816.879150390625
738.84912109375
685.47412109375
876.8241577148438
775.6066284179688
818.556640625
661.2941284179688
798.59912109375
700.214111328125
648.086669921875
697.2666625976562
705.8041381835938
717.5591430664062
806.1316528320312
722.296630859375
686.994140625
744.1841430664062
717.2916259765625
813.7666625976562
744.4891357421875
815.879150390625
763.839111328125
745.0066528320312
768.2191162109375
800.8416137695312
794.9266357421875
806.7041625976562
816.8016357421875
809.9291381835938
821.399169921875
821.5066528320312
891.5591430664062
909.6691284179688
909.7216186523438
937.4366455078125
929.899169921875
970.8291625976562
917.5741577148438
811.4041137695312
836.4466552734375
947.9966430664062
848.234130859375
921.1066284179688
960.7216186523438
841.629150390625
735.4041137695312
870.0391235351562
951.3866577148438
979.211669921875
979.899169921875
989.5791625976562
978.2516479492188
984.806640625
987.76416015625
988.9391479492188
989.2366333007812
980.9341430664062
985.2041625976562
989.5616455078125
878.5741577148438
818.3566284179688
947.2691650390625
905.776611328125
968.9816284179688
942.5216674804688
803.7841186523438
983.7091674804688
976.3766479492188
988.671630859375
989.5691528320312
981.776611328125
989.6991577148438
883.8091430664062
878.9716186523438
927.181640625
886.3716430664062
981.47412109375
919.0341186523438
898.16162109375
970.1791381835938
943.0066528320312
983.32666015625
942.1566162109375
849.026611328125
958.76416015625
958.586669921875
895.2791137695312
990.1566162109375
967.84912109375
974.7591552734375
938.84912109375
972.0441284179688
979.3541259765625
964.796630859375
989.5491333007812
979.806640625
975.6691284179688
987.984130859375
983.964111328125
983.9591674804688
987.6541137695312
990.316650390625
983.9691162109375
987.76416015625
989.816650390625
985.3916625976562
985.504150390625
988.191650390625
989.2916259765625
988.7266235351562
956.171630859375
955.0091552734375
971.8816528320312
971.5341186523438
973.9566650390625
976.6266479492188
979.6116333007812
980.1791381835938
981.3441162109375
981.6041259765625
981.0291137695312
983.0316162109375
983.711669921875
982.63916015625
983.181640625
984.4891357421875
988.1166381835938
989.244140625
989.91162109375
990.32666015625
990.0916137695312
759.2616577148438
722.359130859375
673.5591430664062
930.5741577148438
977.4566650390625
882.504150390625
877.1566162109375
982.1541137695312
990.2416381835938
741.3966674804688
966.4291381835938
956.3016357421875
898.6466674804688
981.0941162109375
990.4166259765625
886.0966186523438
980.4141235351562
893.2291259765625
937.1766357421875
922.2566528320312
788.2066650390625
986.1866455078125
968.88916015625
971.816650390625
979.3291625976562
838.5016479492188
984.2791137695312
967.5791625976562
990.089111328125
984.0216674804688
989.9041137695312
987.1566162109375
988.4466552734375
987.274169921875
985.7591552734375
985.379150390625
985.961669921875
988.7916259765625
984.4266357421875
929.6541137695312
876.5191650390625
976.524169921875
848.91162109375
929.0941162109375
987.2466430664062
880.589111328125
987.026611328125
981.9266357421875
919.6591186523438
979.8741455078125
983.66162109375
968.7091674804688
990.609130859375
976.59912109375
964.8141479492188
985.7941284179688
986.0816650390625
987.4766235351562
988.3116455078125
987.1991577148438
991.2691650390625
986.399169921875
985.879150390625
987.3541259765625
915.2841186523438
984.2466430664062
848.316650390625
975.8466186523438
900.5441284179688
931.8866577148438
981.6541137695312
984.9491577148438
987.4966430664062
972.5341186523438
987.6566162109375
987.5791625976562
986.3916625976562
986.0416259765625
967.9666137695312
988.0641479492188
977.6066284179688
989.1266479492188
988.6741333007812
986.5016479492188
986.7791137695312
989.5341186523438
969.4191284179688
880.7491455078125
986.6566162109375
981.1891479492188
989.5391235351562
987.774169921875
987.4391479492188
989.0941162109375
919.4141235351562
949.0441284179688
986.9541625976562
985.5616455078125
989.1141357421875
977.1466674804688
977.1341552734375
985.1266479492188
988.8316650390625
990.3666381835938
990.4391479492188
991.339111328125
973.2466430664062
987.7066650390625
988.4591674804688
985.2566528320312
991.3641357421875
988.3466186523438
988.5616455078125
991.276611328125
989.6566162109375
990.38916015625
986.3041381835938
986.7391357421875
986.7066650390625
988.1666259765625
989.524169921875
989.8341674804688
990.6141357421875
991.1941528320312
990.8416137695312
990.0091552734375
989.1241455078125
989.296630859375
988.3941650390625
988.9291381835938
974.8966674804688
969.129150390625
973.3191528320312
973.5016479492188
978.4191284179688
977.8041381835938
962.2216186523438
970.1841430664062
973.484130859375
969.7316284179688
934.3541259765625
976.504150390625
980.5816650390625
966.441650390625
939.8766479492188
978.3091430664062
965.4916381835938
977.0091552734375
972.22412109375
968.526611328125
978.5716552734375
974.3541259765625
980.0641479492188
983.151611328125
980.6966552734375
984.6891479492188
984.0966186523438
982.9866333007812
980.4691162109375
982.8291625976562
951.3866577148438
964.1891479492188
965.089111328125
976.1466674804688
953.5691528320312
947.4566650390625
964.82666015625
959.336669921875
969.5741577148438
948.7191162109375
978.51416015625
985.5791625976562
957.4766235351562
951.3916625976562
963.7291259765625
972.566650390625
952.316650390625
967.1341552734375
968.0691528320312
976.2216186523438
969.1441650390625
979.03662109375
961.76416015625
966.629150390625
963.4966430664062
972.7816162109375
973.609130859375
968.8341674804688
971.2466430664062
979.72412109375
975.7316284179688
975.4066162109375
981.5091552734375
976.7516479492188
970.4466552734375
972.359130859375
976.57666015625
981.5116577148438
972.2366333007812
978.816650390625
977.0391235351562
981.7816162109375
980.9491577148438
986.5416259765625
882.8016357421875
785.0841674804688
875.8216552734375
887.056640625
899.1591186523438
916.6241455078125
956.8541259765625
949.234130859375
923.4891357421875
958.4541625976562
934.8316650390625
968.1341552734375
971.9341430664062
973.22412109375
973.3566284179688
974.2616577148438
971.6541137695312
970.3916625976562
973.566650390625
963.026611328125
974.1466674804688
968.941650390625
971.7316284179688
974.2791137695312
976.8641357421875
975.9191284179688
976.2166137695312
977.4566650390625
973.6766357421875
974.1591186523438
973.4466552734375
974.2391357421875
973.5591430664062
972.931640625
964.2366333007812
956.72412109375
961.0116577148438
964.82666015625
961.7416381835938
956.171630859375
953.839111328125
959.0966186523438
963.7066650390625
962.1466674804688
964.2516479492188
960.171630859375
960.0741577148438
964.2066650390625
982.0116577148438
970.4366455078125
978.931640625
982.2166137695312
974.7516479492188
984.0716552734375
979.4541625976562
982.7841186523438
979.3816528320312
980.5166625976562
979.711669921875
979.816650390625
980.8416137695312
983.181640625
982.3141479492188
981.5716552734375
984.9891357421875
981.296630859375
983.026611328125
965.7816162109375
983.07666015625
983.1341552734375
987.0816650390625
986.4266357421875
986.5591430664062
988.806640625
984.9441528320312
981.6341552734375
987.526611328125
984.9341430664062
987.149169921875
982.5016479492188
983.7616577148438
982.421630859375
989.2391357421875
982.1766357421875
987.181640625
969.5841674804688
985.9791259765625
985.3291625976562
987.984130859375
986.6791381835938
985.2041625976562
987.4491577148438
982.3741455078125
987.4766235351562
985.97412109375
990.296630859375
975.0941162109375
976.6366577148438
987.1416625976562
976.9266357421875
986.1366577148438
990.3616333007812
984.95166015625
987.4691162109375
986.1641235351562
987.6991577148438
987.0591430664062
987.484130859375
975.961669921875
986.9441528320312
988.0291137695312
977.7566528320312
981.4166259765625
987.7616577148438
989.796630859375
991.7391357421875
992.3316650390625
987.91162109375
993.8091430664062
994.2816162109375
977.994140625
986.7216186523438
976.004150390625
994.5016479492188
994.5166625976562
988.211669921875
984.2916259765625
981.4266357421875
976.4541625976562
989.0616455078125
974.961669921875
989.47412109375
988.22412109375
971.6241455078125
983.41162109375
982.484130859375
985.6166381835938
991.026611328125
981.504150390625
981.5966186523438
979.7166137695312
988.7891235351562
976.7591552734375
991.191650390625
975.2316284179688
987.859130859375
980.2191162109375
975.8241577148438
988.1366577148438
970.63916015625
969.9266357421875
961.524169921875
983.4191284179688
985.2166137695312
825.1741333007812
961.171630859375
951.859130859375
967.5191650390625
970.5916137695312
972.5441284179688
975.836669921875
973.1116333007812
974.3041381835938
968.629150390625
976.4091186523438
977.586669921875
978.2291259765625
974.4791259765625
974.254150390625
969.0441284179688
954.461669921875
961.1466674804688
967.5791625976562
968.09912109375
967.6866455078125
973.7066650390625
974.7941284179688
983.7716674804688
981.8091430664062
982.0416259765625
985.0966186523438
983.1966552734375
986.3341674804688
986.234130859375
981.9716186523438
987.5591430664062
982.8016357421875
989.149169921875
986.0191650390625
983.5816650390625
988.2941284179688
984.151611328125
986.8566284179688
990.4916381835938
990.1266479492188
988.4866333007812
982.4716186523438
988.9591674804688
989.2366333007812
978.5516357421875
984.1741333007812
991.276611328125
989.921630859375
980.0316162109375
965.836669921875
842.6691284179688
962.6066284179688
973.1366577148438
974.9466552734375
973.03662109375
971.7216186523438
978.2216186523438
974.7716674804688
979.619140625
978.316650390625
974.4966430664062
959.1441650390625
961.504150390625
957.5216674804688
977.0516357421875
978.9466552734375
978.774169921875
981.1016235351562
989.004150390625
983.6016235351562
988.2666625976562
981.7916259765625
988.22412109375
984.4066162109375
988.1766357421875
985.0516357421875
990.589111328125
988.7666625976562
978.8466186523438
985.109130859375
878.8666381835938
967.2716674804688
956.1741333007812
974.5591430664062
977.7466430664062
980.4341430664062
974.7166137695312
964.84912109375
962.7691650390625
959.38916015625
976.961669921875
979.6016235351562
980.461669921875
990.546630859375
986.339111328125
984.7691650390625
987.431640625
988.2891235351562
986.8441162109375
986.63916015625
975.82666015625
983.1466674804688
989.1866455078125
975.41162109375
986.399169921875
974.3441162109375
975.9366455078125
979.1741333007812
960.586669921875
968.619140625
970.3341674804688
976.6841430664062
979.306640625
981.744140625
982.5391235351562
988.0516357421875
978.2791137695312
979.066650390625
879.526611328125
976.4366455078125
976.5491333007812
974.2516479492188
979.839111328125
975.244140625
964.6041259765625
975.046630859375
975.0291137695312
979.0616455078125
969.026611328125
990.5016479492188
980.9091186523438
982.441650390625
986.4441528320312
977.2266235351562
975.5791625976562
974.6041259765625
979.4966430664062
990.5191650390625
985.6566162109375
976.7566528320312
977.0066528320312
977.0741577148438
980.4891357421875
989.4341430664062
986.1941528320312
988.4266357421875
985.8816528320312
985.7666625976562
987.774169921875
988.91162109375
887.5541381835938
984.3716430664062
988.7216186523438
987.2266235351562
985.6341552734375
988.6066284179688
977.0391235351562
975.901611328125
981.5491333007812
980.76416015625
990.0091552734375
991.504150390625
989.651611328125
987.2591552734375
902.296630859375
989.276611328125
986.546630859375
992.859130859375
920.0841674804688
976.1541137695312
985.5216674804688
915.4591674804688
973.6266479492188
983.9666137695312
981.5941162109375
948.6766357421875
954.6216430664062
987.1316528320312
954.899169921875
982.941650390625
981.97412109375
983.1691284179688
956.9541625976562
984.2791137695312
982.0341186523438
983.5816650390625
987.9666137695312
981.2916259765625
961.566650390625
984.1041259765625
976.5791625976562
989.9241333007812
984.07666015625
972.0291137695312
990.671630859375
960.3141479492188
976.869140625
980.3516235351562
988.1641235351562
974.1441650390625
992.4541625976562
984.0291137695312
985.8416137695312
