9.876351576561311e-42
585.9445190429688
710.78955078125
584.1595458984375
615.5595092773438
584.3770141601562
662.6370239257812
691.2295532226562
638.1920166015625
971.7195434570312
656.3095092773438
955.9120483398438
960.95703125
984.2145385742188
985.0220336914062
957.2670288085938
990.3070068359375
976.7420043945312
987.4745483398438
942.0770263671875
976.1995239257812
988.5670166015625
835.384521484375
903.3895263671875
897.3070068359375
988.8920288085938
987.39453125
964.10205078125
968.1495361328125
988.8495483398438
965.8920288085938
987.7570190429688
950.8270263671875
972.83203125
959.8245239257812
962.6470336914062
955.60205078125
961.3970336914062
991.427001953125
955.14453125
960.9845581054688
954.16455078125
657.10205078125
838.8570556640625
589.2095336914062
678.2770385742188
778.049560546875
932.0320434570312
983.4195556640625
783.1270141601562
967.22705078125
987.5320434570312
965.5220336914062
988.8145141601562
805.10205078125
980.6470336914062
944.6795043945312
970.7945556640625
989.20703125
959.904541015625
796.0445556640625
918.447021484375
596.2145385742188
906.5220336914062
743.0695190429688
988.5870361328125
988.26953125
971.9595336914062
886.5470581054688
968.424560546875
965.2245483398438
954.6720581054688
748.072021484375
875.0995483398438
629.2870483398438
837.9920043945312
988.6295166015625
989.2920532226562
875.487060546875
971.717041015625
962.3795166015625
957.58203125
865.85205078125
929.197021484375
941.01953125
986.91455078125
990.1095581054688
988.2220458984375
976.299560546875
960.2420043945312
921.614501953125
750.612060546875
988.6920166015625
976.1670532226562
956.9170532226562
962.49951171875
990.9645385742188
988.7045288085938
961.2770385742188
855.7545166015625
943.5895385742188
989.2545166015625
958.9445190429688
958.7045288085938
798.2845458984375
962.3870239257812
937.9620361328125
989.0645141601562
963.9545288085938
966.0170288085938
911.5445556640625
975.4795532226562
956.1895141601562
967.0895385742188
981.9220581054688
962.2970581054688
963.7220458984375
804.759521484375
963.2920532226562
923.1320190429688
986.1845092773438
973.2420043945312
967.7670288085938
970.7420043945312
966.2820434570312
984.4120483398438
970.967041015625
984.64453125
989.9170532226562
968.9945068359375
974.1070556640625
887.1570434570312
977.4945068359375
979.6320190429688
979.2470092773438
983.739501953125
953.31201171875
974.5045166015625
980.3995361328125
980.0570068359375
987.7120361328125
976.9345092773438
981.092041015625
982.6495361328125
983.4020385742188
979.4295043945312
980.6420288085938
984.0570068359375
984.7120361328125
987.2820434570312
987.39453125
985.3370361328125
987.174560546875
986.6220092773438
986.62451171875
987.4720458984375
989.4070434570312
989.0070190429688
989.9445190429688
990.1295166015625
991.91455078125
992.3370361328125
625.654541015625
666.6695556640625
605.4395141601562
627.93701171875
621.70703125
681.9620361328125
740.5670166015625
677.5470581054688
780.8345336914062
750.2095336914062
603.5070190429688
682.177001953125
812.8045043945312
602.2994995117188
823.3495483398438
625.4219970703125
728.7095336914062
936.674560546875
691.9320068359375
925.3395385742188
893.2320556640625
683.6620483398438
577.1295166015625
946.41455078125
839.8445434570312
848.1420288085938
760.6395263671875
845.362060546875
826.85205078125
617.9295043945312
826.4545288085938
850.0545043945312
840.8795166015625
831.029541015625
654.2145385742188
656.779541015625
634.0145263671875
686.7120361328125
749.279541015625
630.0595092773438
763.31201171875
759.9295043945312
871.9345092773438
718.5170288085938
820.5420532226562
682.9745483398438
937.9845581054688
786.1420288085938
905.7645263671875
692.1920166015625
664.8470458984375
891.5420532226562
692.33203125
943.2045288085938
829.052001953125
678.4820556640625
755.83203125
966.5445556640625
869.3245239257812
695.7970581054688
828.737060546875
805.8070068359375
855.5170288085938
681.884521484375
871.7720336914062
710.112060546875
720.8895263671875
904.0470581054688
853.1070556640625
735.76953125
824.3720092773438
793.4945068359375
751.76953125
876.5845336914062
859.5545043945312
855.4020385742188
889.2295532226562
879.9620361328125
907.967041015625
802.0895385742188
858.864501953125
792.6395263671875
967.47705078125
821.01953125
961.8345336914062
907.3445434570312
910.8820190429688
913.9595336914062
891.5895385742188
915.9645385742188
913.1845092773438
930.3770141601562
937.1620483398438
968.9920043945312
975.3920288085938
976.799560546875
899.1670532226562
907.2820434570312
895.299560546875
766.5445556640625
736.6720581054688
738.1620483398438
721.6670532226562
732.89453125
620.259521484375
630.8345336914062
644.3345336914062
896.9395141601562
810.6945190429688
836.49951171875
808.1170043945312
772.759521484375
624.4169921875
643.0469970703125
660.6095581054688
639.2220458984375
702.927001953125
811.9020385742188
789.8445434570312
656.7620239257812
659.259521484375
782.7770385742188
667.6845092773438
892.9095458984375
775.3770141601562
920.862060546875
772.1395263671875
758.0320434570312
774.0895385742188
879.31201171875
624.4095458984375
758.3470458984375
679.4645385742188
764.4745483398438
687.6070556640625
677.9345092773438
770.9845581054688
902.9170532226562
800.6095581054688
634.592041015625
720.6995239257812
697.3495483398438
818.20703125
641.7745361328125
681.16455078125
819.0320434570312
740.5670166015625
704.35205078125
888.70703125
769.9845581054688
811.8695068359375
656.3045043945312
806.3395385742188
736.6820068359375
646.0045166015625
717.4720458984375
708.592041015625
726.1420288085938
810.4620361328125
735.2570190429688
686.22705078125
756.5120239257812
720.6995239257812
817.1320190429688
753.6670532226562
815.8545532226562
761.2745361328125
754.197021484375
781.4120483398438
799.8145141601562
802.8270263671875
817.5770263671875
825.2745361328125
823.1795043945312
826.0745239257812
818.3820190429688
910.6170043945312
919.4420166015625
927.8395385742188
955.384521484375
941.3770141601562
976.3920288085938
927.3770141601562
810.3920288085938
827.4220581054688
956.4070434570312
841.1945190429688
922.3895263671875
969.8045043945312
826.7670288085938
725.5745239257812
861.7095336914062
960.9345092773438
980.0770263671875
984.0445556640625
987.6195068359375
988.177001953125
987.8295288085938
986.1945190429688
989.51953125
988.1695556640625
989.8345336914062
991.5420532226562
991.424560546875
877.5445556640625
823.8720092773438
956.9720458984375
923.2345581054688
979.2095336914062
958.0870361328125
800.7645263671875
986.6945190429688
988.3345336914062
988.6395263671875
990.9320068359375
990.0870361328125
992.2745361328125
877.76953125
885.9720458984375
944.64453125
924.8595581054688
989.7620239257812
924.487060546875
895.10205078125
984.78955078125
974.6395263671875
986.2670288085938
950.549560546875
835.1520385742188
983.592041015625
968.9495239257812
889.6595458984375
988.239501953125
974.5695190429688
978.9595336914062
947.45703125
978.43701171875
982.0745239257812
979.7645263671875
985.0995483398438
982.1420288085938
984.74951171875
987.1620483398438
989.1370239257812
989.592041015625
987.177001953125
992.7120361328125
988.5345458984375
987.5645141601562
992.12451171875
988.4020385742188
989.2120361328125
986.7320556640625
988.6795043945312
991.4795532226562
966.7470092773438
961.677001953125
977.072021484375
977.2820434570312
978.4395141601562
980.3270263671875
983.6045532226562
984.9320068359375
985.3820190429688
985.8195190429688
988.1570434570312
988.2420043945312
988.114501953125
989.5795288085938
988.967041015625
990.4970092773438
989.302001953125
990.0145263671875
991.31201171875
991.8245239257812
995.009521484375
734.489501953125
676.6070556640625
644.2870483398438
945.989501953125
992.7870483398438
892.5370483398438
931.4220581054688
994.674560546875
993.364501953125
724.03955078125
980.9520263671875
979.8970336914062
965.6195068359375
990.342041015625
993.4120483398438
909.0020141601562
993.112060546875
899.64453125
967.427001953125
937.8720092773438
781.08203125
988.7195434570312
997.0995483398438
983.9395141601562
987.9020385742188
858.5545043945312
994.0145263671875
989.3920288085938
986.5770263671875
989.0345458984375
989.8370361328125
990.8345336914062
990.302001953125
994.2920532226562
990.7770385742188
990.5945434570312
994.884521484375
993.174560546875
990.1570434570312
988.237060546875
982.2620239257812
995.467041015625
928.7195434570312
983.4970092773438
993.2870483398438
983.16455078125
992.1495361328125
991.7220458984375
988.9495239257812
991.7845458984375
990.99951171875
975.9170532226562
994.9295043945312
983.1670532226562
972.217041015625
994.1695556640625
991.3820190429688
993.4445190429688
995.6470336914062
991.9595336914062
994.0745239257812
993.7645263671875
992.7420043945312
994.2820434570312
986.7145385742188
991.6270141601562
959.6845092773438
994.6170043945312
985.009521484375
984.14453125
993.7295532226562
989.529541015625
995.16455078125
979.45703125
991.1420288085938
993.0170288085938
993.2545166015625
993.10205078125
989.37451171875
992.5445556640625
991.0795288085938
992.8595581054688
994.529541015625
994.0595092773438
994.16455078125
991.489501953125
994.8245239257812
959.8395385742188
993.9970092773438
990.08203125
993.1995239257812
994.35205078125
994.362060546875
993.1420288085938
984.5020141601562
988.0570068359375
995.052001953125
991.9395141601562
994.967041015625
989.3920288085938
987.1470336914062
991.7645263671875
993.9945068359375
992.6270141601562
994.6095581054688
994.3920288085938
993.967041015625
994.4820556640625
994.8095092773438
994.4320068359375
995.3195190429688
995.1170043945312
993.5345458984375
994.0445556640625
993.489501953125
995.362060546875
993.8795166015625
992.9620361328125
993.8270263671875
994.029541015625
995.2220458984375
993.299560546875
994.9595336914062
995.259521484375
994.33203125
994.8820190429688
995.2420043945312
995.5945434570312
995.364501953125
995.0695190429688
975.7620239257812
969.4820556640625
977.3095092773438
976.1620483398438
979.70703125
982.7295532226562
951.6070556640625
967.904541015625
976.9420166015625
975.3295288085938
933.2670288085938
983.72705078125
986.2420043945312
968.7745361328125
939.572021484375
986.9120483398438
966.2545166015625
980.552001953125
978.3070068359375
974.2670288085938
983.8445434570312
982.6945190429688
985.9920043945312
986.8995361328125
988.58203125
985.8470458984375
986.3770141601562
988.217041015625
984.4420166015625
986.6720581054688
951.4620361328125
951.174560546875
948.572021484375
978.3545532226562
952.0970458984375
944.467041015625
942.91455078125
961.1270141601562
952.302001953125
946.2745361328125
983.1420288085938
982.6945190429688
953.239501953125
943.14453125
970.10205078125
972.487060546875
951.049560546875
966.427001953125
951.4645385742188
962.4545288085938
972.989501953125
982.9195556640625
965.35205078125
958.93701171875
964.0070190429688
979.1620483398438
976.717041015625
974.6720581054688
972.7295532226562
987.5270385742188
981.9920043945312
982.2870483398438
984.2670288085938
976.217041015625
965.404541015625
969.2220458984375
980.1845092773438
988.3070068359375
972.7345581054688
986.7320556640625
972.6995239257812
980.8395385742188
986.489501953125
986.6320190429688
883.7320556640625
785.612060546875
887.3145141601562
892.6095581054688
900.217041015625
918.87451171875
969.5170288085938
960.5670166015625
926.2320556640625
972.427001953125
938.1570434570312
978.8045043945312
978.1695556640625
971.7420043945312
975.0145263671875
977.3170166015625
977.5995483398438
982.0870361328125
978.799560546875
960.0345458984375
979.4945068359375
972.97705078125
976.1295166015625
978.8195190429688
983.5745239257812
982.1520385742188
982.6820068359375
983.9970092773438
979.6595458984375
972.114501953125
979.6220092773438
971.1570434570312
979.1895141601562
975.509521484375
966.592041015625
962.0970458984375
960.26953125
963.22705078125
964.0795288085938
962.3770141601562
963.0770263671875
952.62451171875
959.3145141601562
957.37451171875
953.0020141601562
965.0745239257812
955.1945190429688
965.5345458984375
989.2145385742188
969.5070190429688
969.864501953125
984.7820434570312
979.654541015625
989.8970336914062
982.342041015625
984.72705078125
982.0420532226562
976.2145385742188
975.822021484375
974.8045043945312
979.9595336914062
982.592041015625
981.0945434570312
981.489501953125
991.2045288085938
978.8695068359375
985.552001953125
958.7320556640625
984.3995361328125
984.9495239257812
991.9095458984375
983.0020141601562
989.1220092773438
993.2970581054688
990.2295532226562
985.6295166015625
992.112060546875
991.7645263671875
984.2445068359375
987.3070068359375
986.4970092773438
989.404541015625
993.1670532226562
989.62451171875
982.924560546875
955.8095092773438
993.2195434570312
993.2245483398438
985.7645263671875
984.9845581054688
989.2870483398438
993.0670166015625
992.7195434570312
994.70703125
988.9945068359375
995.8895263671875
984.924560546875
985.5970458984375
995.072021484375
983.9645385742188
989.9645385742188
994.634521484375
988.03955078125
995.49951171875
990.5595092773438
995.1620483398438
990.9320068359375
993.9545288085938
977.9620361328125
993.9645385742188
994.7420043945312
979.4220581054688
982.47705078125
993.4745483398438
991.7470092773438
994.3195190429688
994.2945556640625
989.2420043945312
992.8795166015625
992.424560546875
974.9795532226562
987.7845458984375
971.9720458984375
992.009521484375
992.7470092773438
994.029541015625
985.7770385742188
984.06201171875
973.884521484375
989.8195190429688
972.2245483398438
990.072021484375
993.9695434570312
967.4320068359375
982.3445434570312
983.759521484375
983.8195190429688
990.612060546875
983.0245361328125
982.549560546875
980.0170288085938
988.47705078125
979.8820190429688
992.862060546875
981.1295166015625
988.5695190429688
983.7945556640625
980.26953125
990.6470336914062
978.9970092773438
976.612060546875
958.4195556640625
982.239501953125
985.197021484375
825.5020141601562
974.487060546875
964.7770385742188
975.8970336914062
979.1795043945312
976.9720458984375
982.7970581054688
978.6595458984375
979.279541015625
967.2145385742188
982.8895263671875
984.2970581054688
984.197021484375
976.9320068359375
974.4395141601562
969.9545288085938
961.7145385742188
963.2845458984375
961.8670043945312
972.0695190429688
965.154541015625
968.8445434570312
972.9195556640625
986.2745361328125
981.1995239257812
985.0545043945312
982.3795166015625
987.3820190429688
991.2095336914062
983.0845336914062
987.6920166015625
986.8170166015625
990.7570190429688
994.1595458984375
992.842041015625
991.904541015625
995.4445190429688
988.7420043945312
991.58203125
992.3470458984375
991.2870483398438
989.5995483398438
983.0545043945312
989.8045043945312
990.5845336914062
979.3795166015625
984.8295288085938
991.6495361328125
990.4970092773438
981.41455078125
959.947021484375
857.6070556640625
976.5795288085938
982.8495483398438
980.4445190429688
980.2095336914062
974.4395141601562
983.489501953125
982.5170288085938
984.0020141601562
985.37451171875
977.927001953125
965.0995483398438
964.5220336914062
961.8695068359375
970.41455078125
977.8970336914062
971.2195434570312
986.259521484375
992.14453125
988.2095336914062
994.2970581054688
988.3920288085938
990.01953125
988.24951171875
994.3145141601562
986.5595092773438
992.6095581054688
991.0020141601562
977.364501953125
987.2445068359375
881.60205078125
979.424560546875
969.3445434570312
981.3495483398438
982.8995361328125
985.2645263671875
980.0645141601562
963.3395385742188
969.927001953125
967.2345581054688
965.7045288085938
976.3545532226562
977.029541015625
993.6045532226562
984.8345336914062
989.1570434570312
990.3145141601562
995.18701171875
990.0120239257812
989.3045043945312
972.68701171875
985.7195434570312
991.7720336914062
981.5770263671875
989.0470581054688
982.3895263671875
983.4220581054688
984.3070068359375
964.0995483398438
969.8820190429688
975.0945434570312
969.1920166015625
977.864501953125
981.2545166015625
989.0445556640625
995.2220458984375
976.467041015625
978.467041015625
888.1620483398438
984.447021484375
983.7920532226562
980.4945068359375
986.362060546875
980.6070556640625
966.862060546875
979.612060546875
964.259521484375
970.7420043945312
966.4320068359375
993.0045166015625
979.9345092773438
980.384521484375
991.1670532226562
984.4845581054688
982.24951171875
966.0020141601562
970.6270141601562
994.4820556640625
993.447021484375
984.7920532226562
983.7870483398438
981.9070434570312
976.822021484375
994.8045043945312
994.7470092773438
991.802001953125
987.7645263671875
988.592041015625
986.7670288085938
989.2320556640625
896.7045288085938
984.384521484375
995.049560546875
988.697021484375
987.779541015625
989.35205078125
983.6595458984375
975.5170288085938
984.2320556640625
981.0170288085938
990.8495483398438
992.37451171875
989.6520385742188
991.3195190429688
911.6495361328125
995.6370239257812
994.4020385742188
993.9445190429688
931.9545288085938
982.4445190429688
985.8870239257812
920.737060546875
976.0220336914062
989.4970092773438
986.5270385742188
960.4020385742188
965.08203125
991.7670288085938
966.74951171875
990.10205078125
988.22705078125
988.5370483398438
969.7445068359375
991.0370483398438
990.0070190429688
987.7670288085938
995.3595581054688
990.8920288085938
975.6570434570312
990.1995239257812
984.2195434570312
993.1695556640625
988.2970581054688
967.489501953125
991.6845092773438
972.7345581054688
983.3595581054688
990.8195190429688
995.1620483398438
987.51953125
993.9070434570312
990.0895385742188
992.4920043945312
