9.876351576561311e-42
614.6465454101562
702.7040405273438
587.47900390625
648.5065307617188
589.2415161132812
727.5140380859375
731.2215576171875
672.1865234375
949.4515380859375
686.2465209960938
927.0040283203125
931.111572265625
974.8465576171875
960.7815551757812
908.5065307617188
987.9015502929688
952.6240234375
987.4915161132812
904.7190551757812
984.2215576171875
988.404052734375
777.114013671875
838.89404296875
827.9190673828125
988.0040283203125
988.8690185546875
934.2290649414062
950.2090454101562
989.5340576171875
974.091552734375
990.1090698242188
924.8990478515625
980.114013671875
964.3365478515625
966.5790405273438
959.5965576171875
961.8240356445312
992.5890502929688
964.3365478515625
964.3040161132812
964.7265625
666.2665405273438
846.3365478515625
584.051513671875
694.8340454101562
765.2140502929688
907.0240478515625
971.4765625
776.7465209960938
950.5415649414062
986.4840698242188
935.2240600585938
988.0215454101562
748.4940185546875
986.2415161132812
885.0765380859375
977.3040161132812
990.4590454101562
967.8115234375
769.8440551757812
912.029052734375
659.4090576171875
846.6090698242188
745.3890380859375
984.364013671875
987.3490600585938
956.8065185546875
810.1840209960938
977.8740234375
973.9490356445312
961.1390380859375
737.2865600585938
869.6715698242188
691.1040649414062
821.4690551757812
985.2315673828125
988.196533203125
798.1815185546875
979.259033203125
962.321533203125
962.3490600585938
858.8815307617188
921.154052734375
891.1090698242188
987.5040283203125
988.1190185546875
988.3565673828125
977.8265380859375
964.9965209960938
916.2240600585938
779.4940185546875
988.20654296875
981.111572265625
964.2315673828125
949.3290405273438
988.1065673828125
989.8565673828125
966.259033203125
842.1040649414062
869.3715209960938
988.091552734375
967.384033203125
966.7465209960938
815.509033203125
941.299072265625
883.2540283203125
989.6215209960938
960.5765380859375
975.1315307617188
890.3090209960938
958.9640502929688
924.3390502929688
977.4840698242188
962.7965698242188
939.299072265625
965.3865356445312
821.341552734375
967.924072265625
888.486572265625
979.6290283203125
954.8665161132812
977.3065185546875
973.0365600585938
977.6690673828125
980.4290161132812
978.2565307617188
980.9965209960938
990.2440185546875
978.9965209960938
981.2640380859375
861.4715576171875
983.904052734375
985.5765380859375
986.6190185546875
987.7315673828125
917.0890502929688
967.3165283203125
972.8040161132812
965.1415405273438
978.1215209960938
974.426513671875
967.51904296875
974.0340576171875
978.5315551757812
982.4415283203125
984.3515625
985.7740478515625
987.0790405273438
985.7565307617188
987.1415405273438
988.3965454101562
988.4115600585938
988.7515258789062
988.9815673828125
990.4365234375
990.2815551757812
990.4115600585938
991.0540161132812
991.6865234375
993.091552734375
993.9140625
640.4740600585938
663.2090454101562
632.7440185546875
656.0965576171875
640.1315307617188
693.216552734375
755.904052734375
697.6815185546875
766.7940673828125
769.5790405273438
625.5690307617188
702.0865478515625
797.4690551757812
637.0990600585938
828.4190673828125
687.4165649414062
752.5015258789062
915.6190185546875
697.7265625
909.0765380859375
878.864013671875
708.716552734375
596.1865234375
930.4115600585938
868.2965698242188
831.9440307617188
737.9965209960938
800.321533203125
845.1415405273438
642.2340087890625
875.2265625
825.111572265625
867.0840454101562
813.8915405273438
653.3115234375
664.2615356445312
633.8615112304688
702.134033203125
742.6390380859375
629.89404296875
753.2765502929688
750.9615478515625
881.4490356445312
740.5965576171875
809.3965454101562
673.6590576171875
929.6865234375
778.4765625
931.0965576171875
668.9090576171875
681.946533203125
851.6490478515625
705.5215454101562
930.3665161132812
821.8665161132812
668.4140625
752.6065673828125
957.1990356445312
833.6415405273438
719.0065307617188
806.4015502929688
775.58154296875
838.341552734375
680.8290405273438
871.1290283203125
713.1715698242188
715.7340698242188
900.7415161132812
852.64404296875
754.2815551757812
807.1915283203125
806.6815185546875
745.6515502929688
874.3865356445312
877.9215698242188
866.3340454101562
856.9540405273438
893.6890258789062
913.3540649414062
791.6665649414062
891.2040405273438
814.946533203125
944.58154296875
845.821533203125
935.551513671875
874.6265258789062
892.89404296875
919.4390258789062
884.9640502929688
894.111572265625
901.0215454101562
919.4815673828125
931.3165283203125
944.4215698242188
952.0040283203125
961.1515502929688
900.1290283203125
908.6040649414062
882.5865478515625
774.5540161132812
741.029052734375
748.884033203125
732.8165283203125
721.6465454101562
624.3090209960938
633.6490478515625
662.0740356445312
893.8465576171875
815.5540161132812
850.9790649414062
809.1015625
778.33154296875
629.6890258789062
645.801513671875
667.9415283203125
649.08154296875
705.5340576171875
825.7290649414062
805.614013671875
660.5615234375
688.5040283203125
809.9515380859375
701.51904296875
888.8390502929688
774.3165283203125
921.0215454101562
778.801513671875
751.9140625
778.259033203125
871.1515502929688
630.6590576171875
760.8865356445312
675.7615356445312
785.1940307617188
705.5790405273438
691.8690185546875
773.299072265625
897.3265380859375
793.3165283203125
634.7015380859375
718.2665405273438
680.5890502929688
815.736572265625
641.2190551757812
669.4440307617188
816.3890380859375
738.9715576171875
685.1465454101562
875.5865478515625
775.4540405273438
818.14404296875
660.5315551757812
798.6165161132812
699.8390502929688
647.3165283203125
696.736572265625
705.4015502929688
717.049072265625
806.2440185546875
721.8440551757812
686.4290161132812
743.7815551757812
716.8715209960938
813.966552734375
744.0590209960938
815.9815673828125
763.529052734375
744.7215576171875
768.0340576171875
800.7515258789062
794.8490600585938
806.6840209960938
816.801513671875
809.8540649414062
821.2440185546875
821.1490478515625
890.2965698242188
908.134033203125
908.3515625
935.8665161132812
928.7015380859375
969.3915405273438
916.8890380859375
811.5440673828125
836.3990478515625
946.9815673828125
848.299072265625
920.864013671875
959.9965209960938
842.2965698242188
735.9490356445312
870.5565185546875
950.8390502929688
978.4440307617188
979.0840454101562
989.0765380859375
977.89404296875
984.321533203125
987.5540161132812
988.6640625
989.1240234375
980.9490356445312
985.3490600585938
989.7290649414062
878.2565307617188
818.5790405273438
946.3815307617188
906.0965576171875
968.2540283203125
942.3565673828125
804.5865478515625
983.216552734375
976.1940307617188
988.2965698242188
989.5240478515625
981.7865600585938
989.9915161132812
883.64404296875
879.5340576171875
927.2565307617188
887.0215454101562
981.364013671875
918.4915161132812
898.1840209960938
969.841552734375
943.1465454101562
982.95654296875
941.6090698242188
849.404052734375
958.64404296875
957.7915649414062
895.551513671875
989.7090454101562
967.0015258789062
973.8990478515625
938.5240478515625
971.236572265625
978.551513671875
964.1865234375
989.1365356445312
979.0765380859375
975.1640625
987.4715576171875
983.4615478515625
983.4640502929688
987.2940673828125
989.9515380859375
983.6690673828125
987.571533203125
989.45654296875
985.0865478515625
985.3715209960938
987.9490356445312
989.2240600585938
988.6665649414062
954.551513671875
953.614013671875
970.5565185546875
970.3390502929688
972.986572265625
975.7215576171875
978.7490234375
979.364013671875
980.611572265625
980.8240356445312
980.6065673828125
982.736572265625
983.4065551757812
982.51904296875
983.0690307617188
984.4740600585938
988.2665405273438
989.3915405273438
990.0615234375
990.5890502929688
990.4715576171875
759.9315185546875
722.8190307617188
673.7465209960938
930.9690551757812
977.2140502929688
883.3515625
878.2840576171875
982.5065307617188
990.5565185546875
742.14404296875
966.3090209960938
956.3565673828125
899.5865478515625
981.6015625
990.8465576171875
886.8790283203125
980.2515258789062
894.1190185546875
937.4065551757812
922.8240356445312
789.0315551757812
985.9615478515625
968.8765258789062
972.0365600585938
979.4965209960938
839.2865600585938
984.4390258789062
967.4290161132812
989.6590576171875
983.6590576171875
989.5840454101562
986.821533203125
988.2315673828125
987.4490356445312
986.0965576171875
985.8565673828125
986.551513671875
989.489013671875
984.5615234375
930.2915649414062
877.6665649414062
976.9140625
850.2490234375
929.989013671875
987.4965209960938
881.7540283203125
987.3265380859375
982.5640258789062
920.674072265625
980.6515502929688
984.5140380859375
969.5540161132812
991.0015258789062
977.45654296875
965.7540283203125
986.5990600585938
986.9290161132812
988.3565673828125
989.33154296875
988.0665283203125
991.779052734375
987.486572265625
987.01904296875
988.3190307617188
916.1565551757812
984.4340209960938
849.614013671875
976.3915405273438
901.611572265625
932.8290405273438
982.4365234375
985.7640380859375
988.424072265625
973.4815673828125
988.58154296875
988.611572265625
987.5265502929688
987.2240600585938
968.426513671875
988.2815551757812
978.2765502929688
989.4315185546875
989.7440185546875
987.6715698242188
987.9515380859375
989.779052734375
970.0315551757812
881.9490356445312
987.6065673828125
982.0790405273438
990.5065307617188
988.7715454101562
988.424072265625
989.361572265625
920.45654296875
949.8915405273438
987.7490234375
986.5215454101562
989.9640502929688
977.95654296875
977.9390258789062
985.9365234375
989.799072265625
990.7215576171875
991.2640380859375
991.799072265625
973.9415283203125
988.5690307617188
989.3040161132812
986.1165161132812
991.8290405273438
989.0965576171875
989.4015502929688
991.7515258789062
990.5065307617188
991.1515502929688
987.26904296875
987.736572265625
987.8540649414062
989.1865234375
990.3990478515625
990.5390625
991.3140258789062
991.8690185546875
991.509033203125
990.7540283203125
989.864013671875
989.9915161132812
989.1265258789062
989.799072265625
974.716552734375
968.986572265625
973.1590576171875
973.424072265625
978.2740478515625
977.676513671875
962.3290405273438
970.1840209960938
973.51904296875
969.8590698242188
934.8715209960938
976.3890380859375
980.446533203125
966.5615234375
940.3065185546875
978.2340698242188
965.6040649414062
976.841552734375
972.3390502929688
968.6915283203125
978.6490478515625
974.4990234375
980.1865234375
983.0140380859375
980.6615600585938
984.571533203125
984.0415649414062
983.009033203125
980.5165405273438
982.9190673828125
951.7615356445312
964.5840454101562
965.4290161132812
976.5315551757812
954.0065307617188
947.9815673828125
965.259033203125
959.89404296875
970.0365600585938
949.4690551757812
979.2665405273438
986.2465209960938
958.2015380859375
952.2115478515625
964.7090454101562
973.5540161132812
953.3790283203125
967.549072265625
968.5940551757812
976.946533203125
970.0790405273438
979.95654296875
962.0965576171875
967.1165161132812
963.9940185546875
973.3440551757812
974.45654296875
969.799072265625
971.5590209960938
980.58154296875
976.6590576171875
975.8890380859375
982.3565673828125
977.0365600585938
970.7615356445312
972.7765502929688
977.0990600585938
982.1390380859375
972.8240356445312
979.5890502929688
977.7940673828125
982.6065673828125
981.8665161132812
987.3115234375
881.239013671875
784.6215209960938
874.3915405273438
885.486572265625
897.4815673828125
914.8815307617188
954.9990234375
947.01904296875
921.8690185546875
956.821533203125
933.2515258789062
967.1815185546875
971.1365356445312
972.6640625
972.8090209960938
973.6690673828125
970.2840576171875
969.486572265625
972.2915649414062
962.6690673828125
972.9965209960938
968.5390625
971.2415161132812
973.696533203125
976.174072265625
975.1465454101562
975.2815551757812
976.799072265625
973.2615356445312
973.8090209960938
973.0565185546875
973.9290161132812
973.154052734375
972.6990356445312
964.0965576171875
956.7740478515625
960.9390258789062
964.8340454101562
961.6690673828125
956.2290649414062
953.8865356445312
959.2440185546875
963.7540283203125
962.3340454101562
964.361572265625
960.196533203125
960.2540283203125
964.2315673828125
982.1615600585938
970.4215698242188
979.0565185546875
982.1040649414062
974.7215576171875
984.236572265625
979.3465576171875
982.7115478515625
979.364013671875
980.549072265625
979.8540649414062
980.0040283203125
981.049072265625
983.1940307617188
982.3540649414062
981.716552734375
985.279052734375
981.5465698242188
983.3090209960938
966.0765380859375
983.3365478515625
983.5415649414062
987.4790649414062
986.6040649414062
986.7140502929688
989.1790161132812
985.3740234375
981.9690551757812
987.9740600585938
985.4415283203125
987.4065551757812
982.8390502929688
984.1040649414062
982.8690185546875
989.696533203125
982.5840454101562
987.5165405273438
969.9540405273438
986.5390625
985.7765502929688
988.4090576171875
987.111572265625
985.8190307617188
987.9965209960938
982.9915161132812
988.1915283203125
986.5640258789062
990.9165649414062
975.7315673828125
977.4140625
987.9590454101562
977.6815185546875
986.83154296875
991.0315551757812
985.8090209960938
988.3390502929688
987.0315551757812
988.6715698242188
987.9740600585938
988.5390625
976.966552734375
987.861572265625
988.8565673828125
978.9540405273438
982.6065673828125
988.5990600585938
990.9190673828125
992.7865600585938
993.4990234375
989.1090698242188
994.9390258789062
995.4765625
979.2840576171875
987.9065551757812
977.2840576171875
995.7740478515625
995.7290649414062
989.236572265625
985.5765380859375
982.7315673828125
977.8365478515625
990.3815307617188
976.3815307617188
990.7740478515625
989.33154296875
973.0965576171875
984.7865600585938
983.9315185546875
987.0640258789062
992.4965209960938
983.0565185546875
982.989013671875
981.1215209960938
990.3240356445312
978.2840576171875
992.5040283203125
976.76904296875
989.466552734375
981.8390502929688
977.5265502929688
989.7190551757812
972.2915649414062
971.614013671875
963.279052734375
985.114013671875
986.904052734375
824.2515258789062
959.696533203125
949.9140625
966.0015258789062
969.6915283203125
971.8440551757812
975.009033203125
971.95654296875
973.2740478515625
968.1290283203125
975.5565185546875
976.9090576171875
977.364013671875
974.0990600585938
973.9190673828125
968.8465576171875
954.5065307617188
961.1915283203125
967.591552734375
967.9690551757812
967.8390502929688
973.6940307617188
974.779052734375
983.7040405273438
981.89404296875
982.3115234375
985.2965698242188
983.6590576171875
986.5865478515625
986.4990234375
982.3665161132812
987.9065551757812
983.279052734375
989.6615600585938
986.7315673828125
984.2940673828125
989.0765380859375
985.14404296875
987.8040161132812
991.5790405273438
991.2190551757812
989.5965576171875
983.7265625
990.3690185546875
990.4790649414062
980.2115478515625
985.4940185546875
992.7215576171875
991.4190673828125
981.6315307617188
967.58154296875
841.4365234375
961.2565307617188
972.2740478515625
974.3190307617188
972.0115356445312
971.176513671875
977.4340209960938
974.299072265625
978.8690185546875
977.696533203125
974.1290283203125
959.1265258789062
961.5240478515625
957.696533203125
977.0415649414062
978.9415283203125
978.946533203125
981.1215209960938
989.4165649414062
984.1165161132812
988.9390258789062
982.259033203125
988.8290405273438
985.3040161132812
989.0140380859375
986.216552734375
991.799072265625
990.279052734375
980.5765380859375
986.7415161132812
877.1990356445312
966.1040649414062
954.466552734375
973.8490600585938
977.0140380859375
979.7515258789062
974.3265380859375
964.8465576171875
962.8965454101562
959.3890380859375
977.0340576171875
979.6090698242188
980.6815185546875
990.9590454101562
986.696533203125
985.33154296875
988.3740234375
989.154052734375
987.799072265625
987.8165283203125
977.3890380859375
984.6415405273438
990.6490478515625
976.9915161132812
987.9415283203125
973.549072265625
975.384033203125
978.4715576171875
960.5615234375
968.489013671875
970.2915649414062
976.676513671875
979.5065307617188
981.8040161132812
982.5390625
988.8290405273438
979.779052734375
980.5215454101562
877.9390258789062
975.716552734375
975.7640380859375
973.33154296875
979.20654296875
974.8165283203125
964.5340576171875
974.9440307617188
975.1590576171875
979.0565185546875
969.2665405273438
990.9440307617188
982.299072265625
983.9690551757812
988.1065673828125
976.4790649414062
974.7490234375
974.7740478515625
979.5665283203125
991.0115356445312
986.3165283203125
976.0540161132812
976.2915649414062
976.9840698242188
980.5965576171875
990.0740356445312
986.9390258789062
989.3365478515625
987.2290649414062
987.1590576171875
989.3440551757812
990.466552734375
885.9290161132812
984.5990600585938
989.4590454101562
988.5040283203125
986.9365234375
990.1315307617188
976.3890380859375
976.0940551757812
981.486572265625
980.9365234375
991.2815551757812
992.7190551757812
991.1590576171875
988.7815551757812
900.486572265625
989.9690551757812
987.3440551757812
994.051513671875
917.95654296875
975.674072265625
985.8140258789062
913.5365600585938
973.0215454101562
983.946533203125
981.8965454101562
946.1940307617188
952.216552734375
988.5840454101562
952.801513671875
983.1165161132812
982.3440551757812
983.3965454101562
955.1190185546875
984.5065307617188
982.45654296875
983.9990234375
988.8040161132812
981.7540283203125
960.08154296875
984.384033203125
976.7440185546875
991.2440185546875
984.5065307617188
972.301513671875
992.0440673828125
958.6840209960938
976.196533203125
980.8065185546875
989.0840454101562
974.7915649414062
993.5665283203125
984.5215454101562
986.196533203125
