9.876351576561311e-42
614.817138671875
703.3320922851562
587.4271240234375
648.8546142578125
589.2271118164062
728.0646362304688
731.8270874023438
672.5870971679688
950.7645874023438
686.672119140625
928.1995849609375
932.234619140625
976.1846313476562
962.0496215820312
909.5621337890625
988.8220825195312
953.9046020507812
988.402099609375
905.797119140625
985.234619140625
989.2796020507812
777.8671264648438
839.819580078125
828.6995849609375
988.734619140625
989.6696166992188
935.3220825195312
951.2521362304688
989.819580078125
975.1470947265625
990.7020874023438
925.8471069335938
980.819580078125
965.422119140625
967.589599609375
960.4871215820312
962.7120971679688
992.5621337890625
965.3096313476562
965.192138671875
965.6021118164062
666.724609375
847.5946044921875
583.99462890625
695.442138671875
765.8546142578125
908.0870971679688
972.8121337890625
777.4296264648438
951.817138671875
987.527099609375
936.464599609375
988.882080078125
749.2271118164062
987.20458984375
886.0245971679688
978.3096313476562
990.6046142578125
968.819580078125
770.819580078125
913.349609375
659.74462890625
847.4671020507812
746.0496215820312
985.4671020507812
988.287109375
958.1271362304688
811.0646362304688
979.0646362304688
974.8895874023438
961.9196166992188
738.1221313476562
870.7221069335938
691.5521240234375
822.2645874023438
986.32958984375
989.14208984375
798.9971313476562
980.36962890625
963.3571166992188
963.1246337890625
859.86962890625
922.3320922851562
892.1121215820312
988.43212890625
988.9520874023438
989.1495971679688
979.004638671875
966.0095825195312
917.3320922851562
780.2070922851562
989.027099609375
982.2196044921875
964.9971313476562
950.6221313476562
988.882080078125
990.3546142578125
967.2695922851562
843.0245971679688
870.2996215820312
988.7496337890625
968.1345825195312
967.6345825195312
816.3345947265625
942.5621337890625
884.2745971679688
990.0195922851562
961.6395874023438
975.9470825195312
891.317138671875
960.257080078125
925.4871215820312
978.24462890625
964.07958984375
940.4921264648438
966.4595947265625
822.1470947265625
969.0145874023438
889.4246215820312
980.7720947265625
956.05712890625
978.1995849609375
974.26708984375
978.504638671875
981.5521240234375
979.2020874023438
982.099609375
990.5145874023438
979.8621215820312
982.3121337890625
862.3320922851562
984.8370971679688
986.444580078125
987.4196166992188
988.64208984375
918.1596069335938
968.632080078125
974.0745849609375
966.4196166992188
979.2896118164062
975.6871337890625
968.8220825195312
975.2796020507812
979.714599609375
983.5321044921875
985.4046020507812
986.7946166992188
987.9396362304688
986.74462890625
988.0845947265625
989.2020874023438
989.2171020507812
989.5095825195312
989.6246337890625
990.9470825195312
990.672119140625
990.694580078125
991.2070922851562
991.7321166992188
993.0145874023438
993.8621215820312
641.004638671875
663.82958984375
633.0421142578125
656.6995849609375
640.5396118164062
694.1271362304688
757.507080078125
698.504638671875
768.484619140625
770.9470825195312
625.9146118164062
702.9096069335938
798.902099609375
637.4996337890625
830.0720825195312
688.1221313476562
753.6395874023438
917.5621337890625
698.4796142578125
910.9071044921875
880.7221069335938
709.5021362304688
596.1871337890625
932.484619140625
869.9396362304688
833.3546142578125
738.80712890625
801.547119140625
846.5245971679688
642.5095825195312
876.7996215820312
826.3870849609375
868.484619140625
815.0421142578125
653.8571166992188
664.82958984375
634.1246337890625
703.24462890625
743.9921264648438
630.2421264648438
754.4346313476562
752.0921020507812
883.24462890625
741.64208984375
810.8771362304688
674.2595825195312
931.5745849609375
779.74462890625
933.2496337890625
669.51708984375
682.6071166992188
853.297119140625
706.349609375
932.3845825195312
824.1221313476562
668.9570922851562
753.74462890625
959.319580078125
835.2321166992188
720.0220947265625
807.86962890625
776.5596313476562
840.6796264648438
681.4921264648438
872.8571166992188
714.1571044921875
716.6445922851562
902.6021118164062
853.9821166992188
755.6146240234375
809.0820922851562
808.4346313476562
746.8046264648438
876.882080078125
879.2896118164062
868.569580078125
858.7095947265625
895.1445922851562
914.9246215820312
793.1121215820312
892.7595825195312
816.609619140625
946.4396362304688
847.6345825195312
937.527099609375
876.7321166992188
894.7396240234375
921.49462890625
886.8220825195312
895.9271240234375
902.86962890625
921.5021362304688
933.4271240234375
946.5446166992188
954.0296020507812
963.0521240234375
908.6345825195312
917.152099609375
890.6171264648438
779.0346069335938
744.4271240234375
752.3146362304688
735.6546020507812
724.0095825195312
624.5921020507812
634.1370849609375
663.2171020507812
901.5120849609375
820.317138671875
857.3446044921875
813.0321044921875
781.6171264648438
630.1121215820312
646.6071166992188
669.0621337890625
649.859619140625
707.0845947265625
829.05712890625
808.6470947265625
661.2921142578125
689.7645874023438
812.5770874023438
702.757080078125
897.1021118164062
778.9246215820312
929.7521362304688
783.224609375
754.7521362304688
781.7896118164062
878.5021362304688
631.224609375
763.6846313476562
676.8370971679688
787.9371337890625
707.047119140625
693.05712890625
777.9520874023438
905.70458984375
797.3471069335938
635.1596069335938
720.0521240234375
681.5120849609375
821.8245849609375
641.86962890625
670.192138671875
822.359619140625
741.0720825195312
686.1445922851562
883.5195922851562
778.589599609375
824.0421142578125
661.5245971679688
802.1221313476562
700.9921264648438
648.037109375
698.01708984375
706.8245849609375
719.0095825195312
809.9146118164062
723.7896118164062
687.93212890625
746.1871337890625
718.964599609375
817.8521118164062
746.5621337890625
820.1221313476562
766.464599609375
747.3521118164062
771.129638671875
804.4796142578125
798.57958984375
810.7821044921875
821.2946166992188
814.51708984375
826.5820922851562
827.0021362304688
898.4871215820312
916.74462890625
916.7921142578125
944.7421264648438
937.0596313476562
977.6146240234375
924.4096069335938
815.7471313476562
841.7645874023438
954.9896240234375
853.32958984375
926.11962890625
965.567138671875
845.3121337890625
737.734619140625
873.9171142578125
955.984619140625
983.3471069335938
984.2120971679688
993.3945922851562
982.1846313476562
988.6546020507812
991.3995971679688
992.6546020507812
992.859619140625
984.257080078125
988.1871337890625
992.819580078125
884.902099609375
822.6395874023438
953.7595825195312
909.652099609375
973.30712890625
946.4771118164062
806.8995971679688
987.6221313476562
980.0820922851562
992.4071044921875
993.0870971679688
985.1470947265625
992.76708984375
889.7095947265625
882.7371215820312
931.0921020507812
890.152099609375
985.01708984375
925.3621215820312
902.8046264648438
974.0946044921875
946.9896240234375
987.3121337890625
947.464599609375
853.1271362304688
962.724609375
964.089599609375
899.339599609375
994.037109375
972.8845825195312
979.3945922851562
943.1970825195312
976.5421142578125
983.5870971679688
968.9346313476562
993.4821166992188
983.8121337890625
979.5421142578125
991.7745971679688
987.8646240234375
987.839599609375
991.379638671875
994.162109375
987.724609375
991.3895874023438
993.6146240234375
989.1345825195312
989.11962890625
991.8571166992188
992.859619140625
992.1995849609375
963.5095825195312
962.2421264648438
978.4296264648438
977.7496337890625
979.5021362304688
981.7695922851562
984.3621215820312
984.9296264648438
985.7595825195312
986.0145874023438
984.9470825195312
986.7745971679688
987.464599609375
986.2196044921875
986.787109375
987.89208984375
991.2396240234375
992.3895874023438
993.1021118164062
993.32958984375
992.9246215820312
761.797119140625
724.317138671875
674.5946044921875
934.5421142578125
981.3995971679688
886.2620849609375
880.672119140625
985.6470947265625
993.004638671875
743.7321166992188
970.43212890625
960.2846069335938
902.4520874023438
984.32958984375
993.0220947265625
889.902099609375
984.277099609375
897.0346069335938
941.1696166992188
926.2171020507812
791.1221313476562
989.9696044921875
972.8521118164062
975.7296142578125
983.0921020507812
841.9046020507812
987.9096069335938
971.6071166992188
993.99462890625
987.9921264648438
993.724609375
991.0421142578125
992.1771240234375
990.7720947265625
989.0745849609375
988.4696044921875
988.8320922851562
991.2321166992188
987.3021240234375
933.629638671875
880.0770874023438
980.2020874023438
851.9595947265625
932.5296020507812
989.8995971679688
883.5546264648438
989.4396362304688
984.9146118164062
922.45458984375
982.5346069335938
986.3220825195312
971.6395874023438
992.7321166992188
979.464599609375
967.7846069335938
988.3945922851562
988.6671142578125
990.0095825195312
990.7595825195312
989.8471069335938
993.027099609375
988.694580078125
988.1146240234375
989.26708984375
919.1021118164062
986.984619140625
851.5195922851562
979.2120971679688
903.7595825195312
934.82958984375
984.3245849609375
987.6596069335938
989.9821166992188
975.382080078125
990.1571044921875
989.974609375
988.6696166992188
988.24462890625
971.8245849609375
990.9721069335938
980.6846313476562
991.6246337890625
990.984619140625
988.6370849609375
988.8521118164062
992.4921264648438
972.9171142578125
883.629638671875
989.2095947265625
983.9570922851562
991.7321166992188
989.7371215820312
989.3845825195312
991.817138671875
922.192138671875
952.132080078125
989.4971313476562
988.0946044921875
990.9721069335938
979.879638671875
979.80712890625
987.7695922851562
991.18212890625
992.9071044921875
992.504638671875
993.537109375
976.39208984375
990.287109375
990.287109375
987.8746337890625
993.4071044921875
989.9971313476562
990.95458984375
993.1696166992188
991.8970947265625
992.2371215820312
988.777099609375
989.18212890625
988.9171142578125
990.2095947265625
991.4620971679688
992.109619140625
992.7296142578125
993.14208984375
992.599609375
991.777099609375
990.8421020507812
990.9146118164062
989.93212890625
990.3320922851562
977.3421020507812
971.6696166992188
975.527099609375
975.4696044921875
980.474609375
979.507080078125
963.82958984375
971.6671142578125
974.7595825195312
970.964599609375
935.402099609375
978.4671020507812
982.224609375
967.89208984375
941.0396118164062
979.7745971679688
966.8621215820312
979.152099609375
973.379638671875
969.6171264648438
979.6696166992188
975.3621215820312
981.0245971679688
984.70458984375
981.984619140625
986.0596313476562
985.3446044921875
984.1345825195312
981.5971069335938
983.8421020507812
952.3870849609375
964.9271240234375
965.8046264648438
976.6596069335938
954.349609375
948.1146240234375
965.3421020507812
959.6671142578125
969.8021240234375
948.9046020507812
978.3895874023438
985.3895874023438
957.5621337890625
951.422119140625
963.339599609375
972.1370849609375
951.8845825195312
967.754638671875
968.3646240234375
976.109619140625
968.8220825195312
978.6746215820312
962.6370849609375
967.152099609375
963.9771118164062
972.9871215820312
973.3845825195312
968.3995971679688
971.9996337890625
979.4570922851562
975.3746337890625
975.757080078125
981.2271118164062
977.444580078125
971.2745971679688
972.9696044921875
976.974609375
981.70458984375
972.5245971679688
978.7070922851562
976.9396362304688
981.49462890625
980.5971069335938
986.2271118164062
889.7595825195312
789.922119140625
882.4771118164062
893.8421020507812
906.129638671875
923.7196044921875
964.1671142578125
956.4796142578125
930.6395874023438
965.6671142578125
942.07958984375
974.7321166992188
978.339599609375
979.379638671875
979.0971069335938
980.0770874023438
978.2796020507812
976.7221069335938
979.95458984375
967.93212890625
980.2521362304688
973.0946044921875
976.0820922851562
978.8096313476562
981.8995971679688
981.2846069335938
981.7020874023438
981.984619140625
977.6121215820312
977.6395874023438
977.484619140625
977.464599609375
977.6445922851562
975.8646240234375
967.5946044921875
959.9296264648438
964.0346069335938
968.4595947265625
964.3746337890625
958.9396362304688
956.5646362304688
962.3220825195312
966.6395874023438
965.07958984375
966.944580078125
962.5546264648438
962.8870849609375
966.61962890625
984.6571044921875
972.1970825195312
980.7796020507812
983.6395874023438
976.257080078125
986.5596313476562
980.9146118164062
984.0396118164062
980.6445922851562
981.8671264648438
981.319580078125
981.5321044921875
982.32958984375
984.2271118164062
983.3671264648438
982.8621215820312
987.089599609375
982.8995971679688
984.882080078125
966.7020874023438
983.9396362304688
984.5396118164062
989.0446166992188
987.069580078125
987.1846313476562
990.859619140625
986.5870971679688
982.7996215820312
989.3021240234375
986.3771362304688
987.589599609375
983.2645874023438
984.4371337890625
983.1970825195312
990.9371337890625
982.7821044921875
987.4896240234375
970.004638671875
987.3621215820312
985.4171142578125
988.1395874023438
986.8870849609375
986.1470947265625
988.8870849609375
982.68212890625
988.6546020507812
985.9595947265625
991.839599609375
975.30712890625
976.7171020507812
988.1970825195312
976.9620971679688
985.9996337890625
992.037109375
984.9046020507812
988.5770874023438
985.7821044921875
988.6970825195312
986.99462890625
988.0245971679688
975.5446166992188
987.0745849609375
989.8021240234375
977.2095947265625
980.8995971679688
989.43212890625
989.9896240234375
992.8046264648438
993.099609375
987.5870971679688
994.8021240234375
995.11962890625
977.4996337890625
986.3421020507812
975.4620971679688
995.297119140625
995.4620971679688
989.6771240234375
983.9071044921875
981.0220947265625
975.9671020507812
989.3220825195312
974.5971069335938
989.1596069335938
989.6221313476562
971.0946044921875
983.5845947265625
982.0845947265625
985.86962890625
991.7321166992188
981.0820922851562
981.5120849609375
979.7695922851562
989.3146362304688
976.6871337890625
992.0596313476562
975.297119140625
988.2371215820312
980.474609375
976.11962890625
988.5745849609375
970.7095947265625
970.1596069335938
961.68212890625
983.839599609375
985.6046142578125
831.0120849609375
968.4046020507812
959.1046142578125
974.5021362304688
977.0971069335938
978.8646240234375
981.7946166992188
979.4071044921875
980.3521118164062
973.6596069335938
981.8220825195312
982.382080078125
983.339599609375
978.1470947265625
977.6470947265625
972.1771240234375
957.6470947265625
963.9696044921875
970.0521240234375
970.3521118164062
970.7471313476562
975.4771118164062
976.3021240234375
985.027099609375
982.9520874023438
982.9921264648438
985.7921142578125
984.3895874023438
986.7620849609375
986.7296142578125
982.9396362304688
987.817138671875
983.3995971679688
990.6771240234375
986.6271362304688
983.7521362304688
989.6796264648438
983.7171020507812
987.1071166992188
990.4096069335938
990.172119140625
987.9871215820312
981.984619140625
989.504638671875
989.36962890625
977.724609375
984.214599609375
992.0396118164062
990.5720825195312
979.714599609375
966.1246337890625
849.027099609375
969.6771240234375
979.379638671875
980.4470825195312
979.26708984375
977.1395874023438
983.2821044921875
978.89208984375
984.32958984375
982.777099609375
978.0946044921875
962.734619140625
964.7421264648438
960.859619140625
978.5745849609375
980.2120971679688
980.724609375
982.2271118164062
990.8771362304688
984.5971069335938
989.55712890625
982.1746215820312
988.1221313476562
984.2846069335938
989.7321166992188
984.547119140625
990.5845947265625
989.3521118164062
979.2471313476562
985.5496215820312
885.7846069335938
973.9671020507812
963.4096069335938
980.5646362304688
982.757080078125
984.8220825195312
978.5321044921875
968.2020874023438
966.1746215820312
961.7296142578125
978.95458984375
980.8870849609375
982.287109375
992.5021362304688
986.70458984375
985.5745849609375
987.2796020507812
989.567138671875
986.4146118164062
986.2095947265625
975.2521362304688
982.8270874023438
989.879638671875
975.5946044921875
986.86962890625
980.4570922851562
980.2020874023438
983.8245849609375
964.192138671875
972.3146362304688
972.0845947265625
978.507080078125
981.36962890625
982.8270874023438
983.6395874023438
989.2521362304688
977.8021240234375
979.2496337890625
886.412109375
982.132080078125
982.359619140625
980.2496337890625
984.1746215820312
979.1046142578125
968.2171020507812
976.7896118164062
977.1146240234375
980.64208984375
969.912109375
992.3021240234375
980.5321044921875
982.7070922851562
986.8245849609375
982.734619140625
981.359619140625
976.7996215820312
981.24462890625
992.1646118164062
986.129638671875
982.1445922851562
982.1896362304688
978.5646362304688
982.0021362304688
990.8521118164062
986.5446166992188
988.0220947265625
985.5245971679688
985.4470825195312
988.20458984375
989.382080078125
894.51708984375
985.11962890625
990.047119140625
986.882080078125
985.537109375
989.069580078125
981.6970825195312
978.234619140625
982.8046264648438
982.1445922851562
989.714599609375
991.3721313476562
990.2221069335938
987.787109375
909.49462890625
990.7321166992188
987.0321044921875
992.7171020507812
927.504638671875
980.1896362304688
986.0720825195312
922.5946044921875
978.797119140625
985.0296020507812
982.652099609375
955.9771118164062
961.9495849609375
987.7421264648438
962.1796264648438
985.2896118164062
982.839599609375
985.2620849609375
964.18212890625
986.5120849609375
982.724609375
984.099609375
989.214599609375
981.8245849609375
968.6470947265625
986.0770874023438
977.359619140625
990.6871337890625
985.6046142578125
972.6345825195312
991.2296142578125
967.474609375
981.6221313476562
980.8245849609375
989.2921142578125
974.4096069335938
993.3571166992188
985.3471069335938
986.0946044921875
