9.876351576561311e-42
614.6375122070312
702.3074951171875
587.467529296875
648.3150024414062
589.2525024414062
726.7625122070312
730.4149780273438
671.6950073242188
947.989990234375
685.5650024414062
925.5025024414062
929.4724731445312
973.3599853515625
959.2525024414062
906.7725219726562
986.2775268554688
951.10498046875
985.9224853515625
903.1500244140625
982.5650024414062
986.7849731445312
775.9299926757812
837.5175170898438
826.5
986.2849731445312
987.2374877929688
932.6599731445312
948.66748046875
987.5775146484375
972.5650024414062
988.3524780273438
923.2625122070312
978.447509765625
962.60498046875
965.0225219726562
957.91748046875
960.1749877929688
990.6500244140625
962.6074829101562
962.6925048828125
962.95751953125
666.0150146484375
845.1599731445312
584.0549926757812
694.4124755859375
764.1099853515625
905.532470703125
969.967529296875
775.5225219726562
949.0
984.9500122070312
933.6599731445312
986.4299926757812
747.4525146484375
984.5700073242188
883.5549926757812
975.7575073242188
988.4625244140625
966.2675170898438
769.0374755859375
910.6950073242188
659.0275268554688
845.1124877929688
744.3800048828125
982.7775268554688
985.7899780273438
955.2675170898438
808.8775024414062
976.3250122070312
972.4099731445312
959.4099731445312
736.6525268554688
868.3599853515625
690.5499877929688
820.0900268554688
983.677490234375
986.6124877929688
796.85498046875
977.6724853515625
960.655029296875
960.657470703125
857.5625
919.7449951171875
889.4924926757812
985.927490234375
986.4525146484375
986.697509765625
976.2550048828125
963.4249877929688
914.7675170898438
778.41748046875
986.6099853515625
979.4924926757812
962.5700073242188
947.844970703125
986.3699951171875
988.0399780273438
964.7000122070312
840.822509765625
867.6624755859375
986.3074951171875
965.7374877929688
965.1724853515625
814.3300170898438
939.8049926757812
881.6325073242188
987.7349853515625
959.0474853515625
973.5399780273438
888.8125
957.4249877929688
922.70751953125
975.8624877929688
961.2525024414062
937.7575073242188
963.8724975585938
820.0574951171875
966.4124755859375
886.8900146484375
977.9849853515625
953.3775024414062
975.7625122070312
971.5399780273438
976.1124877929688
978.782470703125
976.70751953125
979.364990234375
988.3175048828125
977.4224853515625
979.6599731445312
859.9224853515625
982.2675170898438
983.927490234375
984.9500122070312
986.0499877929688
915.4299926757812
965.7675170898438
971.22998046875
963.6475219726562
976.4974975585938
972.905029296875
966.0050048828125
972.4749755859375
976.9249877929688
980.7849731445312
982.677490234375
984.094970703125
985.4025268554688
984.0999755859375
985.5399780273438
986.77001953125
986.8049926757812
987.114990234375
987.282470703125
988.6624755859375
988.427490234375
988.5150146484375
989.0775146484375
989.6724853515625
991.1599731445312
992.0700073242188
640.8099975585938
663.2650146484375
632.9775390625
656.197509765625
640.302490234375
692.967529296875
755.3150024414062
697.4324951171875
766.1275024414062
768.8699951171875
625.8049926757812
701.802490234375
796.5900268554688
637.1900024414062
827.3875122070312
687.217529296875
751.9849853515625
914.3375244140625
697.530029296875
907.8150024414062
877.6900024414062
708.4299926757812
596.3099975585938
929.1174926757812
867.1375122070312
830.9199829101562
737.4525146484375
799.4224853515625
844.0625
642.1525268554688
874.0574951171875
824.0574951171875
865.9124755859375
812.875
653.4500122070312
664.239990234375
634.1099853515625
701.875
742.0750122070312
630.1425170898438
752.6500244140625
750.3699951171875
880.1824951171875
740.0999755859375
808.5800170898438
673.5850219726562
928.4375
777.822509765625
929.77001953125
668.8599853515625
681.8150024414062
850.5075073242188
705.2775268554688
929.0974731445312
820.9425048828125
668.3975219726562
752.125
955.8800048828125
832.6724853515625
718.614990234375
805.6074829101562
774.7899780273438
837.2750244140625
680.7025146484375
869.8975219726562
712.7725219726562
715.3574829101562
899.4625244140625
851.4550170898438
753.6275024414062
806.2474975585938
805.7424926757812
745.0775146484375
873.1375122070312
876.6375122070312
865.1325073242188
855.9025268554688
892.4099731445312
912.0549926757812
790.8150024414062
889.989990234375
813.9924926757812
943.2449951171875
844.75
934.25
873.3800048828125
891.6375122070312
918.1275024414062
883.6900024414062
892.8074951171875
899.7249755859375
918.1824951171875
930.0175170898438
943.1199951171875
950.655029296875
959.7474975585938
900.4600219726562
908.9199829101562
882.9724731445312
774.79248046875
741.4349975585938
749.1224975585938
733.0775146484375
721.9025268554688
624.95751953125
634.3099975585938
662.6599731445312
893.4324951171875
815.3150024414062
850.6649780273438
808.655029296875
778.1300048828125
630.2100219726562
646.3125
668.3524780273438
649.4450073242188
705.5399780273438
824.8699951171875
804.8674926757812
660.7525024414062
688.572509765625
809.1799926757812
701.4199829101562
889.20751953125
774.6500244140625
921.3150024414062
778.9224853515625
751.844970703125
778.1099853515625
871.0675048828125
631.1925048828125
760.719970703125
675.9874877929688
784.5850219726562
705.4849853515625
691.9425048828125
773.6699829101562
897.7000122070312
793.1624755859375
635.2900390625
718.1599731445312
680.60498046875
816.0474853515625
641.7725219726562
669.5250244140625
816.655029296875
738.70751953125
685.217529296875
876.0125122070312
775.1900024414062
818.322509765625
661.0125122070312
798.1400146484375
699.8250122070312
647.8825073242188
696.8474731445312
705.4425048828125
717.1875
805.6649780273438
721.9099731445312
686.7999877929688
743.7224731445312
717.0474853515625
813.282470703125
744.052490234375
815.4600219726562
763.407470703125
744.70751953125
767.864990234375
800.3975219726562
794.5700073242188
806.375
816.4949951171875
809.7150268554688
821.1400146484375
821.217529296875
890.6174926757812
908.5
908.2725219726562
935.7750244140625
928.29248046875
968.967529296875
916.1849975585938
811.094970703125
835.8925170898438
946.2949829101562
847.510009765625
919.8699951171875
959.1699829101562
841.3800048828125
735.6174926757812
869.5574951171875
949.9749755859375
977.625
978.239990234375
988.1849975585938
976.8900146484375
983.3925170898438
986.4874877929688
987.5875244140625
987.9849853515625
979.8800048828125
984.25
988.4600219726562
877.5775146484375
817.8800048828125
945.5349731445312
905.1325073242188
967.4400024414062
941.4550170898438
803.864990234375
982.2550048828125
975.157470703125
987.3150024414062
988.3624877929688
980.697509765625
988.6799926757812
882.717529296875
878.592529296875
926.3049926757812
886.02001953125
980.3200073242188
917.5800170898438
897.1649780273438
968.9749755859375
942.155029296875
982.0050048828125
940.6799926757812
848.4400024414062
957.7100219726562
956.9224853515625
894.5374755859375
988.780029296875
966.197509765625
973.0875244140625
937.5999755859375
970.427490234375
977.717529296875
963.3574829101562
988.1849975585938
978.282470703125
974.35498046875
986.5850219726562
982.5125122070312
982.5250244140625
986.3200073242188
988.9349975585938
982.64501953125
986.5
988.4500122070312
984.0650024414062
984.2775268554688
986.875
988.0675048828125
987.5250244140625
954.4349975585938
953.2249755859375
969.9149780273438
969.5900268554688
972.1749877929688
974.9124755859375
977.9149780273438
978.52001953125
979.7100219726562
979.9400024414062
979.6124877929688
981.7249755859375
982.3900146484375
981.45751953125
981.9849853515625
983.3599853515625
987.0974731445312
988.1875
988.8250122070312
989.3200073242188
989.1300048828125
759.4550170898438
722.5800170898438
673.7374877929688
929.8275146484375
976.1024780273438
882.1724853515625
877.0449829101562
981.1799926757812
989.2949829101562
741.7050170898438
965.2650146484375
955.217529296875
898.2725219726562
980.1950073242188
989.5125122070312
885.7849731445312
979.0349731445312
892.8350219726562
936.3800048828125
921.5275268554688
788.3825073242188
984.7874755859375
967.6275024414062
970.739990234375
978.2249755859375
838.4400024414062
983.1749877929688
966.4525146484375
988.6525268554688
982.6500244140625
988.4625244140625
985.7100219726562
987.0974731445312
986.1724853515625
984.75
984.4375
985.0775146484375
987.9849853515625
983.4824829101562
928.9299926757812
876.4400024414062
975.6074829101562
849.1300048828125
928.7000122070312
986.3599853515625
880.6124877929688
986.1925048828125
981.08251953125
919.4400024414062
979.1624755859375
982.885009765625
968.20751953125
989.8150024414062
976.0225219726562
964.364990234375
985.0075073242188
985.2874755859375
986.6799926757812
987.532470703125
986.4550170898438
990.5650024414062
985.739990234375
985.2575073242188
986.7775268554688
914.8574829101562
983.3499755859375
848.5125122070312
975.0125122070312
900.3825073242188
931.5499877929688
980.9000244140625
984.2424926757812
986.717529296875
972.0150146484375
986.8624877929688
986.83251953125
985.7274780273438
985.4124755859375
967.1325073242188
987.1174926757812
976.8125
988.2625122070312
987.9400024414062
985.864990234375
986.1724853515625
988.552490234375
968.6749877929688
880.8099975585938
985.8699951171875
980.5650024414062
988.8375244140625
987.1325073242188
986.8300170898438
988.1749877929688
919.2424926757812
948.5599975585938
986.1525268554688
984.842529296875
988.4849853515625
976.5374755859375
976.4924926757812
984.3825073242188
988.08251953125
989.4749755859375
989.7424926757812
990.5275268554688
972.5175170898438
986.9199829101562
987.8674926757812
984.467529296875
990.594970703125
987.77001953125
987.7974853515625
990.5374755859375
988.927490234375
989.7349853515625
985.5574951171875
986.0025024414062
986.0349731445312
987.5050048828125
988.8699951171875
989.0700073242188
989.8875122070312
990.4924926757812
990.1824951171875
989.3825073242188
988.5225219726562
988.6875
987.8125
988.4025268554688
974.1400146484375
968.3599853515625
972.54248046875
972.822509765625
977.6799926757812
977.0225219726562
961.6199951171875
969.4924926757812
972.7650146484375
969.0800170898438
933.885009765625
975.79248046875
979.8049926757812
965.822509765625
939.3724975585938
977.5549926757812
964.842529296875
976.2525024414062
971.54248046875
967.8624877929688
977.8375244140625
973.6624755859375
979.33251953125
982.3724975585938
979.9299926757812
983.8975219726562
983.302490234375
982.219970703125
979.7050170898438
982.0775146484375
950.8125
963.552490234375
964.41748046875
975.4774780273438
953.0050048828125
946.9299926757812
964.1875
958.7750244140625
968.9124755859375
948.2349853515625
977.9375
984.95751953125
956.9525146484375
950.9124755859375
963.2725219726562
972.1124877929688
951.9099731445312
966.5175170898438
967.4500122070312
975.6749877929688
968.655029296875
978.5599975585938
961.1500244140625
966.0150146484375
962.91748046875
972.1599731445312
973.08251953125
968.3624877929688
970.5850219726562
979.2050170898438
975.239990234375
974.7650146484375
981.0025024414062
976.0650024414062
969.780029296875
971.7050170898438
975.9299926757812
980.875
971.6325073242188
978.2625122070312
976.4974975585938
981.282470703125
980.4874877929688
985.97998046875
881.7424926757812
785.16748046875
874.864990234375
885.9025268554688
897.8699951171875
915.2150268554688
955.0999755859375
947.3524780273438
922.1400146484375
956.8175048828125
933.4550170898438
966.6099853515625
970.5150146484375
972.0050048828125
972.2050170898438
973.0399780273438
969.7999877929688
968.8925170898438
971.6500244140625
962.125
972.2750244140625
968.1099853515625
970.7775268554688
973.1900024414062
975.5225219726562
974.385009765625
974.489990234375
976.1475219726562
972.8275146484375
973.3775024414062
972.3099975585938
973.45751953125
972.3400268554688
972.1475219726562
963.3925170898438
955.8524780273438
960.217529296875
963.8049926757812
960.967529296875
955.344970703125
953.0499877929688
958.22998046875
962.8200073242188
961.2974853515625
963.3975219726562
959.35498046875
959.2525024414062
963.3524780273438
981.0974731445312
969.5900268554688
978.0700073242188
981.4299926757812
973.9149780273438
983.177490234375
978.657470703125
981.9774780273438
978.5250244140625
979.6099853515625
978.8624877929688
978.97998046875
980.010009765625
982.3099975585938
981.4324951171875
980.7025146484375
984.1624755859375
980.4774780273438
982.2025146484375
965.114990234375
982.2100219726562
982.3574829101562
986.3275146484375
985.5474853515625
985.6900024414062
988.0374755859375
984.1799926757812
980.8250122070312
986.802490234375
984.2025146484375
986.2849731445312
981.64501953125
982.9000244140625
981.6074829101562
988.5250244140625
981.322509765625
986.3400268554688
968.8825073242188
985.2899780273438
984.5750122070312
987.1950073242188
985.864990234375
984.4824829101562
986.782470703125
981.5850219726562
986.85498046875
985.239990234375
989.6500244140625
974.342529296875
975.9349975585938
986.5399780273438
976.2249755859375
985.4550170898438
989.7249755859375
984.25
986.885009765625
985.64501953125
987.1375122070312
986.3624877929688
986.8499755859375
975.5275268554688
986.2274780273438
987.45751953125
977.3150024414062
980.9400024414062
987.22998046875
989.197509765625
991.2125244140625
991.8074951171875
987.3275146484375
993.2999877929688
993.7675170898438
977.52001953125
986.1425170898438
975.5499877929688
993.9949951171875
994.030029296875
987.7449951171875
983.7374877929688
980.885009765625
975.9849853515625
988.5025024414062
974.4600219726562
988.9425048828125
987.7974853515625
971.177490234375
982.8900146484375
982.02001953125
985.0750122070312
990.52001953125
981.0900268554688
981.135009765625
979.22998046875
988.25
976.3250122070312
990.7525024414062
974.7650146484375
987.3400268554688
979.7000122070312
975.3125
987.6199951171875
970.1925048828125
969.4375
961.125
982.9299926757812
984.7324829101562
824.79248046875
959.594970703125
950.1199951171875
965.7750244140625
969.1074829101562
971.197509765625
974.4299926757812
971.3200073242188
972.5750122070312
967.5750122070312
974.7849731445312
976.177490234375
976.5574951171875
973.64501953125
973.4375
968.2324829101562
953.6300048828125
960.2775268554688
966.6900024414062
967.3049926757812
966.7874755859375
972.8275146484375
973.927490234375
982.9824829101562
980.9099731445312
981.1925048828125
984.2224731445312
982.4299926757812
985.4824829101562
985.375
981.1624755859375
986.7224731445312
981.9824829101562
988.4550170898438
985.302490234375
982.8200073242188
987.7025146484375
983.6699829101562
986.155029296875
989.8574829101562
989.5075073242188
987.9299926757812
981.9600219726562
988.4375
988.6849975585938
978.1749877929688
983.6724853515625
990.79248046875
989.4124755859375
979.6400146484375
965.4099731445312
842.1525268554688
961.0150146484375
971.6824951171875
973.7249755859375
971.3875122070312
970.5900268554688
976.6224975585938
973.8375244140625
978.0150146484375
976.9025268554688
973.6174926757812
958.2349853515625
960.5800170898438
956.6475219726562
976.1525268554688
978.0650024414062
977.91748046875
980.3275146484375
988.2675170898438
982.842529296875
987.6375122070312
980.9425048828125
987.5150146484375
983.72998046875
987.6500244140625
984.5449829101562
990.0474853515625
988.2575073242188
978.3825073242188
984.6124877929688
877.8350219726562
965.6099853515625
954.5399780273438
973.2324829101562
976.2125244140625
978.8499755859375
973.7625122070312
963.885009765625
961.8275146484375
958.5999755859375
976.0775146484375
978.7025146484375
979.6224975585938
989.79248046875
985.4924926757812
984.0025024414062
986.7525024414062
987.719970703125
986.3200073242188
986.0650024414062
975.407470703125
982.719970703125
988.6925048828125
974.905029296875
985.8975219726562
972.9500122070312
974.8875122070312
977.6275024414062
959.625
967.5175170898438
969.510009765625
975.7849731445312
978.447509765625
980.8524780273438
981.7374877929688
987.4550170898438
977.8350219726562
978.5474853515625
878.4874877929688
975.1300048828125
975.1900024414062
972.6475219726562
978.322509765625
974.3350219726562
963.572509765625
974.25
974.16748046875
978.1500244140625
968.3125
989.7750244140625
980.385009765625
981.9149780273438
985.9324951171875
975.905029296875
974.1300048828125
973.7449951171875
978.6174926757812
989.822509765625
984.8975219726562
975.47998046875
975.594970703125
976.2675170898438
979.6174926757812
988.79248046875
985.4450073242188
987.8574829101562
985.3499755859375
985.2999877929688
987.2449951171875
988.3900146484375
886.4124755859375
983.5075073242188
988.10498046875
986.6724853515625
985.1500244140625
988.072509765625
975.7000122070312
975.032470703125
980.7224731445312
979.9249877929688
989.4550170898438
990.969970703125
989.1199951171875
986.7474975585938
900.9949951171875
988.6475219726562
985.8300170898438
992.2974853515625
918.54248046875
975.1500244140625
984.6624755859375
913.9450073242188
972.4525146484375
983.1300048828125
980.77001953125
946.6500244140625
952.5675048828125
986.6224975585938
953.032470703125
982.0549926757812
981.1425170898438
982.3125
955.2324829101562
983.41748046875
981.197509765625
982.7249755859375
987.3775024414062
980.4550170898438
959.9600219726562
983.2750244140625
975.7974853515625
989.4600219726562
983.3074951171875
971.2874755859375
990.16748046875
958.677490234375
975.6124877929688
979.5050048828125
987.5974731445312
973.3875122070312
991.9324951171875
983.282470703125
985.0225219726562
