9.876351576561311e-42
615.4285888671875
703.673583984375
588.1685791015625
649.5135498046875
589.9185791015625
728.80859375
732.5735473632812
673.3585815429688
950.758544921875
687.4735717773438
928.47607421875
932.5885620117188
976.0810546875
962.05859375
909.9260864257812
989.131103515625
954.1260986328125
988.7710571289062
906.1235961914062
985.466064453125
989.66357421875
778.5510864257812
840.298583984375
829.2660522460938
989.1460571289062
990.1135864257812
935.6435546875
951.7485961914062
990.4010620117188
975.5735473632812
991.196044921875
926.548583984375
981.43359375
966.12109375
968.1185913085938
961.2060546875
963.3786010742188
993.3935546875
966.1060791015625
965.8161010742188
966.4485473632812
667.2835693359375
847.4360961914062
584.7185668945312
696.05859375
766.5935668945312
908.53857421875
972.7210693359375
778.1235961914062
951.9710693359375
987.778564453125
936.7085571289062
989.298583984375
749.97607421875
987.4735717773438
886.443603515625
978.758544921875
991.2960815429688
969.3260498046875
771.0610961914062
913.2610473632812
660.5036010742188
848.0510864257812
746.7685546875
985.6260986328125
988.6460571289062
958.3235473632812
811.60107421875
979.3035888671875
975.4285888671875
962.736083984375
738.6185913085938
870.9535522460938
692.30859375
822.9010620117188
986.5135498046875
989.4785766601562
799.5735473632812
980.6060791015625
964.048583984375
963.9110717773438
860.3385620117188
922.4560546875
892.5835571289062
988.7735595703125
989.318603515625
989.568603515625
979.2035522460938
966.6085815429688
917.6560668945312
780.9610595703125
989.4635620117188
982.4260864257812
965.7685546875
950.72607421875
989.2235717773438
990.8860473632812
967.8335571289062
843.6185913085938
870.7310791015625
989.1560668945312
968.8910522460938
968.24609375
816.9885864257812
942.7485961914062
884.6385498046875
990.5760498046875
962.1060791015625
976.6235961914062
891.8660888671875
960.3560791015625
925.7960815429688
978.9535522460938
964.1385498046875
940.7810668945312
966.9210815429688
822.8786010742188
969.4585571289062
889.9585571289062
980.8985595703125
956.3585815429688
978.7935791015625
974.5335693359375
979.133544921875
981.6760864257812
979.693603515625
982.2485961914062
991.1585693359375
980.403564453125
982.5735473632812
862.9260864257812
985.1560668945312
986.8135986328125
987.8435668945312
988.9560546875
918.5760498046875
968.8035888671875
974.22607421875
966.6510620117188
979.43359375
975.8910522460938
969.0110473632812
975.4585571289062
979.8860473632812
983.7085571289062
985.591064453125
987.0036010742188
988.30859375
987.006103515625
988.3985595703125
989.6260986328125
989.653564453125
989.9685668945312
990.111083984375
991.49609375
991.2735595703125
991.361083984375
991.93359375
992.5235595703125
993.8885498046875
994.7510986328125
641.966064453125
664.62109375
633.93603515625
657.3786010742188
641.3235473632812
694.4535522460938
757.1510620117188
698.9260864257812
768.0260620117188
770.8460693359375
626.6360473632812
703.3385620117188
798.7635498046875
638.0885620117188
829.673583984375
688.4985961914062
753.7710571289062
917.068603515625
698.9785766601562
910.4360961914062
880.3385620117188
709.9110717773438
596.778564453125
931.8535766601562
869.5760498046875
833.1885986328125
739.0885620117188
801.568603515625
846.3560791015625
642.9810791015625
876.4635620117188
826.3060913085938
868.278564453125
814.9710693359375
654.68603515625
665.53857421875
635.1385498046875
703.3860473632812
743.8535766601562
631.0660400390625
754.5135498046875
752.2960815429688
882.716064453125
741.8235473632812
810.7835693359375
674.87109375
931.0560913085938
779.8285522460938
932.7110595703125
670.2085571289062
683.2035522460938
853.0210571289062
706.72607421875
931.8385620117188
823.0785522460938
669.696044921875
753.943603515625
958.5760498046875
835.0335693359375
720.2760620117188
807.7810668945312
776.6585693359375
839.4835815429688
682.0785522460938
872.4360961914062
714.4560546875
716.9835815429688
902.1410522460938
853.8010864257812
755.5235595703125
808.3385620117188
807.8685913085938
746.9010620117188
875.5110473632812
879.048583984375
867.5135498046875
858.4260864257812
894.8485717773438
914.506103515625
792.8985595703125
892.4085693359375
816.18359375
945.7660522460938
847.0535888671875
936.8660888671875
875.8110961914062
894.3310546875
921.0185546875
886.2085571289062
895.4210815429688
902.3760986328125
921.006103515625
932.8735961914062
945.8635864257812
953.298583984375
962.3060913085938
901.278564453125
909.6785888671875
883.7635498046875
776.0560913085938
742.6585693359375
750.361083984375
734.3735961914062
723.4260864257812
625.8535766601562
635.2835693359375
663.7435913085938
894.7510986328125
816.7285766601562
852.0935668945312
810.2710571289062
779.7860717773438
631.3010864257812
647.5735473632812
669.7335815429688
650.736083984375
707.1460571289062
826.78857421875
806.736083984375
662.1360473632812
690.0185546875
811.153564453125
703.0235595703125
890.0260620117188
775.9010620117188
922.0410766601562
780.2035522460938
753.3885498046875
779.4985961914062
872.3310546875
632.2810668945312
762.4985961914062
677.5410766601562
786.4185791015625
706.9935913085938
693.5661010742188
774.9060668945312
898.4610595703125
794.5210571289062
636.3910522460938
719.7385864257812
682.1385498046875
817.1860961914062
642.99609375
670.946044921875
817.778564453125
740.3535766601562
686.8735961914062
876.80859375
776.903564453125
819.4610595703125
662.3460693359375
799.841064453125
701.6435546875
649.05859375
698.6085815429688
707.22607421875
718.8161010742188
807.3786010742188
723.6235961914062
688.12109375
745.5260620117188
718.53857421875
815.048583984375
745.8110961914062
817.0860595703125
765.1485595703125
746.2835693359375
769.4610595703125
802.008544921875
796.068603515625
807.85107421875
817.9510498046875
811.071044921875
822.4610595703125
822.3935546875
891.4411010742188
909.2285766601562
909.3910522460938
936.7685546875
929.4535522460938
970.0560913085938
917.5036010742188
812.6435546875
837.3885498046875
947.5335693359375
849.1760864257812
921.6885986328125
960.9085693359375
843.4160766601562
737.30859375
871.6235961914062
951.7860717773438
979.4560546875
980.0110473632812
990.1660766601562
978.818603515625
985.3110961914062
988.5110473632812
989.6585693359375
990.0785522460938
981.9510498046875
986.466064453125
990.66357421875
879.0160522460938
819.5985717773438
946.9985961914062
907.2310791015625
969.256103515625
943.4635620117188
805.8535766601562
984.1360473632812
977.1460571289062
989.3110961914062
990.443603515625
982.7835693359375
990.9560546875
884.37109375
880.6985473632812
928.3786010742188
888.2335815429688
982.3310546875
919.133544921875
899.0760498046875
971.0110473632812
944.3135986328125
984.22607421875
942.4060668945312
850.3885498046875
959.80859375
958.5835571289062
896.5885620117188
990.8161010742188
967.8860473632812
974.818603515625
939.528564453125
972.1985473632812
979.5210571289062
965.2485961914062
990.2810668945312
980.1510620117188
976.3135986328125
988.5235595703125
984.403564453125
984.4310913085938
988.2860717773438
991.0185546875
984.62109375
988.528564453125
990.4885864257812
986.0360717773438
986.3135986328125
988.9210815429688
990.1585693359375
989.6135864257812
955.3460693359375
954.278564453125
971.2310791015625
971.05859375
973.78857421875
976.5535888671875
979.6060791015625
980.2235717773438
981.486083984375
981.6985473632812
981.5185546875
983.673583984375
984.3460693359375
983.4735717773438
984.0210571289062
985.4560546875
989.3310546875
990.4085693359375
991.0410766601562
991.611083984375
991.446044921875
761.2410888671875
724.2035522460938
675.0635986328125
932.1810913085938
978.3985595703125
884.4710693359375
879.4411010742188
983.4685668945312
991.6185913085938
743.486083984375
967.568603515625
957.53857421875
900.6860961914062
982.5160522460938
991.8660888671875
888.1160888671875
981.3335571289062
895.2010498046875
938.6885986328125
923.91357421875
790.3135986328125
986.9935913085938
970.0036010742188
973.0935668945312
980.4985961914062
840.5235595703125
985.3960571289062
968.7235717773438
990.85107421875
984.903564453125
990.6410522460938
987.9535522460938
989.2185668945312
988.37109375
987.0110473632812
986.736083984375
987.4060668945312
990.3935546875
985.68359375
931.3786010742188
878.8110961914062
977.9485473632812
851.4885864257812
931.1585693359375
988.696044921875
883.028564453125
988.5560913085938
983.4260864257812
921.91357421875
981.6660766601562
985.3635864257812
970.8260498046875
992.2410888671875
978.6135864257812
966.9935913085938
987.5360717773438
987.8135986328125
989.2410888671875
990.0860595703125
989.0335693359375
993.0735473632812
988.4010620117188
987.9635620117188
989.4010620117188
917.28857421875
985.611083984375
850.8260498046875
977.3660888671875
902.8235473632812
934.0235595703125
983.4010620117188
986.7960815429688
989.2035522460938
974.5885620117188
989.4085693359375
989.41357421875
988.3860473632812
988.111083984375
969.53857421875
989.4110717773438
979.1885986328125
990.6286010742188
990.5160522460938
988.5360717773438
988.8786010742188
990.8585815429688
971.0860595703125
883.2660522460938
988.3885498046875
983.1360473632812
991.3786010742188
989.7385864257812
989.4411010742188
990.506103515625
921.7536010742188
951.0260620117188
988.568603515625
987.4535522460938
991.05859375
979.071044921875
978.9835815429688
986.9085693359375
990.6085815429688
991.8385620117188
992.2685546875
992.9610595703125
974.9360961914062
989.4885864257812
990.4535522460938
986.9060668945312
993.0610961914062
990.341064453125
990.2610473632812
993.0310668945312
991.43359375
992.2810668945312
988.1585693359375
988.591064453125
988.6710815429688
990.091064453125
991.4310913085938
991.5310668945312
992.383544921875
993.0036010742188
992.7210693359375
991.9360961914062
991.0885620117188
991.236083984375
990.3560791015625
990.9160766601562
975.99609375
970.256103515625
974.446044921875
974.6985473632812
979.548583984375
978.966064453125
963.5785522460938
971.466064453125
974.7510986328125
970.9935913085938
935.821044921875
977.6660766601562
981.7235717773438
967.74609375
941.256103515625
979.5036010742188
966.818603515625
978.131103515625
973.5036010742188
969.7860717773438
979.818603515625
975.6060791015625
981.2935791015625
984.2685546875
981.8935546875
985.8235473632812
985.2610473632812
984.1810913085938
981.6885986328125
984.0360717773438
952.8110961914062
965.6485595703125
966.5610961914062
977.4910888671875
955.0610961914062
949.03857421875
966.3260498046875
960.8585815429688
971.05859375
950.37109375
980.028564453125
987.0460815429688
959.0885620117188
953.048583984375
965.3460693359375
974.2710571289062
954.0760498046875
968.53857421875
969.571044921875
977.7935791015625
970.7210693359375
980.673583984375
963.1435546875
968.10107421875
964.9710693359375
974.2285766601562
975.1810913085938
970.4785766601562
972.5635986328125
981.2860717773438
977.3310546875
976.80859375
983.0810546875
978.0410766601562
971.7935791015625
973.72607421875
977.9635620117188
982.9210815429688
973.7060546875
980.3460693359375
978.5960693359375
983.37109375
982.611083984375
988.0785522460938
882.6710815429688
786.3235473632812
875.6435546875
886.7235717773438
898.696044921875
916.008544921875
955.93359375
948.0985717773438
922.9010620117188
957.6685791015625
934.2060546875
967.8960571289062
971.8585815429688
973.4685668945312
973.7335815429688
974.5460815429688
970.97607421875
970.258544921875
973.0185546875
963.778564453125
973.7610473632812
969.7685546875
972.466064453125
974.9085693359375
977.1286010742188
975.99609375
976.0985717773438
977.8660888671875
974.506103515625
975.0410766601562
974.2135620117188
975.173583984375
974.2435913085938
973.9835815429688
965.3310546875
957.9635620117188
962.1785888671875
965.841064453125
962.93359375
957.4685668945312
955.1410522460938
960.30859375
964.9210815429688
963.4160766601562
965.49609375
961.4685668945312
961.3635864257812
965.4785766601562
983.2660522460938
971.6760864257812
980.2110595703125
983.3760986328125
975.9785766601562
985.4060668945312
980.6460571289062
983.99609375
980.5960693359375
981.72607421875
981.006103515625
981.153564453125
982.196044921875
984.3935546875
983.5260620117188
982.8485717773438
986.4785766601562
982.693603515625
984.466064453125
967.2035522460938
984.3760986328125
984.6485595703125
988.72607421875
987.6560668945312
987.798583984375
990.446044921875
986.5210571289062
983.0535888671875
989.2135620117188
986.53857421875
988.381103515625
983.8285522460938
985.068603515625
983.8585815429688
990.9785766601562
983.5235595703125
988.4510498046875
971.0535888671875
987.6360473632812
986.6685791015625
989.3010864257812
987.9935913085938
986.7960815429688
989.196044921875
983.8585815429688
989.2860717773438
987.3585815429688
992.153564453125
976.5735473632812
978.1660766601562
988.9685668945312
978.423583984375
987.5835571289062
992.2635498046875
986.466064453125
989.3485717773438
987.7660522460938
989.5835571289062
988.611083984375
989.2210693359375
977.7110595703125
988.5460815429688
990.0535888671875
979.5110473632812
983.1135864257812
989.80859375
991.5235595703125
993.6610717773438
994.1860961914062
989.633544921875
995.7135620117188
996.1560668945312
979.716064453125
988.4510498046875
977.7135620117188
996.381103515625
996.4285888671875
990.278564453125
986.10107421875
983.236083984375
978.2685546875
990.9060668945312
976.8660888671875
991.2860717773438
990.3235473632812
973.4910888671875
985.3885498046875
984.3910522460938
987.5985717773438
992.9885864257812
983.4385986328125
983.5885620117188
981.736083984375
990.756103515625
978.821044921875
993.22607421875
977.3260498046875
989.9110717773438
982.3135986328125
977.9710693359375
990.1485595703125
972.7710571289062
972.1060791015625
963.7610473632812
985.4735717773438
987.2610473632812
825.9110717773438
960.4585571289062
950.8885498046875
966.693603515625
970.4185791015625
972.571044921875
975.841064453125
972.7185668945312
974.0661010742188
969.2135620117188
976.3885498046875
977.8485717773438
978.2010498046875
975.35107421875
975.18359375
970.111083984375
955.716064453125
962.4085693359375
968.8010864257812
969.256103515625
968.903564453125
974.9310913085938
976.0110473632812
984.9635620117188
983.0360717773438
983.3635864257812
986.3385620117188
984.7235717773438
987.591064453125
987.486083984375
983.403564453125
988.8135986328125
984.2385864257812
990.91357421875
987.62109375
985.0785522460938
990.2010498046875
985.8260498046875
988.4935913085938
992.133544921875
991.8035888671875
990.1360473632812
984.2085571289062
990.8485717773438
991.068603515625
980.4260864257812
986.1260986328125
993.2735595703125
991.8985595703125
982.0185546875
968.0760498046875
843.2536010742188
961.9360961914062
973.0560913085938
975.278564453125
972.7910766601562
972.173583984375
978.2835693359375
975.5510864257812
979.7385864257812
978.653564453125
975.403564453125
960.2935791015625
962.6885986328125
958.7410888671875
978.2536010742188
980.153564453125
980.0860595703125
982.35107421875
990.696044921875
985.1360473632812
990.0960693359375
983.153564453125
989.6160888671875
985.9285888671875
990.1985473632812
986.7210693359375
992.4085693359375
990.7660522460938
980.966064453125
987.1435546875
878.7335815429688
966.798583984375
955.3235473632812
974.6410522460938
977.883544921875
980.6360473632812
975.60107421875
965.9510498046875
963.9160766601562
960.6710815429688
978.2010498046875
980.8035888671875
981.821044921875
992.24609375
987.633544921875
986.2960815429688
988.9785766601562
990.2085571289062
988.4735717773438
988.3560791015625
977.7510986328125
985.0860595703125
991.193603515625
977.5185546875
988.4185791015625
974.3335571289062
976.633544921875
979.3685913085938
961.7010498046875
969.5260620117188
971.5661010742188
977.8910522460938
980.6360473632812
982.9610595703125
983.78857421875
989.9085693359375
980.2035522460938
981.1085815429688
879.321044921875
976.5835571289062
976.611083984375
974.133544921875
980.12109375
976.0810546875
965.6385498046875
976.236083984375
976.3035888671875
980.258544921875
970.4385986328125
992.2510986328125
982.7910766601562
984.4985961914062
988.508544921875
977.3885498046875
975.611083984375
975.8960571289062
980.736083984375
992.3135986328125
987.2010498046875
977.006103515625
977.193603515625
978.28857421875
981.7485961914062
991.278564453125
987.7635498046875
990.0135498046875
987.72607421875
987.6660766601562
989.7910766601562
990.9085693359375
887.256103515625
985.6460571289062
990.591064453125
989.0160522460938
987.5661010742188
990.5735473632812
977.3786010742188
977.193603515625
982.7660522460938
982.0760498046875
991.7685546875
993.3010864257812
991.5985717773438
989.2710571289062
901.7835693359375
991.1510620117188
988.1685791015625
994.5935668945312
919.2510986328125
976.9360961914062
986.8035888671875
914.7485961914062
974.05859375
985.196044921875
982.966064453125
947.3585815429688
953.2910766601562
989.1485595703125
953.8110961914062
984.2685546875
983.35107421875
984.5560913085938
956.0310668945312
985.6860961914062
983.4210815429688
984.9110717773438
989.8635864257812
982.7010498046875
960.821044921875
985.5635986328125
977.93359375
991.9485473632812
985.6235961914062
973.4535522460938
992.66357421875
959.4835815429688
977.2935791015625
981.7335815429688
990.0610961914062
975.6660766601562
994.341064453125
985.60107421875
987.1286010742188
