9.876351576561311e-42
614.438720703125
703.2662353515625
586.9887084960938
648.5361938476562
588.8187255859375
728.2337036132812
731.833740234375
672.4112548828125
955.3162231445312
686.4862060546875
931.7987060546875
935.708740234375
982.3212280273438
967.0262451171875
912.2412109375
995.583740234375
958.1162109375
994.9612426757812
908.3662109375
990.8187255859375
995.7387084960938
778.1287231445312
841.0687255859375
829.6012573242188
994.876220703125
995.8112182617188
938.5787353515625
954.1862182617188
995.5987548828125
979.6487426757812
996.416259765625
927.5537109375
985.833740234375
967.5787353515625
971.3262329101562
963.44873046875
965.9362182617188
998.103759765625
967.7412109375
968.65625
968.0187377929688
666.5187377929688
849.416259765625
583.57373046875
695.2762451171875
766.2462158203125
910.9962158203125
978.6162109375
777.9337158203125
956.2062377929688
994.2412109375
940.1412353515625
995.26123046875
749.1787109375
992.9562377929688
888.0462036132812
982.958740234375
996.2437133789062
972.7412109375
771.1237182617188
916.8662109375
659.4937133789062
849.0287475585938
746.2337036132812
991.7737426757812
994.9137573242188
962.5712280273438
811.8587036132812
984.0287475585938
979.231201171875
964.7412109375
738.1637573242188
872.82373046875
691.4712524414062
823.271240234375
992.8312377929688
995.90625
799.6212158203125
985.4312133789062
965.7262573242188
966.168701171875
861.63623046875
925.8587036132812
894.5662231445312
994.9012451171875
995.4137573242188
995.2962036132812
984.1512451171875
969.2587280273438
920.5762329101562
780.65625
995.3937377929688
987.5462036132812
968.2537231445312
955.0137329101562
995.3362426757812
996.09375
970.82373046875
844.4937133789062
871.9987182617188
994.9012451171875
971.6312255859375
971.3462524414062
817.4412231445312
946.6487426757812
886.3262329101562
995.7687377929688
965.1537475585938
980.0987548828125
893.7362060546875
964.96875
928.6762084960938
982.5512084960938
968.9662475585938
944.1437377929688
970.3687133789062
823.1012573242188
973.1412353515625
891.688720703125
986.3362426757812
960.1287231445312
982.7112426757812
979.041259765625
983.07373046875
987.2012329101562
983.9362182617188
987.8812255859375
996.1162109375
984.6962280273438
987.5187377929688
864.0287475585938
990.313720703125
992.0762329101562
993.1912231445312
994.5462036132812
921.228759765625
973.458740234375
979.1487426757812
970.9962158203125
984.7562255859375
980.6437377929688
973.6112060546875
980.3587036132812
985.01123046875
989.1237182617188
991.1337280273438
992.6587524414062
993.9437255859375
992.7387084960938
994.4287109375
995.481201171875
995.5687255859375
995.6587524414062
995.3487548828125
996.5087280273438
996.251220703125
996.106201171875
996.6612548828125
997.26123046875
998.3637084960938
999.2137451171875
639.9912109375
662.8987426757812
632.2687377929688
655.8112182617188
639.773681640625
693.5487060546875
757.8037109375
698.0787353515625
769.0287475585938
771.231201171875
625.1087036132812
702.5762329101562
799.6962280273438
636.7886962890625
831.5137329101562
687.76123046875
753.8187255859375
921.6737060546875
698.2537231445312
914.7737426757812
883.5237426757812
709.4112548828125
595.7412109375
937.34375
872.5687255859375
834.9537353515625
739.043701171875
802.4287109375
848.4237060546875
642.2161865234375
879.6862182617188
827.7362060546875
870.9762573242188
816.231201171875
652.9661865234375
664.0587158203125
633.3511962890625
702.708740234375
744.0612182617188
629.418701171875
754.606201171875
752.231201171875
886.3037109375
741.8412475585938
812.0037231445312
673.8162231445312
936.3187255859375
780.3012084960938
937.8612060546875
668.7737426757812
682.07373046875
855.3062133789062
706.106201171875
937.1012573242188
826.1312255859375
668.3187255859375
753.9937133789062
965.4437255859375
836.853759765625
719.728759765625
808.9662475585938
777.2162475585938
842.9637451171875
680.94873046875
875.4887084960938
713.7162475585938
716.3837280273438
906.2237548828125
855.96875
755.7387084960938
810.4612426757812
809.65625
746.8312377929688
880.65625
882.0137329101562
871.9112548828125
860.94873046875
898.4712524414062
919.15625
793.7662353515625
896.19873046875
817.6787109375
952.2562255859375
849.7237548828125
942.7887573242188
880.1787109375
898.01123046875
925.6587524414062
890.13623046875
899.271240234375
906.5137329101562
925.7262573242188
938.1162109375
952.0337524414062
960.0362548828125
969.6487426757812
911.2562255859375
920.2387084960938
892.78125
778.5712280273438
743.4862060546875
751.6412353515625
734.793701171875
723.041259765625
623.5612182617188
633.0411987304688
661.8937377929688
904.4612426757812
821.0687255859375
859.0037231445312
814.1112060546875
781.9937133789062
629.0261840820312
645.3937377929688
667.8912353515625
648.69873046875
706.2162475585938
830.6762084960938
809.7637329101562
660.2037353515625
688.7262573242188
813.7012329101562
701.8887329101562
899.32373046875
778.3262329101562
933.40625
782.981201171875
754.4612426757812
782.03125
880.6187133789062
630.043701171875
763.5487060546875
675.666259765625
788.5337524414062
706.166259765625
692.0587158203125
777.2562255859375
908.3787231445312
797.7962036132812
634.1312255859375
719.3712158203125
680.4862060546875
821.9737548828125
640.7387084960938
669.1812133789062
822.666259765625
740.6837158203125
684.9862060546875
885.3187255859375
778.8312377929688
824.521240234375
660.353759765625
803.0587158203125
699.9212036132812
646.938720703125
696.9362182617188
705.8837280273438
718.1112060546875
811.01123046875
722.9887084960938
686.7962036132812
745.69873046875
718.09375
819.021240234375
746.0662231445312
821.1962280273438
766.4087524414062
746.9512329101562
771.2437133789062
805.4462280273438
799.3037109375
811.6737060546875
822.231201171875
815.1487426757812
827.3512573242188
827.6512451171875
900.978759765625
919.8837280273438
920.0812377929688
949.0612182617188
941.2437133789062
983.5137329101562
928.3162231445312
816.5462036132812
843.1337280273438
959.9912109375
855.1912231445312
930.5287475585938
971.4862060546875
847.3837280273438
737.208740234375
876.8712158203125
961.6137084960938
990.3012084960938
991.1387329101562
1001.3662109375
989.1737060546875
996.1137084960938
999.4762573242188
1001.0962524414062
1001.3587036132812
991.6512451171875
996.0487060546875
1001.53125
887.51123046875
823.7962036132812
958.856201171875
914.1087036132812
979.7387084960938
952.1712036132812
808.1312255859375
994.9412231445312
987.0512084960938
1000.418701171875
1001.3212280273438
992.6137084960938
1001.5087280273438
892.6712036132812
886.2662353515625
936.2787475585938
894.07373046875
992.353759765625
929.481201171875
906.44873046875
981.083740234375
953.021240234375
995.5812377929688
952.5862426757812
855.3812255859375
969.34375
969.7837524414062
903.1412353515625
1002.1762084960938
979.0337524414062
985.9612426757812
948.4312133789062
983.0362548828125
990.51123046875
975.2862548828125
1001.7462158203125
990.8587036132812
986.6487426757812
999.543701171875
995.2237548828125
995.228759765625
999.2237548828125
1002.541259765625
995.1837158203125
999.34375
1001.8287353515625
996.7062377929688
996.7637329101562
1000.1287231445312
1001.21875
1000.3062133789062
968.6087036132812
967.396240234375
984.438720703125
983.8212280273438
985.8062133789062
988.2737426757812
991.126220703125
991.731201171875
992.7237548828125
992.9862060546875
992.0762329101562
994.126220703125
994.8837280273438
993.6387329101562
994.2562255859375
995.5812377929688
999.4312133789062
1000.8012084960938
1001.688720703125
1001.9462280273438
1001.6812133789062
762.0162353515625
723.793701171875
673.6787109375
940.6712036132812
989.7637329101562
890.3737182617188
884.4962158203125
994.2412109375
1001.646240234375
743.6112060546875
978.188720703125
967.7962036132812
907.4312133789062
992.7462158203125
1001.7362060546875
894.021240234375
992.8612060546875
901.6587524414062
947.4887084960938
932.2137451171875
792.1312255859375
998.751220703125
980.9512329101562
984.0237426757812
991.688720703125
844.3362426757812
996.6412353515625
979.228759765625
1002.666259765625
996.4887084960938
1002.4412231445312
999.7412109375
1000.958740234375
999.541259765625
997.8087158203125
997.0762329101562
997.3512573242188
999.6762084960938
995.0612182617188
940.0537109375
883.8712158203125
988.5712280273438
853.9912109375
938.34375
998.09375
886.6487426757812
997.5962524414062
993.2437133789062
926.9437255859375
990.146240234375
994.4612426757812
978.418701171875
1001.1087036132812
986.7962036132812
974.481201171875
996.3262329101562
996.7037353515625
998.001220703125
998.8812255859375
997.7662353515625
1000.9987182617188
996.4087524414062
995.646240234375
996.293701171875
924.7462158203125
994.8587036132812
853.7987060546875
987.4037475585938
908.0362548828125
940.1587524414062
992.1937255859375
995.356201171875
998.2062377929688
982.5912475585938
998.188720703125
997.9437255859375
996.3187255859375
995.7162475585938
979.8387451171875
999.188720703125
988.813720703125
1000.01123046875
998.9862060546875
996.1112060546875
996.1437377929688
1000.938720703125
980.8112182617188
886.57373046875
997.3787231445312
991.6287231445312
999.7762451171875
997.271240234375
996.6537475585938
1000.2637329101562
926.5762329101562
958.5587158203125
997.84375
995.9987182617188
998.5237426757812
987.0487060546875
987.0562133789062
995.5337524414062
999.34375
1001.5062255859375
1000.603759765625
1002.043701171875
984.3037109375
998.2537231445312
997.5812377929688
996.1187133789062
1001.7537231445312
997.03125
999.2462158203125
1001.3387451171875
1000.1012573242188
999.9837036132812
996.7137451171875
997.1012573242188
996.5712280273438
997.916259765625
999.21875
1000.4637451171875
1000.9762573242188
1001.2687377929688
1000.3062133789062
999.3037109375
998.1212158203125
998.1512451171875
996.9237060546875
996.9612426757812
984.416259765625
978.4437255859375
982.5612182617188
982.478759765625
987.7362060546875
986.8287353515625
970.228759765625
978.438720703125
981.7337036132812
977.8362426757812
940.1312255859375
985.6087036132812
989.7212524414062
974.5987548828125
946.2062377929688
987.0362548828125
973.4312133789062
986.3637084960938
980.3412475585938
976.40625
986.9887084960938
982.458740234375
988.4662475585938
992.3462524414062
989.3887329101562
993.7887573242188
993.03125
991.7137451171875
989.0862426757812
991.458740234375
958.063720703125
971.4237060546875
972.2862548828125
983.8062133789062
960.0812377929688
953.4537353515625
971.813720703125
965.708740234375
976.5237426757812
954.3662109375
985.6187133789062
993.0912475585938
963.5237426757812
956.9662475585938
969.501220703125
978.9362182617188
957.1862182617188
974.2862548828125
975.0537109375
983.1962280273438
975.3462524414062
985.9212036132812
968.90625
973.7987060546875
970.251220703125
979.8612060546875
980.2362060546875
974.9637451171875
978.8462524414062
986.7562255859375
982.3912353515625
982.8037109375
988.65625
984.69873046875
978.231201171875
980.0262451171875
984.2437133789062
989.2212524414062
979.5162353515625
985.9987182617188
984.106201171875
988.9287109375
987.938720703125
993.9237060546875
891.063720703125
789.063720703125
883.9987182617188
895.7337036132812
908.4562377929688
926.8837280273438
969.103759765625
960.9537353515625
934.2337036132812
970.82373046875
946.2337036132812
980.5362548828125
984.3637084960938
985.4987182617188
985.3037109375
986.3087158203125
984.2362060546875
982.6787109375
986.0487060546875
973.7662353515625
986.4462280273438
979.501220703125
982.5287475585938
985.3112182617188
988.53125
987.7462158203125
988.1237182617188
988.751220703125
984.3612060546875
984.5662231445312
984.1937255859375
984.438720703125
984.3487548828125
982.8087158203125
974.0237426757812
965.9412231445312
970.3387451171875
974.8712158203125
970.7462158203125
964.9862060546875
962.4937133789062
968.5137329101562
973.0812377929688
971.418701171875
973.4962158203125
968.8487548828125
969.1762084960938
973.1337280273438
992.1862182617188
979.0987548828125
988.2137451171875
991.2237548828125
983.4087524414062
994.293701171875
988.3162231445312
991.6387329101562
988.0587158203125
989.353759765625
988.813720703125
989.0337524414062
989.8987426757812
991.8587036132812
990.9612426757812
990.4462280273438
994.8937377929688
990.4962158203125
992.5362548828125
973.2962036132812
991.626220703125
992.13623046875
997.0487060546875
994.938720703125
995.0537109375
999.043701171875
994.2737426757812
990.3912353515625
997.1787109375
993.9862060546875
995.5237426757812
990.9137573242188
992.168701171875
990.7137451171875
998.813720703125
990.3937377929688
995.458740234375
976.708740234375
994.94873046875
993.1712036132812
996.146240234375
994.8462524414062
993.6112060546875
996.4937133789062
989.9262084960938
995.9512329101562
993.76123046875
999.4212036132812
982.3737182617188
983.6137084960938
995.353759765625
983.978759765625
993.688720703125
999.51123046875
992.1812133789062
995.57373046875
993.356201171875
995.5337524414062
994.2362060546875
994.978759765625
982.5087280273438
994.2262573242188
996.853759765625
983.9312133789062
987.793701171875
996.063720703125
996.7962036132812
999.501220703125
999.7962036132812
994.5237426757812
1001.376220703125
1001.708740234375
984.03125
993.2962036132812
981.8912353515625
1001.668701171875
1001.8412475585938
995.8837280273438
990.5262451171875
987.563720703125
982.2562255859375
995.4512329101562
980.57373046875
995.708740234375
995.6162109375
976.9437255859375
989.228759765625
987.8937377929688
991.4737548828125
997.2562255859375
986.6512451171875
987.1012573242188
985.19873046875
994.57373046875
981.896240234375
997.2662353515625
980.3662109375
993.313720703125
985.4712524414062
980.7387084960938
993.3812255859375
975.4362182617188
974.7462158203125
965.2687377929688
987.8987426757812
989.46875
830.8512573242188
973.7237548828125
963.8712158203125
980.2037353515625
983.0362548828125
984.9262084960938
988.1012573242188
985.4987182617188
986.563720703125
979.7412109375
988.2787475585938
989.0762329101562
989.9437255859375
985.021240234375
984.5912475585938
978.90625
963.5387573242188
970.28125
976.7587280273438
977.1137084960938
977.3462524414062
982.5662231445312
983.4512329101562
992.69873046875
990.5037231445312
990.626220703125
993.563720703125
991.9437255859375
994.6187133789062
994.6137084960938
990.4937133789062
995.78125
990.8737182617188
998.3987426757812
993.9837036132812
990.9837036132812
996.771240234375
991.0537109375
994.19873046875
997.4362182617188
997.09375
995.2462158203125
988.7587280273438
995.4562377929688
995.6212158203125
983.4287109375
990.0062255859375
997.3662109375
995.8512573242188
985.0462036132812
969.6762084960938
848.9512329101562
975.1437377929688
985.4912109375
986.7662353515625
985.376220703125
983.3062133789062
989.9212036132812
985.5912475585938
991.1312255859375
989.6137084960938
984.981201171875
968.8087158203125
971.0137329101562
966.938720703125
985.856201171875
987.603759765625
988.1387329101562
989.7412109375
998.9087524414062
992.106201171875
996.9087524414062
989.833740234375
996.0287475585938
991.583740234375
996.3612060546875
991.626220703125
997.01123046875
994.3937377929688
983.1487426757812
989.69873046875
886.791259765625
979.7037353515625
968.4962158203125
986.8012084960938
989.396240234375
991.7562255859375
985.356201171875
974.6437377929688
972.5037231445312
967.9987182617188
986.2887573242188
988.3037109375
989.8212280273438
1000.7162475585938
994.6237182617188
993.0612182617188
994.6162109375
996.4737548828125
993.8612060546875
993.2112426757812
980.7737426757812
988.4887084960938
994.9412231445312
980.5587158203125
991.0962524414062
986.6637573242188
986.8837280273438
990.6287231445312
970.3387451171875
978.88623046875
978.981201171875
985.791259765625
988.7987060546875
990.3712158203125
991.2237548828125
996.438720703125
983.4337158203125
984.53125
887.6237182617188
988.543701171875
988.7487182617188
986.4862060546875
991.103759765625
985.9287109375
974.5787353515625
983.9412231445312
984.34375
988.0587158203125
976.6437377929688
1000.3362426757812
986.7387084960938
987.9937133789062
991.6137084960938
989.2462158203125
987.6937255859375
983.96875
988.6912231445312
1000.0237426757812
993.5087280273438
988.6387329101562
988.7362060546875
985.8087158203125
989.5237426757812
998.3312377929688
993.8812255859375
995.5362548828125
991.9287109375
991.4087524414062
993.4887084960938
994.438720703125
896.1137084960938
992.8512573242188
997.3162231445312
993.5812377929688
991.4712524414062
994.59375
988.4262084960938
985.4362182617188
990.3187255859375
989.7012329101562
996.4912109375
997.938720703125
995.728759765625
992.5612182617188
911.6012573242188
998.0712280273438
994.3262329101562
999.5137329101562
930.208740234375
986.981201171875
993.90625
925.521240234375
985.1137084960938
992.6862182617188
990.2562255859375
960.1912231445312
966.4837036132812
992.5187377929688
966.9537353515625
992.918701171875
990.4262084960938
992.9287109375
969.2212524414062
994.2562255859375
990.2687377929688
991.833740234375
996.2587280273438
989.2837524414062
974.0487060546875
993.8037109375
984.5237426757812
995.6212158203125
993.2362060546875
979.4962158203125
995.688720703125
972.7837524414062
988.271240234375
988.3162231445312
996.1737060546875
981.2837524414062
1000.0712280273438
992.918701171875
993.9012451171875
