9.876351576561311e-42
612.6063232421875
700.8063354492188
585.3863525390625
646.4088745117188
587.1088256835938
725.31884765625
729.0888061523438
669.9913330078125
947.703857421875
684.0263061523438
925.1863403320312
929.236328125
972.996337890625
959.0463256835938
906.518798828125
985.516357421875
950.9988403320312
985.5413208007812
902.7413330078125
982.5513305664062
986.1513061523438
774.9063110351562
836.7838134765625
825.6363525390625
986.0413208007812
986.986328125
932.361328125
948.4738159179688
987.9113159179688
972.6238403320312
988.5263061523438
923.0838012695312
978.516357421875
962.7513427734375
964.9613037109375
957.8463134765625
960.101318359375
991.1338500976562
962.663818359375
962.6188354492188
962.9938354492188
664.2213134765625
844.433837890625
581.9288330078125
692.75634765625
763.0013427734375
905.00634765625
969.683837890625
774.5863037109375
948.871337890625
984.538818359375
933.456298828125
985.9888305664062
746.351318359375
984.5713500976562
882.976318359375
975.8963012695312
988.88134765625
966.19384765625
767.88134765625
910.0313110351562
657.236328125
844.4738159179688
743.25634765625
982.59130859375
985.2438354492188
955.1513061523438
808.078857421875
976.3538208007812
972.486328125
959.3463134765625
735.2513427734375
867.5663452148438
688.923828125
819.3113403320312
983.3963012695312
985.788818359375
796.058837890625
977.6713256835938
960.7188110351562
960.578857421875
856.736328125
919.2288208007812
889.0663452148438
985.6813354492188
985.9088134765625
986.3463134765625
976.2288208007812
963.3838500976562
914.2588500976562
777.3163452148438
986.3138427734375
979.4738159179688
962.476318359375
947.6263427734375
985.996337890625
988.3013305664062
964.643798828125
839.94384765625
867.2413330078125
986.206298828125
965.6613159179688
965.1063232421875
813.3338012695312
939.5713500976562
881.1888427734375
988.048828125
958.9113159179688
973.6188354492188
888.2213134765625
957.331298828125
922.4738159179688
976.0263061523438
961.141357421875
937.5563354492188
963.7863159179688
819.1363525390625
966.3438110351562
886.3688354492188
978.0413208007812
953.2313232421875
975.933837890625
971.5413208007812
976.2763061523438
978.8063354492188
976.81884765625
979.3213500976562
988.7488403320312
977.5138549804688
979.6363525390625
859.3063354492188
982.2238159179688
983.8963012695312
984.94384765625
986.0613403320312
915.1363525390625
965.7238159179688
971.2313232421875
963.6063232421875
976.5513305664062
972.90380859375
965.953857421875
972.44384765625
976.9163208007812
980.8138427734375
982.7088012695312
984.121337890625
985.4088134765625
984.0938110351562
985.393798828125
986.673828125
986.63134765625
986.9513549804688
987.391357421875
989.02880859375
988.8488159179688
989.0463256835938
989.6063232421875
990.1663208007812
991.6913452148438
992.6463012695312
639.923828125
662.5363159179688
631.6288452148438
655.4913330078125
639.036376953125
692.1763305664062
755.3063354492188
696.50634765625
766.1613159179688
768.4163208007812
624.3313598632812
701.0113525390625
796.3388061523438
635.9563598632812
827.2613525390625
686.3738403320312
751.5638427734375
914.6163330078125
696.7588500976562
907.9263305664062
877.84130859375
707.7488403320312
594.31884765625
929.6088256835938
867.1463012695312
830.641357421875
736.5763549804688
798.9313354492188
843.5938110351562
640.3538208007812
873.8738403320312
823.4463500976562
865.351318359375
812.0863037109375
652.4688720703125
663.288818359375
632.726318359375
701.38134765625
741.7238159179688
628.6288452148438
752.1588134765625
749.953857421875
880.2588500976562
739.601318359375
808.4163208007812
672.538818359375
928.7238159179688
777.5563354492188
930.3213500976562
667.8038330078125
680.7913208007812
850.4888305664062
704.5238037109375
929.5013427734375
821.4888305664062
667.2013549804688
751.703857421875
956.5563354492188
832.59130859375
717.8263549804688
805.3988037109375
773.933837890625
837.923828125
679.6388549804688
869.933837890625
711.9638061523438
714.581298828125
899.6563110351562
850.808837890625
753.183837890625
806.4513549804688
805.75634765625
744.4913330078125
873.9913330078125
876.038818359375
865.706298828125
855.9363403320312
891.90380859375
911.7413330078125
790.52880859375
889.6763305664062
813.831298828125
943.5663452148438
844.7488403320312
934.6613159179688
873.7938232421875
891.7613525390625
918.5438232421875
883.8038330078125
892.8788452148438
899.90380859375
918.5738525390625
930.518798828125
943.706298828125
951.2113037109375
960.236328125
903.1238403320312
911.6088256835938
885.5338134765625
776.6088256835938
742.746337890625
750.46630859375
734.2188110351562
723.0313110351562
624.246337890625
633.8313598632812
662.788818359375
896.5213012695312
817.078857421875
853.1963500976562
810.4713134765625
779.9188232421875
629.4913330078125
645.9588623046875
668.4363403320312
648.9213256835938
706.2338256835938
826.2638549804688
806.2488403320312
660.246337890625
688.6788330078125
809.9813232421875
701.2838134765625
891.7738037109375
776.4988403320312
924.111328125
780.7013549804688
753.331298828125
779.6913452148438
873.8563232421875
630.5013427734375
762.4188232421875
675.96630859375
785.9213256835938
705.69384765625
692.00634765625
775.5138549804688
900.328857421875
794.8163452148438
634.7513427734375
719.0338134765625
680.456298828125
818.203857421875
641.3638305664062
669.1588134765625
818.8263549804688
739.7813110351562
685.2238159179688
878.4688110351562
776.996337890625
820.5238037109375
661.0213012695312
800.0013427734375
700.06884765625
647.6363525390625
697.163818359375
705.986328125
718.2713012695312
807.5013427734375
723.0613403320312
687.331298828125
745.2213134765625
718.078857421875
815.0988159179688
745.5363159179688
817.2088012695312
765.1038208007812
746.1188354492188
769.5338134765625
802.2388305664062
796.331298828125
808.143798828125
818.246337890625
811.4838256835938
823.1288452148438
823.44384765625
893.3338012695312
911.2588500976562
911.433837890625
939.0338134765625
931.5713500976562
971.9738159179688
919.268798828125
812.6963500976562
838.0363159179688
949.4838256835938
849.6088256835938
921.9713134765625
961.2863159179688
842.391357421875
735.9713134765625
870.7088012695312
951.976318359375
979.6363525390625
980.236328125
990.1388549804688
978.5838012695312
985.2638549804688
988.413818359375
989.6038208007812
989.9738159179688
981.4488525390625
985.81884765625
990.3138427734375
880.3638305664062
819.611328125
948.50634765625
906.433837890625
969.4613037109375
943.0938110351562
804.4188232421875
984.0713500976562
976.7338256835938
989.2613525390625
990.246337890625
982.3213500976562
990.4263305664062
885.361328125
879.6563110351562
927.75634765625
887.1138305664062
981.953857421875
920.4738159179688
898.9988403320312
970.7438354492188
943.663818359375
984.0738525390625
942.9713134765625
849.9638061523438
959.3838500976562
959.31884765625
895.9463500976562
990.768798828125
968.3738403320312
975.1713256835938
939.4488525390625
972.496337890625
979.736328125
965.3038330078125
990.2138061523438
980.266357421875
976.206298828125
988.5138549804688
984.3563232421875
984.3838500976562
988.2288208007812
990.976318359375
984.4413452148438
988.3888549804688
990.44384765625
985.8888549804688
986.0613403320312
988.8438110351562
989.996337890625
989.3638305664062
957.663818359375
956.50634765625
972.88134765625
972.361328125
974.5088500976562
977.048828125
979.9488525390625
980.5113525390625
981.6338500976562
981.893798828125
981.3488159179688
983.453857421875
984.1613159179688
983.143798828125
983.7113037109375
985.0638427734375
988.788818359375
989.9413452148438
990.6238403320312
991.018798828125
990.7413330078125
759.75634765625
722.641357421875
673.298828125
931.4613037109375
978.3663330078125
883.3138427734375
877.7588500976562
983.0738525390625
990.8638305664062
741.7013549804688
967.2913208007812
957.2313232421875
899.5138549804688
981.8488159179688
990.9888305664062
886.9263305664062
981.3888549804688
894.078857421875
938.0138549804688
923.2188110351562
788.766357421875
987.0888061523438
969.9188232421875
972.9613037109375
980.3888549804688
839.1988525390625
985.2538452148438
968.38134765625
990.831298828125
984.831298828125
990.6613159179688
987.9988403320312
989.2813110351562
988.1663208007812
986.6038208007812
986.0938110351562
986.5513305664062
989.1713256835938
985.0263061523438
930.6988525390625
877.1288452148438
977.5363159179688
848.9713134765625
929.7288208007812
987.8563232421875
880.6188354492188
987.5613403320312
982.5338134765625
919.6463012695312
980.0863037109375
984.0438232421875
968.976318359375
991.058837890625
976.8013305664062
965.0363159179688
985.9213256835938
986.2488403320312
987.5213012695312
988.5313110351562
987.246337890625
991.52880859375
986.1788330078125
985.5988159179688
987.2713012695312
916.183837890625
984.8638305664062
848.5763549804688
976.643798828125
900.893798828125
932.13134765625
981.913818359375
985.081298828125
987.8013305664062
972.6263427734375
987.7413330078125
987.6163330078125
986.1988525390625
985.7938232421875
969.0738525390625
988.7238159179688
978.2388305664062
989.6813354492188
988.8363037109375
986.331298828125
986.5863037109375
990.2213134765625
970.2763061523438
880.673828125
986.9513549804688
981.2738037109375
989.75634765625
987.736328125
987.3738403320312
989.71630859375
919.361328125
949.5013427734375
987.3213500976562
985.496337890625
989.15380859375
977.308837890625
977.27880859375
985.236328125
989.0888061523438
990.9288330078125
990.683837890625
991.766357421875
973.8988037109375
987.7413330078125
988.4738159179688
985.6263427734375
991.7288208007812
988.3863525390625
988.8788452148438
991.578857421875
989.933837890625
990.538818359375
986.2613525390625
986.7413330078125
986.5863037109375
988.1963500976562
989.621337890625
990.1513061523438
990.8963012695312
991.4413452148438
991.0313110351562
990.1138305664062
989.1963500976562
989.4088134765625
988.4813232421875
989.0363159179688
975.5238037109375
969.6963500976562
973.8888549804688
974.2338256835938
979.048828125
978.371337890625
962.8563232421875
970.808837890625
974.143798828125
970.4388427734375
934.6963500976562
977.1763305664062
981.206298828125
967.143798828125
940.2288208007812
978.953857421875
966.1263427734375
977.641357421875
972.9388427734375
969.1863403320312
979.3213500976562
975.0838012695312
980.84130859375
983.7963256835938
981.3888549804688
985.3638305664062
984.7588500976562
983.7388305664062
981.0963134765625
983.6063232421875
951.8563232421875
964.7088012695312
965.558837890625
976.9488525390625
954.121337890625
948.0013427734375
965.371337890625
960.0738525390625
970.1788330078125
949.4463500976562
979.601318359375
986.5438232421875
958.2613525390625
952.1763305664062
964.8013305664062
973.6813354492188
953.2413330078125
967.8363037109375
968.7313232421875
977.1763305664062
970.25634765625
980.2438354492188
962.361328125
967.2638549804688
964.2338256835938
973.6688232421875
974.7088012695312
969.9363403320312
971.923828125
980.9288330078125
976.9288330078125
976.2713012695312
982.7188110351562
977.496337890625
971.048828125
973.0438232421875
977.393798828125
982.4888305664062
973.0313110351562
979.9063110351562
978.0638427734375
982.9463500976562
982.1238403320312
987.6088256835938
884.1338500976562
786.9088134765625
877.2963256835938
888.4588012695312
900.5438232421875
918.0013427734375
958.2138061523438
950.433837890625
924.9363403320312
959.84130859375
936.3263549804688
969.3263549804688
973.038818359375
974.4363403320312
974.4913330078125
975.3363037109375
972.7113037109375
971.476318359375
974.4688110351562
964.0338134765625
974.90380859375
969.831298828125
972.516357421875
974.9613037109375
977.496337890625
976.40380859375
976.7238159179688
977.9513549804688
974.5463256835938
975.0438232421875
973.953857421875
975.0438232421875
974.016357421875
973.5763549804688
964.8113403320312
957.1063232421875
961.538818359375
965.21630859375
962.21630859375
956.4688110351562
954.15380859375
959.4188232421875
964.0363159179688
962.44384765625
964.52880859375
960.4488525390625
960.3388061523438
964.4738159179688
982.5663452148438
970.7513427734375
979.25634765625
982.8463134765625
975.1563110351562
984.6788330078125
980.016357421875
983.3688354492188
979.8438110351562
980.8563232421875
980.058837890625
980.21630859375
981.2588500976562
983.7013549804688
982.8013305664062
981.9513549804688
985.5338134765625
981.7613525390625
983.5438232421875
966.2438354492188
983.52880859375
983.6063232421875
987.5013427734375
987.02880859375
987.1788330078125
989.246337890625
985.3963012695312
982.0838012695312
987.9113159179688
985.3738403320312
987.7738037109375
982.956298828125
984.246337890625
982.851318359375
989.56884765625
982.6363525390625
987.8163452148438
970.121337890625
986.3763427734375
986.06884765625
988.6913452148438
987.3138427734375
985.6163330078125
987.75634765625
982.8013305664062
987.706298828125
986.7113037109375
990.4838256835938
975.5538330078125
977.1363525390625
987.3263549804688
977.46630859375
986.9288330078125
990.5138549804688
985.5413208007812
987.6038208007812
987.2488403320312
987.871337890625
987.6338500976562
987.7713012695312
977.0663452148438
987.4113159179688
988.018798828125
978.766357421875
982.3863525390625
987.766357421875
990.2388305664062
991.956298828125
992.6388549804688
988.5638427734375
994.0863037109375
994.6063232421875
978.8113403320312
987.3888549804688
976.90380859375
994.8563232421875
994.8388061523438
988.3263549804688
984.9463500976562
982.0438232421875
977.1513061523438
989.5088500976562
975.5263061523438
990.1263427734375
988.3788452148438
972.2913208007812
983.8163452148438
983.1688232421875
986.016357421875
991.3663330078125
982.236328125
982.0938110351562
980.1163330078125
989.121337890625
977.226318359375
991.486328125
975.5863037109375
988.173828125
980.4788208007812
976.0038452148438
988.4638061523438
970.9638061523438
970.1238403320312
961.8263549804688
983.7338256835938
985.6563110351562
826.81884765625
962.6163330078125
953.173828125
968.798828125
971.7188110351562
973.6588134765625
976.7963256835938
974.0213012695312
975.0763549804688
969.5338134765625
976.893798828125
978.06884765625
978.6238403320312
975.2938232421875
975.0038452148438
969.6563110351562
954.8638305664062
961.4638061523438
967.8463134765625
968.5663452148438
968.038818359375
973.9938354492188
975.141357421875
984.4063110351562
982.1963500976562
982.4738159179688
985.6513061523438
983.6563110351562
986.96630859375
986.828857421875
982.4163208007812
988.2188110351562
983.1988525390625
989.4063110351562
986.3888549804688
984.0563354492188
988.4188232421875
985.2313232421875
987.266357421875
991.058837890625
990.641357421875
989.328857421875
983.2288208007812
989.351318359375
989.71630859375
979.4988403320312
984.6363525390625
991.601318359375
990.2538452148438
980.7188110351562
966.06884765625
844.1588134765625
963.986328125
974.1913452148438
975.8988037109375
973.996337890625
972.736328125
978.6088256835938
975.5438232421875
979.9413452148438
978.736328125
975.1813354492188
959.6388549804688
961.8838500976562
957.828857421875
977.371337890625
979.3588256835938
979.1513061523438
981.69384765625
989.3963012695312
984.038818359375
988.4388427734375
982.27880859375
989.0513305664062
985.0513305664062
988.2288208007812
985.976318359375
991.1038208007812
989.0988159179688
979.101318359375
985.5088500976562
880.1188354492188
968.4738159179688
957.5738525390625
975.5738525390625
978.1363525390625
980.7188110351562
975.3438110351562
965.2313232421875
963.101318359375
959.6963500976562
977.2638549804688
979.9688110351562
980.9188232421875
990.9388427734375
986.9263305664062
985.173828125
988.0638427734375
988.4263305664062
987.8738403320312
987.3138427734375
976.5713500976562
983.8213500976562
989.5113525390625
975.6688232421875
986.8338012695312
975.3588256835938
976.6038208007812
979.4988403320312
961.0413208007812
969.016357421875
970.6888427734375
976.9638061523438
979.746337890625
982.1763305664062
983.1088256835938
988.19384765625
978.986328125
979.3888549804688
880.871337890625
977.371337890625
977.4813232421875
975.0613403320312
980.1363525390625
975.9788208007812
965.018798828125
975.5463256835938
975.3388061523438
979.3638305664062
969.4713134765625
990.8338012695312
981.5363159179688
982.7763061523438
986.726318359375
978.0763549804688
976.413818359375
974.9463500976562
979.8038330078125
990.7838134765625
986.048828125
977.6063232421875
977.6088256835938
977.5663452148438
980.8263549804688
989.6063232421875
986.611328125
989.38134765625
986.5413208007812
986.423828125
988.13134765625
989.236328125
888.913818359375
984.8838500976562
988.8588256835938
987.8888549804688
986.1688232421875
988.9988403320312
977.5413208007812
976.3063354492188
982.078857421875
981.1488037109375
990.663818359375
992.0538330078125
990.0138549804688
987.611328125
903.6138305664062
989.4213256835938
986.9213256835938
993.433837890625
921.2863159179688
976.8038330078125
986.06884765625
916.766357421875
974.476318359375
984.516357421875
982.0313110351562
949.75634765625
955.7338256835938
987.4713134765625
956.1513061523438
983.518798828125
982.4213256835938
983.7188110351562
958.288818359375
984.8538208007812
982.4713134765625
984.0838012695312
988.0888061523438
981.703857421875
962.9113159179688
984.6338500976562
977.0763549804688
990.2438354492188
984.5413208007812
972.5313110351562
991.0763549804688
961.6813354492188
977.4638061523438
980.7838134765625
988.3113403320312
974.548828125
992.7238159179688
984.4813232421875
986.50634765625
