9.876351576561311e-42
614.2183227539062
701.9308471679688
587.0533447265625
647.8883666992188
588.8108520507812
726.5008544921875
730.1758422851562
671.3783569335938
948.5083618164062
685.3133544921875
926.058349609375
930.1133422851562
973.808349609375
959.8233642578125
907.443359375
986.9908447265625
951.7783813476562
986.4658813476562
903.5283813476562
983.140869140625
987.4833374023438
775.9083862304688
837.640869140625
826.515869140625
987.0208740234375
987.83837890625
933.08837890625
949.130859375
988.36083984375
973.1383666992188
989.058349609375
923.8833618164062
978.9933471679688
963.4708862304688
965.6183471679688
958.5858764648438
960.818359375
991.4158325195312
963.4058837890625
963.3233642578125
963.7833862304688
665.6158447265625
845.0533447265625
583.620849609375
694.0408325195312
764.0183715820312
905.90087890625
970.4583740234375
775.5908813476562
949.6483764648438
985.5133666992188
934.4033813476562
987.0133666992188
747.42333984375
985.1483764648438
883.7508544921875
976.3308715820312
989.255859375
966.850830078125
768.755859375
910.8783569335938
658.6358642578125
845.3883666992188
744.3408813476562
983.3358764648438
986.3683471679688
956.0508422851562
808.973388671875
976.9033813476562
973.005859375
960.1708374023438
736.33837890625
868.410888671875
690.2058715820312
820.2108764648438
984.2308349609375
987.2908325195312
796.9608764648438
978.223388671875
961.4408569335938
961.3833618164062
857.630859375
920.058349609375
889.995849609375
986.4483642578125
987.1808471679688
987.40087890625
976.848388671875
964.0508422851562
915.1233520507812
778.308349609375
987.1458740234375
980.0858764648438
963.2633666992188
948.4283447265625
987.1358642578125
988.7733764648438
965.29833984375
840.8783569335938
868.078369140625
987.0758666992188
966.413330078125
965.79833984375
814.3208618164062
940.4033813476562
882.0108642578125
988.4983520507812
959.5458374023438
974.1683349609375
889.1333618164062
958.0833740234375
923.308349609375
976.4933471679688
961.8858642578125
938.3033447265625
964.4208374023438
820.0833740234375
966.9658813476562
887.285888671875
978.6533813476562
953.9083862304688
976.36083984375
972.1158447265625
976.6958618164062
979.4183349609375
977.2583618164062
979.9608764648438
989.0908813476562
977.9658813476562
980.2008666992188
860.2158813476562
982.79833984375
984.4583740234375
985.48583984375
986.6233520507812
916.0408325195312
966.5108642578125
971.9483642578125
964.2583618164062
977.1908569335938
973.52587890625
966.6958618164062
973.1358642578125
977.5758666992188
981.4183349609375
983.3033447265625
984.7083740234375
985.9508666992188
984.6783447265625
986.0758666992188
987.2833862304688
987.308349609375
987.6658325195312
987.9158325195312
989.390869140625
989.183349609375
989.3058471679688
989.8958740234375
990.4983520507812
991.953369140625
992.8358764648438
640.6333618164062
663.098388671875
632.5558471679688
656.0133666992188
639.8883666992188
692.828369140625
755.5933837890625
697.183349609375
766.5108642578125
768.975830078125
625.3333740234375
701.5733642578125
796.6708374023438
636.788330078125
827.5608520507812
686.9183349609375
751.8358764648438
914.5333862304688
697.2533569335938
907.9583740234375
877.850830078125
708.1758422851562
595.86083984375
929.3883666992188
867.193359375
830.8683471679688
737.1758422851562
799.2808837890625
843.9508666992188
641.7083740234375
874.0333862304688
823.9308471679688
865.79833984375
812.71337890625
653.1658325195312
663.9658813476562
633.71337890625
701.8833618164062
742.2383422851562
629.6758422851562
752.6183471679688
750.3208618164062
880.3683471679688
739.9508666992188
808.578369140625
673.2383422851562
928.6458740234375
777.7008666992188
930.0608520507812
668.52587890625
681.4658813476562
850.6683349609375
705.0133666992188
929.3408813476562
821.5808715820312
667.9708862304688
751.9558715820312
956.2633666992188
832.71337890625
718.4908447265625
805.5733642578125
774.568359375
838.058349609375
680.348388671875
870.0833740234375
712.6483764648438
715.17333984375
899.660888671875
851.3658447265625
753.7533569335938
806.7708740234375
806.15087890625
745.0508422851562
873.975830078125
876.5958862304688
865.77587890625
856.005859375
892.3683471679688
912.0658569335938
790.9483642578125
889.943359375
814.245849609375
943.4708862304688
844.995849609375
934.4933471679688
873.8033447265625
891.848388671875
918.3983764648438
883.8658447265625
892.9308471679688
899.8983764648438
918.42333984375
930.2933349609375
943.4583740234375
950.9933471679688
960.0808715820312
902.6858520507812
911.0458374023438
885.1683349609375
777.0858764648438
743.225830078125
750.9383544921875
734.6583862304688
723.3658447265625
624.8008422851562
634.2683715820312
663.193359375
895.9183349609375
817.2708740234375
853.04833984375
810.5933837890625
780.02587890625
630.2308349609375
646.443359375
668.8233642578125
649.4808349609375
706.433349609375
826.3558349609375
806.3358764648438
660.7158813476562
688.9583740234375
810.1058349609375
701.620849609375
891.46337890625
776.9608764648438
923.350830078125
781.1683349609375
753.5858764648438
779.9583740234375
873.5008544921875
631.193359375
762.4983520507812
676.2433471679688
786.0083618164062
705.9883422851562
692.2683715820312
775.9483642578125
899.86083984375
795.0808715820312
635.2608642578125
719.2108764648438
680.7408447265625
818.4883422851562
641.870849609375
669.5283813476562
819.1083374023438
739.9158325195312
685.4383544921875
878.2383422851562
777.078369140625
820.7783813476562
661.433349609375
800.0858764648438
700.21337890625
648.0458374023438
697.3358764648438
706.193359375
718.5008544921875
807.61083984375
723.2183837890625
687.6808471679688
745.3158569335938
718.3583374023438
815.2383422851562
745.683349609375
817.3833618164062
765.2183837890625
746.3433837890625
769.7083740234375
802.3258666992188
796.4808349609375
808.3033447265625
818.4158325195312
811.73583984375
823.2908325195312
823.663330078125
892.828369140625
910.5833740234375
910.6583862304688
937.9683837890625
930.598388671875
970.7008666992188
918.4683837890625
812.9483642578125
838.0408325195312
948.40087890625
849.5083618164062
921.413330078125
960.413330078125
842.433349609375
736.2533569335938
870.6808471679688
951.183349609375
978.630859375
979.3258666992188
989.1658325195312
977.8308715820312
984.410888671875
987.5108642578125
988.6883544921875
989.0508422851562
980.808349609375
985.1058349609375
989.3658447265625
879.9458618164062
819.7683715820312
947.5233764648438
906.1133422851562
968.5008544921875
942.4683837890625
804.5633544921875
983.2808837890625
976.0858764648438
988.3258666992188
989.3733520507812
981.65087890625
989.5208740234375
884.90087890625
879.4983520507812
927.3133544921875
886.9158325195312
981.2708740234375
919.7058715820312
898.660888671875
969.9308471679688
943.1283569335938
983.1058349609375
942.2208862304688
849.9458618164062
958.693359375
958.4508666992188
895.723388671875
989.7958374023438
967.4783325195312
974.245849609375
938.7933349609375
971.5408325195312
978.7708740234375
964.3833618164062
989.2433471679688
979.2308349609375
975.2783813476562
987.5633544921875
983.54833984375
983.5633544921875
987.3233642578125
990.0233764648438
983.6858520507812
987.5183715820312
989.505859375
985.0958862304688
985.2958374023438
987.9483642578125
989.1083374023438
988.535888671875
956.410888671875
955.2808837890625
971.6958618164062
971.3108520507812
973.6258544921875
976.1858520507812
979.0858764648438
979.6583862304688
980.77587890625
981.0333862304688
980.5933837890625
982.723388671875
983.413330078125
982.4483642578125
982.9983520507812
984.350830078125
988.005859375
989.0958862304688
989.7308349609375
990.1758422851562
989.913330078125
759.9883422851562
722.9358520507812
673.6983642578125
930.8583374023438
977.285888671875
883.1658325195312
877.6908569335938
982.100830078125
990.0708618164062
742.0233764648438
966.3933715820312
956.3658447265625
899.1908569335938
980.9883422851562
990.2433471679688
886.6658325195312
980.265869140625
893.880859375
937.4308471679688
922.7383422851562
788.9408569335938
985.9708862304688
968.9033813476562
971.913330078125
979.328369140625
839.1908569335938
984.2008666992188
967.558349609375
989.7708740234375
983.7933349609375
989.5908813476562
986.870849609375
988.225830078125
987.1258544921875
985.61083984375
985.2183837890625
985.8008422851562
988.6358642578125
984.3258666992188
930.0458374023438
876.995849609375
976.5908813476562
849.223388671875
929.3408813476562
987.098388671875
880.788330078125
986.86083984375
981.8058471679688
919.693359375
979.7158813476562
983.5433349609375
968.6258544921875
990.453369140625
976.4833374023438
964.7683715820312
985.6058349609375
985.8958740234375
987.3108520507812
988.1383666992188
987.0333862304688
991.1233520507812
986.3458862304688
985.870849609375
987.3858642578125
915.6858520507812
984.1333618164062
848.765869140625
975.8233642578125
900.7933349609375
931.9658813476562
981.4883422851562
984.7808837890625
987.3433837890625
972.4308471679688
987.48583984375
987.4608764648438
986.3408813476562
986.0183715820312
968.1483764648438
987.9483642578125
977.538330078125
988.9708862304688
988.5233764648438
986.4658813476562
986.8033447265625
989.4158325195312
969.5033569335938
880.8883666992188
986.5008544921875
981.0433349609375
989.3983764648438
987.6983642578125
987.4208374023438
988.9458618164062
919.4283447265625
949.1283569335938
986.8108520507812
985.4258422851562
989.035888671875
976.9983520507812
976.9883422851562
984.9508666992188
988.6758422851562
990.1958618164062
990.2958374023438
991.1808471679688
973.245849609375
987.538330078125
988.4383544921875
985.1283569335938
991.2083740234375
988.3683471679688
988.4208374023438
991.120849609375
989.515869140625
990.2733764648438
986.1883544921875
986.65087890625
986.65087890625
988.0708618164062
989.4183349609375
989.6883544921875
990.475830078125
991.0508422851562
990.723388671875
989.9308471679688
989.0958862304688
989.265869140625
988.410888671875
989.02587890625
974.380859375
968.6708374023438
972.8433837890625
972.933349609375
977.8833618164062
977.36083984375
961.725830078125
969.7333374023438
973.078369140625
969.2908325195312
933.8658447265625
975.943359375
980.1383666992188
965.9458618164062
939.328369140625
977.8433837890625
965.0433349609375
976.5033569335938
971.8358764648438
968.1183471679688
978.2283325195312
974.0208740234375
979.7783813476562
982.6983642578125
980.2833862304688
984.2808837890625
983.7633666992188
982.6533813476562
980.2108764648438
982.5708618164062
951.035888671875
964.02587890625
964.9258422851562
976.0608520507812
953.3683471679688
947.2908325195312
964.7008666992188
959.318359375
969.4608764648438
948.663330078125
978.6533813476562
985.6233520507812
957.4933471679688
951.3933715820312
963.943359375
972.8433837890625
952.5608520507812
967.0283813476562
967.98583984375
976.2833862304688
969.350830078125
979.3008422851562
961.5208740234375
966.5208740234375
963.453369140625
972.8158569335938
973.7933349609375
969.0758666992188
971.058349609375
979.9283447265625
975.973388671875
975.3958740234375
981.7108764648438
976.5958862304688
970.2683715820312
972.2308349609375
976.52587890625
981.54833984375
972.1983642578125
978.9308471679688
977.1258544921875
981.9708862304688
981.2083740234375
986.6758422851562
884.098388671875
787.33837890625
877.1458740234375
888.2083740234375
900.1358642578125
917.33837890625
956.9708862304688
949.2383422851562
924.203369140625
958.6383666992188
935.4458618164062
968.160888671875
971.8133544921875
972.9883422851562
973.005859375
973.975830078125
971.52587890625
970.3633422851562
973.36083984375
962.6858520507812
973.913330078125
968.453369140625
971.2808837890625
973.848388671875
976.578369140625
975.6183471679688
975.870849609375
977.0408325195312
973.183349609375
973.6258544921875
973.100830078125
973.723388671875
973.17333984375
972.4258422851562
963.910888671875
956.4908447265625
960.6683349609375
964.620849609375
961.3533325195312
955.8758544921875
953.535888671875
958.943359375
963.4183349609375
962.005859375
964.0133666992188
959.818359375
959.9058837890625
963.8458862304688
981.870849609375
969.995849609375
978.703369140625
981.8033447265625
974.3108520507812
983.9358520507812
979.0308837890625
982.4283447265625
978.9508666992188
980.160888671875
979.4883422851562
979.5933837890625
980.6083374023438
982.7958374023438
981.933349609375
981.3258666992188
984.8408813476562
981.0633544921875
982.8208618164062
965.5808715820312
982.79833984375
982.8983764648438
986.9083862304688
986.1683349609375
986.3108520507812
988.6433715820312
984.7408447265625
981.36083984375
987.348388671875
984.725830078125
986.9258422851562
982.2058715820312
983.4908447265625
982.1483764648438
989.0508422851562
981.8958740234375
986.995849609375
969.4583740234375
985.7808837890625
985.2158813476562
987.8633422851562
986.4933471679688
984.9983520507812
987.2433471679688
982.2633666992188
987.3558349609375
985.8533325195312
990.2008666992188
974.933349609375
976.6133422851562
987.068359375
976.850830078125
986.0908813476562
990.2833862304688
985.015869140625
987.4558715820312
986.348388671875
987.71337890625
987.1533813476562
987.4583740234375
976.2583618164062
986.92333984375
988.0558471679688
978.0933837890625
981.7308349609375
987.8983764648438
989.848388671875
991.8133544921875
992.3758544921875
988.160888671875
993.9058837890625
994.3533325195312
978.3333740234375
986.9808349609375
976.33837890625
994.5933837890625
994.6383666992188
988.4183349609375
984.5933837890625
981.7383422851562
976.7933349609375
989.2058715820312
975.2958374023438
989.8158569335938
988.4783325195312
971.9483642578125
983.683349609375
982.9308471679688
985.8683471679688
991.2058715820312
982.0133666992188
981.9833374023438
980.0558471679688
989.005859375
977.17333984375
991.4383544921875
975.600830078125
988.1883544921875
980.5908813476562
976.2683715820312
988.5008544921875
971.0458374023438
970.3333740234375
962.0408325195312
983.9933471679688
985.8683471679688
827.1283569335938
961.3683471679688
952.0008544921875
967.5033569335938
970.5208740234375
972.3883666992188
975.663330078125
972.9908447265625
974.15087890625
968.265869140625
976.08837890625
977.1858520507812
977.788330078125
974.0308837890625
973.8158569335938
968.6283569335938
954.2308349609375
960.8358764648438
967.223388671875
967.6558837890625
967.558349609375
973.2833862304688
974.3433837890625
983.4408569335938
981.4783325195312
981.7583618164062
984.83837890625
982.9583740234375
986.1333618164062
986.0108642578125
981.6908569335938
987.3783569335938
982.558349609375
988.9483642578125
985.8458862304688
983.5608520507812
988.2808837890625
984.3933715820312
986.808349609375
990.5458374023438
990.1708374023438
988.7808837890625
982.8033447265625
989.0858764648438
989.3983764648438
979.02587890625
984.473388671875
991.5033569335938
990.140869140625
980.568359375
966.40087890625
844.4208374023438
962.765869140625
973.015869140625
974.6283569335938
972.9883422851562
971.3633422851562
977.8133544921875
974.3308715820312
979.1183471679688
977.8558349609375
974.1133422851562
958.9408569335938
961.23583984375
957.413330078125
976.630859375
978.5083618164062
978.5508422851562
980.8358764648438
988.8333740234375
983.3733520507812
988.1658325195312
981.5533447265625
988.17333984375
984.4558715820312
988.2958374023438
985.3683471679688
990.7808837890625
989.0283813476562
979.4358520507812
985.6558837890625
880.1583862304688
967.33837890625
956.3883666992188
974.3658447265625
977.3558349609375
979.870849609375
974.3733520507812
964.5833740234375
962.65087890625
959.0283813476562
976.6758422851562
979.193359375
980.2308349609375
990.3858642578125
986.120849609375
984.5408325195312
987.5433349609375
988.308349609375
987.0508422851562
986.9183349609375
976.2508544921875
983.640869140625
989.443359375
975.765869140625
986.90087890625
974.17333984375
975.5133666992188
978.6983642578125
960.3733520507812
968.3033447265625
969.8933715820312
976.2958374023438
979.0858764648438
981.3783569335938
982.2508544921875
988.0133666992188
978.7183837890625
979.3783569335938
880.83837890625
976.225830078125
976.3433837890625
974.15087890625
979.3108520507812
974.8408813476562
964.3358764648438
974.61083984375
974.7733764648438
978.6858520507812
968.828369140625
990.3358764648438
981.2508544921875
982.7533569335938
986.8583374023438
976.98583984375
975.3958740234375
974.3733520507812
979.2333374023438
990.3558349609375
985.48583984375
976.495849609375
976.7058715820312
976.6458740234375
980.2483520507812
989.33837890625
986.0858764648438
988.5958862304688
986.2333374023438
986.2083740234375
988.038330078125
989.1908569335938
888.7483520507812
984.1133422851562
988.6783447265625
987.5308837890625
985.9783325195312
988.8133544921875
976.6483764648438
975.6983642578125
981.160888671875
980.535888671875
990.3033447265625
991.7433471679688
989.8258666992188
987.5858764648438
903.2408447265625
989.225830078125
986.4158325195312
993.0508422851562
920.630859375
975.7708740234375
985.2833862304688
916.098388671875
973.2683715820312
983.6358642578125
981.3158569335938
948.5433349609375
954.4608764648438
987.433349609375
954.8983764648438
982.765869140625
981.683349609375
982.9783325195312
957.068359375
984.1258544921875
981.7483520507812
983.3258666992188
987.9558715820312
981.0408325195312
961.7333374023438
983.9258422851562
976.3833618164062
990.21337890625
983.8583374023438
971.8733520507812
991.0908813476562
960.473388671875
976.4933471679688
980.100830078125
988.1783447265625
974.0283813476562
992.515869140625
983.8108520507812
985.683349609375
