9.876351576561311e-42
615.2028198242188
703.2628173828125
588.0552978515625
649.2203369140625
589.8328247070312
728.2403564453125
732.0228271484375
673.0203247070312
949.3353271484375
687.1903076171875
927.1153564453125
931.1503295898438
974.4278564453125
960.5403442382812
908.7703247070312
987.4603271484375
952.6928100585938
986.955322265625
905.0728149414062
983.7528076171875
987.9803466796875
778.0053100585938
839.5428466796875
828.517822265625
987.6053466796875
988.372802734375
934.4703369140625
950.6078491210938
989.142822265625
974.1903076171875
989.8003540039062
925.5153198242188
979.8203125
965.0228271484375
966.90283203125
960.057861328125
962.2128295898438
992.2978515625
964.9678344726562
964.6328125
965.3253173828125
666.9078369140625
846.5153198242188
584.6253051757812
695.5728149414062
765.9453125
907.2803344726562
971.0928344726562
777.537841796875
950.46533203125
985.9678344726562
935.3328247070312
987.517822265625
749.5453491210938
985.7103271484375
885.4928588867188
977.3278198242188
990.1053466796875
968.09033203125
770.4053344726562
912.0328369140625
660.2078247070312
847.0703125
746.3153076171875
983.8353271484375
986.8478393554688
956.747802734375
810.96533203125
977.7853393554688
974.0778198242188
961.6028442382812
737.9878540039062
869.9478149414062
691.8878173828125
822.0128173828125
984.705322265625
987.7503051757812
798.9778442382812
979.0778198242188
962.9528198242188
962.7578125
859.3128051757812
921.205322265625
891.330322265625
986.9478149414062
987.6978149414062
987.9678344726562
977.6028442382812
965.4428100585938
916.3828125
780.2128295898438
987.662841796875
980.7803344726562
964.5828247070312
949.2578125
987.6703491210938
989.5303344726562
966.6378173828125
842.6253051757812
869.8353271484375
987.6803588867188
967.682861328125
967.0403442382812
816.0853271484375
941.310302734375
883.682861328125
989.2653198242188
960.9078369140625
975.2703247070312
890.6678466796875
958.807861328125
924.5753173828125
977.5678100585938
962.5828247070312
939.5128173828125
965.6778564453125
821.9528198242188
968.1778564453125
888.7803344726562
979.1803588867188
955.060302734375
977.370361328125
973.0703125
977.6778564453125
979.9503173828125
978.2178344726562
980.497802734375
989.9403076171875
978.8878173828125
981.0003051757812
861.8578491210938
983.4828491210938
985.080322265625
986.0678100585938
987.15283203125
917.182861328125
967.1403198242188
972.537841796875
965.1878051757812
977.7178344726562
974.3328247070312
967.4378051757812
973.810302734375
978.2028198242188
981.9728393554688
983.830322265625
985.21533203125
986.4778442382812
985.1903076171875
986.5778198242188
987.8028564453125
987.8378295898438
988.2003173828125
988.6053466796875
990.2078247070312
990.0203247070312
990.21533203125
990.8053588867188
991.392822265625
992.8753051757812
993.7853393554688
640.61279296875
663.3328247070312
633.060302734375
656.2428588867188
640.4603271484375
693.6478271484375
755.9503173828125
698.1803588867188
766.8578491210938
770.1078491210938
626.0078125
702.5778198242188
797.955322265625
637.5478515625
828.8803100585938
687.9278564453125
753.0528564453125
915.8853149414062
698.330322265625
909.34033203125
879.2278442382812
709.2703247070312
596.685302734375
930.4153442382812
868.5228271484375
832.3053588867188
738.3978271484375
800.7178344726562
845.4428100585938
642.7703247070312
875.4103393554688
825.4103393554688
867.2828369140625
814.1253051757812
653.560302734375
664.560302734375
634.1703491210938
702.3903198242188
742.9528198242188
630.3128051757812
753.7853393554688
751.455322265625
881.8203125
741.0953369140625
809.8853149414062
674.267822265625
929.8128051757812
779.0403442382812
931.267822265625
669.287841796875
682.3978271484375
852.0453491210938
706.1453247070312
930.5328369140625
821.6753540039062
668.8328247070312
753.2303466796875
957.0703125
834.1178588867188
719.5253295898438
806.9378051757812
775.892822265625
838.185302734375
681.2903442382812
871.5003051757812
713.6953125
716.2303466796875
901.0628051757812
852.8428344726562
754.7328491210938
807.3428344726562
807.0203247070312
746.1753540039062
874.4478149414062
877.997802734375
866.557861328125
857.3878173828125
893.7353515625
913.3128051757812
792.1778564453125
891.310302734375
815.435302734375
944.3953247070312
846.2503051757812
935.475341796875
874.8953247070312
893.225341796875
919.6928100585938
885.34033203125
894.4478149414062
901.3428344726562
919.7428588867188
931.495361328125
944.3778076171875
951.8278198242188
960.8378295898438
899.0128173828125
907.3978271484375
881.3653564453125
773.3228149414062
739.8978271484375
747.7653198242188
731.77783203125
720.7528076171875
624.3203125
633.4628295898438
661.4703369140625
892.3653564453125
814.4403076171875
849.5928344726562
808.0628051757812
777.2278442382812
629.705322265625
645.5753173828125
667.5053100585938
649.0552978515625
704.935302734375
824.9678344726562
804.7928466796875
660.5428466796875
688.2903442382812
809.5978393554688
701.5678100585938
887.682861328125
773.1153564453125
919.7628173828125
777.5678100585938
750.9078369140625
777.1778564453125
869.6978149414062
630.6578369140625
759.8378295898438
675.5503540039062
784.3278198242188
705.3353271484375
691.7278442382812
772.1453247070312
896.0978393554688
792.2028198242188
634.61279296875
717.5353393554688
680.5428466796875
814.6353149414062
641.0253295898438
669.412841796875
815.1978149414062
738.1503295898438
684.955322265625
874.4303588867188
774.3853149414062
816.872802734375
660.0753173828125
797.5503540039062
699.6453247070312
647.0028076171875
696.4928588867188
704.997802734375
716.1303100585938
805.162841796875
721.0028076171875
685.6878051757812
742.8053588867188
715.9728393554688
812.8578491210938
743.0228271484375
814.9478149414062
762.435302734375
743.7228393554688
766.9828491210938
799.71533203125
793.77783203125
805.6078491210938
815.7303466796875
808.725341796875
820.0103149414062
819.8203125
889.017822265625
906.8603515625
906.9078369140625
934.495361328125
927.2803344726562
968.1903076171875
915.497802734375
810.5778198242188
835.2578125
945.600341796875
847.21533203125
919.932861328125
959.0503540039062
841.8803100585938
735.6928100585938
870.09033203125
949.9853515625
977.5353393554688
978.1353149414062
988.2628173828125
977.0828247070312
983.4628295898438
986.7353515625
987.8803100585938
988.392822265625
980.2178344726562
984.7503051757812
989.0328369140625
876.9178466796875
817.5628051757812
945.0978393554688
905.6553344726562
967.370361328125
941.7328491210938
804.4378051757812
982.3253173828125
975.4303588867188
987.4678344726562
988.7128295898438
981.0628051757812
989.3278198242188
882.392822265625
879.2028198242188
926.7278442382812
886.7553100585938
980.5778198242188
917.1978149414062
897.3678588867188
969.185302734375
942.685302734375
982.3153076171875
940.5878295898438
848.6653442382812
958.0703125
956.7178344726562
894.9878540039062
988.9178466796875
965.9903564453125
972.9253540039062
937.7753295898438
970.2953491210938
977.620361328125
963.3778076171875
988.3853149414062
978.2178344726562
974.432861328125
986.6303100585938
982.5778198242188
982.5978393554688
986.4603271484375
989.162841796875
982.830322265625
986.7603149414062
988.6403198242188
984.245361328125
984.5778198242188
987.1378173828125
988.4503173828125
987.8753051757812
953.2578125
952.2703247070312
969.3478393554688
969.1678466796875
971.8953247070312
974.6803588867188
977.747802734375
978.3853149414062
979.6753540039062
979.8603515625
979.7528076171875
981.8903198242188
982.560302734375
981.725341796875
982.2853393554688
983.7278442382812
987.6278076171875
988.71533203125
989.3653564453125
989.9378051757812
989.8053588867188
759.8353271484375
722.7953491210938
673.8428344726562
930.4103393554688
976.5328369140625
882.9428100585938
878.4253540039062
982.0478515625
989.9428100585938
742.2328491210938
965.6778564453125
955.7178344726562
899.537841796875
981.0678100585938
990.2103271484375
886.5153198242188
979.620361328125
893.9503173828125
936.9078369140625
922.46533203125
788.9928588867188
985.3128051757812
968.2928466796875
971.7203369140625
979.100341796875
839.1253051757812
983.955322265625
966.8453369140625
988.9503173828125
982.9828491210938
988.8478393554688
986.1103515625
987.5703125
986.8753051757812
985.52783203125
985.225341796875
985.8678588867188
988.7728271484375
983.9678344726562
930.1253051757812
877.6928100585938
976.580322265625
850.5953369140625
929.912841796875
986.9928588867188
881.9728393554688
986.8578491210938
981.9578247070312
920.7303466796875
980.21533203125
983.8828125
969.3153076171875
990.537841796875
977.0653076171875
965.4728393554688
986.0428466796875
986.3178100585938
987.71533203125
988.5203247070312
987.4728393554688
991.3753051757812
986.8053588867188
986.3653564453125
987.892822265625
916.0753173828125
983.8903198242188
849.850341796875
975.9778442382812
901.6553344726562
932.7628173828125
981.9528198242188
985.267822265625
987.642822265625
973.0528564453125
987.8828125
987.8603515625
986.810302734375
986.5353393554688
968.2178344726562
987.7003173828125
977.7703247070312
988.935302734375
988.9403076171875
986.9778442382812
987.2978515625
989.162841796875
969.745361328125
882.247802734375
986.8603515625
981.5653076171875
989.7628173828125
988.1953125
987.9103393554688
988.8153076171875
920.5728149414062
949.71533203125
987.0078125
985.8653564453125
989.4878540039062
977.600341796875
977.5403442382812
985.4103393554688
989.0078125
990.1553344726562
990.6253051757812
991.2578125
973.557861328125
987.9478149414062
988.9003295898438
985.392822265625
991.350341796875
988.8328247070312
988.6578369140625
991.3203125
989.8053588867188
990.6803588867188
986.59033203125
987.0353393554688
987.1128540039062
988.537841796875
989.850341796875
989.8753051757812
990.7228393554688
991.34033203125
991.1103515625
990.3528442382812
989.5403442382812
989.7028198242188
988.8653564453125
989.5503540039062
974.557861328125
968.8553466796875
973.0253295898438
973.2728271484375
978.0478515625
977.497802734375
962.1878051757812
970.0328369140625
973.3128051757812
969.6653442382812
935.1278076171875
976.2078247070312
980.2203369140625
966.4103393554688
940.52783203125
978.0203247070312
965.4303588867188
976.6703491210938
972.0853271484375
968.4928588867188
978.3553466796875
974.1928100585938
979.8253173828125
982.7178344726562
980.4153442382812
984.247802734375
983.6953125
982.7028198242188
980.1753540039062
982.5728149414062
951.7178344726562
964.4003295898438
965.225341796875
976.1328125
953.8803100585938
947.9528198242188
965.057861328125
959.622802734375
969.725341796875
949.372802734375
978.6703491210938
985.71533203125
957.8953247070312
952.0028076171875
964.21533203125
972.997802734375
953.0478515625
967.1678466796875
968.330322265625
976.5078125
969.5003051757812
979.372802734375
961.8628540039062
966.9153442382812
963.6553344726562
972.8553466796875
973.8528442382812
969.2628173828125
971.15283203125
980.0003051757812
976.0553588867188
975.4378051757812
981.8178100585938
976.6778564453125
970.5453491210938
972.5428466796875
976.7703247070312
981.6603393554688
972.517822265625
979.080322265625
977.3428344726562
982.1028442382812
981.3003540039062
986.7378540039062
880.850341796875
783.6028442382812
873.3328247070312
884.4528198242188
896.4778442382812
913.787841796875
954.0453491210938
945.9603271484375
920.6953125
955.8328247070312
932.0203247070312
966.3528442382812
970.4103393554688
972.02783203125
972.2178344726562
973.0653076171875
969.162841796875
968.6903076171875
971.1778564453125
962.2728271484375
971.9053344726562
968.3228149414062
970.955322265625
973.3353271484375
975.557861328125
974.2203369140625
974.2303466796875
976.2953491210938
973.0753173828125
973.6378173828125
972.7028198242188
973.7578125
972.7078247070312
972.5528564453125
963.9303588867188
956.4903564453125
960.8028564453125
964.2003173828125
961.5628051757812
956.0003051757812
953.745361328125
958.705322265625
963.34033203125
961.8228149414062
963.8778076171875
959.997802734375
959.767822265625
963.9203491210938
981.5628051757812
970.2003173828125
978.5878295898438
981.850341796875
974.5153198242188
983.6903076171875
979.1478271484375
982.4603271484375
979.1253051757812
980.2628173828125
979.4203491210938
979.5403442382812
980.6178588867188
982.9303588867188
982.09033203125
981.3203125
984.8028564453125
981.0928344726562
982.8278198242188
965.8528442382812
982.9053344726562
983.0678100585938
987.0553588867188
986.2753295898438
986.3778076171875
988.7603149414062
984.892822265625
981.537841796875
987.5503540039062
984.9403076171875
987.0228271484375
982.3903198242188
983.622802734375
982.4303588867188
989.3203125
982.1278076171875
987.1128540039062
969.682861328125
986.0528564453125
985.310302734375
987.9903564453125
986.6303100585938
985.3253173828125
987.5978393554688
982.5478515625
987.787841796875
986.0728149414062
990.5753173828125
975.2953491210938
976.96533203125
987.5128173828125
977.2003173828125
986.3228149414062
990.685302734375
985.2328491210938
987.9078369140625
986.4203491210938
988.1778564453125
987.3528442382812
987.8653564453125
976.40283203125
987.2553100585938
988.5403442382812
978.2703247070312
981.830322265625
988.4203491210938
990.2578125
992.307861328125
992.8603515625
988.310302734375
994.4203491210938
994.8678588867188
978.4428100585938
987.1178588867188
976.5028076171875
995.1653442382812
995.2028198242188
989.0553588867188
984.7503051757812
981.8878173828125
976.9778442382812
989.7228393554688
975.537841796875
989.9228515625
989.1778564453125
972.2603149414062
984.1903076171875
983.0728149414062
986.4528198242188
991.9703369140625
982.1578369140625
982.2903442382812
980.4853515625
989.7578125
977.5828247070312
992.412841796875
976.1078491210938
988.8903198242188
981.2128295898438
976.9078369140625
989.225341796875
971.6253051757812
970.9728393554688
962.8603515625
984.685302734375
986.5503540039062
823.3678588867188
958.7428588867188
948.8003540039062
964.810302734375
968.932861328125
971.1503295898438
974.2828369140625
970.9303588867188
972.2578125
967.6703491210938
974.5678100585938
976.2128295898438
976.350341796875
973.935302734375
973.7703247070312
968.7003173828125
954.307861328125
960.8528442382812
967.21533203125
967.8678588867188
967.2728271484375
973.3953247070312
974.5428466796875
983.4078369140625
981.5928344726562
981.892822265625
984.9578247070312
983.1903076171875
986.1953125
986.1253051757812
981.932861328125
987.4728393554688
982.8528442382812
989.27783203125
986.2178344726562
983.8028564453125
988.7228393554688
984.4928588867188
987.1878051757812
990.8803100585938
990.5503540039062
988.7903442382812
982.872802734375
989.725341796875
989.8478393554688
979.2353515625
984.8653564453125
992.350341796875
990.9478149414062
980.7628173828125
967.1878051757812
840.7353515625
960.2803344726562
971.5353393554688
973.7553100585938
971.060302734375
970.6378173828125
976.4628295898438
974.0553588867188
977.935302734375
977.0228271484375
973.955322265625
958.8603515625
961.1328125
957.1353149414062
976.7653198242188
978.6978149414062
978.4378051757812
980.8053588867188
989.0253295898438
983.6478271484375
988.5728149414062
981.767822265625
988.3553466796875
984.705322265625
988.8178100585938
985.372802734375
991.1353149414062
989.8478393554688
980.1453247070312
986.3753051757812
876.7503051757812
965.1328125
953.3328247070312
973.1803588867188
976.1078491210938
978.8653564453125
974.1078491210938
964.372802734375
962.2953491210938
959.267822265625
976.5853271484375
979.350341796875
980.1953125
990.5403442382812
986.2378540039062
984.8578491210938
987.7203369140625
988.7653198242188
987.120361328125
987.0103149414062
976.5203247070312
983.7753295898438
990.3228149414062
976.3378295898438
987.6678466796875
972.8453369140625
975.0728149414062
977.6028442382812
960.21533203125
967.9403076171875
970.120361328125
976.3378295898438
978.9778442382812
981.537841796875
982.2403564453125
988.4403076171875
978.9278564453125
979.912841796875
877.2528076171875
975.0828247070312
975.0853271484375
972.3853149414062
978.3803100585938
974.6103515625
964.0853271484375
974.787841796875
974.6678466796875
978.7628173828125
969.0028076171875
990.560302734375
981.435302734375
983.3628540039062
987.5353393554688
975.8428344726562
973.9803466796875
974.2553100585938
979.1678466796875
990.6378173828125
985.8178100585938
975.4728393554688
975.5628051757812
976.8128051757812
980.1953125
989.725341796875
986.412841796875
988.6703491210938
986.3628540039062
986.3203125
988.745361328125
989.9378051757812
885.350341796875
984.2128295898438
989.0953369140625
987.6678466796875
986.247802734375
989.5053100585938
975.8028564453125
975.5478515625
981.2628173828125
980.5253295898438
990.435302734375
991.9903564453125
990.5528564453125
988.3878173828125
900.0828247070312
989.6303100585938
986.8003540039062
993.3053588867188
917.7578125
975.4078369140625
985.3853149414062
912.5478515625
972.5103149414062
983.6678466796875
981.4778442382812
945.2653198242188
951.3203125
988.307861328125
951.7928466796875
982.5703125
981.90283203125
982.8903198242188
954.057861328125
984.0003051757812
982.0153198242188
983.495361328125
988.4078369140625
981.3428344726562
959.0528564453125
983.9053344726562
976.4403076171875
991.1953125
984.0203247070312
972.0253295898438
991.9728393554688
957.6028442382812
975.7203369140625
980.3903198242188
988.642822265625
974.4153442382812
992.995361328125
984.0303344726562
985.7553100585938
