9.876351576561311e-42
612.2247314453125
699.9672241210938
585.05224609375
645.792236328125
586.7747192382812
724.334716796875
727.9647216796875
669.229736328125
946.1822509765625
683.1647338867188
923.647216796875
927.67724609375
971.6747436523438
957.479736328125
904.8447265625
984.7997436523438
949.1897583007812
984.312255859375
900.9297485351562
980.749755859375
985.2872314453125
773.5647583007812
835.1847534179688
824.1197509765625
984.792236328125
985.6497192382812
930.4322509765625
946.6397705078125
986.1522216796875
970.5597534179688
986.8397216796875
921.447265625
976.5347290039062
960.894775390625
963.0972290039062
956.0747680664062
958.322265625
989.1197509765625
960.8197631835938
960.8247680664062
961.1622314453125
663.5972290039062
843.1372680664062
581.6272583007812
691.957275390625
761.8047485351562
903.6122436523438
968.2547607421875
773.30224609375
947.2172241210938
983.374755859375
931.7847290039062
984.8372192382812
745.1022338867188
982.7547607421875
881.2172241210938
973.7622680664062
987.0322265625
964.30224609375
766.7622680664062
908.7547607421875
656.522216796875
843.0372314453125
742.0547485351562
981.1172485351562
984.2247314453125
953.457275390625
806.5672607421875
974.394775390625
970.437255859375
957.6122436523438
734.2847290039062
866.2847290039062
688.0697631835938
817.8872680664062
982.0472412109375
985.134765625
794.5647583007812
975.7622680664062
958.9122314453125
958.8522338867188
855.4647216796875
917.8622436523438
887.5447387695312
984.2672729492188
984.9647216796875
985.1747436523438
974.3872680664062
961.5572509765625
912.874755859375
776.0697631835938
984.9672241210938
977.6597290039062
960.749755859375
946.0447387695312
984.897216796875
986.5747680664062
962.7972412109375
838.6947631835938
865.5647583007812
984.8372192382812
963.8922729492188
963.2647705078125
812.1272583007812
937.9922485351562
879.4697265625
986.2972412109375
957.0047607421875
971.6022338867188
886.8247680664062
955.6572265625
920.7022705078125
973.9247436523438
959.4922485351562
935.6722412109375
961.8472290039062
817.8172607421875
964.3822631835938
884.9322509765625
976.2447509765625
951.2422485351562
973.7822265625
969.5572509765625
974.1272583007812
977.062255859375
974.7172241210938
977.6647338867188
986.8822631835938
975.4497680664062
977.772216796875
857.874755859375
980.3872680664062
982.042236328125
983.072265625
984.23974609375
913.5897216796875
963.9922485351562
969.4722290039062
961.6922607421875
974.7372436523438
971.0072631835938
964.144775390625
970.647216796875
975.1372680664062
979.0122680664062
980.9097290039062
982.3447265625
983.604736328125
982.36474609375
983.8522338867188
985.0397338867188
985.1172485351562
985.4672241210938
985.6747436523438
987.1647338867188
986.9697265625
987.0772705078125
987.6547241210938
988.2422485351562
989.6197509765625
990.4922485351562
639.1897583007812
661.7572631835938
630.8672485351562
654.6847534179688
638.2622680664062
691.1897583007812
754.0772705078125
695.519775390625
764.854736328125
767.144775390625
623.61474609375
699.917236328125
794.8697509765625
635.0322265625
825.7372436523438
685.072265625
749.9197387695312
912.7947387695312
695.3397216796875
906.2172241210938
875.9722290039062
706.272216796875
593.9047241210938
927.6197509765625
865.3797607421875
829.0272216796875
735.3172607421875
797.4347534179688
842.1322631835938
639.7647705078125
872.2572631835938
822.0697631835938
863.9822387695312
810.834716796875
651.709716796875
662.4947509765625
631.9547729492188
700.3447265625
740.5397338867188
627.9397583007812
750.86474609375
748.582275390625
878.6422729492188
738.1097412109375
806.6697387695312
671.3197631835938
926.9122314453125
775.822265625
928.2747192382812
666.999755859375
679.8472290039062
848.8522338867188
703.0997314453125
927.5972290039062
819.9522705078125
666.3472290039062
750.0572509765625
954.5397338867188
830.8147583007812
716.7897338867188
803.6647338867188
772.707275390625
836.3172607421875
678.7172241210938
868.312255859375
710.92724609375
713.479736328125
897.9072265625
849.48974609375
751.9722290039062
805.0272216796875
804.3447265625
743.2847290039062
872.2572631835938
874.6947631835938
864.0397338867188
854.1122436523438
890.5272216796875
910.2797241210938
789.1072387695312
888.17724609375
812.3522338867188
941.7272338867188
843.1897583007812
932.7372436523438
872.134765625
890.0122680664062
916.5897216796875
882.187255859375
891.2247314453125
898.1847534179688
916.667236328125
928.5372314453125
941.697265625
949.2422485351562
958.3422241210938
902.667236328125
910.8797607421875
885.082275390625
776.249755859375
742.3422241210938
749.9822387695312
733.7222290039062
722.55224609375
623.5697631835938
633.197265625
662.2122192382812
895.30224609375
816.3072509765625
852.2197265625
809.6222534179688
779.1397705078125
628.772216796875
645.23974609375
667.7247314453125
648.2047729492188
705.4772338867188
825.1597290039062
805.1997680664062
659.479736328125
687.92724609375
808.8597412109375
700.4297485351562
891.4772338867188
776.2322387695312
923.1097412109375
780.2422485351562
752.707275390625
779.042236328125
872.9872436523438
629.7947387695312
761.6372680664062
675.209716796875
784.9322509765625
704.9147338867188
691.2522583007812
775.3197631835938
899.759765625
794.1697387695312
634.0322265625
718.2572631835938
679.6372680664062
818.1822509765625
640.6397705078125
668.354736328125
818.6597290039062
738.9497680664062
684.4197387695312
878.272216796875
776.1597290039062
820.1997680664062
660.2997436523438
799.0972290039062
699.2747192382812
646.947265625
696.4097290039062
705.2272338867188
717.584716796875
806.582275390625
722.3572387695312
686.7122192382812
744.48974609375
717.4622192382812
814.1497192382812
744.8422241210938
816.3422241210938
764.3697509765625
745.4722290039062
768.834716796875
801.4047241210938
795.5872192382812
807.397216796875
817.479736328125
810.8272705078125
822.4697265625
822.979736328125
892.6522216796875
910.417236328125
910.3072509765625
937.6897583007812
930.1322631835938
970.2197265625
917.7372436523438
811.7972412109375
836.8922729492188
947.8097534179688
848.3247680664062
920.332275390625
959.5072631835938
841.1522216796875
735.1222534179688
869.3722534179688
950.1797485351562
977.7422485351562
978.4497680664062
988.072265625
976.582275390625
983.3497314453125
986.1847534179688
987.3172607421875
987.5947265625
979.3397216796875
983.572265625
987.8397216796875
879.0072631835938
818.6022338867188
946.822265625
904.8597412109375
967.584716796875
941.3297729492188
803.2347412109375
982.2472534179688
974.7472534179688
987.124755859375
987.959716796875
980.2372436523438
987.9522705078125
883.8897705078125
878.1997680664062
926.0947265625
885.499755859375
979.9122314453125
918.8797607421875
897.4822387695312
968.8272705078125
941.8672485351562
981.9147338867188
941.2797241210938
848.7372436523438
957.5172729492188
957.6172485351562
894.4672241210938
988.6722412109375
966.6297607421875
973.3922729492188
937.6997680664062
970.6697387695312
977.9072265625
963.4072265625
988.0872192382812
978.3097534179688
974.2447509765625
986.4772338867188
982.5297241210938
982.5297241210938
986.1372680664062
988.7772216796875
982.5297241210938
986.229736328125
988.2772216796875
983.9347534179688
984.0272216796875
986.5922241210938
987.6697387695312
987.147216796875
956.1497192382812
954.894775390625
971.0872192382812
970.582275390625
972.7847290039062
975.3072509765625
978.1647338867188
978.67724609375
979.749755859375
980.072265625
979.4297485351562
981.5322265625
982.2522583007812
981.1322631835938
981.709716796875
982.9647216796875
986.4772338867188
987.5747680664062
988.2047729492188
988.582275390625
988.2897338867188
758.7022705078125
721.7022705078125
672.4347534179688
929.4322509765625
975.9872436523438
881.4822387695312
876.0297241210938
980.5497436523438
988.4397583007812
740.6422729492188
965.0897216796875
954.9772338867188
897.604736328125
979.397216796875
988.5772705078125
885.1797485351562
978.8697509765625
892.197265625
936.0347290039062
921.1497192382812
787.509765625
984.542236328125
967.499755859375
970.437255859375
977.8147583007812
837.7522583007812
982.6697387695312
966.2747192382812
988.562255859375
982.5597534179688
988.2647705078125
985.5797729492188
986.759765625
985.5972290039062
984.0747680664062
983.624755859375
984.1547241210938
986.9122314453125
982.7422485351562
928.5322265625
875.3697509765625
975.0397338867188
847.5047607421875
927.6947631835938
985.48974609375
879.0897216796875
985.2272338867188
980.1572265625
917.9922485351562
978.072265625
981.8272705078125
966.959716796875
988.7222290039062
974.8147583007812
963.0497436523438
983.917236328125
984.2047729492188
985.5572509765625
986.4047241210938
985.3272705078125
989.1897583007812
984.4522705078125
983.9047241210938
985.2422485351562
914.1072387695312
982.5597534179688
847.072265625
974.2272338867188
899.1297607421875
930.2822265625
979.832275390625
983.1197509765625
985.6072387695312
970.7147216796875
985.729736328125
985.6197509765625
984.384765625
983.9947509765625
966.6222534179688
986.3672485351562
975.884765625
987.3072509765625
986.709716796875
984.4397583007812
984.6897583007812
987.8147583007812
967.9047241210938
879.1722412109375
984.7947387695312
979.3597412109375
987.584716796875
985.73974609375
985.3672485351562
987.3147583007812
917.7247314453125
947.4522705078125
985.0772705078125
983.6722412109375
987.072265625
975.3697509765625
975.3447265625
983.2772216796875
986.9197387695312
988.5297241210938
988.4722290039062
989.447265625
971.582275390625
985.8072509765625
986.394775390625
983.394775390625
989.42724609375
986.2322387695312
986.667236328125
989.272216796875
987.7347412109375
988.3272705078125
984.394775390625
984.8172607421875
984.6797485351562
986.1497192382812
987.4947509765625
987.92724609375
988.6722412109375
989.187255859375
988.7372436523438
987.9447631835938
987.0397338867188
987.1897583007812
986.272216796875
986.7772216796875
972.2947387695312
966.5672607421875
970.7322387695312
970.894775390625
975.7822265625
975.2847290039062
959.707275390625
967.6522216796875
970.9822387695312
967.2447509765625
931.687255859375
973.8597412109375
978.0597534179688
963.9447631835938
937.2347412109375
975.7572631835938
962.9772338867188
974.4022216796875
969.7447509765625
966.0372314453125
976.1022338867188
971.894775390625
977.624755859375
980.6172485351562
978.207275390625
982.2347412109375
981.6997680664062
980.5397338867188
978.11474609375
980.4222412109375
948.8497314453125
961.9097290039062
962.8472290039062
973.7622680664062
951.0472412109375
944.894775390625
962.6022338867188
956.8197631835938
967.3872680664062
946.2372436523438
976.23974609375
983.4847412109375
955.0297241210938
948.957275390625
961.417236328125
970.3922729492188
950.0397338867188
964.6897583007812
965.8622436523438
974.0897216796875
966.8247680664062
976.8922729492188
959.2872314453125
964.374755859375
961.0272216796875
970.3597412109375
971.3072509765625
966.572265625
968.8172607421875
977.519775390625
973.4972534179688
973.0172729492188
979.3797607421875
974.3622436523438
968.1172485351562
970.0472412109375
974.2947387695312
979.2647705078125
970.0072631835938
976.604736328125
974.8722534179688
979.7047729492188
978.8772583007812
984.4772338867188
884.6522216796875
787.1747436523438
877.3497314453125
888.3897705078125
900.334716796875
917.3897705078125
956.9022216796875
949.48974609375
924.0497436523438
958.3372192382812
935.1722412109375
967.062255859375
970.4622192382812
971.42724609375
971.437255859375
972.3397216796875
970.9047241210938
969.134765625
972.6322631835938
961.0122680664062
973.072265625
966.6497192382812
969.4622192382812
972.0372314453125
975.0572509765625
974.4422607421875
974.9397583007812
975.374755859375
971.2947387695312
971.709716796875
971.209716796875
971.7422485351562
971.384765625
970.4047241210938
961.8572387695312
954.5297241210938
958.582275390625
962.9822387695312
959.23974609375
953.8922729492188
951.479736328125
957.167236328125
961.5747680664062
960.2847290039062
962.1922607421875
957.8397216796875
958.1197509765625
961.9422607421875
980.2022705078125
968.0747680664062
976.8672485351562
979.7622680664062
972.374755859375
982.2822265625
976.9947509765625
980.4022216796875
977.0497436523438
978.312255859375
977.634765625
977.7847290039062
978.7772216796875
980.897216796875
980.0647583007812
979.447265625
983.1597290039062
979.2647705078125
981.084716796875
963.4922485351562
980.9347534179688
981.082275390625
985.1997680664062
984.23974609375
984.36474609375
986.917236328125
983.0247192382812
979.4872436523438
985.584716796875
982.979736328125
984.9697265625
980.334716796875
981.61474609375
980.2672729492188
987.2147216796875
980.009765625
985.022216796875
967.3872680664062
983.98974609375
983.1747436523438
985.8372192382812
984.5247192382812
983.1272583007812
985.354736328125
980.2447509765625
985.269775390625
983.8297729492188
988.1022338867188
972.9047241210938
974.4822387695312
984.9122314453125
974.7522583007812
984.0072631835938
988.2547607421875
982.769775390625
985.272216796875
984.1272583007812
985.542236328125
984.834716796875
985.3072509765625
973.8772583007812
984.769775390625
985.9222412109375
975.73974609375
979.394775390625
985.6122436523438
987.6322631835938
989.61474609375
990.2222290039062
985.6197509765625
991.6922607421875
992.1822509765625
975.9247436523438
984.4922485351562
973.959716796875
992.4297485351562
992.4347534179688
986.082275390625
982.0372314453125
979.2147216796875
974.332275390625
986.979736328125
972.7147216796875
987.1622314453125
986.1497192382812
969.4822387695312
981.3447265625
980.1422729492188
983.5997314453125
989.0747680664062
979.1797485351562
979.394775390625
977.582275390625
986.8522338867188
974.5897216796875
989.2047729492188
973.1072387695312
985.92724609375
978.2022705078125
973.822265625
986.1897583007812
968.5347290039062
967.8772583007812
959.5447387695312
981.437255859375
983.1497192382812
827.3072509765625
960.947265625
951.9697265625
967.1097412109375
969.3097534179688
970.9297485351562
974.23974609375
972.084716796875
973.1547241210938
966.5697631835938
975.0322265625
975.7672729492188
976.8372192382812
972.0597534179688
971.7997436523438
966.5872192382812
952.1922607421875
958.9447631835938
965.3597412109375
965.5397338867188
965.9047241210938
971.4147338867188
972.4647216796875
981.3922729492188
979.624755859375
979.8922729492188
982.9322509765625
981.1122436523438
984.1522216796875
984.072265625
979.812255859375
985.3822631835938
980.6697387695312
987.0297241210938
983.9047241210938
981.4222412109375
986.1272583007812
982.1372680664062
984.707275390625
988.2422485351562
987.9247436523438
986.3897705078125
980.36474609375
986.9297485351562
987.1172485351562
976.4497680664062
982.0322265625
989.3397216796875
987.9847412109375
977.7572631835938
963.8922729492188
844.999755859375
962.1922607421875
971.6947631835938
972.9347534179688
971.8997192382812
969.7322387695312
976.7572631835938
972.417236328125
978.0447387695312
976.374755859375
972.084716796875
956.9422607421875
959.374755859375
955.6997680664062
974.7897338867188
976.6572265625
976.7572631835938
978.7747192382812
987.0597534179688
981.5022583007812
986.0397338867188
979.634765625
986.1022338867188
982.23974609375
986.022216796875
983.0047607421875
988.4197387695312
986.8247680664062
976.9022216796875
983.062255859375
880.9047241210938
966.5072631835938
956.144775390625
972.792236328125
976.1747436523438
978.7522583007812
972.3572387695312
962.7997436523438
961.0272216796875
956.9772338867188
974.8197631835938
977.36474609375
978.4697265625
988.604736328125
984.1922607421875
982.6572265625
985.2172241210938
986.144775390625
984.8172607421875
984.4522705078125
973.5472412109375
980.8397216796875
987.2322387695312
973.3372192382812
984.3097534179688
972.7172241210938
973.6072387695312
977.4772338867188
958.4497680664062
966.6022338867188
967.8997192382812
974.4397583007812
977.3422241210938
979.5347290039062
980.2197265625
985.822265625
975.9422607421875
976.9947509765625
881.4097290039062
974.5572509765625
974.7872314453125
972.9947509765625
978.0297241210938
972.854736328125
962.519775390625
972.5372314453125
972.957275390625
976.8372192382812
966.769775390625
988.4847412109375
978.6197509765625
980.4422607421875
984.4947509765625
975.394775390625
974.022216796875
972.5947265625
977.3697509765625
988.417236328125
983.5322265625
974.812255859375
975.312255859375
974.6197509765625
978.3722534179688
987.2172241210938
984.062255859375
986.3572387695312
983.572265625
983.4447631835938
985.8422241210938
986.9847412109375
889.2222290039062
982.2247314453125
986.4947509765625
984.9297485351562
983.4197387695312
986.6422729492188
975.0997314453125
973.9622192382812
979.1647338867188
978.6697387695312
987.6922607421875
989.272216796875
987.6897583007812
985.2897338867188
903.7772216796875
987.0747680664062
984.4197387695312
990.6272583007812
921.3297729492188
973.7997436523438
983.3772583007812
916.42724609375
971.5572509765625
981.6422729492188
979.4422607421875
949.1097412109375
954.8922729492188
985.1372680664062
955.0247192382812
981.0922241210938
979.80224609375
981.2822265625
956.9297485351562
982.447265625
979.8672485351562
981.4322509765625
985.7847290039062
979.1522216796875
961.2572631835938
982.2197265625
974.3472290039062
987.9022216796875
982.0947265625
969.8197631835938
988.542236328125
960.134765625
974.769775390625
978.197265625
986.009765625
971.979736328125
990.3397216796875
982.0122680664062
983.6697387695312
