9.876351576561311e-42
585.63916015625
708.7491455078125
584.244140625
614.9066772460938
584.4016723632812
661.63916015625
690.1416625976562
637.5316772460938
968.4916381835938
655.4641723632812
953.01416015625
957.9991455078125
980.306640625
981.7291259765625
953.5741577148438
986.5741577148438
973.2366333007812
983.8741455078125
938.7491455078125
973.1316528320312
985.0791625976562
832.9866333007812
900.421630859375
894.629150390625
985.6666259765625
984.1116333007812
960.754150390625
965.869140625
986.274169921875
963.2366333007812
985.171630859375
949.5216674804688
970.2316284179688
958.9091186523438
960.6016235351562
954.0916137695312
959.7716674804688
989.3041381835938
954.066650390625
959.3041381835938
953.28662109375
655.7816772460938
835.214111328125
589.2566528320312
676.7516479492188
776.2491455078125
929.4591674804688
979.78662109375
781.13916015625
964.1991577148438
983.796630859375
962.0066528320312
985.3466186523438
802.7916259765625
977.5491333007812
941.5716552734375
968.086669921875
986.8866577148438
957.7591552734375
793.369140625
915.211669921875
595.9141845703125
903.6541137695312
741.3741455078125
984.9591674804688
984.6241455078125
968.5916137695312
883.4966430664062
965.2941284179688
962.8466186523438
953.4366455078125
745.7941284179688
872.4191284179688
628.649169921875
835.816650390625
984.9491577148438
985.5841674804688
872.484130859375
968.6366577148438
961.1141357421875
956.2566528320312
863.4266357421875
926.214111328125
938.0416259765625
983.3666381835938
986.6266479492188
984.9716186523438
973.0691528320312
958.45166015625
919.026611328125
749.066650390625
985.244140625
973.046630859375
955.546630859375
959.5591430664062
987.5491333007812
986.1216430664062
959.3516235351562
853.4041137695312
940.004150390625
986.0641479492188
957.4541625976562
956.9241333007812
796.20166015625
959.51416015625
934.4716186523438
986.4691162109375
961.5116577148438
963.984130859375
908.901611328125
972.3941650390625
952.5216674804688
965.0391235351562
978.7616577148438
958.7291259765625
961.151611328125
802.796630859375
960.6666259765625
920.4541625976562
982.9241333007812
969.7491455078125
965.3716430664062
967.5316162109375
963.9341430664062
981.1141357421875
968.2816162109375
981.2591552734375
987.5591430664062
966.3566284179688
971.0816650390625
884.7041625976562
974.4991455078125
976.6541137695312
976.2916259765625
980.5841674804688
950.3766479492188
971.274169921875
977.2041625976562
976.619140625
984.4766235351562
973.6066284179688
977.6966552734375
979.359130859375
980.20166015625
976.2466430664062
977.4091186523438
980.7566528320312
981.4891357421875
983.9091186523438
983.88916015625
981.9916381835938
983.776611328125
983.3716430664062
983.9291381835938
985.1016235351562
987.0341186523438
986.8516235351562
987.7991333007812
988.0091552734375
990.0191650390625
990.4491577148438
624.4741821289062
664.4766235351562
604.9866943359375
626.42919921875
620.6416625976562
679.6416625976562
737.1891479492188
675.651611328125
776.901611328125
747.1416625976562
603.169189453125
680.0091552734375
808.6466674804688
601.4841918945312
819.0841674804688
624.0016479492188
725.586669921875
930.9266357421875
689.5591430664062
919.7491455078125
887.879150390625
681.306640625
576.8216552734375
940.149169921875
835.1066284179688
843.3716430664062
757.0116577148438
840.5416259765625
822.6166381835938
616.9691772460938
821.9491577148438
845.4566650390625
836.7841186523438
826.921630859375
652.494140625
654.9916381835938
633.504150390625
684.1791381835938
745.8541259765625
629.7341918945312
759.9166259765625
756.494140625
867.0591430664062
715.5391235351562
816.0516357421875
681.0441284179688
932.13916015625
782.066650390625
900.316650390625
689.9541625976562
663.3716430664062
886.3216552734375
689.9391479492188
937.3416137695312
824.4066162109375
677.1566162109375
752.2216186523438
959.9591674804688
864.1666259765625
693.5591430664062
824.0841674804688
801.70166015625
850.5741577148438
680.181640625
866.88916015625
707.5966186523438
718.369140625
898.711669921875
848.7891235351562
732.691650390625
819.8666381835938
789.4891357421875
748.6866455078125
871.4141235351562
855.4566650390625
850.5516357421875
883.839111328125
875.5691528320312
903.004150390625
798.149169921875
854.1941528320312
788.8641357421875
960.7691650390625
816.8116455078125
955.1341552734375
901.7391357421875
905.41162109375
908.464111328125
886.4541625976562
910.5216674804688
907.7416381835938
924.6966552734375
931.3541259765625
962.38916015625
968.5841674804688
970.181640625
887.181640625
895.2091674804688
883.6691284179688
760.45166015625
731.6941528320312
733.0641479492188
717.1591186523438
728.3291625976562
619.0916748046875
629.3916625976562
642.2266845703125
885.3916625976562
803.2466430664062
827.4391479492188
800.7891235351562
766.4766235351562
623.2041625976562
641.2841796875
658.2091674804688
637.5166625976562
698.9691162109375
806.0616455078125
784.1116333007812
654.6141357421875
656.7716674804688
778.464111328125
665.4341430664062
881.211669921875
768.7991333007812
908.4666137695312
765.7841186523438
752.4091186523438
768.0291137695312
868.2491455078125
623.11669921875
752.5691528320312
676.6166381835938
758.9491577148438
684.4291381835938
675.2291259765625
764.4691162109375
891.0291137695312
793.586669921875
633.1266479492188
716.0291137695312
694.26416015625
809.7316284179688
640.0816650390625
678.4491577148438
810.546630859375
735.3241577148438
700.9041137695312
877.181640625
763.869140625
803.78662109375
654.1541748046875
799.2066650390625
732.45166015625
644.2191772460938
713.5341186523438
704.7691650390625
721.4366455078125
803.3516235351562
730.2091674804688
682.7991333007812
750.7891235351562
716.1166381835938
810.0716552734375
748.056640625
808.526611328125
755.3866577148438
748.524169921875
774.8616333007812
792.70166015625
795.651611328125
809.8941650390625
817.359130859375
815.20166015625
817.619140625
810.0691528320312
898.586669921875
907.1591186523438
914.9441528320312
941.461669921875
928.089111328125
962.6141357421875
915.3741455078125
803.57666015625
819.6041259765625
943.4891357421875
833.6791381835938
914.5341186523438
960.836669921875
821.9066162109375
721.8091430664062
856.4891357421875
953.0491333007812
971.869140625
974.836669921875
981.4266357421875
978.6791381835938
980.1116333007812
979.776611328125
983.2041625976562
981.899169921875
982.2416381835938
984.72412109375
985.1641235351562
867.4991455078125
816.9666137695312
945.0541381835938
917.714111328125
971.0091552734375
952.0341186523438
796.7916259765625
977.899169921875
979.28662109375
982.276611328125
984.3866577148438
982.57666015625
986.0491333007812
868.5816650390625
880.9766235351562
938.9241333007812
919.38916015625
981.5841674804688
913.5716552734375
888.3466186523438
978.5816650390625
968.431640625
979.9266357421875
941.2266235351562
829.1866455078125
977.3041381835938
958.5416259765625
884.1041259765625
982.1441650390625
964.8091430664062
969.57666015625
940.5841674804688
969.5516357421875
973.3016357421875
972.306640625
978.9541625976562
974.526611328125
978.3041381835938
980.5116577148438
980.5741577148438
981.4141235351562
980.4066162109375
986.3941650390625
980.5516357421875
980.776611328125
985.8641357421875
980.7716674804688
981.7466430664062
980.504150390625
982.3841552734375
984.63916015625
952.3866577148438
947.7266235351562
963.9591674804688
964.8566284179688
967.254150390625
969.6866455078125
973.369140625
974.4466552734375
975.2391357421875
975.879150390625
978.8291625976562
979.6991577148438
979.8191528320312
981.5591430664062
981.20166015625
983.171630859375
982.7416381835938
983.5416259765625
984.95166015625
985.566650390625
988.901611328125
731.2891235351562
674.254150390625
642.42919921875
939.91162109375
986.0216674804688
887.0691528320312
925.464111328125
988.32666015625
987.2491455078125
721.0416259765625
974.4791259765625
973.276611328125
959.211669921875
984.2166137695312
987.494140625
903.4916381835938
986.3116455078125
894.1041259765625
961.2691650390625
931.744140625
777.3566284179688
982.0641479492188
990.214111328125
977.4191284179688
981.3766479492188
853.8416137695312
987.5616455078125
982.9566650390625
980.1016235351562
982.4591674804688
983.2616577148438
984.1441650390625
983.7491455078125
987.9766235351562
984.566650390625
984.5291137695312
988.9991455078125
987.70166015625
983.3516235351562
981.566650390625
975.7691650390625
988.9666137695312
922.8616333007812
977.1666259765625
987.024169921875
976.6866455078125
986.1691284179688
985.7916259765625
982.4291381835938
985.5941162109375
985.2916259765625
969.2091674804688
989.4591674804688
976.4541625976562
965.5591430664062
988.214111328125
985.6441650390625
987.774169921875
990.336669921875
985.8666381835938
989.306640625
988.6541137695312
987.8716430664062
990.1791381835938
980.2466430664062
985.0516357421875
953.3941650390625
988.306640625
978.6066284179688
977.776611328125
987.7266235351562
983.1016235351562
989.6941528320312
973.03662109375
985.6666259765625
987.806640625
988.3016357421875
988.359130859375
982.8866577148438
986.0916137695312
985.0416259765625
986.859130859375
989.4916381835938
989.3841552734375
989.6666259765625
985.151611328125
988.4066162109375
953.619140625
988.441650390625
983.6316528320312
988.2491455078125
989.9241333007812
990.0716552734375
986.9541625976562
977.9291381835938
981.7191162109375
989.461669921875
986.2391357421875
990.6266479492188
982.744140625
980.796630859375
985.6066284179688
988.796630859375
986.6566162109375
989.6841430664062
988.9566650390625
987.7916259765625
988.5941162109375
990.5816650390625
988.744140625
990.1141357421875
991.171630859375
988.1841430664062
989.0441284179688
988.3516235351562
990.8966674804688
988.3141479492188
987.5741577148438
988.9791259765625
989.401611328125
990.7091674804688
988.0216674804688
989.839111328125
990.369140625
989.91162109375
990.6016235351562
991.0816650390625
991.5216674804688
991.4866333007812
991.7166137695312
969.7516479492188
963.4141235351562
971.431640625
970.796630859375
974.1966552734375
977.1666259765625
947.7941284179688
963.70166015625
972.7991333007812
971.681640625
931.056640625
978.1966552734375
980.76416015625
964.84912109375
936.9391479492188
982.01416015625
962.4816284179688
974.839111328125
974.6116333007812
970.806640625
979.8141479492188
979.066650390625
982.1141357421875
981.6216430664062
983.8341674804688
980.7791137695312
981.494140625
983.72412109375
979.70166015625
982.431640625
948.5416259765625
948.0291137695312
945.3291625976562
975.2391357421875
949.4541625976562
942.274169921875
940.211669921875
958.7916259765625
949.6366577148438
944.5516357421875
980.4766235351562
979.7566528320312
951.2466430664062
941.6441650390625
968.3766479492188
970.4766235351562
950.0016479492188
963.5416259765625
948.8616333007812
960.254150390625
971.0316162109375
980.4966430664062
962.1541137695312
956.0341186523438
961.4466552734375
976.3291625976562
974.4441528320312
972.6741333007812
969.4266357421875
984.901611328125
979.6466674804688
979.2916259765625
981.691650390625
972.8316650390625
961.7591552734375
965.9391479492188
977.0116577148438
985.1741333007812
969.806640625
983.931640625
970.191650390625
978.4541625976562
984.0966186523438
983.8741455078125
871.921630859375
778.26416015625
875.7816162109375
880.671630859375
887.839111328125
906.0641479492188
954.9291381835938
946.0391235351562
913.3766479492188
957.9591674804688
924.9966430664062
966.0416259765625
966.0791625976562
960.7291259765625
964.4466552734375
966.494140625
964.2066650390625
969.6341552734375
965.9266357421875
951.0116577148438
967.1566162109375
964.6441650390625
967.38916015625
969.6066284179688
972.72412109375
970.921630859375
971.379150390625
973.734130859375
971.1766357421875
964.4891357421875
970.1966552734375
964.0066528320312
969.494140625
968.4691162109375
958.994140625
954.619140625
953.5341186523438
954.9066162109375
957.879150390625
955.4991455078125
956.3741455078125
945.4066162109375
952.0641479492188
950.546630859375
946.5191650390625
958.586669921875
948.4891357421875
958.8766479492188
982.4491577148438
963.6041259765625
964.1791381835938
979.5966186523438
973.9791259765625
983.3416137695312
977.0916137695312
979.7216186523438
976.6341552734375
970.921630859375
970.3016357421875
969.244140625
974.5191650390625
977.5316162109375
976.0291137695312
976.1441650390625
985.2716674804688
973.3716430664062
979.816650390625
954.9816284179688
979.681640625
979.859130859375
986.4791259765625
978.431640625
984.4491577148438
987.82666015625
984.941650390625
980.5166625976562
986.964111328125
986.7466430664062
979.899169921875
982.7366333007812
982.0341186523438
984.7691650390625
988.2291259765625
985.274169921875
978.8616333007812
952.7516479492188
988.3641357421875
989.3716430664062
981.9291381835938
981.119140625
984.734130859375
988.4066162109375
988.84912109375
990.4491577148438
985.4166259765625
991.5216674804688
981.2816162109375
982.1991577148438
991.07666015625
980.6466674804688
986.619140625
990.421630859375
984.776611328125
991.6941528320312
987.901611328125
991.57666015625
987.774169921875
990.6316528320312
975.9391479492188
990.526611328125
990.7066650390625
977.6316528320312
980.4891357421875
989.8941650390625
988.7691650390625
991.1041259765625
991.149169921875
986.546630859375
989.9291381835938
989.4966430664062
973.03662109375
985.0716552734375
970.296630859375
989.339111328125
990.0091552734375
990.9466552734375
983.2516479492188
981.70166015625
972.0591430664062
987.1791381835938
970.3941650390625
987.6466674804688
991.056640625
965.941650390625
980.1991577148438
981.8141479492188
981.609130859375
988.3741455078125
981.4266357421875
980.8191528320312
978.3091430664062
986.2816162109375
978.3866577148438
990.8416137695312
979.5441284179688
986.6366577148438
982.1316528320312
978.7316284179688
988.88916015625
977.4716186523438
975.0616455078125
957.806640625
981.1466674804688
984.16162109375
816.2941284179688
960.1641235351562
950.306640625
961.6466674804688
966.7166137695312
965.2366333007812
971.004150390625
966.0441284179688
967.1416625976562
957.6466674804688
971.6266479492188
973.59912109375
973.3141479492188
968.8441162109375
966.8616333007812
962.6416625976562
954.4466552734375
956.1366577148438
955.211669921875
966.0641479492188
958.2166137695312
962.8441162109375
967.3441162109375
981.3091430664062
976.089111328125
980.22412109375
977.8016357421875
982.4491577148438
986.7616577148438
978.7216186523438
982.8016357421875
982.7191162109375
986.4166259765625
989.4966430664062
988.774169921875
988.2491455078125
991.4666137695312
986.3816528320312
988.1891479492188
989.3566284179688
988.3441162109375
986.9266357421875
980.774169921875
987.3091430664062
988.004150390625
978.0191650390625
982.72412109375
989.5091552734375
988.3566284179688
980.0191650390625
959.3866577148438
846.7691650390625
962.4541625976562
970.6216430664062
969.6891479492188
967.8016357421875
964.1166381835938
972.566650390625
973.6466674804688
973.45166015625
974.9391479492188
969.8216552734375
957.0541381835938
956.72412109375
954.1841430664062
964.8741455078125
972.5916137695312
965.5216674804688
981.4141235351562
986.9591674804688
983.4391479492188
990.0641479492188
984.379150390625
986.5316162109375
985.0691528320312
990.8566284179688
984.20166015625
990.0516357421875
989.0416259765625
976.4141235351562
985.95166015625
869.8341674804688
966.026611328125
954.8966674804688
969.8041381835938
971.9916381835938
975.0166625976562
971.421630859375
955.2616577148438
961.8441162109375
960.8541259765625
959.7366333007812
971.1241455078125
971.3216552734375
988.4091186523438
980.6691284179688
984.6216430664062
987.1891479492188
991.38916015625
987.4141235351562
986.6366577148438
971.2416381835938
983.964111328125
989.78662109375
979.9341430664062
987.6366577148438
970.4916381835938
974.1691284179688
973.7291259765625
955.9141235351562
961.0091552734375
969.214111328125
963.1116333007812
971.931640625
976.191650390625
984.1066284179688
991.2066650390625
974.816650390625
976.711669921875
876.2216186523438
973.0441284179688
972.1991577148438
968.5291137695312
976.0291137695312
972.046630859375
958.379150390625
974.0341186523438
958.3941650390625
965.1116333007812
962.3641357421875
988.0416259765625
977.776611328125
978.5441284179688
989.4166259765625
973.2166137695312
970.6466674804688
960.2616577148438
964.91162109375
989.774169921875
989.4666137695312
973.6991577148438
972.7191162109375
976.5691528320312
971.3316650390625
990.5166625976562
990.9791259765625
988.9366455078125
985.4041137695312
986.4566650390625
984.6241455078125
987.2591552734375
884.3191528320312
979.7716674804688
990.9716186523438
986.1666259765625
985.6441650390625
987.0966186523438
973.181640625
969.5516357421875
979.1216430664062
975.6216430664062
988.3141479492188
989.7891235351562
987.3941650390625
989.526611328125
898.5291137695312
991.4966430664062
990.589111328125
991.2066650390625
917.964111328125
973.4191284179688
981.441650390625
907.4991455078125
965.8191528320312
984.4966430664062
981.5216674804688
945.6641235351562
950.3191528320312
989.9041137695312
952.089111328125
983.5166625976562
983.4766235351562
982.3641357421875
955.1741333007812
984.7916259765625
985.4991455078125
983.5391235351562
991.4566650390625
986.6441650390625
961.3291625976562
984.3041381835938
979.6891479492188
991.3016357421875
983.1166381835938
963.7391357421875
990.32666015625
958.2891235351562
973.129150390625
986.6666259765625
991.4666137695312
983.7941284179688
990.7366333007812
985.1266479492188
988.34912109375
