9.876351576561311e-42
616.3521118164062
704.754638671875
588.9470825195312
650.2620849609375
590.7821044921875
729.1996459960938
732.8846435546875
673.7071533203125
951.9671020507812
687.5921020507812
929.3296508789062
933.339599609375
977.7296142578125
963.2646484375
910.649658203125
990.7221069335938
955.129638671875
990.152099609375
906.8121337890625
986.5196533203125
991.067138671875
778.629638671875
840.6996459960938
829.4296264648438
990.4471435546875
991.3146362304688
936.3721313476562
952.027099609375
991.4721069335938
976.3096313476562
992.254638671875
926.2521362304688
982.05712890625
965.80712890625
968.6046142578125
961.287109375
963.6021118164062
994.2421264648438
965.8546142578125
966.152099609375
966.18212890625
668.109619140625
848.99462890625
585.5346069335938
696.6946411132812
766.8346557617188
909.1696166992188
974.2371215820312
778.2896118164062
952.9546508789062
989.277099609375
937.649658203125
990.599609375
750.0321044921875
988.5196533203125
886.9071044921875
979.4796142578125
992.24462890625
969.879638671875
772.0446166992188
914.6696166992188
660.9471435546875
848.4896240234375
746.9571533203125
986.9571533203125
990.0746459960938
959.3446044921875
811.9796142578125
980.2921142578125
976.0446166992188
962.7171020507812
739.287109375
871.8946533203125
692.7096557617188
823.2896118164062
987.9271240234375
991.024658203125
799.964599609375
981.5971069335938
963.8271484375
963.9971313476562
860.9171142578125
923.5421142578125
893.2096557617188
990.0921020507812
990.7596435546875
990.8446044921875
980.2596435546875
966.837158203125
918.4371337890625
781.234619140625
990.74462890625
983.484619140625
965.9371337890625
951.734619140625
990.68212890625
991.9496459960938
968.2196044921875
844.0696411132812
871.3346557617188
990.474609375
969.149658203125
968.6746215820312
817.4271240234375
943.6671142578125
885.287109375
991.6396484375
962.5971069335938
977.089599609375
892.4096069335938
961.3871459960938
926.61962890625
979.4071044921875
965.2221069335938
941.662109375
967.5346069335938
823.1746215820312
970.1346435546875
890.5021362304688
982.0296020507812
957.2621459960938
979.3771362304688
975.5171508789062
979.6796264648438
982.817138671875
980.3871459960938
983.4046020507812
992.1171264648438
981.0771484375
983.55712890625
863.3721313476562
986.1221313476562
987.7696533203125
988.8021240234375
990.0071411132812
919.2521362304688
969.8421020507812
975.2921142578125
967.6646118164062
980.5496215820312
976.9396362304688
970.0746459960938
976.5346069335938
980.9721069335938
984.8146362304688
986.6946411132812
988.1121215820312
989.3621215820312
988.1171264648438
989.652099609375
990.8096313476562
990.8946533203125
991.162109375
991.1396484375
992.462158203125
992.2321166992188
992.224609375
992.7996215820312
993.3771362304688
994.6471557617188
995.49462890625
643.2421264648438
665.9696044921875
635.0321044921875
658.7921142578125
642.4371337890625
695.652099609375
758.859619140625
700.0746459960938
769.8421020507812
772.1946411132812
627.6596069335938
704.5096435546875
800.1321411132812
639.192138671875
831.214599609375
689.7646484375
755.224609375
918.962158203125
700.2096557617188
912.3146362304688
882.1546020507812
711.2371215820312
597.9196166992188
934.1321411132812
871.5521240234375
834.9396362304688
740.4771118164062
803.1146240234375
848.0796508789062
644.1171264648438
878.442138671875
827.8846435546875
870.027099609375
816.4921264648438
655.8946533203125
666.7596435546875
636.1746215820312
704.7646484375
745.3646240234375
632.0621337890625
755.8146362304688
753.527099609375
884.537109375
743.2021484375
812.3646240234375
675.974609375
933.1571044921875
781.3771362304688
934.6871337890625
671.3271484375
684.3296508789062
854.589599609375
708.0121459960938
933.8921508789062
825.4371337890625
670.7996215820312
755.3896484375
961.1471557617188
836.754638671875
721.4696044921875
809.3896484375
778.1146240234375
841.9871215820312
683.1996459960938
874.1321411132812
715.5821533203125
718.1796264648438
903.9696044921875
855.442138671875
756.912109375
810.3646240234375
809.6846313476562
748.1771240234375
878.297119140625
880.7671508789062
869.9696044921875
860.1246337890625
896.7196044921875
916.6446533203125
794.3296508789062
894.43212890625
817.7371215820312
948.4071044921875
848.8121337890625
939.3296508789062
878.1121215820312
896.0921020507812
922.8746337890625
888.1646118164062
897.2521362304688
904.2371215820312
922.8946533203125
934.8846435546875
948.24462890625
955.899658203125
965.0846557617188
908.2921142578125
916.912109375
890.4796142578125
780.152099609375
746.0446166992188
753.9071044921875
737.5546264648438
726.2896118164062
627.2371215820312
636.757080078125
665.6671142578125
901.6371459960938
821.3521118164062
857.787109375
814.7996215820312
783.8271484375
632.6571044921875
649.0745849609375
671.5721435546875
652.194580078125
709.609619140625
830.3346557617188
810.277099609375
663.6046142578125
691.9446411132812
813.8046264648438
704.599609375
896.817138671875
779.964599609375
929.5821533203125
784.3821411132812
756.9396362304688
783.6121215820312
878.754638671875
633.662109375
766.109619140625
679.297119140625
789.8746337890625
709.0346069335938
695.3421020507812
778.922119140625
905.5146484375
798.9071044921875
637.8096313476562
722.504638671875
683.8196411132812
822.162109375
644.4520874023438
672.537109375
822.8446044921875
743.4096069335938
688.6471557617188
883.2946166992188
780.8771362304688
824.6146240234375
664.0771484375
804.1671142578125
703.5296020507812
650.6345825195312
700.5721435546875
709.3896484375
721.5346069335938
811.734619140625
726.412109375
690.379638671875
748.7321166992188
721.3471069335938
819.3821411132812
749.0221557617188
821.6121215820312
768.80712890625
749.662109375
773.337158203125
806.4571533203125
800.4871215820312
812.4446411132812
822.6371459960938
815.7271118164062
827.4471435546875
827.6271362304688
898.402099609375
916.5946044921875
916.7696533203125
944.6696166992188
937.0971069335938
977.922119140625
924.5496215820312
816.902099609375
842.2921142578125
955.1546020507812
853.8821411132812
926.5646362304688
966.274658203125
846.3446044921875
739.4721069335938
874.774658203125
956.6646118164062
984.6021118164062
985.5071411132812
995.0396118164062
983.9171142578125
990.274658203125
993.277099609375
994.6946411132812
995.004638671875
986.224609375
990.462158203125
995.2571411132812
885.1471557617188
823.8196411132812
954.037109375
910.68212890625
974.2921142578125
947.504638671875
808.2046508789062
989.2896118164062
981.8646240234375
994.1596069335938
995.0846557617188
987.0771484375
995.30712890625
890.0446166992188
883.8121337890625
932.0746459960938
891.349609375
986.9046020507812
925.6121215820312
903.3296508789062
975.349609375
948.2221069335938
989.0796508789062
947.9396362304688
854.099609375
963.9796142578125
964.6446533203125
900.1321411132812
995.7296142578125
973.6546020507812
980.43212890625
943.9071044921875
977.5321044921875
984.839599609375
969.9721069335938
995.224609375
985.109619140625
980.8521118164062
993.399658203125
989.5096435546875
989.4671020507812
993.1046142578125
996.0446166992188
989.4671020507812
993.2296142578125
995.4296264648438
990.8646240234375
990.9346313476562
993.8196411132812
994.9196166992188
994.1771240234375
963.4871215820312
962.317138671875
978.8721313476562
978.317138671875
980.3246459960938
982.7596435546875
985.5746459960938
986.2046508789062
987.2196044921875
987.4296264648438
986.6696166992188
988.5596313476562
989.2296142578125
988.0796508789062
988.6071166992188
989.8321533203125
993.4971313476562
994.7021484375
995.474609375
995.80712890625
995.589599609375
763.287109375
725.99462890625
676.5746459960938
936.0946044921875
983.4046020507812
887.6896362304688
882.1171264648438
988.1971435546875
995.6146240234375
745.1696166992188
972.2221069335938
962.1221313476562
904.0946044921875
986.9071044921875
995.777099609375
891.2071533203125
986.484619140625
898.504638671875
942.6971435546875
927.8821411132812
792.4346313476562
992.234619140625
974.9296264648438
978.024658203125
985.5171508789062
843.1421508789062
990.3896484375
973.2846069335938
995.9546508789062
989.9046020507812
995.8271484375
993.1246337890625
994.442138671875
993.2721557617188
991.6596069335938
991.109619140625
991.5121459960938
994.0146484375
989.609619140625
935.5146484375
881.6546020507812
982.68212890625
853.1346435546875
934.5121459960938
992.4171142578125
884.9146118164062
992.0546264648438
987.537109375
924.0921020507812
984.9446411132812
988.9346313476562
973.6421508789062
995.5646362304688
981.609619140625
969.7696533203125
990.8521118164062
991.1846313476562
992.4721069335938
993.3146362304688
992.2046508789062
995.8521118164062
991.0346069335938
990.3646240234375
991.3421020507812
920.9921264648438
989.4146118164062
852.7921142578125
981.7321166992188
905.43212890625
936.7396240234375
986.8146362304688
989.9446411132812
992.6321411132812
977.4996337890625
992.6646118164062
992.4596557617188
990.99462890625
990.4821166992188
974.1871337890625
993.3546142578125
983.2571411132812
994.2596435546875
993.5196533203125
990.9046020507812
991.0296020507812
994.9171142578125
975.3546142578125
884.912109375
991.7946166992188
986.192138671875
994.3671264648438
992.1321411132812
991.6246337890625
994.359619140625
923.7396240234375
954.2921142578125
992.214599609375
990.484619140625
993.4396362304688
982.027099609375
982.0621337890625
990.1346435546875
993.8246459960938
995.6071166992188
995.2271118164062
996.3971557617188
978.9146118164062
992.7046508789062
992.609619140625
990.5346069335938
996.274658203125
992.2296142578125
993.6771240234375
996.024658203125
994.6221313476562
994.8321533203125
991.2171020507812
991.649658203125
991.2821044921875
992.7021484375
994.0196533203125
994.9071044921875
995.5321044921875
995.9271240234375
995.212158203125
994.277099609375
993.2071533203125
993.2946166992188
992.1996459960938
992.4521484375
979.2846069335938
973.5021362304688
977.5596313476562
977.49462890625
982.527099609375
981.734619140625
965.6071166992188
973.6446533203125
976.8296508789062
972.9446411132812
936.6171264648438
980.5071411132812
984.4771118164062
969.774658203125
942.3446044921875
981.9296264648438
968.7296142578125
981.214599609375
975.4346313476562
971.5771484375
981.8946533203125
977.4921264648438
983.3196411132812
986.9971313476562
984.2021484375
988.4096069335938
987.6996459960938
986.4371337890625
983.9246215820312
986.1971435546875
953.974609375
967.099609375
968.0321044921875
979.024658203125
956.0846557617188
949.7896118164062
967.6546020507812
961.7796020507812
972.3821411132812
950.9821166992188
981.2321166992188
988.6146240234375
959.8846435546875
953.662109375
966.1246337890625
975.1696166992188
954.3946533203125
969.839599609375
970.8446044921875
978.9771118164062
971.6596069335938
981.7796020507812
964.5121459960938
969.4696044921875
966.0496215820312
975.442138671875
976.2171020507812
971.3446044921875
974.1371459960938
982.4496459960938
978.3921508789062
978.1671142578125
984.2796020507812
979.7846069335938
973.5346069335938
975.3471069335938
979.5071411132812
984.4071044921875
975.0546264648438
981.5696411132812
979.7846069335938
984.5821533203125
983.7421264648438
989.537109375
889.0096435546875
790.3946533203125
882.0821533203125
893.412109375
905.6596069335938
923.317138671875
963.9396362304688
956.0796508789062
930.3571166992188
965.589599609375
941.8971557617188
975.1271362304688
978.8546142578125
979.9371337890625
979.774658203125
980.7646484375
978.652099609375
977.2596435546875
980.4721069335938
968.6571044921875
980.912109375
974.2271118164062
977.1971435546875
979.9246215820312
983.152099609375
982.3421020507812
982.6271362304688
983.3871459960938
978.9546508789062
979.192138671875
978.9771118164062
979.1171264648438
979.1546020507812
977.6371459960938
969.1121215820312
961.4521484375
965.5946044921875
970.1471557617188
966.0546264648438
960.589599609375
958.1321411132812
964.0196533203125
968.4721069335938
966.7896118164062
968.8621215820312
964.4046020507812
964.6371459960938
968.5721435546875
986.9721069335938
974.4571533203125
983.4521484375
985.9721069335938
978.6571044921875
989.0646362304688
983.2171020507812
986.4396362304688
983.1946411132812
984.6121215820312
984.129638671875
984.3046264648438
985.2296142578125
986.9071044921875
986.1271362304688
985.80712890625
989.7471313476562
985.7671508789062
987.6396484375
968.8346557617188
987.0621337890625
987.4921264648438
991.8046264648438
990.0546264648438
990.0796508789062
993.6421508789062
989.4196166992188
985.849609375
992.0921020507812
989.3021240234375
990.6696166992188
986.43212890625
987.6271362304688
986.3646240234375
993.74462890625
985.9796142578125
990.7046508789062
972.4896240234375
990.277099609375
988.5096435546875
991.422119140625
990.2046508789062
989.2946166992188
991.7196044921875
985.8721313476562
991.4996337890625
989.2996215820312
994.49462890625
978.402099609375
979.787109375
991.0321044921875
980.087158203125
989.349609375
994.5496215820312
988.1871337890625
991.2321166992188
989.0971069335938
991.3196411132812
990.287109375
991.0946044921875
978.6346435546875
990.339599609375
991.9796142578125
980.3346557617188
984.1021118164062
991.3846435546875
993.129638671875
995.192138671875
995.714599609375
990.8321533203125
997.1771240234375
997.61962890625
980.61962890625
989.589599609375
978.524658203125
997.7421264648438
997.797119140625
991.5646362304688
987.0546264648438
984.149658203125
979.0321044921875
992.0146484375
977.5496215820312
992.2421264648438
991.474609375
974.0421142578125
986.0446166992188
984.8821411132812
988.2596435546875
993.93212890625
983.7921142578125
984.099609375
982.224609375
991.4521484375
979.1396484375
994.004638671875
977.6321411132812
990.3446044921875
982.629638671875
978.129638671875
990.5321044921875
972.9546508789062
972.2521362304688
963.43212890625
985.4996337890625
987.1771240234375
830.8321533203125
968.4046020507812
958.8621215820312
974.6796264648438
977.5621337890625
979.399658203125
982.599609375
979.9796142578125
981.0696411132812
974.462158203125
982.8271484375
983.6996459960938
984.422119140625
979.6396484375
979.2646484375
973.8421020507812
959.0821533203125
965.7471313476562
972.0921020507812
972.3146362304688
972.5071411132812
977.8321533203125
978.7621459960938
987.4096069335938
985.80712890625
986.099609375
988.8246459960938
987.4346313476562
989.7421264648438
989.859619140625
986.0521240234375
990.9771118164062
986.6121215820312
993.4921264648438
989.8471069335938
986.9571533203125
992.1421508789062
986.9896240234375
990.337158203125
993.724609375
993.4171142578125
991.3271484375
985.1846313476562
991.9771118164062
992.1746215820312
980.68212890625
986.8121337890625
994.162109375
992.7071533203125
982.2996215820312
967.7071533203125
848.3971557617188
969.7896118164062
980.004638671875
981.2621459960938
979.899658203125
977.8971557617188
984.4371337890625
980.1871337890625
985.6596069335938
984.2521362304688
979.649658203125
964.1371459960938
966.3846435546875
962.4996337890625
981.1321411132812
982.837158203125
983.3421020507812
984.5921020507812
993.6796264648438
987.724609375
992.297119140625
985.4371337890625
991.462158203125
987.5721435546875
991.7571411132812
987.8421020507812
993.5171508789062
991.412109375
980.8771362304688
987.2271118164062
884.9346313476562
974.2821044921875
963.3121337890625
981.2671508789062
983.9546508789062
986.3196411132812
980.0296020507812
969.9171142578125
967.86962890625
963.5496215820312
981.464599609375
983.589599609375
985.0196533203125
995.3471069335938
989.9471435546875
988.7696533203125
990.6021118164062
991.9871215820312
989.7521362304688
989.462158203125
978.0346069335938
985.527099609375
991.9246215820312
977.8146362304688
988.5596313476562
981.1396484375
981.474609375
985.1971435546875
965.652099609375
973.9696044921875
974.3146362304688
980.9546508789062
983.9396362304688
985.649658203125
986.0721435546875
991.9571533203125
980.5696411132812
981.5546264648438
885.7021484375
983.0171508789062
983.2271118164062
981.0346069335938
985.712158203125
980.5346069335938
969.774658203125
979.004638671875
979.5621337890625
983.2521362304688
972.1471557617188
995.1396484375
983.5421142578125
984.9521484375
988.8046264648438
983.7646484375
982.254638671875
979.1571044921875
983.922119140625
994.9896240234375
989.3821411132812
983.1646118164062
983.349609375
980.8571166992188
984.8271484375
993.5421142578125
989.7896118164062
991.3971557617188
988.5796508789062
988.2646484375
990.399658203125
991.442138671875
893.859619140625
988.1796264648438
992.6696166992188
990.047119140625
988.254638671875
991.3671264648438
983.0821533203125
980.5321044921875
985.224609375
985.0771484375
992.8971557617188
994.399658203125
992.4546508789062
989.7321166992188
908.7521362304688
993.2921142578125
990.2396240234375
995.8921508789062
926.6321411132812
981.587158203125
989.2271118164062
922.0621337890625
979.6846313476562
987.5446166992188
985.7371215820312
955.3896484375
961.4396362304688
989.6671142578125
961.8571166992188
987.8096313476562
985.9771118164062
987.9196166992188
964.0221557617188
989.1171264648438
985.902099609375
987.339599609375
991.7646484375
985.0296020507812
968.7096557617188
988.7796020507812
979.8246459960938
992.5421142578125
988.49462890625
975.0821533203125
992.912109375
967.462158203125
982.8621215820312
984.0321044921875
991.8146362304688
977.4346313476562
995.8746337890625
988.339599609375
989.1321411132812
