9.876351576561311e-42
615.5886840820312
703.4561767578125
588.4212036132812
649.3062133789062
590.1511840820312
728.066162109375
731.7561645507812
672.8486938476562
950.063720703125
686.8662109375
927.5686645507812
931.6087036132812
975.543701171875
961.378662109375
908.9636840820312
988.5587158203125
953.2286987304688
988.0811767578125
905.188720703125
984.638671875
989.0211791992188
777.566162109375
839.3486938476562
828.2811889648438
988.5261840820312
989.3836669921875
934.701171875
950.6862182617188
989.8436889648438
974.6162109375
990.5311889648438
925.2561645507812
980.4636840820312
964.6536865234375
967.0686645507812
959.9761962890625
962.2362060546875
992.8911743164062
964.6436767578125
964.7362060546875
964.9962158203125
667.076171875
846.8486938476562
584.9761962890625
695.5386962890625
765.6812133789062
907.5161743164062
972.1336669921875
777.251220703125
951.1162109375
987.1411743164062
935.8087158203125
988.5936889648438
748.9987182617188
986.6436767578125
885.481201171875
977.8062133789062
990.7161865234375
968.3062133789062
770.3961791992188
912.6436767578125
660.106201171875
847.0462036132812
745.9736938476562
984.9362182617188
987.981201171875
957.4136962890625
810.648681640625
978.4061889648438
974.4362182617188
961.4636840820312
737.9111938476562
870.126220703125
691.7236938476562
821.878662109375
985.8486938476562
988.8662109375
798.6011962890625
979.7337036132812
962.6961669921875
962.7036743164062
859.3311767578125
921.701171875
891.5587158203125
988.0537109375
988.7161865234375
988.9136962890625
978.3336791992188
965.4736938476562
916.7412109375
779.9461669921875
988.7362060546875
981.5686645507812
964.5986938476562
949.9312133789062
988.6611938476562
990.253662109375
966.7487182617188
842.5512084960938
869.7161865234375
988.576171875
967.7686767578125
967.201171875
815.961181640625
941.888671875
883.6812133789062
989.9761962890625
961.086181640625
975.563720703125
890.7661743164062
959.5562133789062
924.8612060546875
977.898681640625
963.3936767578125
939.8612060546875
965.9212036132812
821.7586669921875
968.4636840820312
888.90869140625
980.1436767578125
955.441162109375
977.7911987304688
973.6187133789062
978.1237182617188
980.938720703125
978.731201171875
981.5161743164062
990.5562133789062
979.4337158203125
981.701171875
861.8637084960938
984.3062133789062
985.961181640625
986.9937133789062
988.128662109375
917.5587158203125
967.9061889648438
973.3637084960938
965.7462158203125
978.6511840820312
974.9962158203125
968.1187133789062
974.5811767578125
979.03369140625
982.9061889648438
984.793701171875
986.2161865234375
987.4862060546875
986.22119140625
987.65869140625
988.8587036132812
988.9061889648438
989.2236938476562
989.4011840820312
990.8386840820312
990.6411743164062
990.7437133789062
991.3336791992188
991.938720703125
993.4136962890625
994.313720703125
641.898681640625
664.3436889648438
633.9987182617188
657.2286987304688
641.2962036132812
694.0911865234375
756.7761840820312
698.5711669921875
767.65869140625
770.388671875
626.7761840820312
702.9736938476562
798.2161865234375
638.1361694335938
829.2412109375
688.2987060546875
753.2987060546875
916.6737060546875
698.7061767578125
910.1087036132812
879.773681640625
709.638671875
597.2236938476562
931.4136962890625
869.076171875
832.6436767578125
738.7186889648438
800.9287109375
845.7886962890625
643.1461791992188
875.9561767578125
825.65869140625
867.711181640625
814.4161987304688
654.4887084960938
665.2661743164062
635.1787109375
703.0537109375
743.451171875
631.1561889648438
754.0487060546875
751.7186889648438
882.3536987304688
741.3911743164062
810.1986694335938
674.6862182617188
930.7987060546875
779.273681640625
932.1862182617188
669.888671875
682.9111938476562
852.4312133789062
706.4337158203125
931.47119140625
822.8112182617188
669.4586791992188
753.47119140625
958.3236694335938
834.4636840820312
719.8612060546875
807.2286987304688
776.1837158203125
839.253662109375
681.7786865234375
871.9736938476562
713.9761962890625
716.576171875
901.7161865234375
853.1787109375
755.0537109375
807.9937133789062
807.47119140625
746.4486694335938
875.378662109375
878.4962158203125
867.2962036132812
857.8411865234375
894.3511962890625
914.1036987304688
792.4362182617188
891.9287109375
815.793701171875
945.5261840820312
846.763671875
936.5286865234375
875.5386962890625
893.8311767578125
920.4987182617188
885.898681640625
895.0487060546875
901.9962158203125
920.5462036132812
932.4161987304688
945.4937133789062
953.0386962890625
962.1461791992188
901.3687133789062
909.8936767578125
883.7811889648438
775.8811645507812
742.5612182617188
750.2711791992188
734.3087158203125
723.3386840820312
626.0562133789062
635.4436645507812
663.9362182617188
894.711181640625
816.5911865234375
851.9111938476562
810.2437133789062
779.6636962890625
631.3936767578125
647.5512084960938
669.6762084960938
650.6336669921875
706.938720703125
826.691162109375
806.6162109375
661.9011840820312
689.813720703125
810.878662109375
702.6461791992188
890.03369140625
775.7136840820312
922.3712158203125
780.03369140625
753.3012084960938
779.4536743164062
872.2286987304688
632.3612060546875
762.3062133789062
677.2786865234375
786.2337036132812
706.7561645507812
693.2236938476562
774.7061767578125
898.606201171875
794.451171875
636.47119140625
719.5786743164062
681.8211669921875
816.8861694335938
643.001220703125
670.668701171875
817.5261840820312
740.1712036132812
686.4837036132812
876.72119140625
776.7786865234375
819.2611694335938
662.3386840820312
799.7861938476562
701.1737060546875
649.1187133789062
698.211181640625
706.8411865234375
718.7412109375
807.3336791992188
723.4436645507812
688.201171875
745.2987060546875
718.5086669921875
814.97119140625
745.6237182617188
817.03369140625
764.9661865234375
746.1936645507812
769.3587036132812
801.97119140625
796.0361938476562
807.813720703125
817.8836669921875
810.9436645507812
822.2911987304688
822.2387084960938
891.5537109375
909.5061645507812
909.4736938476562
937.0211791992188
929.6311645507812
970.8062133789062
917.6336669921875
812.5487060546875
837.231201171875
947.9262084960938
849.1212158203125
922.0512084960938
961.6112060546875
843.263671875
736.97119140625
871.5936889648438
952.3961791992188
980.3062133789062
980.8712158203125
991.0462036132812
979.501220703125
986.126220703125
989.2987060546875
990.5462036132812
990.8911743164062
982.543701171875
986.938720703125
991.3112182617188
878.918701171875
819.5286865234375
947.441162109375
907.4337158203125
970.0211791992188
943.9486694335938
805.566162109375
984.9362182617188
977.7761840820312
990.1561889648438
991.168701171875
983.388671875
991.503662109375
884.34619140625
880.7261962890625
928.7261962890625
888.2412109375
982.9887084960938
919.3286743164062
899.2811889648438
971.6936645507812
944.7337036132812
985.043701171875
942.9486694335938
850.3511962890625
960.3836669921875
959.2711791992188
896.711181640625
991.6961669921875
968.65869140625
975.648681640625
940.001220703125
972.9962158203125
980.376220703125
965.9486694335938
991.15869140625
980.9862060546875
977.076171875
989.398681640625
985.2086791992188
985.231201171875
989.1162109375
991.9161987304688
985.3612060546875
989.28369140625
991.3637084960938
986.8012084960938
987.013671875
989.7611694335938
990.918701171875
990.3037109375
955.7487182617188
954.6787109375
972.0161743164062
971.8536987304688
974.6311645507812
977.4136962890625
980.461181640625
981.0537109375
982.2911987304688
982.53369140625
982.2487182617188
984.4061889648438
985.0886840820312
984.148681640625
984.6936645507812
986.0786743164062
989.8486938476562
990.9736938476562
991.6461791992188
992.1212158203125
991.9312133789062
760.9312133789062
723.8836669921875
674.8587036132812
932.441162109375
979.1936645507812
884.4786987304688
879.2362060546875
984.043701171875
992.0612182617188
743.0686645507812
968.2036743164062
958.1036987304688
900.6636962890625
983.003662109375
992.2686767578125
888.023681640625
982.1361694335938
895.2462158203125
939.0261840820312
924.1837158203125
789.9937133789062
987.8836669921875
970.6536865234375
973.6862182617188
981.1636962890625
840.3511962890625
986.0936889648438
969.3587036132812
991.7761840820312
985.7462158203125
991.5811767578125
988.8587036132812
990.1336669921875
989.0711669921875
987.6036987304688
987.251220703125
987.8436889648438
990.6862182617188
986.1611938476562
931.5986938476562
878.5786743164062
978.4736938476562
851.0462036132812
931.1862182617188
989.0587158203125
882.7036743164062
988.84619140625
983.84619140625
921.7586669921875
981.8311767578125
985.6137084960938
970.7236938476562
992.4486694335938
978.563720703125
966.8311767578125
987.701171875
988.003662109375
989.3587036132812
990.2261962890625
989.0911865234375
993.1011962890625
988.28369140625
987.7661743164062
989.211181640625
917.326171875
986.023681640625
850.418701171875
977.8087158203125
902.6336669921875
933.961181640625
983.6112060546875
986.876220703125
989.4262084960938
974.501220703125
989.5487060546875
989.4661865234375
988.2861938476562
987.9337158203125
969.9761962890625
989.8511962890625
979.5711669921875
990.9561767578125
990.5786743164062
988.388671875
988.6636962890625
991.326171875
971.4561767578125
882.9061889648438
988.5911865234375
983.1162109375
991.4536743164062
989.6536865234375
989.3087158203125
990.9061889648438
921.5462036132812
951.1162109375
988.8687133789062
987.4461669921875
990.9736938476562
979.128662109375
979.1087036132812
987.043701171875
990.751220703125
992.201171875
992.3386840820312
993.191162109375
975.263671875
989.5811767578125
990.3186645507812
987.1986694335938
993.211181640625
990.188720703125
990.4786987304688
993.1137084960938
991.566162109375
992.253662109375
988.1837158203125
988.6311645507812
988.59619140625
990.0587158203125
991.4011840820312
991.7261962890625
992.503662109375
993.0686645507812
992.688720703125
991.856201171875
990.9686889648438
991.126220703125
990.2261962890625
990.7786865234375
976.793701171875
970.9937133789062
975.168701171875
975.451171875
980.316162109375
979.6112060546875
964.2036743164062
972.1036987304688
975.4036865234375
971.7236938476562
936.316162109375
978.4287109375
982.4136962890625
968.4736938476562
941.8211669921875
980.1862182617188
967.461181640625
978.8861694335938
974.1812133789062
970.4761962890625
980.4887084960938
976.2861938476562
981.9636840820312
984.9962158203125
982.5736694335938
986.5161743164062
985.90869140625
984.8637084960938
982.2886962890625
984.711181640625
953.2987060546875
966.0836791992188
966.9036865234375
978.0936889648438
955.4987182617188
949.4136962890625
966.6936645507812
961.3112182617188
971.4036865234375
950.7586669921875
980.5186767578125
987.5161743164062
959.4786987304688
953.4312133789062
965.8087158203125
974.6461791992188
954.4061889648438
969.063720703125
969.9837036132812
978.2061767578125
971.191162109375
981.1187133789062
963.6712036132812
968.5786743164062
965.4586791992188
974.753662109375
975.6311645507812
970.8961791992188
973.1411743164062
981.7886962890625
977.7987060546875
977.378662109375
983.5836791992188
978.668701171875
972.3587036132812
974.3236694335938
978.5786743164062
983.53369140625
974.2236938476562
980.8536987304688
979.0612182617188
983.8411865234375
983.03369140625
988.5361938476562
882.451171875
785.9636840820312
875.5261840820312
886.6737060546875
898.731201171875
916.2261962890625
956.513671875
948.6036987304688
923.201171875
958.293701171875
934.586181640625
968.9061889648438
972.9486694335938
974.5711669921875
974.78369140625
975.6112060546875
971.826171875
971.2761840820312
973.8911743164062
964.6661987304688
974.6311645507812
970.7236938476562
973.3936767578125
975.8087158203125
978.0487060546875
976.8336791992188
976.9561767578125
978.7286987304688
975.501220703125
976.063720703125
974.951171875
976.1461791992188
974.951171875
974.8311767578125
966.0411987304688
958.4036865234375
962.8336791992188
966.356201171875
963.5711669921875
957.8836669921875
955.5886840820312
960.7387084960938
965.3737182617188
963.813720703125
965.9212036132812
961.8936767578125
961.751220703125
965.9011840820312
983.7236938476562
972.1561889648438
980.65869140625
984.023681640625
976.4912109375
985.8112182617188
981.2362060546875
984.543701171875
981.106201171875
982.211181640625
981.4436645507812
981.563720703125
982.59619140625
984.8961791992188
984.0261840820312
983.3037109375
986.7711791992188
983.0612182617188
984.793701171875
967.6187133789062
984.7911987304688
984.918701171875
988.9036865234375
988.1461791992188
988.2661743164062
990.6361694335938
986.7286987304688
983.388671875
989.3411865234375
986.7261962890625
988.878662109375
984.211181640625
985.4761962890625
984.1636962890625
991.0512084960938
983.8911743164062
988.9486694335938
971.3662109375
987.7786865234375
987.1311645507812
989.8087158203125
988.4736938476562
986.9937133789062
989.251220703125
984.1311645507812
989.28369140625
987.8511962890625
992.1237182617188
976.9262084960938
978.4837036132812
988.9536743164062
978.8037109375
988.0562133789062
992.1986694335938
986.7886962890625
989.2886962890625
988.1961669921875
989.5261840820312
988.8811645507812
989.2661743164062
978.0512084960938
988.7236938476562
989.878662109375
979.8336791992188
983.47119140625
989.6087036132812
991.5936889648438
993.5811767578125
994.1636962890625
989.7911987304688
995.6611938476562
996.1187133789062
980.0411987304688
988.6336669921875
978.0562133789062
996.336181640625
996.376220703125
990.1011962890625
986.201171875
983.378662109375
978.4962158203125
990.8436889648438
976.9262084960938
991.3336791992188
990.138671875
973.6611938476562
985.2236938476562
984.4036865234375
987.398681640625
992.826171875
983.4561767578125
983.4586791992188
981.543701171875
990.543701171875
978.6311645507812
993.03369140625
977.0537109375
989.606201171875
981.9686889648438
977.5686645507812
989.856201171875
972.47119140625
971.7136840820312
963.3062133789062
985.1137084960938
986.9036865234375
825.4636840820312
961.1961669921875
951.398681640625
967.3737182617188
971.4862060546875
973.6812133789062
976.8936767578125
973.6436767578125
974.9636840820312
970.1361694335938
977.2387084960938
978.7036743164062
979.0512084960938
976.3336791992188
976.128662109375
970.9036865234375
956.188720703125
962.8336791992188
969.253662109375
969.9136962890625
969.3411865234375
975.4061889648438
976.5061645507812
985.5537109375
983.513671875
983.7611694335938
986.8211669921875
984.981201171875
988.0537109375
987.9761962890625
983.7236938476562
989.3186645507812
984.5411987304688
990.9486694335938
987.7962036132812
985.3587036132812
990.1187133789062
986.2086791992188
988.626220703125
992.293701171875
991.9237060546875
990.4887084960938
984.4962158203125
990.7611694335938
991.043701171875
980.5986938476562
986.0086669921875
993.086181640625
991.7061767578125
981.9786987304688
967.576171875
842.7286987304688
962.7661743164062
974.1187133789062
976.2987060546875
973.753662109375
973.15869140625
979.106201171875
976.4962158203125
980.5411987304688
979.47119140625
976.313720703125
960.8286743164062
963.138671875
959.1411743164062
978.7462158203125
980.6536865234375
980.501220703125
982.878662109375
990.8311767578125
985.3836669921875
990.0686645507812
983.5361938476562
990.126220703125
986.2811889648438
990.0261840820312
987.0936889648438
992.418701171875
990.53369140625
980.5512084960938
986.8186645507812
878.438720703125
967.7362060546875
955.8687133789062
975.7412109375
978.701171875
981.4161987304688
976.4586791992188
966.4486694335938
964.3587036132812
961.1436767578125
978.6661987304688
981.293701171875
982.2086791992188
992.378662109375
988.09619140625
986.5411987304688
989.28369140625
990.1237182617188
988.8687133789062
988.5836791992188
977.8186645507812
985.0736694335938
990.9786987304688
977.1837158203125
988.1112060546875
975.4237060546875
977.53369140625
980.1661987304688
962.2036743164062
970.0986938476562
972.0711669921875
978.3737182617188
981.03369140625
983.4486694335938
984.2811889648438
989.8662109375
980.2337036132812
980.8587036132812
879.0911865234375
977.6536865234375
977.6837158203125
975.0562133789062
980.8961791992188
977.0161743164062
966.1511840820312
976.8311767578125
976.7387084960938
980.751220703125
970.7911987304688
992.3286743164062
982.8211669921875
984.22119140625
988.1661987304688
978.4237060546875
976.5936889648438
976.3062133789062
981.2086791992188
992.3386840820312
987.418701171875
978.0261840820312
978.0986938476562
978.836181640625
982.2136840820312
991.2487182617188
987.961181640625
990.4136962890625
987.763671875
987.6636962890625
989.5411987304688
990.6511840820312
887.128662109375
986.09619140625
990.5386962890625
989.1087036132812
987.4937133789062
990.3911743164062
978.2437133789062
977.606201171875
983.2861938476562
982.503662109375
991.8662109375
993.3486938476562
991.4312133789062
989.0061645507812
901.7911987304688
991.09619140625
988.3186645507812
994.691162109375
919.4436645507812
977.8286743164062
987.2561645507812
914.9237060546875
975.03369140625
985.6762084960938
983.3311767578125
947.8811645507812
953.8911743164062
988.8911743164062
954.3612060546875
984.668701171875
983.7036743164062
984.918701171875
956.6011962890625
986.0386962890625
983.7611694335938
985.3087158203125
989.7911987304688
983.023681640625
961.5537109375
985.8737182617188
978.2811889648438
991.7186889648438
985.8612060546875
973.7661743164062
992.376220703125
960.126220703125
978.2086791992188
982.076171875
989.9912109375
975.941162109375
994.2911987304688
985.8211669921875
987.5936889648438
