9.876351576561311e-42
588.5473022460938
713.1047973632812
587.0348510742188
618.0973510742188
587.2322998046875
665.2498168945312
693.934814453125
640.9172973632812
975.0673217773438
659.0648193359375
959.144775390625
963.9998168945312
987.2122802734375
988.3673095703125
959.6873168945312
993.1148071289062
979.5272827148438
990.352294921875
944.6898193359375
979.3048095703125
991.4172973632812
838.0723266601562
906.0322875976562
900.2523193359375
991.7023315429688
990.309814453125
966.8673095703125
971.3972778320312
991.8972778320312
968.96728515625
990.81982421875
954.4298095703125
975.8848266601562
963.5897827148438
965.9323120117188
959.0573120117188
964.829833984375
994.664794921875
958.7847900390625
964.4197998046875
957.8698120117188
659.4848022460938
841.0148315429688
592.0948486328125
680.642333984375
780.7147827148438
935.309814453125
986.56982421875
785.75732421875
970.4298095703125
990.4072875976562
968.1748046875
991.7398071289062
807.5623168945312
983.7548217773438
947.5272827148438
973.84228515625
992.3648071289062
963.1497802734375
798.5498046875
921.5997924804688
598.9698486328125
909.144775390625
745.684814453125
991.5548095703125
991.15478515625
974.75732421875
888.9423217773438
971.3848266601562
968.3673095703125
958.19482421875
750.454833984375
878.1123046875
631.9948120117188
840.7498168945312
991.5447998046875
992.144775390625
877.8023071289062
974.7122802734375
965.9597778320312
961.1047973632812
868.8648071289062
932.4197998046875
943.7922973632812
989.7847900390625
992.9172973632812
991.0773315429688
979.309814453125
963.5673217773438
924.88232421875
753.3148193359375
991.6198120117188
979.2297973632812
960.4622802734375
965.8472900390625
993.7747802734375
991.747314453125
964.579833984375
858.6798095703125
945.934814453125
992.0523071289062
962.4597778320312
962.1072998046875
800.9647827148438
965.71728515625
940.3773193359375
992.1123046875
967.1198120117188
969.2623291015625
914.5972900390625
978.7498168945312
958.6472778320312
970.2998046875
985.267333984375
964.9248046875
966.832275390625
807.4647827148438
966.372314453125
926.082275390625
989.3347778320312
976.0023193359375
970.8873291015625
973.6723022460938
969.4323120117188
987.5523071289062
974.0247802734375
987.7498168945312
993.082275390625
972.0897827148438
977.1398315429688
890.0098266601562
980.5897827148438
982.7348022460938
982.392333984375
986.8447875976562
956.2398071289062
977.454833984375
983.4747924804688
982.9273071289062
990.8673095703125
979.8773193359375
984.0023193359375
985.6723022460938
986.5023193359375
982.5498046875
983.7297973632812
987.1148071289062
987.8123168945312
990.3347778320312
990.3073120117188
988.2498168945312
990.0748291015625
989.5773315429688
989.7423095703125
990.5748291015625
992.5372924804688
992.2222900390625
993.1622924804688
993.332275390625
995.2523193359375
995.6973266601562
627.4573364257812
668.1723022460938
607.914794921875
629.6123046875
623.7223510742188
683.6198120117188
741.8598022460938
679.622314453125
782.2947998046875
752.102294921875
606.2448120117188
684.0523071289062
814.65478515625
604.5473022460938
825.2147827148438
627.349853515625
730.267333984375
939.0247802734375
693.69482421875
927.6697998046875
894.914794921875
685.3773193359375
579.6923217773438
948.6823120117188
841.3848266601562
849.642333984375
762.0847778320312
846.7348022460938
828.5347900390625
620.3223266601562
828.1098022460938
851.6522827148438
842.852294921875
832.8173217773438
656.02978515625
658.7548217773438
636.8173217773438
688.1173095703125
750.77978515625
633.0873413085938
765.1748046875
761.6723022460938
873.8873291015625
720.0723266601562
822.0322875976562
684.9373168945312
940.4197998046875
787.5372924804688
907.7297973632812
694.2222900390625
667.0723266601562
893.46728515625
694.102294921875
945.6572875976562
830.7348022460938
681.0222778320312
757.3123168945312
969.039794921875
870.8073120117188
697.71728515625
830.1823120117188
807.3648071289062
857.4172973632812
684.2197875976562
873.7197875976562
712.0473022460938
722.9423217773438
906.1098022460938
854.9473266601562
737.4647827148438
826.059814453125
795.1522827148438
753.71728515625
878.6198120117188
861.6672973632812
857.2648315429688
890.8547973632812
882.21728515625
910.3372802734375
803.9622802734375
860.8623046875
794.4697875976562
969.90478515625
822.8347778320312
964.2097778320312
909.579833984375
912.90478515625
915.9923095703125
893.6572875976562
918.1823120117188
915.3248291015625
932.5847778320312
939.4323120117188
971.4797973632812
977.9298095703125
979.3623046875
899.457275390625
907.7648315429688
895.6497802734375
765.2122802734375
735.2197875976562
736.9822998046875
720.7398071289062
732.2998046875
621.6148071289062
632.0973510742188
644.90234375
897.40478515625
809.9398193359375
836.204833984375
807.3397827148438
771.7747802734375
625.9197998046875
644.349853515625
661.454833984375
640.5498046875
702.7448120117188
812.4398193359375
789.7998046875
657.9597778320312
660.0673217773438
783.809814453125
668.9848022460938
893.1472778320312
773.9998168945312
921.6148071289062
771.02978515625
757.142333984375
773.2423095703125
879.19482421875
625.8773193359375
757.4197998046875
680.1098022460938
763.9822998046875
688.0498046875
678.8898315429688
769.4172973632812
903.4097900390625
799.7498168945312
635.9673461914062
720.0773315429688
698.0422973632812
817.2998046875
643.0948486328125
682.144775390625
818.21728515625
739.767333984375
704.7448120117188
888.8798217773438
769.059814453125
811.019775390625
657.31982421875
805.5322875976562
736.7097778320312
647.19482421875
717.5523071289062
708.7247924804688
725.4797973632812
809.9323120117188
734.4873046875
686.1398315429688
755.52978515625
720.1047973632812
816.997314453125
752.7247924804688
815.352294921875
760.3248291015625
753.2747802734375
780.31982421875
798.9122924804688
801.8648071289062
816.65478515625
824.4323120117188
822.3547973632812
825.2722778320312
817.6923217773438
911.289794921875
920.3123168945312
928.5023193359375
956.5098266601562
942.4822998046875
977.7373046875
928.7822875976562
810.2122802734375
827.6973266601562
958.06982421875
842.0648193359375
925.34228515625
973.0222778320312
828.3598022460938
725.9873046875
863.9797973632812
964.4998168945312
983.50732421875
986.892333984375
992.3447875976562
990.144775390625
991.3572998046875
990.2648315429688
993.8547973632812
992.3048095703125
992.4948120117188
994.4172973632812
995.2448120117188
878.3472900390625
824.164794921875
959.0048217773438
926.7197875976562
982.7872924804688
962.4273071289062
802.6047973632812
989.2598266601562
990.3898315429688
993.0548095703125
994.7523193359375
992.8748168945312
995.84228515625
879.0748291015625
888.8798217773438
948.6823120117188
928.1198120117188
992.2423095703125
926.3248291015625
897.769775390625
989.5098266601562
978.7523193359375
990.6572875976562
953.5048217773438
836.4022827148438
988.02978515625
971.6373291015625
892.6173095703125
992.9622802734375
977.4197998046875
981.8497924804688
951.247314453125
981.6148071289062
985.1898193359375
983.8397827148438
989.5773315429688
986.0272827148438
989.4273071289062
991.5023193359375
991.96728515625
992.7648315429688
991.15478515625
997.1873168945312
991.5148315429688
991.289794921875
996.7222900390625
991.7122802734375
992.38232421875
991.0573120117188
992.7373046875
995.0247802734375
967.9172973632812
962.9898071289062
978.6173095703125
978.9923095703125
980.5422973632812
982.5548095703125
985.8698120117188
986.9323120117188
987.352294921875
988.0347900390625
990.2872924804688
990.7348022460938
990.8148193359375
992.2222900390625
991.829833984375
993.5222778320312
992.519775390625
993.3997802734375
994.9323120117188
995.2348022460938
998.3972778320312
735.8698120117188
677.9273071289062
645.6173095703125
949.4747924804688
996.88232421875
894.934814453125
934.0372924804688
998.38232421875
996.6098022460938
725.457275390625
985.1123046875
983.8148193359375
968.7847900390625
993.8223266601562
996.664794921875
911.8698120117188
997.0372924804688
902.0123291015625
971.4197998046875
940.852294921875
782.8873291015625
992.6697998046875
1001.0897827148438
987.5347900390625
991.5473022460938
860.977294921875
997.84228515625
993.7847900390625
990.727294921875
993.2322998046875
993.9498291015625
994.8748168945312
994.392333984375
998.1998291015625
994.4473266601562
994.0422973632812
998.2822875976562
996.3972778320312
992.954833984375
991.8447875976562
985.6173095703125
999.0847778320312
931.1373291015625
986.8397827148438
996.269775390625
986.3023071289062
995.0498046875
995.0773315429688
992.1173095703125
994.7448120117188
994.13232421875
978.5523071289062
997.9597778320312
985.8898315429688
974.7747802734375
997.0947875976562
994.3773193359375
996.3598022460938
998.7297973632812
994.7297973632812
997.1672973632812
996.497314453125
995.4423217773438
997.1923217773438
990.2648315429688
994.4423217773438
962.5773315429688
998.1273193359375
988.3273315429688
987.2998046875
996.829833984375
992.3173217773438
998.3123168945312
982.102294921875
994.0847778320312
995.9622802734375
996.0573120117188
995.8598022460938
992.8773193359375
995.6697998046875
994.4223022460938
995.8572998046875
997.5748291015625
996.8447875976562
996.9122924804688
994.7448120117188
998.2648315429688
962.539794921875
997.1047973632812
992.8472900390625
996.227294921875
997.3648071289062
997.3248291015625
996.2648315429688
987.46728515625
991.2623291015625
998.2847900390625
994.71728515625
998.0623168945312
992.2872924804688
990.0123291015625
994.5748291015625
997.0648193359375
995.71728515625
997.6472778320312
997.4822998046875
997.3123168945312
997.3173217773438
997.809814453125
997.6298217773438
998.4373168945312
998.082275390625
996.664794921875
997.1273193359375
996.519775390625
998.477294921875
996.71728515625
995.8547973632812
996.6697998046875
997.0222778320312
998.3123168945312
996.4172973632812
998.0123291015625
998.3347778320312
997.434814453125
997.9873046875
998.247314453125
998.644775390625
998.3848266601562
998.269775390625
978.914794921875
972.4898071289062
980.394775390625
979.6298217773438
983.0372924804688
985.7247924804688
955.602294921875
971.6373291015625
980.622314453125
979.3798217773438
937.5123291015625
987.082275390625
989.3148193359375
972.892333984375
943.7648315429688
990.372314453125
970.21728515625
983.7747802734375
982.2097778320312
978.2222900390625
987.5573120117188
986.5447998046875
989.7498168945312
990.0997924804688
992.0247802734375
989.0473022460938
989.6047973632812
991.7498168945312
987.6748046875
990.27978515625
955.477294921875
954.8223266601562
952.0872802734375
982.0897827148438
956.0023193359375
948.4697875976562
946.6497802734375
965.0872802734375
956.02978515625
950.497314453125
987.0148315429688
986.34228515625
957.3347778320312
947.457275390625
974.2872924804688
976.497314453125
955.434814453125
970.2122802734375
955.3148193359375
966.5347900390625
977.082275390625
986.8648071289062
969.2197875976562
962.6973266601562
967.8623046875
982.9647827148438
980.69482421875
978.7122802734375
976.497314453125
991.4022827148438
985.9373168945312
986.0523071289062
988.2147827148438
979.9097900390625
968.9398193359375
972.8848266601562
983.8873291015625
992.0347900390625
976.5473022460938
990.579833984375
976.6773071289062
984.8848266601562
990.477294921875
990.3848266601562
883.6098022460938
783.8372802734375
887.3972778320312
892.684814453125
900.332275390625
919.3223266601562
970.4523315429688
961.267333984375
926.8598022460938
973.4298095703125
938.9722900390625
980.2097778320312
979.77978515625
973.7822875976562
977.2423095703125
979.4197998046875
978.9873046875
983.582275390625
980.309814453125
962.3748168945312
981.1248168945312
975.6373291015625
978.5773315429688
981.0548095703125
985.2297973632812
983.789794921875
984.6348266601562
985.7498168945312
982.2398071289062
974.9498291015625
981.3447875976562
974.0972900390625
980.7922973632812
978.1923217773438
968.7947998046875
964.21728515625
962.77978515625
965.0247802734375
966.8598022460938
964.7147827148438
965.4822998046875
954.7297973632812
961.4273071289062
959.7348022460938
955.4273071289062
967.539794921875
957.5247802734375
967.9373168945312
991.789794921875
972.1098022460938
972.5723266601562
987.892333984375
982.3397827148438
992.559814453125
985.3798217773438
987.8248291015625
984.8572998046875
979.0872802734375
978.559814453125
977.519775390625
982.6998291015625
985.5548095703125
984.0473022460938
984.2423095703125
993.954833984375
981.6047973632812
988.2772827148438
962.1898193359375
987.4498291015625
987.9298095703125
994.8623046875
986.0847778320312
992.164794921875
996.2872924804688
993.1373291015625
988.4873046875
995.1148071289062
994.7822875976562
987.3673095703125
990.4298095703125
989.6497802734375
992.4998168945312
996.2373046875
992.829833984375
986.13232421875
959.3148193359375
996.2498168945312
996.477294921875
989.0272827148438
988.2623291015625
992.3673095703125
996.1723022460938
996.0148315429688
997.8472900390625
992.2973022460938
999.0098266601562
988.19482421875
988.9298095703125
998.2922973632812
987.3223266601562
993.3223266601562
997.7448120117188
991.4172973632812
998.7498168945312
994.38232421875
998.4473266601562
994.3673095703125
997.50732421875
981.9923095703125
997.3547973632812
997.664794921875
983.5447998046875
986.5222778320312
996.4423217773438
995.3073120117188
997.6398315429688
997.7197875976562
992.7548217773438
996.2598266601562
995.8397827148438
978.9797973632812
991.3572998046875
976.1723022460938
995.3997802734375
996.1298217773438
997.142333984375
989.329833984375
987.7023315429688
977.7548217773438
993.142333984375
975.96728515625
993.5897827148438
997.0997924804688
971.3572998046875
985.8397827148438
987.3873291015625
987.2348022460938
993.9072875976562
986.6572875976562
986.1597900390625
983.6173095703125
991.75732421875
983.582275390625
996.2348022460938
984.767333984375
991.9223022460938
987.2973022460938
983.8572998046875
994.0748291015625
982.6823120117188
980.2548217773438
962.3773193359375
985.8798217773438
988.829833984375
824.3148193359375
975.5548095703125
965.6173095703125
977.06982421875
980.65478515625
978.7598266601562
984.4423217773438
980.142333984375
980.8547973632812
969.3748168945312
984.6597900390625
985.9273071289062
986.19482421875
979.5473022460938
977.13232421875
972.3873291015625
963.914794921875
965.4898071289062
964.247314453125
974.9722900390625
967.63232421875
971.4298095703125
975.6373291015625
989.4223022460938
984.1373291015625
988.0673217773438
985.4498291015625
990.3997802734375
994.2648315429688
986.1998291015625
990.6622924804688
989.9923095703125
993.9423217773438
997.3123168945312
996.0897827148438
995.2197875976562
998.5447998046875
992.6697998046875
995.019775390625
995.8898315429688
994.8773193359375
993.267333984375
986.829833984375
993.06982421875
993.9697875976562
983.204833984375
988.329833984375
994.9473266601562
993.7998046875
985.1348266601562
963.8623046875
856.7747802734375
977.7122802734375
984.3898315429688
982.4747924804688
981.7222900390625
976.56982421875
985.2523193359375
984.8873291015625
985.7947998046875
986.997314453125
980.3347778320312
967.059814453125
966.4747924804688
963.852294921875
973.1798095703125
980.7373046875
973.9248046875
989.40478515625
995.1748046875
991.2222900390625
997.4498291015625
991.6823120117188
993.372314453125
991.6823120117188
997.4197998046875
990.3873291015625
996.0123291015625
994.3648071289062
981.1098022460938
990.7872924804688
881.3547973632812
980.7423095703125
970.2998046875
983.184814453125
984.539794921875
987.0498046875
982.2097778320312
965.1348266601562
971.90478515625
969.767333984375
968.2922973632812
979.247314453125
979.7122802734375
996.6873168945312
988.039794921875
992.2448120117188
993.75732421875
998.269775390625
993.767333984375
992.9523315429688
976.5023193359375
989.3123168945312
995.144775390625
985.1572875976562
992.5573120117188
984.0648193359375
985.5623168945312
985.997314453125
965.9647827148438
971.4747924804688
977.7197875976562
971.7322998046875
980.5123291015625
984.2147827148438
992.1273193359375
998.4197998046875
980.2222900390625
982.0498046875
888.0673217773438
986.2947998046875
985.5473022460938
982.0623168945312
988.0372924804688
982.9722900390625
968.582275390625
982.52978515625
966.9197998046875
973.46728515625
969.7122802734375
996.0872802734375
983.5673217773438
983.8648071289062
994.63232421875
986.2623291015625
983.8673095703125
968.767333984375
973.3048095703125
997.63232421875
996.7398071289062
986.6198120117188
985.3873291015625
984.8547973632812
979.5623168945312
997.954833984375
998.1123046875
995.3898315429688
991.3123168945312
992.13232421875
990.02978515625
992.5872802734375
896.7222900390625
987.4523315429688
998.1973266601562
992.204833984375
991.27978515625
992.602294921875
985.3497924804688
978.2747802734375
987.2398071289062
983.7598266601562
994.3698120117188
995.8123168945312
992.9298095703125
994.7247924804688
911.7448120117188
998.7598266601562
997.75732421875
997.392333984375
932.2598266601562
984.5548095703125
988.9898071289062
921.0322875976562
978.039794921875
992.519775390625
989.4523315429688
960.9848022460938
965.8073120117188
995.19482421875
967.5748291015625
992.6348266601562
991.2772827148438
991.1672973632812
970.6398315429688
993.7122802734375
993.164794921875
991.0098266601562
998.519775390625
994.102294921875
976.7373046875
992.8972778320312
987.2872924804688
996.622314453125
991.2498168945312
970.7598266601562
995.2222900390625
973.7122802734375
985.2147827148438
994.059814453125
998.3447875976562
990.7772827148438
997.289794921875
993.1248168945312
995.622314453125
