9.876351576561311e-42
629.8507080078125
713.7957153320312
594.4482421875
662.9006958007812
615.7482299804688
730.523193359375
724.6232299804688
695.345703125
938.7182006835938
705.6732177734375
908.5681762695312
919.9132080078125
973.0582275390625
962.0781860351562
875.750732421875
986.9057006835938
947.1207275390625
985.688232421875
886.4157104492188
983.7031860351562
986.7756958007812
808.3831787109375
848.3181762695312
850.3582153320312
986.9481811523438
986.9982299804688
912.6406860351562
928.190673828125
988.3206787109375
974.1331787109375
987.875732421875
918.2131958007812
979.1182250976562
948.273193359375
961.2807006835938
963.4932250976562
964.5557250976562
989.8707275390625
963.9757080078125
966.2706909179688
964.1657104492188
678.8856811523438
839.168212890625
605.0982055664062
694.1306762695312
765.1557006835938
878.6331787109375
968.6431884765625
760.4581909179688
948.5256958007812
984.5681762695312
932.095703125
986.8806762695312
781.49072265625
983.9732055664062
883.4431762695312
977.230712890625
988.7382202148438
966.1406860351562
764.335693359375
907.8831787109375
666.0881958007812
829.7606811523438
730.51318359375
983.1531982421875
986.1832275390625
951.875732421875
819.6431884765625
976.0781860351562
973.5357055664062
963.6757202148438
727.9207153320312
869.88818359375
698.3107299804688
798.5357055664062
983.8607177734375
986.845703125
790.960693359375
978.51318359375
945.1506958007812
964.6807250976562
848.1807250976562
909.878173828125
863.9257202148438
985.0357055664062
986.5156860351562
987.1557006835938
977.188232421875
948.9656982421875
895.4132080078125
760.45068359375
986.8082275390625
981.418212890625
966.595703125
930.4957275390625
986.4556884765625
987.9757080078125
955.9031982421875
824.3931884765625
832.4932250976562
986.9307250976562
968.813232421875
968.2031860351562
798.1032104492188
921.1331787109375
859.4531860351562
988.125732421875
943.5382080078125
973.0382080078125
858.3007202148438
954.908203125
899.8181762695312
975.0781860351562
958.648193359375
923.8906860351562
954.2606811523438
796.2756958007812
963.440673828125
864.20068359375
979.7056884765625
940.5457153320312
976.0806884765625
968.4782104492188
976.3181762695312
980.940673828125
977.4232177734375
981.875732421875
988.4431762695312
977.6107177734375
980.938232421875
831.3707275390625
982.5457153320312
982.9157104492188
983.1356811523438
983.9531860351562
891.918212890625
961.5281982421875
971.1857299804688
962.148193359375
977.9357299804688
972.9631958007812
962.418212890625
969.3582153320312
976.3007202148438
980.8206787109375
981.8406982421875
982.4456787109375
984.283203125
983.0781860351562
984.3831787109375
985.61572265625
986.210693359375
986.750732421875
986.5781860351562
987.875732421875
988.158203125
988.2131958007812
988.688232421875
989.128173828125
990.440673828125
990.8007202148438
644.6732177734375
653.6232299804688
649.9257202148438
681.9107055664062
655.2031860351562
710.5806884765625
767.4656982421875
698.4157104492188
790.2031860351562
750.95068359375
648.230712890625
706.3682250976562
785.1707153320312
674.6707153320312
811.9207153320312
699.1182250976562
743.4832153320312
912.8582153320312
690.4631958007812
906.3181762695312
846.8856811523438
702.0582275390625
646.2031860351562
926.2781982421875
872.3206787109375
839.065673828125
737.8432006835938
788.4531860351562
850.05322265625
663.2556762695312
879.4832153320312
804.9732055664062
870.648193359375
799.5307006835938
648.9107055664062
664.7756958007812
644.4157104492188
739.0206909179688
760.158203125
642.1107177734375
747.4456787109375
744.2156982421875
872.230712890625
743.065673828125
789.5181884765625
675.523193359375
927.6107177734375
753.9757080078125
908.855712890625
662.2807006835938
683.7907104492188
822.4581909179688
709.503173828125
929.4232177734375
820.250732421875
661.5582275390625
734.6107177734375
954.0382080078125
805.9006958007812
708.4857177734375
778.753173828125
759.8931884765625
840.8806762695312
682.773193359375
855.0781860351562
713.003173828125
715.0507202148438
885.6557006835938
835.0881958007812
760.5706787109375
809.3406982421875
807.750732421875
737.4357299804688
841.1531982421875
865.2056884765625
837.918212890625
823.688232421875
891.2432250976562
912.6931762695312
776.3831787109375
896.0881958007812
793.1707153320312
940.8682250976562
824.4656982421875
930.5982055664062
878.9732055664062
863.6082153320312
891.9531860351562
873.92822265625
888.293212890625
893.88818359375
908.065673828125
923.1707153320312
942.8007202148438
949.70068359375
958.17822265625
904.8507080078125
910.7081909179688
872.20068359375
779.898193359375
753.8632202148438
762.7882080078125
739.2232055664062
711.0582275390625
631.220703125
635.773193359375
674.690673828125
891.3281860351562
822.230712890625
861.9857177734375
797.01318359375
759.128173828125
634.1232299804688
653.283203125
669.3707275390625
647.095703125
716.2056884765625
833.815673828125
813.6132202148438
650.5881958007812
731.2706909179688
831.855712890625
724.70068359375
887.49072265625
774.9656982421875
917.7581787109375
786.3582153320312
744.085693359375
772.4631958007812
867.1082153320312
637.1932373046875
744.7282104492188
662.4682006835938
793.418212890625
755.378173828125
711.3682250976562
774.6832275390625
892.210693359375
786.8331909179688
638.9857177734375
732.8107299804688
681.9957275390625
807.0307006835938
646.148193359375
667.8107299804688
807.9556884765625
750.61572265625
665.3956909179688
869.0281982421875
760.3831787109375
811.6657104492188
658.1757202148438
786.7907104492188
680.2056884765625
646.898193359375
677.8406982421875
702.0781860351562
699.4257202148438
797.5056762695312
709.648193359375
689.0457153320312
728.2482299804688
712.4682006835938
808.2257080078125
720.4332275390625
807.5806884765625
740.5932006835938
736.3482055664062
757.8007202148438
786.45068359375
786.1431884765625
796.6082153320312
807.0706787109375
801.2031860351562
820.9982299804688
816.2882080078125
875.45068359375
897.6132202148438
894.503173828125
919.7056884765625
918.5731811523438
963.720703125
917.128173828125
822.3831787109375
861.1557006835938
938.63818359375
860.55322265625
920.88818359375
953.0932006835938
851.4982299804688
779.95068359375
871.1456909179688
940.1456909179688
973.4031982421875
977.0582275390625
988.9006958007812
973.750732421875
985.9057006835938
989.7807006835938
993.1506958007812
992.543212890625
980.8931884765625
984.4631958007812
990.51318359375
890.0681762695312
822.7131958007812
937.8432006835938
898.6007080078125
960.4232177734375
930.230712890625
819.8632202148438
981.3507080078125
973.6232299804688
989.355712890625
988.875732421875
982.7756958007812
988.8507080078125
888.9982299804688
881.1431884765625
916.0557250976562
867.3181762695312
978.2482299804688
915.8381958007812
899.99072265625
949.49072265625
923.7156982421875
965.2556762695312
939.8057250976562
855.7556762695312
936.6032104492188
952.7681884765625
890.2232055664062
988.11572265625
961.710693359375
971.1082153320312
925.750732421875
966.7857055664062
975.470703125
953.375732421875
987.3331909179688
971.1757202148438
958.4957275390625
988.3632202148438
982.2457275390625
983.9431762695312
988.2232055664062
990.2807006835938
983.4631958007812
988.0681762695312
989.8181762695312
985.2756958007812
984.6506958007812
991.4631958007812
990.7081909179688
987.3632202148438
938.3107299804688
939.5256958007812
964.4232177734375
965.148193359375
969.470703125
972.815673828125
976.5307006835938
977.6306762695312
977.875732421875
978.2606811523438
977.0982055664062
979.783203125
981.6406860351562
981.043212890625
982.9882202148438
984.4307250976562
986.4232177734375
987.378173828125
988.9431762695312
987.86572265625
988.7656860351562
786.7681884765625
752.8507080078125
699.0482177734375
903.6931762695312
969.813232421875
872.4257202148438
881.9882202148438
981.408203125
987.898193359375
758.5382080078125
936.918212890625
945.0681762695312
904.9682006835938
981.148193359375
990.095703125
861.6032104492188
974.0081787109375
869.5582275390625
903.3632202148438
897.9631958007812
793.4107055664062
983.253173828125
955.0881958007812
965.9757080078125
977.835693359375
831.61572265625
983.1082153320312
937.1531982421875
978.710693359375
959.9757080078125
991.8331909179688
982.30322265625
990.4581909179688
987.4431762695312
985.7382202148438
985.000732421875
985.13818359375
987.2432250976562
982.7982177734375
927.9481811523438
905.3381958007812
976.1557006835938
884.2681884765625
933.2606811523438
986.4207153320312
898.8632202148438
986.7056884765625
982.17822265625
924.095703125
970.0582275390625
981.8806762695312
959.980712890625
989.2432250976562
972.9932250976562
963.8306884765625
984.9257202148438
985.2081909179688
986.063232421875
987.5881958007812
984.4006958007812
990.7156982421875
987.0081787109375
986.5557250976562
986.8707275390625
926.2781982421875
984.8532104492188
884.398193359375
976.6406860351562
916.0607299804688
936.0382080078125
973.7332153320312
982.5156860351562
987.4631958007812
970.2556762695312
986.000732421875
986.7882080078125
986.7681884765625
986.42822265625
964.1931762695312
986.3181762695312
979.0607299804688
987.7681884765625
988.440673828125
986.3057250976562
986.0806884765625
986.875732421875
966.20068359375
899.9982299804688
986.7382202148438
977.1082153320312
989.2482299804688
987.7857055664062
987.2581787109375
987.0281982421875
925.05322265625
947.9782104492188
985.8432006835938
986.283203125
988.3607177734375
965.5181884765625
966.3831787109375
984.6456909179688
988.3582153320312
988.9307250976562
989.8732299804688
990.8582153320312
971.6007080078125
986.125732421875
987.8181762695312
984.5781860351562
990.7156982421875
988.05322265625
988.0806884765625
990.7131958007812
988.9757080078125
989.0982055664062
987.6082153320312
987.20068359375
986.5307006835938
988.1857299804688
988.813232421875
988.7857055664062
989.5831909179688
990.3806762695312
989.3231811523438
988.6456909179688
988.2756958007812
988.6456909179688
988.5181884765625
988.793212890625
972.250732421875
967.2056884765625
970.1757202148438
975.6306762695312
977.023193359375
975.8507080078125
968.8206787109375
972.8281860351562
974.1082153320312
967.9357299804688
938.42822265625
977.0081787109375
978.9456787109375
969.88818359375
945.7756958007812
976.8381958007812
969.5881958007812
974.67822265625
969.6832275390625
964.88818359375
974.4307250976562
969.1757202148438
973.8906860351562
979.9031982421875
978.628173828125
981.2556762695312
980.8082275390625
979.1732177734375
978.7482299804688
978.6032104492188
953.8406982421875
971.30322265625
971.4431762695312
970.86572265625
954.6857299804688
950.7756958007812
972.2257080078125
956.4481811523438
973.1107177734375
952.63818359375
971.82568359375
984.63818359375
958.710693359375
956.3582153320312
962.8082275390625
971.3732299804688
957.9307250976562
962.7756958007812
973.01318359375
977.9456787109375
965.9757080078125
973.898193359375
960.835693359375
972.9307250976562
959.6132202148438
966.0281982421875
969.4057006835938
967.2182006835938
967.4481811523438
973.940673828125
970.585693359375
968.4456787109375
976.1082153320312
974.063232421875
974.0156860351562
971.6007080078125
972.6956787109375
973.793212890625
974.5557250976562
975.57568359375
976.4556884765625
978.5056762695312
977.2357177734375
984.6832275390625
886.61572265625
786.1632080078125
866.1082153320312
884.845703125
902.6107177734375
918.898193359375
955.6832275390625
942.2056884765625
924.658203125
957.5932006835938
931.8306884765625
967.5906982421875
969.9757080078125
971.8057250976562
970.0681762695312
971.0607299804688
966.9581909179688
969.2882080078125
968.70068359375
964.3707275390625
970.438232421875
968.4581909179688
970.07568359375
971.7882080078125
975.1331787109375
974.8632202148438
973.2056884765625
974.9057006835938
970.283203125
971.980712890625
970.1707153320312
973.168212890625
971.1506958007812
970.9006958007812
965.0557250976562
960.2606811523438
963.8007202148438
966.3931884765625
962.6506958007812
957.9057006835938
956.4782104492188
962.5906982421875
960.5457153320312
967.4431762695312
966.0831909179688
962.1331787109375
966.2656860351562
963.4257202148438
979.3906860351562
970.6406860351562
976.2756958007812
980.6132202148438
974.4107055664062
981.6431884765625
978.4757080078125
979.470703125
978.2781982421875
978.9631958007812
978.5081787109375
978.1557006835938
979.0681762695312
981.4581909179688
981.0681762695312
980.5831909179688
983.3532104492188
980.3331909179688
981.9782104492188
973.8632202148438
982.2681884765625
982.533203125
986.6707153320312
983.6956787109375
983.5681762695312
987.625732421875
983.938232421875
981.2606811523438
986.5056762695312
984.378173828125
984.2257080078125
981.7282104492188
982.875732421875
981.4531860351562
987.82568359375
980.9882202148438
985.4257202148438
972.99072265625
985.6331787109375
983.1707153320312
985.8331909179688
984.5181884765625
983.61572265625
987.585693359375
981.3906860351562
986.99072265625
984.1331787109375
989.4431762695312
979.9006958007812
980.7056884765625
986.960693359375
981.313232421875
984.8856811523438
988.8806762695312
983.5206909179688
987.4556884765625
984.0457153320312
987.938232421875
986.2232055664062
987.4757080078125
975.4132080078125
986.5982055664062
987.4631958007812
977.7182006835938
980.6632080078125
987.8856811523438
989.3806762695312
990.4631958007812
990.125732421875
987.470703125
991.6607055664062
991.3632202148438
979.74072265625
986.0056762695312
978.1207275390625
992.4332275390625
992.8632202148438
988.8707275390625
983.7882080078125
981.3607177734375
977.345703125
989.3956909179688
979.3482055664062
986.92822265625
989.1607055664062
976.3707275390625
984.5106811523438
981.8632202148438
985.55322265625
990.398193359375
981.0831909179688
980.4307250976562
979.3732299804688
988.51318359375
976.918212890625
990.4656982421875
975.2882080078125
984.7357177734375
979.0582275390625
975.5706787109375
985.2857055664062
972.1356811523438
973.2756958007812
973.3582153320312
984.2957153320312
986.1807250976562
818.9882202148438
959.4207153320312
946.438232421875
960.5382080078125
968.6207275390625
971.335693359375
971.438232421875
970.148193359375
972.1981811523438
967.1632080078125
974.45068359375
975.3482055664062
975.3057250976562
972.0407104492188
972.38818359375
967.8406982421875
958.7257080078125
959.3331909179688
964.4957275390625
966.13818359375
971.6207275390625
971.5056762695312
974.9357299804688
980.4481811523438
980.750732421875
981.11572265625
983.8181762695312
982.6707153320312
983.4257202148438
985.023193359375
981.4957275390625
984.3632202148438
981.408203125
988.5081787109375
985.188232421875
982.4307250976562
988.8856811523438
982.8406982421875
986.7081909179688
989.88818359375
989.5256958007812
985.375732421875
981.3632202148438
990.6331787109375
989.4157104492188
977.835693359375
983.8632202148438
990.500732421875
989.5081787109375
979.5881958007812
975.2357177734375
831.8707275390625
961.0607299804688
969.86572265625
970.4656982421875
970.6506958007812
968.6032104492188
975.960693359375
971.1832275390625
977.5881958007812
975.3931884765625
971.585693359375
961.1232299804688
961.7982177734375
963.26318359375
975.4631958007812
978.3806762695312
976.1431884765625
978.6356811523438
987.13818359375
982.9207153320312
987.4207153320312
980.9031982421875
985.9357299804688
983.7457275390625
988.4307250976562
983.6082153320312
989.4031982421875
988.3582153320312
981.3707275390625
985.5831909179688
871.2706909179688
965.9481811523438
951.7957153320312
972.2282104492188
976.003173828125
977.1356811523438
970.8906860351562
963.4057006835938
965.063232421875
960.8406982421875
973.2681884765625
978.4832153320312
979.4857177734375
988.9257202148438
984.5781860351562
983.1707153320312
985.9556884765625
988.99072265625
984.9332275390625
984.5307006835938
978.1506958007812
981.2857055664062
989.4556884765625
976.6707153320312
986.8732299804688
971.0457153320312
972.190673828125
977.1707153320312
962.7681884765625
966.4307250976562
969.7781982421875
972.3331909179688
977.8306884765625
980.6707153320312
979.003173828125
987.2282104492188
980.0507202148438
980.4982299804688
867.2257080078125
973.5906982421875
972.51318359375
972.7756958007812
976.2857055664062
972.190673828125
964.4157104492188
973.1132202148438
972.710693359375
976.1931762695312
974.5357055664062
989.2681884765625
982.0281982421875
982.345703125
982.210693359375
973.9732055664062
972.86572265625
972.8856811523438
977.0256958007812
989.6107177734375
984.3206787109375
974.9357299804688
975.0557250976562
976.5982055664062
979.4157104492188
988.4357299804688
984.9682006835938
987.0181884765625
984.61572265625
983.4057006835938
986.6007080078125
987.2581787109375
884.4107055664062
983.5156860351562
988.1306762695312
986.158203125
984.4057006835938
988.1732177734375
974.99072265625
975.2756958007812
978.6832275390625
979.5357055664062
988.3406982421875
989.3181762695312
989.4581909179688
986.605712890625
900.565673828125
989.0357055664062
985.7556762695312
990.7357177734375
915.4057006835938
972.4232177734375
984.6331787109375
917.4307250976562
969.8906860351562
979.5181884765625
980.4531860351562
941.3806762695312
950.5106811523438
987.9257202148438
951.4581909179688
980.585693359375
980.9932250976562
981.4332275390625
954.2681884765625
982.05322265625
980.5407104492188
981.8906860351562
988.1732177734375
980.085693359375
959.9732055664062
982.3532104492188
975.9857177734375
989.970703125
983.003173828125
972.8682250976562
990.5781860351562
957.688232421875
975.815673828125
980.250732421875
988.4631958007812
979.2781982421875
990.2957153320312
983.335693359375
983.3007202148438
