9.876351576561311e-42
587.2994995117188
712.552001953125
585.7220458984375
617.0595092773438
586.0145263671875
664.5070190429688
693.4220581054688
640.092041015625
977.4020385742188
658.4345092773438
961.1995239257812
966.1895141601562
989.8820190429688
990.9745483398438
961.8145141601562
996.03955078125
981.8495483398438
993.1595458984375
946.5970458984375
981.6620483398438
994.2745361328125
838.6620483398438
907.39453125
901.5070190429688
994.634521484375
993.0670166015625
969.0545043945312
973.4920043945312
994.8245239257812
971.0545043945312
993.6595458984375
956.3145141601562
978.279541015625
965.5370483398438
967.9070434570312
960.9645385742188
966.8045043945312
997.4170532226562
960.5895385742188
966.3795166015625
959.634521484375
658.737060546875
841.3445434570312
590.8970336914062
679.9545288085938
780.8595581054688
936.8895263671875
989.154541015625
785.9295043945312
972.7295532226562
993.3045043945312
970.4220581054688
994.5420532226562
807.8570556640625
986.2845458984375
949.4195556640625
976.072021484375
995.2120361328125
965.10205078125
798.3970336914062
922.947021484375
597.8594970703125
910.6070556640625
745.6070556640625
994.3545532226562
994.0170288085938
977.0445556640625
890.112060546875
973.5170288085938
970.4520263671875
960.0545043945312
750.1095581054688
878.9070434570312
631.08203125
841.4095458984375
994.4120483398438
995.049560546875
878.8245239257812
976.9195556640625
967.9345092773438
963.009521484375
869.4745483398438
934.01953125
945.7245483398438
992.5545043945312
995.8820190429688
993.9070434570312
981.634521484375
965.5645141601562
926.3245239257812
753.20703125
994.41455078125
981.5470581054688
962.3795166015625
968.0570068359375
996.799560546875
994.6045532226562
966.58203125
859.2870483398438
947.83203125
995.0445556640625
964.404541015625
964.0420532226562
801.197021484375
967.91455078125
942.2845458984375
995.0045166015625
969.2045288085938
971.2970581054688
915.987060546875
981.217041015625
960.83203125
972.384521484375
987.8495483398438
967.112060546875
968.9020385742188
807.779541015625
968.3970336914062
927.6270141601562
991.9920043945312
978.2770385742188
973.0470581054688
975.8445434570312
971.5645141601562
990.18701171875
976.2870483398438
990.3820190429688
995.93701171875
974.3045043945312
979.404541015625
891.1520385742188
983.0170288085938
985.2295532226562
984.8670043945312
989.4620361328125
958.3370361328125
979.7645263671875
985.9295043945312
985.2920532226562
993.5170288085938
982.1920166015625
986.3545532226562
988.0895385742188
988.9945068359375
985.0420532226562
986.3245239257812
989.799560546875
990.4795532226562
993.0770263671875
993.092041015625
990.989501953125
992.83203125
992.3445434570312
992.53955078125
993.3795166015625
995.3720092773438
995.01953125
995.9520263671875
996.1070556640625
997.924560546875
998.3295288085938
626.62451171875
667.5995483398438
606.802001953125
628.7745361328125
622.7319946289062
682.8145141601562
741.20703125
678.7845458984375
781.9345092773438
751.4820556640625
604.989501953125
683.1070556640625
814.4120483398438
603.1570434570312
825.0345458984375
626.0870361328125
729.7045288085938
940.8370361328125
692.8370361328125
929.3395385742188
896.009521484375
684.4420166015625
578.1570434570312
950.9170532226562
841.78955078125
850.1420288085938
761.779541015625
847.2295532226562
828.7645263671875
619.2120361328125
828.37451171875
852.1620483398438
843.2120361328125
833.0870361328125
655.322021484375
658.0070190429688
635.9445190429688
687.2920532226562
750.1920166015625
632.1570434570312
764.6045532226562
761.174560546875
874.6670532226562
719.4295043945312
822.37451171875
684.1570434570312
942.3345336914062
787.3920288085938
909.1195068359375
693.66455078125
666.1820068359375
894.4695434570312
693.299560546875
947.6270141601562
830.7645263671875
680.3770141601562
756.862060546875
971.53955078125
871.5270385742188
696.9595336914062
830.467041015625
807.4545288085938
857.7745361328125
683.4645385742188
874.4820556640625
711.3195190429688
722.2470092773438
907.4795532226562
855.4920043945312
736.7095336914062
826.0420532226562
794.8095092773438
753.1395263671875
879.3370361328125
862.3095092773438
857.6820068359375
891.947021484375
883.0770263671875
911.6470336914062
803.5795288085938
861.5145263671875
794.0245361328125
972.6170043945312
822.7445068359375
966.7945556640625
910.9595336914062
914.3820190429688
917.53955078125
894.737060546875
919.6595458984375
916.759521484375
934.3270263671875
941.2970581054688
974.0895385742188
980.7045288085938
982.2220458984375
897.4120483398438
905.9695434570312
893.7870483398438
764.18701171875
734.8670043945312
736.5020141601562
720.5270385742188
732.299560546875
621.072021484375
631.5645141601562
644.3695068359375
895.81201171875
809.2220458984375
834.6295166015625
807.0220336914062
771.8820190429688
625.3145141601562
643.6845092773438
661.0145263671875
639.9320068359375
702.8570556640625
812.0995483398438
789.4845581054688
657.4520263671875
659.6045532226562
783.3470458984375
668.3370361328125
891.0895385742188
772.8270263671875
920.1470336914062
769.99951171875
757.2020263671875
772.9620361328125
877.5945434570312
625.16455078125
757.5770263671875
679.99951171875
763.717041015625
687.5220336914062
678.7620239257812
768.3295288085938
901.592041015625
799.2520141601562
635.4520263671875
720.1670532226562
697.99951171875
815.33203125
642.5020141601562
681.8495483398438
816.2820434570312
739.7945556640625
704.8170166015625
886.81201171875
769.0995483398438
809.299560546875
656.7570190429688
805.4795532226562
737.2095336914062
646.677001953125
717.9445190429688
708.987060546875
725.529541015625
809.68701171875
734.7645263671875
685.8570556640625
755.8570556640625
720.0020141601562
816.5645141601562
752.9520263671875
814.9420166015625
760.509521484375
753.322021484375
780.4820556640625
798.7520141601562
801.70703125
816.342041015625
824.01953125
821.5995483398438
824.052001953125
816.0245361328125
909.6695556640625
918.8770141601562
927.1495361328125
955.3820190429688
941.1595458984375
977.1270141601562
927.4595336914062
809.66455078125
826.364501953125
957.1395263671875
840.9820556640625
925.1520385742188
973.4220581054688
828.134521484375
725.4620361328125
863.989501953125
965.009521484375
984.4745483398438
987.739501953125
994.1295166015625
991.2245483398438
992.78955078125
992.1945190429688
996.06201171875
994.467041015625
994.2520141601562
996.5945434570312
997.6570434570312
876.8170166015625
823.614501953125
958.302001953125
927.5045166015625
983.6595458984375
963.4820556640625
802.2195434570312
990.424560546875
991.6070556640625
994.9970092773438
996.81201171875
994.674560546875
998.299560546875
877.8195190429688
889.2720336914062
949.674560546875
929.12451171875
993.7545166015625
925.2645263671875
897.5220336914062
991.2195434570312
980.4420166015625
992.8270263671875
953.3920288085938
836.052001953125
989.8095092773438
971.612060546875
892.802001953125
994.8595581054688
977.74951171875
982.45703125
951.7770385742188
982.3145141601562
986.08203125
984.87451171875
991.5020141601562
987.1670532226562
990.967041015625
993.1670532226562
993.2420043945312
994.1195068359375
992.947021484375
999.3695068359375
992.9945068359375
993.1420288085938
998.8270263671875
993.2670288085938
994.06201171875
993.1095581054688
994.8270263671875
997.0220336914062
966.947021484375
961.9945068359375
978.1820068359375
978.74951171875
980.6570434570312
982.9220581054688
986.4820556640625
987.58203125
988.134521484375
988.8145141601562
991.3820190429688
992.0570068359375
992.2245483398438
993.8195190429688
993.4595336914062
995.3545532226562
994.6470336914062
995.5895385742188
997.2345581054688
997.6295166015625
1001.0545043945312
735.1095581054688
677.0170288085938
644.8544921875
951.0345458984375
999.1220092773438
895.8170166015625
935.7470092773438
1001.0270385742188
999.2570190429688
724.717041015625
987.1795043945312
985.91455078125
970.9495239257812
996.5770263671875
999.4345092773438
912.81201171875
999.364501953125
903.0995483398438
973.2645263671875
942.4970092773438
782.4020385742188
994.947021484375
1003.4745483398438
989.9095458984375
993.967041015625
861.1920166015625
1000.3345336914062
996.029541015625
992.8395385742188
995.4020385742188
996.1995239257812
997.10205078125
996.674560546875
1000.6945190429688
997.0220336914062
996.7295532226562
1001.154541015625
999.3695068359375
995.0795288085938
994.3095092773438
988.0945434570312
1001.737060546875
932.8595581054688
989.424560546875
998.8720092773438
988.89453125
997.70703125
997.9720458984375
994.9170532226562
997.7445068359375
997.1220092773438
981.2420043945312
1000.8495483398438
988.7420043945312
977.4120483398438
1000.2320556640625
997.4420166015625
999.51953125
1001.8920288085938
997.8295288085938
1000.1295166015625
999.7220458984375
998.6045532226562
1000.217041015625
992.8295288085938
996.7920532226562
964.7295532226562
1000.9420166015625
990.927001953125
990.0020141601562
999.9095458984375
995.3345336914062
1001.4170532226562
984.9720458984375
997.1270141601562
999.0445556640625
999.2420043945312
999.029541015625
995.45703125
998.0445556640625
997.33203125
998.5595092773438
1000.72705078125
1000.01953125
1000.092041015625
997.1095581054688
1001.0670166015625
964.7745361328125
1000.1820068359375
995.924560546875
999.33203125
1000.4545288085938
1000.3820190429688
998.9020385742188
990.1920166015625
994.0370483398438
1001.3195190429688
997.9120483398438
1001.1320190429688
995.2845458984375
992.9195556640625
997.6495361328125
1000.1945190429688
998.4595336914062
1000.7345581054688
1000.4020385742188
1000.26953125
1000.5120239257812
1000.7920532226562
1000.6570434570312
1001.4195556640625
1000.9695434570312
999.7045288085938
1000.114501953125
999.5770263671875
1001.572021484375
999.947021484375
998.9945068359375
999.8495483398438
1000.1395263671875
1001.4345092773438
999.404541015625
1001.0545043945312
1001.4120483398438
1000.4495239257812
1001.0070190429688
1001.1895141601562
1001.5895385742188
1001.2545166015625
1000.9345092773438
981.1520385742188
974.487060546875
982.737060546875
981.967041015625
985.509521484375
988.3870239257812
957.2295532226562
973.7420043945312
983.072021484375
981.9395141601562
939.1845092773438
989.6845092773438
992.12451171875
975.20703125
945.529541015625
993.114501953125
972.3895263671875
986.26953125
984.7820434570312
980.717041015625
990.2120361328125
989.2445068359375
992.5020141601562
992.9195556640625
994.8270263671875
991.8445434570312
992.41455078125
994.5020141601562
990.384521484375
993.009521484375
957.2520141601562
956.654541015625
953.7745361328125
984.6170043945312
957.802001953125
950.12451171875
948.2320556640625
967.0370483398438
957.7570190429688
952.0995483398438
989.4495239257812
988.7645263671875
959.0345458984375
948.8995361328125
976.20703125
978.53955078125
956.9595336914062
972.4095458984375
957.1470336914062
968.51953125
979.0695190429688
989.1570434570312
971.3570556640625
964.7670288085938
969.9320068359375
985.3145141601562
982.8445434570312
980.7820434570312
978.9120483398438
993.842041015625
988.1670532226562
988.5770263671875
990.634521484375
982.424560546875
971.1070556640625
975.2220458984375
986.5120239257812
994.8195190429688
978.97705078125
993.1845092773438
978.9620361328125
987.237060546875
992.8545532226562
992.924560546875
880.9520263671875
782.3270263671875
885.112060546875
890.424560546875
898.049560546875
917.4645385742188
969.2870483398438
959.8045043945312
925.2670288085938
972.424560546875
937.6045532226562
979.987060546875
979.7345581054688
973.7870483398438
977.424560546875
979.6220092773438
978.49951171875
983.5245361328125
980.0045166015625
962.7320556640625
980.9920043945312
976.7120361328125
979.6420288085938
982.0945434570312
985.8820190429688
984.2320556640625
984.8670043945312
986.62451171875
983.5345458984375
976.2920532226562
982.424560546875
975.6195068359375
981.7145385742188
980.1820068359375
970.3070068359375
965.4820556640625
964.2920532226562
965.8545532226562
968.6470336914062
966.1820068359375
967.0570068359375
955.58203125
962.697021484375
960.7470092773438
956.529541015625
969.2470092773438
958.5845336914062
969.5970458984375
993.9120483398438
974.2095336914062
974.447021484375
990.6570434570312
984.8445434570312
994.7770385742188
988.052001953125
990.5695190429688
987.4420166015625
981.342041015625
980.6795043945312
979.5470581054688
984.947021484375
988.1995239257812
986.5845336914062
986.60205078125
996.4595336914062
983.7770385742188
990.5945434570312
964.1420288085938
989.924560546875
990.3245239257812
997.592041015625
988.6845092773438
994.9595336914062
999.0995483398438
995.68701171875
990.9395141601562
997.8295288085938
997.4070434570312
989.9745483398438
992.9545288085938
992.1945190429688
994.9945068359375
999.029541015625
995.404541015625
988.6720581054688
961.1420288085938
998.9795532226562
999.1920166015625
991.6295166015625
990.779541015625
994.884521484375
998.9395141601562
998.5470581054688
1000.5995483398438
994.8570556640625
1001.95703125
990.549560546875
991.2345581054688
1001.0170288085938
989.654541015625
995.9195556640625
1000.7245483398438
993.7295532226562
1001.424560546875
996.9745483398438
1001.0695190429688
996.697021484375
999.9495239257812
984.112060546875
999.759521484375
1000.6045532226562
985.5945434570312
988.7045288085938
999.279541015625
997.5570068359375
1000.217041015625
1000.1695556640625
994.95703125
998.8095092773438
998.3270263671875
980.9720458984375
993.6045532226562
978.0370483398438
997.8470458984375
998.634521484375
999.8070068359375
991.5020141601562
989.9020385742188
979.6845092773438
995.39453125
977.8545532226562
995.759521484375
999.7195434570312
973.114501953125
988.052001953125
989.37451171875
989.4620361328125
996.239501953125
988.592041015625
988.3170166015625
985.7520141601562
994.0120239257812
985.6845092773438
998.7820434570312
986.8770141601562
994.16455078125
989.4620361328125
985.95703125
996.3895263671875
984.8145141601562
982.33203125
964.0670166015625
988.0845336914062
991.0570068359375
822.0145263671875
974.634521484375
964.3795166015625
976.342041015625
980.53955078125
978.7445068359375
984.6370239257812
979.9120483398438
980.7945556640625
969.7870483398438
985.01953125
986.6620483398438
986.6620483398438
980.9345092773438
978.6720581054688
974.1170043945312
965.2545166015625
966.9220581054688
965.7745361328125
977.092041015625
968.7520141601562
973.4170532226562
977.8770141601562
992.2295532226562
986.56201171875
990.5145263671875
987.9920043945312
992.8895263671875
997.06201171875
988.7520141601562
993.154541015625
992.6520385742188
996.4795532226562
1000.1170043945312
998.6920166015625
997.654541015625
1001.3370361328125
995.1095581054688
997.3995361328125
998.1945190429688
997.1395263671875
995.697021484375
989.0245361328125
995.3870239257812
996.217041015625
985.1320190429688
990.5695190429688
997.3595581054688
996.1195068359375
987.1270141601562
965.549560546875
853.822021484375
976.9495239257812
984.4445190429688
982.799560546875
981.5845336914062
976.8670043945312
985.799560546875
986.1820068359375
986.4795532226562
987.8695068359375
981.9020385742188
968.2545166015625
967.7195434570312
964.81201171875
975.279541015625
983.1470336914062
975.7645263671875
992.1670532226562
997.95703125
993.7020263671875
1000.2320556640625
994.2145385742188
995.97705078125
994.0420532226562
1000.174560546875
992.7245483398438
998.2770385742188
996.7295532226562
983.1895141601562
993.0745239257812
878.5320434570312
980.2770385742188
969.2820434570312
983.37451171875
985.1420288085938
987.8545532226562
983.68701171875
966.239501953125
972.9645385742188
971.6220092773438
970.0445556640625
981.572021484375
981.7445068359375
999.5795288085938
990.572021484375
994.7245483398438
996.1220092773438
1000.9795532226562
996.2970581054688
995.2820434570312
978.2320556640625
991.4170532226562
997.5745239257812
987.279541015625
994.8970336914062
984.2020263671875
986.8170166015625
986.7295532226562
967.0545043945312
972.4645385742188
980.0695190429688
973.6720581054688
982.4845581054688
986.697021484375
994.9595336914062
1001.1695556640625
982.0045166015625
984.1795043945312
885.4920043945312
986.6170043945312
985.822021484375
982.1195068359375
988.8970336914062
984.3795166015625
969.6270141601562
985.0370483398438
968.5645141601562
975.51953125
971.8095092773438
998.9520263671875
985.5320434570312
986.0370483398438
996.8820190429688
986.6995239257812
984.1420288085938
970.3595581054688
975.2570190429688
1000.5045166015625
999.3470458984375
987.0945434570312
985.9545288085938
987.47705078125
981.7420043945312
1000.8070068359375
1000.7120361328125
997.9720458984375
993.3795166015625
994.279541015625
992.2720336914062
994.8795166015625
894.2645263671875
990.0320434570312
1000.9945068359375
994.362060546875
993.5145263671875
994.904541015625
986.1395263671875
980.0670166015625
989.9620361328125
986.08203125
996.5645141601562
998.0845336914062
995.2145385742188
997.0845336914062
909.2620239257812
1001.6570434570312
1000.3445434570312
999.6670532226562
929.8720092773438
985.9170532226562
991.592041015625
918.9095458984375
978.49951171875
995.3820190429688
991.9320068359375
959.3295288085938
964.3170166015625
997.572021484375
966.2870483398438
994.8720092773438
993.7945556640625
993.4495239257812
969.5170288085938
996.0645141601562
995.6995239257812
993.5770263671875
1001.2220458984375
996.6670532226562
975.884521484375
995.3495483398438
989.8670043945312
999.1170043945312
993.7445068359375
972.8895263671875
997.5770263671875
972.7670288085938
986.0895385742188
996.6395263671875
1001.0020141601562
993.1570434570312
999.7970581054688
995.6995239257812
998.3820190429688
