9.876351576561311e-42
615.8858642578125
704.5708618164062
588.3983764648438
649.953369140625
590.2508544921875
729.2933959960938
732.9884033203125
673.6333618164062
952.9259033203125
687.6358642578125
930.3034057617188
934.2708740234375
978.3233642578125
964.1784057617188
911.4859008789062
991.0458984375
955.9909057617188
990.6958618164062
907.6784057617188
987.3833618164062
991.4483642578125
779.0333862304688
841.3308715820312
830.1008911132812
990.8133544921875
991.818359375
937.3659057617188
953.3034057617188
991.9208984375
977.3233642578125
992.7158813476562
927.6883544921875
983.08837890625
967.3208618164062
969.6784057617188
962.4808959960938
964.755859375
994.6983642578125
967.1858520507812
967.2783813476562
967.495849609375
667.868408203125
849.4808959960938
584.9808959960938
696.5658569335938
767.0933837890625
910.1734008789062
974.9383544921875
778.6983642578125
953.9383544921875
989.8133544921875
938.4833984375
991.098388671875
750.2733764648438
989.3783569335938
887.7683715820312
980.5108642578125
992.7208862304688
970.9358520507812
772.1633911132812
915.493408203125
660.8133544921875
849.0608520507812
747.203369140625
987.640869140625
990.5608520507812
960.2308959960938
812.4408569335938
981.2158813476562
977.0908813476562
963.9234008789062
739.3133544921875
872.6258544921875
692.6784057617188
823.7583618164062
988.5333862304688
991.3983764648438
800.3233642578125
982.5233764648438
965.3258666992188
965.1784057617188
861.6633911132812
924.5008544921875
893.9508666992188
990.7108764648438
991.098388671875
991.2359008789062
981.1558837890625
968.0958862304688
919.4783935546875
781.5308837890625
991.2984008789062
984.3758544921875
967.0858764648438
952.8034057617188
991.0133666992188
992.3933715820312
969.368408203125
844.7183837890625
871.9833984375
990.83837890625
970.2733764648438
969.7583618164062
817.9033813476562
944.7208862304688
886.035888671875
992.0833740234375
963.755859375
978.15087890625
893.2808837890625
962.4058837890625
927.4884033203125
980.4884033203125
966.2258911132812
942.5633544921875
968.598388671875
823.6558837890625
971.1558837890625
891.2984008789062
982.9033813476562
958.2058715820312
980.433349609375
976.4259033203125
980.7359008789062
983.6759033203125
981.410888671875
984.2333984375
992.5933837890625
982.0908813476562
984.4783935546875
864.0408935546875
987.0233764648438
988.6633911132812
989.6734008789062
990.8458862304688
920.1233520507812
970.7483520507812
976.193359375
968.5484008789062
981.430908203125
977.83837890625
970.96337890625
977.4234008789062
981.8609008789062
985.6658935546875
987.5433959960938
988.9483642578125
990.1708984375
988.9284057617188
990.3408813476562
991.5033569335938
991.515869140625
991.7208862304688
991.693359375
992.973388671875
992.7258911132812
992.7708740234375
993.3108520507812
993.8758544921875
995.1258544921875
995.9583740234375
642.005859375
664.848388671875
634.1083984375
657.6858520507812
641.6458740234375
695.193359375
758.7783813476562
699.7208862304688
769.8233642578125
772.3108520507812
626.8533935546875
704.120849609375
800.3833618164062
638.52587890625
831.7008666992188
689.3308715820312
755.0484008789062
919.7833862304688
699.7333984375
913.1233520507812
882.755859375
710.805908203125
597.27587890625
934.71337890625
871.9583740234375
835.1983642578125
740.223388671875
803.1983642578125
848.4383544921875
643.6759033203125
878.8659057617188
828.1708984375
870.5108642578125
816.7583618164062
654.930908203125
665.9183959960938
635.1683959960938
704.305908203125
745.2308959960938
631.1908569335938
755.7733764648438
753.433349609375
885.2708740234375
743.0183715820312
812.5208740234375
675.433349609375
933.9284057617188
781.2808837890625
935.493408203125
670.6483764648438
683.7958984375
855.1358642578125
707.65087890625
934.6734008789062
825.7708740234375
670.1333618164062
755.1908569335938
961.6784057617188
837.0383911132812
721.265869140625
809.515869140625
778.118408203125
842.4358520507812
682.6858520507812
874.818359375
715.2984008789062
717.90087890625
904.785888671875
855.930908203125
756.8958740234375
810.6633911132812
809.9983520507812
748.118408203125
878.9133911132812
881.3858642578125
870.5633544921875
860.6109008789062
897.3009033203125
917.160888671875
794.568359375
894.90087890625
818.1533813476562
948.7783813476562
849.4158935546875
939.8108520507812
878.7158813476562
896.8783569335938
923.7183837890625
888.8659057617188
898.0033569335938
905.0333862304688
923.7258911132812
935.6784057617188
948.8358764648438
956.3458862304688
965.4058837890625
909.58837890625
918.1759033203125
891.4683837890625
779.3883666992188
744.7733764648438
752.848388671875
736.2333984375
724.620849609375
625.6283569335938
635.1583862304688
664.0333862304688
902.4208984375
821.285888671875
858.193359375
814.318359375
782.7108764648438
630.9783935546875
647.4833984375
669.995849609375
650.745849609375
708.0458984375
830.630859375
810.0933837890625
662.2283935546875
690.6283569335938
814.015869140625
703.693359375
897.9658813476562
779.1458740234375
930.8458862304688
783.7409057617188
755.630859375
782.8009033203125
879.3308715820312
632.0534057617188
764.7409057617188
677.683349609375
789.2384033203125
707.943359375
693.9608764648438
778.0608520507812
906.660888671875
798.3609008789062
636.1683959960938
721.0283813476562
682.3933715820312
822.1858520507812
642.8009033203125
671.1083984375
822.8233642578125
742.0933837890625
686.9708862304688
884.2883911132812
779.693359375
824.5908813476562
662.493408203125
803.46337890625
701.8508911132812
649.0509033203125
698.9083862304688
707.7908935546875
720.0083618164062
811.2783813476562
724.8258666992188
688.8333740234375
747.2258911132812
719.8258666992188
819.1858520507812
747.5509033203125
821.3733520507812
767.4884033203125
748.27587890625
772.160888671875
805.7583618164062
799.7633666992188
811.9758911132812
822.4259033203125
815.4783935546875
827.4133911132812
827.6358642578125
899.3933715820312
917.7633666992188
917.7058715820312
945.8133544921875
938.1283569335938
979.0333862304688
925.5033569335938
816.870849609375
842.7183837890625
956.2384033203125
854.5183715820312
927.808349609375
967.348388671875
846.9909057617188
738.723388671875
875.7984008789062
957.8733520507812
985.3983764648438
986.1858520507812
995.8433837890625
984.390869140625
990.9284057617188
993.8609008789062
995.2008666992188
995.4234008789062
986.7058715820312
990.7359008789062
995.4783935546875
885.8783569335938
823.9208984375
955.1109008789062
911.7308959960938
975.2883911132812
948.7283935546875
808.3308715820312
989.8458862304688
982.370849609375
994.8634033203125
995.58837890625
987.58837890625
995.4608764648438
890.9033813476562
884.6433715820312
933.2908935546875
892.1033935546875
987.4058837890625
926.620849609375
904.555908203125
976.4833984375
949.27587890625
989.7333984375
949.0933837890625
854.8009033203125
965.0808715820312
965.6883544921875
901.3433837890625
996.495849609375
974.598388671875
981.2384033203125
945.2333984375
978.433349609375
985.5808715820312
971.0758666992188
995.9383544921875
985.993408203125
981.930908203125
994.1708984375
990.0833740234375
990.068359375
993.7908935546875
996.660888671875
990.0333862304688
993.8233642578125
996.0958862304688
991.4683837890625
991.5083618164062
994.3583984375
995.3883666992188
994.6759033203125
964.745849609375
963.4859008789062
979.8958740234375
979.2883911132812
981.140869140625
983.4758911132812
986.1958618164062
986.765869140625
987.7283935546875
987.9833984375
987.1708984375
989.0858764648438
989.7733764648438
988.6058959960938
989.1658935546875
990.3408813476562
993.7708740234375
994.9483642578125
995.7158813476562
995.9783935546875
995.683349609375
762.9983520507812
725.3458862304688
675.5333862304688
936.8133544921875
983.83837890625
888.305908203125
882.6683959960938
988.285888671875
995.723388671875
744.8558959960938
972.8333740234375
962.6759033203125
904.5408935546875
986.9458618164062
995.8258666992188
891.8833618164062
986.805908203125
899.1433715820312
943.430908203125
928.4358520507812
792.515869140625
992.5633544921875
975.2733764648438
978.2158813476562
985.683349609375
843.5858764648438
990.555908203125
973.993408203125
996.473388671875
990.4458618164062
996.2808837890625
993.5433959960938
994.7933959960938
993.4483642578125
991.7783813476562
991.1583862304688
991.5183715820312
993.96337890625
989.8883666992188
935.8358764648438
882.035888671875
982.7633666992188
853.7409057617188
934.818359375
992.5484008789062
885.6433715820312
992.1558837890625
987.5283813476562
924.8158569335938
985.005859375
988.868408203125
974.0633544921875
995.598388671875
981.870849609375
970.1458740234375
990.818359375
991.1233520507812
992.4133911132812
993.2733764648438
992.243408203125
995.8783569335938
991.1383666992188
990.5283813476562
991.6134033203125
921.2483520507812
989.5933837890625
853.3108520507812
981.7708740234375
905.943359375
937.2208862304688
986.8108520507812
990.0658569335938
992.578369140625
977.7508544921875
992.5933837890625
992.4259033203125
991.0733642578125
990.6333618164062
974.2883911132812
993.558349609375
983.245849609375
994.3433837890625
993.52587890625
991.0534057617188
991.2283935546875
995.0958862304688
975.4183959960938
885.7208862304688
991.7359008789062
986.348388671875
994.3733520507812
992.2883911132812
991.8258666992188
994.4758911132812
924.555908203125
954.5509033203125
992.1558837890625
990.52587890625
993.5733642578125
982.3358764648438
982.2583618164062
990.1683959960938
993.7958984375
995.6784057617188
995.2359008789062
996.3983764648438
978.9158935546875
992.6784057617188
992.7933959960938
990.4708862304688
996.27587890625
992.5083618164062
993.6258544921875
996.0333862304688
994.5908813476562
994.9234008789062
991.2108764648438
991.6033935546875
991.3609008789062
992.7933959960938
994.1058959960938
994.8558959960938
995.4983520507812
995.930908203125
995.3258666992188
994.4208984375
993.4083862304688
993.5433959960938
992.5208740234375
992.8208618164062
979.6358642578125
973.933349609375
977.933349609375
977.7333984375
982.910888671875
982.160888671875
966.0708618164062
974.0808715820312
977.2683715820312
973.3634033203125
937.6283569335938
980.8009033203125
984.910888671875
970.160888671875
943.2183837890625
982.3308715820312
969.1983642578125
981.58837890625
975.8833618164062
972.0808715820312
982.33837890625
977.973388671875
983.7984008789062
987.4083862304688
984.640869140625
988.8659057617188
988.2108764648438
986.90087890625
984.495849609375
986.6983642578125
954.7883911132812
967.8833618164062
968.785888671875
979.6734008789062
956.9383544921875
950.7508544921875
968.4284057617188
962.618408203125
973.0758666992188
951.9358520507812
981.9408569335938
989.1233520507812
960.7508544921875
954.6109008789062
966.9234008789062
975.9234008789062
955.3258666992188
970.568359375
971.6008911132812
979.6958618164062
972.4358520507812
982.4859008789062
965.2208862304688
970.2409057617188
966.8458862304688
976.1583862304688
976.9783935546875
972.1159057617188
974.7783813476562
983.160888671875
979.120849609375
978.8458862304688
984.9808959960938
980.3933715820312
974.2258911132812
976.0333862304688
980.1759033203125
985.0633544921875
975.7958984375
982.285888671875
980.5183715820312
985.2733764648438
984.430908203125
990.078369140625
890.4859008789062
789.848388671875
883.1759033203125
894.6383666992188
907.0458984375
924.785888671875
965.46337890625
957.7783813476562
931.7483520507812
966.9758911132812
943.243408203125
975.8458862304688
979.4383544921875
980.368408203125
980.1159057617188
981.1458740234375
979.6633911132812
977.8933715820312
981.40087890625
969.1033935546875
981.7883911132812
974.535888671875
977.4909057617188
980.2083740234375
983.4783935546875
982.8983764648438
983.348388671875
983.65087890625
979.21337890625
979.4708862304688
979.3333740234375
979.453369140625
979.5308837890625
978.02587890625
969.6458740234375
962.1458740234375
966.160888671875
970.693359375
966.5958862304688
961.2633666992188
958.8158569335938
964.660888671875
969.0758666992188
967.5033569335938
969.4708862304688
965.0008544921875
965.3508911132812
969.1583862304688
987.285888671875
974.910888671875
983.6958618164062
986.4358520507812
979.0484008789062
989.2508544921875
983.6908569335938
986.9234008789062
983.555908203125
984.930908203125
984.3433837890625
984.505859375
985.3933715820312
987.255859375
986.4408569335938
986.0133666992188
989.9259033203125
985.9158935546875
987.8034057617188
969.5808715820312
987.2058715820312
987.6258544921875
991.8933715820312
990.368408203125
990.46337890625
993.7108764648438
989.5833740234375
985.9558715820312
992.203369140625
989.443359375
990.993408203125
986.5633544921875
987.7733764648438
986.4783935546875
993.8609008789062
986.1258544921875
990.9758911132812
973.1708984375
990.4183959960938
988.9408569335938
991.7283935546875
990.4458618164062
989.3758544921875
991.8634033203125
986.1033935546875
991.6633911132812
989.6433715820312
994.680908203125
978.785888671875
980.2058715820312
991.2308959960938
980.515869140625
989.743408203125
994.7258911132812
988.4833984375
991.5233764648438
989.6734008789062
991.6533813476562
990.5658569335938
991.243408203125
979.368408203125
990.5333862304688
992.2333984375
981.0458984375
984.7483520507812
991.7359008789062
993.3233642578125
995.578369140625
996.1058959960938
991.1958618164062
997.5484008789062
997.9884033203125
981.2508544921875
989.9983520507812
979.2258911132812
998.1008911132812
998.1558837890625
991.9483642578125
987.4909057617188
984.6258544921875
979.6358642578125
992.370849609375
978.0933837890625
992.6159057617188
991.8659057617188
974.7083740234375
986.5233764648438
985.4383544921875
988.7258911132812
994.2533569335938
984.40087890625
984.6258544921875
982.7508544921875
991.8609008789062
979.71337890625
994.3458862304688
978.1883544921875
990.8208618164062
983.1583862304688
978.7158813476562
991.0509033203125
973.5308837890625
972.8408813476562
964.1784057617188
986.1333618164062
987.8458862304688
831.1683959960938
969.680908203125
960.4083862304688
975.8858642578125
978.2008666992188
979.930908203125
983.0733642578125
980.8009033203125
981.83837890625
974.8508911132812
983.4658813476562
984.0808715820312
985.0633544921875
979.9383544921875
979.620849609375
974.3009033203125
959.7783813476562
966.3858642578125
972.6383666992188
972.7208862304688
973.1558837890625
978.2958984375
979.1483764648438
987.9083862304688
986.0908813476562
986.2283935546875
989.0658569335938
987.5458984375
990.1333618164062
990.1109008789062
986.1583862304688
991.3133544921875
986.7483520507812
993.620849609375
989.9583740234375
987.2158813476562
992.4558715820312
987.6109008789062
990.495849609375
993.9483642578125
993.6233520507812
991.818359375
985.7283935546875
992.3659057617188
992.505859375
981.410888671875
987.2783813476562
994.4458618164062
993.0408935546875
982.9208984375
968.4909057617188
849.1683959960938
970.9234008789062
980.5534057617188
981.5958862304688
980.5908813476562
978.2359008789062
985.0208740234375
980.4458618164062
986.180908203125
984.6134033203125
980.0233764648438
964.7683715820312
967.0408935546875
963.160888671875
981.5108642578125
983.1734008789062
983.578369140625
985.140869140625
993.7683715820312
987.808349609375
992.505859375
985.6283569335938
991.8733520507812
987.9183959960938
992.1134033203125
988.3958740234375
993.8208618164062
991.7958984375
981.5458984375
987.8458862304688
886.4083862304688
975.1633911132812
964.7258911132812
981.7158813476562
984.4708862304688
986.7883911132812
980.3983764648438
970.5033569335938
968.4783935546875
964.1159057617188
981.8034057617188
983.9208984375
985.21337890625
995.3883666992188
990.1708984375
988.8533935546875
990.9133911132812
992.33837890625
990.3108520507812
989.910888671875
978.7258911132812
986.0908813476562
992.255859375
978.3659057617188
989.1658935546875
981.6358642578125
981.7258911132812
985.6658935546875
966.3034057617188
974.493408203125
974.7384033203125
981.3783569335938
984.1734008789062
985.9408569335938
986.5808715820312
992.193359375
981.2008666992188
982.0958862304688
887.0708618164062
983.3883666992188
983.6458740234375
981.6784057617188
986.1358642578125
980.8433837890625
970.3933715820312
979.4183959960938
979.8933715820312
983.6233520507812
972.8358764648438
995.1958618164062
984.0283813476562
985.4683837890625
989.3408813476562
984.1283569335938
982.7384033203125
979.5208740234375
984.2183837890625
995.0658569335938
989.5108642578125
983.495849609375
983.7633666992188
981.318359375
985.0733642578125
993.7508544921875
989.9583740234375
991.890869140625
989.0083618164062
988.7708740234375
990.8333740234375
991.8983764648438
895.2958984375
988.3958740234375
992.9284057617188
990.4358520507812
988.7258911132812
991.7633666992188
983.3958740234375
980.9083862304688
985.6784057617188
985.2608642578125
993.2333984375
994.7008666992188
992.8308715820312
990.2008666992188
910.4058837890625
993.5408935546875
990.3833618164062
996.1458740234375
928.535888671875
981.8858642578125
989.4383544921875
923.6458740234375
980.02587890625
988.0008544921875
985.8508911132812
957.2533569335938
963.245849609375
990.0958862304688
963.495849609375
988.0133666992188
986.0958862304688
988.0958862304688
965.5133666992188
989.3034057617188
986.0383911132812
987.4983520507812
992.078369140625
985.1883544921875
969.9583740234375
988.9608764648438
980.40087890625
992.96337890625
988.65087890625
975.7258911132812
993.5108642578125
968.805908203125
983.1283569335938
984.21337890625
992.1633911132812
977.8158569335938
996.2583618164062
988.4608764648438
989.5408935546875
