9.876351576561311e-42
612.9542236328125
701.166748046875
585.9567260742188
646.8292236328125
587.6067504882812
725.7592163085938
729.5267333984375
670.521728515625
946.7017211914062
684.5717163085938
924.55419921875
928.6242065429688
971.6867065429688
957.8317260742188
906.3742065429688
984.5567016601562
950.1766967773438
984.1542358398438
902.5817260742188
981.0067138671875
985.07421875
775.4642333984375
837.0592041015625
826.1116943359375
984.564208984375
985.55419921875
931.9017333984375
947.8167114257812
985.7892456054688
971.3167114257812
986.5917358398438
922.6442260742188
976.99169921875
961.8641967773438
963.9717407226562
957.0067138671875
959.19921875
988.9667358398438
961.7892456054688
961.63671875
962.1217041015625
664.6342163085938
844.6642456054688
582.4867553710938
693.231689453125
763.3942260742188
904.6817016601562
968.3792114257812
774.9617309570312
947.8641967773438
983.17919921875
932.86669921875
984.7042236328125
746.8942260742188
982.9841918945312
883.0491943359375
974.44921875
986.7017211914062
965.1592407226562
768.3591918945312
909.6842041015625
657.771728515625
844.564208984375
743.7117309570312
981.0692138671875
984.0367431640625
954.2467041015625
808.4342041015625
975.0167236328125
971.15673828125
958.49169921875
735.76171875
867.606689453125
689.4216918945312
819.5292358398438
981.9142456054688
984.88671875
796.4216918945312
976.291748046875
959.8392333984375
959.6867065429688
856.84423828125
918.6942138671875
888.8792114257812
984.1517333984375
984.7366943359375
984.981689453125
974.919189453125
962.4417114257812
913.7742309570312
777.7042236328125
984.8692016601562
978.0717163085938
961.5342407226562
946.6217041015625
984.646728515625
986.2442016601562
963.669189453125
840.1292114257812
867.416748046875
984.5767211914062
964.61669921875
964.0242309570312
813.604248046875
938.7042236328125
881.2391967773438
985.92919921875
958.07421875
972.3067016601562
888.1242065429688
956.1642456054688
922.0992431640625
974.59423828125
959.896728515625
936.939208984375
962.8067016601562
819.4517211914062
965.30419921875
886.251708984375
976.4042358398438
952.3692016601562
974.4542236328125
970.3317260742188
974.7542114257812
977.1716918945312
975.32421875
977.7366943359375
986.5167236328125
975.9992065429688
978.2217407226562
859.3492431640625
980.7492065429688
982.376708984375
983.3817138671875
984.4442138671875
914.69921875
964.5892333984375
969.9241943359375
962.57421875
974.9717407226562
971.6716918945312
964.8692016601562
971.209228515625
975.544189453125
979.2267456054688
981.07421875
982.4742431640625
983.78173828125
982.4567260742188
983.8117065429688
985.064208984375
985.0592041015625
985.42919921875
985.5967407226562
986.9017333984375
986.626708984375
986.7742309570312
987.36669921875
988.0042114257812
989.5242309570312
990.3917236328125
638.88671875
661.49169921875
631.064208984375
654.38671875
638.4342041015625
691.5717163085938
754.4617309570312
696.041748046875
765.40673828125
768.0192260742188
623.8992309570312
700.5167236328125
795.9042358398438
635.439208984375
826.7492065429688
685.8942260742188
751.1492309570312
913.3842163085938
696.2667236328125
906.8616943359375
876.9891967773438
707.271728515625
594.44921875
928.0717163085938
866.49169921875
830.4042358398438
736.5367431640625
798.9417114257812
843.5042114257812
640.5892333984375
873.354248046875
823.6192016601562
865.2467041015625
812.3892211914062
651.6292114257812
662.5367431640625
632.1867065429688
700.5867309570312
741.1217041015625
628.21923828125
751.729248046875
749.4891967773438
879.4367065429688
739.1242065429688
807.9567260742188
672.106689453125
927.3167114257812
777.1517333984375
928.8067016601562
667.1942138671875
680.2366943359375
850.0267333984375
704.106689453125
928.044189453125
820.5167236328125
666.606689453125
751.2767333984375
954.6342163085938
832.0867309570312
717.439208984375
804.9467163085938
774.1317138671875
837.041748046875
679.1017456054688
869.2592163085938
711.541748046875
714.1017456054688
898.6542358398438
850.981689453125
752.731689453125
805.78173828125
805.2017211914062
744.0667114257812
872.856689453125
876.01171875
864.7492065429688
855.2442016601562
891.584228515625
911.0516967773438
790.1017456054688
889.1642456054688
813.3417358398438
942.0342407226562
844.0767211914062
933.13671875
872.7991943359375
890.9767456054688
917.2792358398438
882.9317016601562
892.0042114257812
898.8742065429688
917.2642211914062
929.0192260742188
941.9891967773438
949.439208984375
958.4216918945312
899.8942260742188
908.3217163085938
882.44921875
774.1917114257812
740.439208984375
748.2966918945312
732.0717163085938
720.76171875
622.8392333984375
632.17919921875
660.7867431640625
893.4841918945312
814.9667358398438
850.6342163085938
808.4216918945312
777.7242431640625
628.3167114257812
644.4842529296875
666.6917114257812
647.6017456054688
704.3517456054688
824.69921875
804.606689453125
658.9092407226562
687.09423828125
808.6192016601562
700.03173828125
888.6842041015625
773.9417114257812
920.6741943359375
778.4216918945312
751.1967163085938
777.604248046875
870.9241943359375
629.3392333984375
760.1766967773438
674.2792358398438
784.1716918945312
704.19921875
690.4017333984375
772.8616943359375
897.15673828125
792.7067260742188
633.271728515625
717.1242065429688
678.99169921875
815.4667358398438
639.8367309570312
667.7592163085938
816.1592407226562
737.856689453125
683.5242309570312
875.4317016601562
774.8067016601562
817.9317016601562
659.2467041015625
797.9517211914062
698.294189453125
645.9217529296875
695.3117065429688
704.11669921875
716.0917358398438
805.5491943359375
720.8517456054688
685.2792358398438
742.9642333984375
715.94921875
813.2642211914062
743.2867431640625
815.2767333984375
762.86669921875
743.9642333984375
767.3842163085938
800.1091918945312
794.2167358398438
806.0491943359375
816.1642456054688
809.3092041015625
820.80419921875
820.92919921875
890.1617431640625
907.9317016601562
908.0617065429688
935.3292236328125
928.0817260742188
968.1017456054688
916.1766967773438
810.84423828125
835.8842163085938
945.9642333984375
847.5867309570312
919.4367065429688
958.15673828125
840.92919921875
734.59423828125
869.1017456054688
949.0167236328125
976.2642211914062
976.8817138671875
986.8117065429688
975.2842407226562
981.9742431640625
985.0867309570312
986.3591918945312
986.7042236328125
978.2267456054688
982.5767211914062
987.0392456054688
877.7867431640625
817.8467407226562
945.19921875
904.3842163085938
966.2167358398438
940.4442138671875
803.1317138671875
980.74169921875
973.5592041015625
985.9517211914062
986.9216918945312
979.0992431640625
987.1867065429688
882.94921875
877.9241943359375
925.4241943359375
885.4117431640625
978.67919921875
917.5792236328125
896.8417358398438
967.7341918945312
941.26171875
980.959228515625
940.0767211914062
848.2892456054688
956.6342163085938
956.1492309570312
894.0042114257812
987.4617309570312
965.13671875
971.856689453125
936.7567138671875
969.2042236328125
976.3717041015625
962.1492309570312
986.9467163085938
976.876708984375
973.001708984375
985.1867065429688
981.0342407226562
981.0817260742188
984.919189453125
987.7167358398438
981.1642456054688
985.064208984375
987.1492309570312
982.61669921875
982.78173828125
985.5466918945312
986.69921875
986.0392456054688
953.751708984375
952.6967163085938
969.1192016601562
968.7592163085938
971.126708984375
973.6917114257812
976.584228515625
977.1217041015625
978.2366943359375
978.5267333984375
978.0367431640625
980.1517333984375
980.856689453125
979.8591918945312
980.4442138671875
981.8016967773438
985.49169921875
986.61669921875
987.3192138671875
987.7792358398438
987.5917358398438
758.4841918945312
721.3591918945312
672.1317138671875
929.354248046875
975.291748046875
881.9967041015625
876.5792236328125
979.9667358398438
987.709228515625
740.69921875
964.4967041015625
954.5992431640625
897.94921875
978.8292236328125
987.9142456054688
885.4042358398438
978.271728515625
892.6317138671875
935.7341918945312
921.2592163085938
787.5567016601562
983.8792114257812
967.0092163085938
969.9742431640625
977.291748046875
837.7592163085938
982.0817260742188
965.584228515625
987.5892333984375
981.69921875
987.4667358398438
984.791748046875
986.041748046875
984.9442138671875
983.40673828125
982.9866943359375
983.5491943359375
986.3492431640625
981.7642211914062
928.544189453125
876.0267333984375
974.5392456054688
848.44921875
927.8117065429688
984.689208984375
879.7542114257812
984.4667358398438
979.606689453125
918.2792358398438
977.6292114257812
981.3292236328125
966.814208984375
988.0067138671875
974.5592041015625
963.0292358398438
983.4467163085938
983.7217407226562
985.1017456054688
985.9417114257812
984.8692016601562
988.6091918945312
984.0491943359375
983.5466918945312
984.8792114257812
914.3467407226562
981.6342163085938
847.94921875
973.7442016601562
899.5792236328125
930.3917236328125
979.3616943359375
982.6842041015625
985.1116943359375
970.5867309570312
985.2767333984375
985.2117309570312
984.044189453125
983.689208984375
966.2042236328125
985.4866943359375
975.3992309570312
986.5867309570312
986.314208984375
984.1217041015625
984.3842163085938
986.9866943359375
967.5142211914062
879.8992309570312
984.2966918945312
979.0367431640625
987.1517333984375
985.2867431640625
984.92919921875
986.55419921875
918.0817260742188
947.3417358398438
984.5466918945312
983.2142333984375
986.5917358398438
975.01171875
974.94921875
982.814208984375
986.4467163085938
987.834228515625
987.9866943359375
988.78173828125
971.1617431640625
985.3367309570312
985.92919921875
982.8892211914062
988.78173828125
985.8192138671875
986.1517333984375
988.65673828125
987.2366943359375
987.8467407226562
983.9342041015625
984.3892211914062
984.3467407226562
985.7492065429688
987.0491943359375
987.3792114257812
988.1342163085938
988.6542358398438
988.231689453125
987.439208984375
986.5692138671875
986.71923828125
985.8591918945312
986.4542236328125
972.07421875
966.3992309570312
970.4742431640625
970.69921875
975.5466918945312
974.8641967773438
959.5367431640625
967.354248046875
970.6542358398438
966.9542236328125
931.7492065429688
973.6592407226562
977.5867309570312
963.7467041015625
937.2017211914062
975.3792114257812
962.7667236328125
974.1091918945312
969.4266967773438
965.6917114257812
975.6917114257812
971.4942016601562
977.1517333984375
980.1192016601562
977.7592163085938
981.6492309570312
981.084228515625
980.044189453125
977.501708984375
979.90673828125
948.61669921875
961.4942016601562
962.30419921875
973.356689453125
950.8192138671875
944.7767333984375
962.11669921875
956.65673828125
966.7767333984375
946.1917114257812
975.94921875
982.8942260742188
954.9017333984375
948.90673828125
961.2867431640625
970.0992431640625
949.8917236328125
964.354248046875
965.3892211914062
973.626708984375
966.67919921875
976.5491943359375
958.9467163085938
964.0092163085938
960.771728515625
970.0792236328125
971.09423828125
966.3742065429688
968.40673828125
977.2391967773438
973.2567138671875
972.6542358398438
979.0142211914062
973.9266967773438
967.689208984375
969.67919921875
973.94921875
978.919189453125
969.646728515625
976.2966918945312
974.4992065429688
979.2542114257812
978.4442138671875
983.9342041015625
881.0092163085938
784.1141967773438
874.21923828125
885.32421875
897.2592163085938
914.5567016601562
954.271728515625
946.5392456054688
921.4717407226562
955.9542236328125
932.7442016601562
965.5567016601562
969.2792358398438
970.6091918945312
970.6716918945312
971.541748046875
968.88671875
967.7242431640625
970.7391967773438
960.4717407226562
971.3067016601562
966.26171875
968.9767456054688
971.42919921875
973.8591918945312
972.9891967773438
973.3167114257812
974.3616943359375
970.9142456054688
971.40673828125
970.5042114257812
971.521728515625
970.5667114257812
970.2842407226562
961.67919921875
954.2217407226562
958.49169921875
962.166748046875
959.1517333984375
953.6766967773438
951.3842163085938
956.5867309570312
961.104248046875
959.63671875
961.6517333984375
957.5917358398438
957.5592041015625
961.5617065429688
979.32421875
967.7391967773438
976.1642456054688
979.21923828125
971.9467163085938
981.376708984375
976.4841918945312
979.7692260742188
976.501708984375
977.6842041015625
977.0067138671875
977.1242065429688
978.1642456054688
980.2867431640625
979.479248046875
978.8591918945312
982.3092041015625
978.59423828125
980.2991943359375
962.9717407226562
980.4042358398438
980.3892211914062
984.416748046875
983.5892333984375
983.6617431640625
986.1617431640625
982.2442016601562
978.9017333984375
984.8692016601562
982.2642211914062
984.2767333984375
979.8591918945312
981.104248046875
979.7542114257812
986.564208984375
979.5717163085938
984.3742065429688
966.7442016601562
983.3817138671875
982.4841918945312
985.2642211914062
984.0167236328125
982.5717163085938
984.7966918945312
979.834228515625
984.794189453125
983.4266967773438
987.626708984375
972.544189453125
974.13671875
984.419189453125
974.3842163085938
983.6017456054688
987.7442016601562
982.4866943359375
984.6842041015625
983.6116943359375
984.9617309570312
984.5717163085938
984.9517211914062
973.4866943359375
984.4241943359375
985.521728515625
975.2991943359375
978.92919921875
985.4342041015625
987.4216918945312
989.1517333984375
989.6942138671875
985.4742431640625
991.21923828125
991.6442260742188
975.5067138671875
984.291748046875
973.53173828125
991.896728515625
991.9642333984375
985.9667358398438
981.9017333984375
979.0192260742188
974.0142211914062
986.6342163085938
972.6116943359375
987.126708984375
986.0092163085938
969.231689453125
981.0042114257812
980.294189453125
983.1766967773438
988.544189453125
979.4042358398438
979.3417358398438
977.3792114257812
986.3292236328125
974.606689453125
989.07421875
972.9667358398438
985.44921875
977.84423828125
973.5592041015625
985.919189453125
968.481689453125
967.6842041015625
959.6116943359375
981.3717041015625
983.13671875
823.94921875
958.7067260742188
949.2991943359375
964.876708984375
967.96923828125
969.8842163085938
973.0242309570312
970.314208984375
971.4891967773438
965.9542236328125
973.4891967773438
974.4942016601562
975.2442016601562
971.71923828125
971.5392456054688
966.439208984375
952.0192260742188
958.5817260742188
964.8842163085938
965.3492431640625
965.126708984375
970.94921875
972.0491943359375
980.7542114257812
978.9992065429688
979.3742065429688
982.30419921875
980.4417114257812
983.4142456054688
983.4266967773438
979.2642211914062
984.6867065429688
980.1867065429688
986.4642333984375
983.36669921875
981.0392456054688
985.6017456054688
981.6442260742188
984.3367309570312
988.0392456054688
987.7117309570312
985.9642333984375
979.981689453125
986.5092163085938
986.8192138671875
976.3016967773438
981.8067016601562
988.9442138671875
987.5067138671875
977.979248046875
963.9317016601562
841.1842041015625
960.1141967773438
970.419189453125
972.1642456054688
970.2792358398438
969.0142211914062
975.2267456054688
971.959228515625
976.5392456054688
975.1766967773438
971.7341918945312
956.6091918945312
958.9216918945312
955.0667114257812
974.2966918945312
976.1242065429688
976.044189453125
978.084228515625
986.3392333984375
980.86669921875
985.564208984375
979.169189453125
985.606689453125
981.9617309570312
985.7867431640625
982.5367431640625
988.1842041015625
986.4742431640625
976.84423828125
983.044189453125
877.0342407226562
964.6392211914062
953.689208984375
971.771728515625
974.7267456054688
977.2966918945312
971.88671875
962.189208984375
960.251708984375
956.814208984375
974.17919921875
976.794189453125
977.7592163085938
987.916748046875
983.6091918945312
982.0967407226562
984.9841918945312
985.646728515625
984.3016967773438
984.1867065429688
973.61669921875
981.0142211914062
986.9617309570312
973.0491943359375
984.2892456054688
971.5717163085938
973.041748046875
976.0692138671875
957.99169921875
965.8067016601562
967.5992431640625
973.856689453125
976.604248046875
978.92919921875
979.5067138671875
985.3067016601562
976.09423828125
976.6642456054688
877.7642211914062
973.564208984375
973.6817016601562
971.4717407226562
976.689208984375
972.4342041015625
961.9092407226562
972.169189453125
972.2991943359375
976.229248046875
966.1392211914062
987.8492431640625
978.5767211914062
980.041748046875
984.1642456054688
974.291748046875
972.7167358398438
971.9142456054688
976.6741943359375
987.8392333984375
983.0267333984375
973.8417358398438
974.001708984375
974.126708984375
977.729248046875
986.7442016601562
983.584228515625
985.84423828125
983.5491943359375
983.5567016601562
985.3217163085938
986.5491943359375
885.7042236328125
981.6217041015625
986.001708984375
984.8367309570312
983.3192138671875
986.1292114257812
973.9642333984375
973.2366943359375
978.5491943359375
978.106689453125
987.6116943359375
989.1091918945312
987.1642456054688
985.0917358398438
900.229248046875
986.5892333984375
983.896728515625
990.4517211914062
917.6741943359375
973.2692260742188
982.7742309570312
913.2567138671875
970.854248046875
980.9442138671875
978.9042358398438
945.8217163085938
951.74169921875
984.9866943359375
952.2042236328125
980.2341918945312
979.3117065429688
980.4467163085938
954.3792114257812
981.57421875
979.4117431640625
980.939208984375
985.2142333984375
978.7217407226562
959.0516967773438
981.3892211914062
973.6217041015625
987.7966918945312
981.3591918945312
969.1292114257812
988.481689453125
957.7792358398438
973.834228515625
977.78173828125
985.44921875
971.6342163085938
989.8292236328125
981.3117065429688
982.9367065429688
