9.876351576561311e-42
615.0787963867188
702.86376953125
587.7612915039062
648.746337890625
589.5838012695312
727.1187744140625
730.86376953125
672.0787963867188
947.8912963867188
685.9738159179688
925.5863037109375
929.5062866210938
973.0338134765625
959.0762939453125
906.9387817382812
985.9537963867188
950.8887939453125
985.4688110351562
903.17626953125
981.98876953125
986.393798828125
776.2362670898438
837.7312622070312
826.7113037109375
985.8712768554688
986.8363037109375
932.5313110351562
948.3237915039062
987.11376953125
972.0437622070312
987.748779296875
923.2088012695312
977.8463134765625
962.331298828125
964.5712890625
957.4738159179688
959.7113037109375
990.018798828125
962.206298828125
962.2113037109375
962.5263061523438
666.4862670898438
845.65380859375
584.3563232421875
694.8687744140625
764.538818359375
905.6162719726562
969.6987915039062
775.98876953125
948.9237670898438
984.5313110351562
933.6412963867188
986.0213012695312
747.7987670898438
983.9962768554688
883.6312866210938
975.2863159179688
987.8862915039062
965.7562866210938
769.5938110351562
910.80126953125
659.4088134765625
845.4713134765625
744.8187866210938
982.3438110351562
985.3988037109375
955.1412963867188
809.1787719726562
975.8287963867188
971.8363037109375
958.9212646484375
737.143798828125
868.601318359375
690.9212646484375
820.4837646484375
983.2412719726562
986.288818359375
797.2337646484375
977.1112670898438
960.3837890625
960.143798828125
857.768798828125
919.7637939453125
889.7188110351562
985.4437866210938
986.081298828125
986.2512817382812
975.7462768554688
962.956298828125
914.7813110351562
778.8137817382812
986.163818359375
978.9487915039062
962.038818359375
947.7512817382812
986.0363159179688
987.456298828125
964.21630859375
841.0637817382812
867.9738159179688
985.9487915039062
965.1687622070312
964.603759765625
814.6262817382812
939.7937622070312
881.8062744140625
987.2012939453125
958.6387939453125
972.9387817382812
888.9937744140625
957.2937622070312
922.7037963867188
975.3262939453125
961.0838012695312
937.6087646484375
963.4487915039062
820.3837890625
965.9512939453125
887.1087646484375
977.561279296875
953.103759765625
975.2612915039062
971.0938110351562
975.5888061523438
978.3812866210938
976.1962890625
978.9487915039062
987.71630859375
976.8488159179688
979.0587768554688
860.2188110351562
981.6463012695312
983.2962646484375
984.3338012695312
985.4912719726562
915.5437622070312
965.5587768554688
970.936279296875
963.2838134765625
976.0587768554688
972.4688110351562
965.6962890625
972.09130859375
976.4862670898438
980.2738037109375
982.1712646484375
983.6087646484375
984.873779296875
983.623779296875
985.0662841796875
986.2738037109375
986.311279296875
986.7088012695312
986.7512817382812
988.0112915039062
987.80126953125
987.8162841796875
988.416259765625
989.0162963867188
990.4912719726562
991.3963012695312
641.7587890625
664.3037719726562
633.6688232421875
657.2188110351562
641.058837890625
693.8762817382812
756.5238037109375
698.2238159179688
767.353759765625
769.686279296875
626.433837890625
702.6162719726562
797.3363037109375
637.8887939453125
828.09130859375
687.9613037109375
752.71630859375
914.6837768554688
698.2838134765625
908.1488037109375
878.2763061523438
709.15380859375
596.7763061523438
929.6312866210938
867.8162841796875
831.6187744140625
738.123779296875
800.123779296875
844.6563110351562
642.6688232421875
874.6563110351562
824.6588134765625
866.40380859375
813.4412841796875
654.3363037109375
665.1262817382812
634.7813110351562
702.90380859375
743.1337890625
630.768798828125
753.436279296875
751.2012939453125
880.6837768554688
740.8287963867188
809.2088012695312
674.3287963867188
928.6962890625
778.5587768554688
930.2312622070312
669.6937866210938
682.5988159179688
851.1087646484375
706.0687866210938
929.4187622070312
822.3212890625
669.1613159179688
752.8812866210938
956.2012939453125
833.3287963867188
719.4387817382812
806.2612915039062
775.413818359375
838.7012939453125
681.476318359375
870.42626953125
713.6337890625
716.1563110351562
899.8562622070312
851.9512939453125
754.5737915039062
807.4613037109375
806.788818359375
745.8787841796875
874.4387817382812
877.0537719726562
866.2437744140625
856.4688110351562
892.84130859375
912.4862670898438
791.5888061523438
890.48876953125
814.7813110351562
943.6613159179688
845.4837646484375
934.728759765625
874.3237915039062
892.0787963867188
918.5737915039062
884.2188110351562
893.268798828125
900.1287841796875
918.5687866210938
930.413818359375
943.5338134765625
951.0363159179688
960.0838012695312
903.61376953125
912.02880859375
886.1337890625
777.5787963867188
743.8237915039062
751.541259765625
735.3662719726562
724.2437744140625
625.9512939453125
635.4688110351562
664.2662963867188
896.9088134765625
818.0112915039062
853.8762817382812
811.46630859375
780.9837646484375
631.2288208007812
647.581298828125
669.9287719726562
650.6513061523438
707.5838012695312
827.17626953125
807.2462768554688
661.9387817382812
690.1588134765625
810.90380859375
702.77880859375
892.3562622070312
777.4437866210938
924.4113159179688
781.686279296875
754.4738159179688
780.7362670898438
874.4462890625
632.246337890625
763.5137939453125
677.5062866210938
787.0087890625
707.0963134765625
693.5012817382812
776.4412841796875
900.853759765625
795.8087768554688
636.4163208007812
720.353759765625
682.0137939453125
819.0562744140625
643.0012817382812
670.80126953125
819.6812744140625
741.0487670898438
686.7462768554688
879.101318359375
778.0737915039062
821.3787841796875
662.5313110351562
801.0137939453125
701.5313110351562
649.21630859375
698.6187744140625
707.3687744140625
719.5137939453125
808.478759765625
724.2637939453125
688.726318359375
746.353759765625
719.3687744140625
816.0462646484375
746.7012939453125
818.1812744140625
766.2113037109375
747.3037719726562
770.6362915039062
803.248779296875
797.3463134765625
809.1262817382812
819.1987915039062
812.4387817382812
824.0087890625
824.2937622070312
893.8812866210938
911.686279296875
911.7587890625
939.123779296875
931.6737670898438
971.6362915039062
919.4063110351562
813.6737670898438
838.7863159179688
949.3612670898438
850.268798828125
921.9588012695312
960.8862915039062
843.1563110351562
737.2512817382812
871.3237915039062
951.6488037109375
978.978759765625
979.5888061523438
989.4937744140625
978.0037841796875
984.623779296875
987.71630859375
988.9688110351562
989.2437744140625
980.7512817382812
985.0087890625
989.52880859375
880.8162841796875
820.5437622070312
948.3587646484375
906.6488037109375
968.916259765625
942.9487915039062
805.3363037109375
983.416259765625
976.1687622070312
988.5988159179688
989.5263061523438
981.6563110351562
989.61376953125
885.7312622070312
880.0712890625
927.8187866210938
887.48876953125
981.2838134765625
920.5587768554688
899.21630859375
970.3463134765625
943.561279296875
983.55126953125
942.7813110351562
850.6812744140625
959.1087646484375
958.998779296875
896.30126953125
990.1513061523438
967.9337768554688
974.603759765625
939.2637939453125
971.9312744140625
979.0762939453125
964.8037719726562
989.6287841796875
979.5988159179688
975.6837768554688
987.8587646484375
983.7012939453125
983.748779296875
987.5737915039062
990.36376953125
983.8187866210938
987.7188110351562
989.8062744140625
985.2637939453125
985.4212646484375
988.17626953125
989.2713012695312
988.67626953125
957.561279296875
956.3837890625
972.538818359375
971.998779296875
974.0787963867188
976.5537719726562
979.3862915039062
979.9688110351562
981.061279296875
981.2813110351562
980.7462768554688
982.8037719726562
983.5137939453125
982.4862670898438
983.0888061523438
984.3912963867188
988.038818359375
989.2213134765625
989.8812866210938
990.2437744140625
989.9337768554688
760.92626953125
724.0162963867188
674.8988037109375
931.3687744140625
977.7863159179688
883.726318359375
878.1887817382812
982.2813110351562
990.0787963867188
743.0012817382812
966.8712768554688
956.84130859375
899.6737670898438
981.0587768554688
990.1687622070312
887.2437744140625
980.6837768554688
894.351318359375
937.8862915039062
923.1962890625
789.7838134765625
986.3388061523438
969.3287963867188
972.2738037109375
979.6513061523438
839.893798828125
984.4713134765625
967.9912719726562
990.2213134765625
984.2562866210938
990.0213012695312
987.351318359375
988.5213012695312
987.3438110351562
985.7562866210938
985.268798828125
985.7537841796875
988.4013061523438
984.1737670898438
930.4962768554688
877.601318359375
976.8137817382812
849.8963012695312
929.5687866210938
987.0787963867188
881.163818359375
986.8062744140625
981.7562866210938
919.7612915039062
979.4312744140625
983.288818359375
968.456298828125
990.226318359375
976.2662963867188
964.663818359375
985.2763061523438
985.5838012695312
986.9337768554688
987.811279296875
986.686279296875
990.7763061523438
985.80126953125
985.2412719726562
986.4862670898438
916.17626953125
983.9962768554688
849.42626953125
975.913818359375
901.11376953125
931.9962768554688
981.2188110351562
984.4638061523438
987.0687866210938
972.2863159179688
987.1212768554688
987.0313110351562
985.7738037109375
985.3687744140625
968.4287719726562
987.9187622070312
977.4862670898438
988.8963012695312
988.1337890625
985.80126953125
985.9937744140625
989.4512939453125
969.6287841796875
881.268798828125
986.2113037109375
980.7937622070312
989.0037841796875
987.0737915039062
986.6737670898438
988.9437866210938
919.5037841796875
949.1112670898438
986.5737915039062
985.0662841796875
988.3988037109375
976.728759765625
976.7037963867188
984.6162719726562
988.351318359375
990.1112670898438
989.9187622070312
990.9512939453125
973.206298828125
987.163818359375
987.6962890625
984.8837890625
990.9187622070312
987.5012817382812
988.1337890625
990.7863159179688
989.1887817382812
989.7512817382812
985.7838134765625
986.2138061523438
986.0838012695312
987.5437622070312
988.8912963867188
989.3988037109375
990.15380859375
990.7138061523438
990.1937866210938
989.2863159179688
988.351318359375
988.5162963867188
987.5462646484375
987.791259765625
973.8562622070312
968.1287841796875
972.226318359375
972.3338012695312
977.27880859375
976.6287841796875
961.0462646484375
968.9287719726562
972.248779296875
968.561279296875
933.0762939453125
975.3388061523438
979.3562622070312
965.2713012695312
938.5487670898438
976.9713134765625
964.3187866210938
975.8862915039062
971.018798828125
967.3438110351562
977.34130859375
973.15380859375
978.8812866210938
981.84130859375
979.416259765625
983.36376953125
982.8338012695312
981.7512817382812
979.2987670898438
981.6687622070312
950.186279296875
963.2662963867188
964.163818359375
974.9412841796875
952.3187866210938
946.1712646484375
963.8762817382812
957.9013061523438
968.601318359375
947.416259765625
977.2713012695312
984.5112915039062
956.1812744140625
950.1412963867188
962.6212768554688
971.4387817382812
951.163818359375
965.893798828125
967.11376953125
975.1588134765625
968.0162963867188
977.893798828125
960.5562744140625
965.65380859375
962.1463012695312
971.3837890625
972.40380859375
967.7138061523438
970.101318359375
978.52880859375
974.6112670898438
974.09130859375
980.3137817382812
975.6488037109375
969.4512939453125
971.3262939453125
975.478759765625
980.3388061523438
971.228759765625
977.6712646484375
975.9537963867188
980.5938110351562
979.77880859375
985.4537963867188
884.8787841796875
787.8687744140625
877.9412841796875
889.038818359375
901.0437622070312
918.3262939453125
957.9113159179688
950.3338012695312
925.1987915039062
959.541259765625
936.4713134765625
968.5787963867188
972.1687622070312
973.2713012695312
973.288818359375
974.2138061523438
972.30126953125
970.6937866210938
974.061279296875
962.9287719726562
974.48876953125
968.6513061523438
971.4537963867188
974.0037841796875
976.8488159179688
975.9738159179688
976.268798828125
977.226318359375
973.3587646484375
973.6687622070312
973.1212768554688
973.6362915039062
973.2412719726562
972.1488037109375
963.623779296875
956.311279296875
960.2562866210938
964.5762939453125
960.851318359375
955.6513061523438
953.288818359375
958.73876953125
963.1712646484375
961.7763061523438
963.6488037109375
959.413818359375
959.5888061523438
963.4187622070312
981.6337890625
969.416259765625
978.143798828125
980.9113159179688
973.6162719726562
983.686279296875
978.1887817382812
981.5437622070312
978.2462768554688
979.5687866210938
978.8862915039062
979.1337890625
980.1513061523438
982.0112915039062
981.2138061523438
980.7412719726562
984.6287841796875
980.706298828125
982.4212646484375
964.8837890625
982.2238159179688
982.3687744140625
986.6737670898438
985.2637939453125
985.3463134765625
988.4113159179688
984.4287719726562
980.8862915039062
986.9588012695312
984.3612670898438
985.9862670898438
981.5263061523438
982.788818359375
981.2863159179688
988.5687866210938
981.0737915039062
986.1287841796875
968.5963134765625
985.34130859375
984.226318359375
986.873779296875
985.5587768554688
984.3037719726562
986.788818359375
981.2238159179688
986.6287841796875
984.8988037109375
989.5863037109375
973.9487915039062
975.42626953125
986.1513061523438
975.7813110351562
985.0313110351562
989.6287841796875
983.728759765625
986.4588012695312
985.0012817382812
986.643798828125
985.8812866210938
986.3338012695312
974.8212890625
985.8087768554688
987.17626953125
976.5213012695312
980.1687622070312
986.686279296875
988.6712646484375
990.5213012695312
991.0988159179688
986.6062622070312
992.67626953125
993.1387939453125
976.7362670898438
985.42626953125
974.728759765625
993.4287719726562
993.4638061523438
987.103759765625
983.0087890625
980.163818359375
975.1887817382812
987.7987670898438
973.706298828125
988.1563110351562
987.0963134765625
970.3237915039062
982.0487670898438
981.0587768554688
984.23876953125
989.7312622070312
980.0338134765625
980.1987915039062
978.3338012695312
987.4113159179688
975.373779296875
989.8562622070312
973.8687744140625
986.3988037109375
978.8087768554688
974.4912719726562
986.6463012695312
969.3912963867188
968.6962890625
960.3662719726562
981.9537963867188
983.8062744140625
827.71630859375
962.206298828125
953.0462646484375
968.4812622070312
970.916259765625
972.71630859375
975.9638061523438
973.5162963867188
974.5938110351562
968.4862670898438
976.4337768554688
977.4812622070312
978.1262817382812
974.081298828125
973.7437744140625
968.3363037109375
954.0112915039062
960.5787963867188
966.8162841796875
967.0662841796875
967.40380859375
972.7437744140625
973.7312622070312
982.5238037109375
980.8438110351562
981.1712646484375
984.1337890625
982.3212890625
985.1563110351562
985.2462768554688
981.0213012695312
986.40380859375
981.5637817382812
988.4937744140625
985.0087890625
982.3887939453125
987.4462890625
982.9487915039062
985.73876953125
989.2713012695312
988.9738159179688
987.1912841796875
981.2012939453125
987.7962646484375
987.9212646484375
977.1112670898438
982.8062744140625
989.936279296875
988.5537719726562
978.5313110351562
964.5863037109375
845.0687866210938
963.5662841796875
973.3488159179688
974.853759765625
973.3662719726562
971.6513061523438
978.1387939453125
974.48876953125
979.4462890625
978.0838012695312
974.0587768554688
958.7562866210938
961.0662841796875
957.268798828125
976.1087646484375
977.8762817382812
978.0712890625
979.9638061523438
988.4512939453125
982.6162719726562
987.4387817382812
980.5737915039062
987.123779296875
983.1362915039062
987.0787963867188
983.788818359375
989.268798828125
987.3463134765625
977.4088134765625
983.643798828125
880.90380859375
967.9212646484375
957.3912963867188
974.61376953125
977.6937866210938
980.1912841796875
974.3363037109375
964.456298828125
962.5737915039062
958.59130859375
976.1837768554688
978.601318359375
979.8837890625
990.0562744140625
985.3212890625
983.6887817382812
986.2337646484375
987.3262939453125
985.5963134765625
985.3587646484375
974.4412841796875
981.6812744140625
987.791259765625
974.041259765625
984.936279296875
974.4613037109375
975.6488037109375
979.0137939453125
960.2312622070312
968.30126953125
969.2562866210938
975.7738037109375
978.6987915039062
980.7113037109375
981.373779296875
987.0838012695312
976.8837890625
977.6837768554688
881.5863037109375
976.4237670898438
976.5863037109375
974.518798828125
979.5988159179688
974.893798828125
964.2512817382812
973.9088134765625
974.2962646484375
978.1937866210938
968.1062622070312
989.9287719726562
979.6262817382812
981.0363159179688
984.9613037109375
977.21630859375
975.7362670898438
973.936279296875
978.67626953125
989.9412841796875
984.5537719726562
976.67626953125
977.0537719726562
975.853759765625
979.623779296875
988.663818359375
985.05126953125
987.1488037109375
984.5737915039062
984.3363037109375
986.3988037109375
987.4512939453125
889.5712890625
983.5213012695312
987.8762817382812
985.9212646484375
984.2537841796875
987.2987670898438
976.8787841796875
975.3262939453125
980.311279296875
979.9462890625
988.6887817382812
990.1937866210938
988.351318359375
985.80126953125
904.163818359375
988.5112915039062
985.456298828125
991.5562744140625
921.6488037109375
975.8287963867188
984.6112670898438
917.0988159179688
973.456298828125
982.7462768554688
980.7937622070312
949.663818359375
955.52880859375
985.6787719726562
955.9437866210938
982.4812622070312
981.0112915039062
982.6287841796875
958.0637817382812
983.8137817382812
980.9088134765625
982.4837646484375
987.0437622070312
980.0313110351562
962.5863037109375
983.5888061523438
975.5587768554688
988.4962768554688
983.4088134765625
971.038818359375
989.1812744140625
961.413818359375
976.6613159179688
979.0963134765625
987.143798828125
972.9113159179688
991.2312622070312
983.2987670898438
984.7037963867188
