9.876351576561311e-42
606.1566162109375
705.714111328125
586.119140625
620.1915893554688
583.921630859375
680.6340942382812
702.361572265625
657.7640991210938
964.964111328125
670.1990966796875
941.3140869140625
951.0941162109375
980.7791137695312
978.1340942382812
949.796630859375
986.5341186523438
971.6641235351562
983.99658203125
943.484130859375
973.736572265625
984.8840942382812
846.921630859375
902.7515869140625
896.4791259765625
984.8991088867188
983.7666015625
963.8966064453125
959.006591796875
985.8040771484375
963.171630859375
984.8790893554688
940.214111328125
970.1965942382812
957.2490844726562
958.0565795898438
953.9415893554688
956.5191040039062
988.421630859375
954.41162109375
958.0715942382812
954.8341064453125
662.9940795898438
843.6965942382812
587.0816040039062
683.78662109375
791.756591796875
916.2841186523438
981.3890991210938
787.4616088867188
963.2615966796875
984.421630859375
960.5391235351562
983.9390869140625
809.296630859375
976.069091796875
938.1165771484375
966.03662109375
986.3291015625
957.7316284179688
793.5866088867188
915.0115966796875
619.494140625
886.93408203125
756.8516235351562
984.486572265625
984.2390747070312
964.6990966796875
878.2440795898438
964.8441162109375
962.4691162109375
954.8665771484375
747.4490966796875
879.8366088867188
644.3541259765625
848.6566162109375
985.0441284179688
985.8165893554688
864.3341064453125
967.9290771484375
957.9066162109375
956.1641235351562
871.4365844726562
927.881591796875
925.214111328125
983.9415893554688
985.776611328125
984.3215942382812
974.47412109375
959.3416137695312
923.3690795898438
744.2440795898438
983.4591064453125
974.2640991210938
957.089111328125
957.2440795898438
986.3890991210938
985.3040771484375
958.9816284179688
843.3291015625
935.09912109375
985.4766235351562
958.4091186523438
958.6290893554688
797.484130859375
949.7440795898438
934.0565795898438
985.569091796875
961.9541015625
963.24658203125
898.0241088867188
969.3566284179688
949.4990844726562
964.8740844726562
975.0841064453125
955.6815795898438
961.2590942382812
794.6566162109375
960.5665893554688
906.3291015625
981.7615966796875
968.7166137695312
965.6190795898438
969.1965942382812
965.2216186523438
980.7440795898438
966.8890991210938
981.2041015625
986.1140747070312
967.3690795898438
970.2540893554688
879.0316162109375
973.55908203125
975.5191040039062
976.8690795898438
978.671630859375
939.41162109375
970.4041137695312
976.24658203125
974.109130859375
982.7716064453125
973.4365844726562
974.0941162109375
975.8991088867188
976.7015991210938
976.924072265625
978.1290893554688
979.924072265625
980.5765991210938
982.18408203125
983.6990966796875
981.9415893554688
982.7316284179688
982.819091796875
982.8240966796875
985.0316162109375
985.7166137695312
985.3566284179688
986.62158203125
987.7916259765625
988.8916015625
989.8015747070312
635.1865844726562
666.214111328125
622.7291259765625
640.7891235351562
628.72412109375
702.8991088867188
750.6790771484375
693.8040771484375
781.30908203125
753.839111328125
619.3991088867188
691.3890991210938
798.5715942382812
624.91162109375
818.3765869140625
651.0665893554688
748.7916259765625
924.859130859375
678.7540893554688
925.7316284179688
876.3416137695312
685.4515991210938
581.0015869140625
937.1416015625
847.0765991210938
838.5140991210938
754.0341186523438
839.4290771484375
830.3690795898438
632.1491088867188
848.7440795898438
845.3890991210938
841.1491088867188
820.3740844726562
655.7666015625
667.0515747070312
631.3416137695312
704.5565795898438
756.9541015625
630.3291015625
753.4766235351562
763.4616088867188
878.174072265625
733.4816284179688
824.2590942382812
682.8416137695312
938.319091796875
778.069091796875
914.0090942382812
676.5291137695312
672.921630859375
881.2741088867188
701.8516235351562
938.6441040039062
825.8065795898438
668.7316284179688
742.3291015625
961.6541137695312
850.16162109375
705.421630859375
816.1566162109375
790.7015991210938
854.55908203125
681.4691162109375
876.5391235351562
706.0540771484375
717.026611328125
904.7490844726562
849.5341186523438
740.4940795898438
820.0966186523438
790.6491088867188
745.3115844726562
870.7916259765625
862.6190795898438
849.16162109375
865.4791259765625
880.1990966796875
910.9066162109375
789.6691284179688
868.80908203125
796.4890747070312
960.609130859375
827.381591796875
950.3916015625
909.026611328125
905.5565795898438
910.1491088867188
891.5416259765625
914.3665771484375
907.5090942382812
920.026611328125
931.421630859375
954.4515991210938
963.59912109375
970.5391235351562
892.34912109375
900.9315795898438
878.7066040039062
766.3416137695312
726.8416137695312
731.93408203125
718.049072265625
725.1915893554688
617.4066162109375
629.319091796875
649.7916259765625
886.8991088867188
802.30908203125
833.1666259765625
802.47412109375
770.7015991210938
623.3366088867188
641.0966186523438
662.0441284179688
647.2741088867188
699.8466186523438
810.5765991210938
791.4390869140625
662.4691162109375
673.0316162109375
799.174072265625
690.97412109375
884.9915771484375
770.1340942382812
914.1965942382812
767.7291259765625
750.756591796875
771.3065795898438
860.9365844726562
623.0615844726562
760.3366088867188
682.1790771484375
777.6566162109375
690.2091064453125
688.8966064453125
768.3115844726562
893.05908203125
788.1041259765625
631.99658203125
714.1765747070312
678.8740844726562
812.5791015625
641.4816284179688
668.2791137695312
811.41162109375
739.5416259765625
699.549072265625
872.1890869140625
774.7716064453125
810.6441040039062
661.49658203125
797.8566284179688
717.4041137695312
644.9916381835938
705.5391235351562
706.339111328125
722.1140747070312
804.8765869140625
719.9816284179688
680.861572265625
743.3215942382812
714.2291259765625
814.8840942382812
749.5341186523438
813.7515869140625
763.3916015625
742.7191162109375
764.4390869140625
790.7941284179688
787.9990844726562
802.2891235351562
814.299072265625
807.5515747070312
810.0341186523438
812.4915771484375
888.171630859375
904.7816162109375
906.1865844726562
932.24658203125
923.5515747070312
962.3566284179688
908.796630859375
804.3916015625
817.6591186523438
940.2891235351562
836.6790771484375
916.5540771484375
959.734130859375
830.8165893554688
726.2390747070312
863.5515747070312
953.151611328125
975.0316162109375
974.93408203125
981.6190795898438
977.0866088867188
980.006591796875
982.05908203125
985.2590942382812
984.0166015625
982.16162109375
984.214111328125
986.2316284179688
865.756591796875
820.3291015625
942.819091796875
906.6591186523438
968.0941162109375
945.16162109375
807.506591796875
979.174072265625
976.6041259765625
982.1416015625
983.87158203125
982.7041015625
986.4365844726562
871.6365966796875
881.444091796875
930.1265869140625
901.1890869140625
980.93408203125
911.549072265625
893.6466064453125
973.2590942382812
949.8566284179688
979.5241088867188
938.9290771484375
839.8466186523438
962.339111328125
955.8516235351562
893.8040771484375
981.881591796875
964.3665771484375
970.424072265625
942.0565795898438
969.296630859375
974.839111328125
965.1965942382812
980.506591796875
975.62158203125
975.609130859375
979.9265747070312
979.5665893554688
979.8665771484375
981.2015991210938
982.7515869140625
981.0416259765625
982.0565795898438
983.55908203125
981.7216186523438
982.0665893554688
984.0166015625
983.6790771484375
983.9290771484375
948.6240844726562
947.22412109375
963.2291259765625
964.8790893554688
968.3215942382812
970.5765991210938
973.5791015625
974.3890991210938
975.8341064453125
975.7540893554688
979.0015869140625
980.3790893554688
980.9415893554688
982.0341186523438
981.5140991210938
982.93408203125
984.7291259765625
984.924072265625
985.8916015625
986.1240844726562
987.2066040039062
752.6416015625
708.424072265625
655.8240966796875
947.0241088867188
979.4465942382812
891.9566040039062
928.7390747070312
987.4691162109375
986.8265991210938
734.859130859375
971.3341064453125
971.0515747070312
957.47412109375
986.7490844726562
987.6666259765625
902.8316040039062
983.4666137695312
897.4616088867188
947.7891235351562
935.549072265625
785.7440795898438
983.651611328125
986.1390991210938
981.84912109375
983.486572265625
845.1890869140625
985.3665771484375
970.964111328125
980.6491088867188
980.1416015625
983.9191284179688
982.881591796875
984.87158203125
986.736572265625
986.3516235351562
986.7390747070312
987.7291259765625
988.5565795898438
983.4265747070312
974.9541015625
976.7941284179688
987.16162109375
925.589111328125
980.12158203125
986.2540893554688
970.0391235351562
986.4791259765625
987.0841064453125
980.3065795898438
984.7316284179688
986.5765991210938
964.6016235351562
988.30908203125
975.6016235351562
970.2816162109375
986.4415893554688
986.9990844726562
987.47412109375
988.5615844726562
986.7390747070312
989.9990844726562
988.2640991210938
988.049072265625
989.9141235351562
979.6890869140625
984.7166137695312
951.776611328125
986.97412109375
978.651611328125
980.3541259765625
986.3140869140625
985.1865844726562
988.694091796875
977.1290893554688
987.6815795898438
988.3941040039062
988.4490966796875
988.3840942382812
983.2791137695312
986.0665893554688
986.9265747070312
987.7191162109375
988.7916259765625
988.87158203125
989.0391235351562
985.6990966796875
986.9940795898438
951.5966186523438
987.589111328125
983.8240966796875
989.3991088867188
989.8516235351562
990.0540771484375
986.924072265625
971.0391235351562
982.4191284179688
988.6140747070312
987.0941162109375
990.2091064453125
983.4041137695312
983.3065795898438
985.3015747070312
989.0765991210938
987.4791259765625
989.7091064453125
988.6765747070312
987.8840942382812
987.2640991210938
990.4415893554688
988.1466064453125
989.0416259765625
990.9141235351562
988.99658203125
989.424072265625
989.34912109375
990.22412109375
987.799072265625
987.7415771484375
988.796630859375
989.7066040039062
990.1265869140625
988.9465942382812
989.4465942382812
989.7816162109375
990.3291015625
990.6165771484375
990.9191284179688
991.2640991210938
991.28662109375
991.256591796875
970.4541015625
964.8240966796875
972.1066284179688
973.901611328125
976.5740966796875
977.87158203125
956.05908203125
970.6915893554688
976.4490966796875
970.736572265625
933.819091796875
977.8640747070312
980.7540893554688
965.549072265625
938.6666259765625
980.6190795898438
965.0090942382812
975.9141235351562
974.4616088867188
969.7490844726562
980.8690795898438
977.1466064453125
981.0416259765625
981.9166259765625
982.3416137695312
981.9465942382812
981.7666015625
982.7841186523438
977.9166259765625
981.53662109375
949.5866088867188
954.7415771484375
953.8991088867188
975.7091064453125
950.9290771484375
945.5916137695312
949.8516235351562
961.9515991210938
948.6190795898438
945.1990966796875
980.9066162109375
980.6890869140625
953.4290771484375
946.796630859375
965.299072265625
972.5515747070312
950.3215942382812
965.6340942382812
953.526611328125
965.6566162109375
969.5441284179688
979.1666259765625
959.6765747070312
958.651611328125
964.5941162109375
974.1765747070312
974.2515869140625
969.4091186523438
967.8366088867188
980.5391235351562
975.651611328125
976.9616088867188
981.1190795898438
974.0341186523438
964.8566284179688
968.8740844726562
976.5216064453125
984.9990844726562
968.8140869140625
979.9041137695312
972.0916137695312
980.0140991210938
981.8541259765625
983.881591796875
873.1066284179688
769.5515747070312
875.444091796875
882.6416015625
889.6140747070312
906.2066040039062
954.97412109375
946.1641235351562
913.8991088867188
957.756591796875
926.2640991210938
966.796630859375
967.0015869140625
963.5715942382812
964.5416259765625
966.5540771484375
964.7266235351562
969.4915771484375
966.05908203125
953.55908203125
967.3541259765625
965.651611328125
967.8516235351562
969.7941284179688
973.4515991210938
971.9191284179688
970.7816162109375
974.6915893554688
970.7515869140625
965.8665771484375
969.881591796875
966.3215942382812
969.6691284179688
968.6016235351562
960.5740966796875
956.9041137695312
957.986572265625
956.111572265625
959.734130859375
957.6815795898438
957.8341064453125
948.1165771484375
953.4990844726562
953.8366088867188
948.111572265625
960.5441284179688
950.9691162109375
960.8941040039062
981.8640747070312
966.3566284179688
966.2316284179688
980.41162109375
973.8441162109375
983.839111328125
978.131591796875
981.9290771484375
976.506591796875
972.2941284179688
971.0640869140625
970.7640991210938
974.6790771484375
979.1566162109375
976.7216186523438
975.9791259765625
985.0391235351562
974.1691284179688
980.2540893554688
957.5665893554688
980.089111328125
981.1491088867188
986.8916015625
980.3690795898438
984.2540893554688
987.4265747070312
985.74658203125
981.0115966796875
987.546630859375
986.87158203125
982.84912109375
983.05908203125
982.4141235351562
985.28662109375
988.6541137695312
985.37158203125
979.6915893554688
953.1290893554688
988.0816040039062
985.424072265625
981.569091796875
981.3291015625
985.484130859375
988.3065795898438
988.7191162109375
990.4666137695312
985.8916015625
990.8890991210938
981.2091064453125
982.1190795898438
990.5916137695312
980.37158203125
986.7640991210938
990.9691162109375
986.0941162109375
991.3441162109375
986.6915893554688
991.214111328125
988.299072265625
990.2440795898438
976.0916137695312
989.7166137695312
990.4290771484375
976.8341064453125
979.2816162109375
990.2916259765625
989.4066162109375
990.5441284179688
990.7066040039062
986.5391235351562
989.9315795898438
989.5191040039062
971.8640747070312
984.8316040039062
970.9365844726562
989.109130859375
989.8040771484375
990.651611328125
982.5765991210938
979.5015869140625
972.986572265625
986.4066162109375
971.421630859375
987.1566162109375
990.8765869140625
967.99658203125
980.921630859375
981.47412109375
982.2816162109375
987.9566040039062
980.62158203125
981.9716186523438
979.5665893554688
986.1041259765625
978.8466186523438
990.569091796875
979.0291137695312
986.0765991210938
982.421630859375
978.30908203125
987.9791259765625
974.714111328125
973.6965942382812
958.1416015625
981.03662109375
982.8115844726562
815.2590942382812
961.151611328125
949.5316162109375
961.1591186523438
967.37158203125
966.3840942382812
971.8890991210938
966.6190795898438
968.1491088867188
959.0966186523438
972.234130859375
974.2916259765625
972.424072265625
969.3840942382812
968.3690795898438
964.0765991210938
956.9066162109375
958.2941284179688
956.6265869140625
967.361572265625
960.0941162109375
964.1265869140625
969.171630859375
982.2415771484375
976.4915771484375
980.734130859375
978.5015869140625
982.5941162109375
985.4191284179688
978.8015747070312
983.4041137695312
985.4566040039062
986.5816040039062
988.9066162109375
989.2015991210938
988.2891235351562
991.4091186523438
985.421630859375
988.8916015625
989.0391235351562
988.7666015625
986.8065795898438
979.6790771484375
987.2791137695312
987.444091796875
976.91162109375
982.9415893554688
988.9666137695312
987.8115844726562
979.0740966796875
960.8215942382812
840.78662109375
962.7741088867188
970.7216186523438
969.8516235351562
968.6290893554688
964.0765991210938
973.2666015625
972.99658203125
974.6265869140625
975.0441284179688
970.3291015625
958.7841186523438
957.8215942382812
957.37158203125
965.0166015625
973.7266235351562
968.7640991210938
978.9890747070312
987.9915771484375
983.8566284179688
990.5665893554688
984.1641235351562
986.37158203125
985.91162109375
990.7841186523438
982.6165771484375
989.1865844726562
988.2816162109375
975.1990966796875
985.0966186523438
875.4191284179688
966.3015747070312
954.0416259765625
970.0140991210938
972.8341064453125
975.674072265625
971.6541137695312
956.299072265625
963.8516235351562
961.9265747070312
960.796630859375
971.8366088867188
972.30908203125
988.6865844726562
981.4415893554688
984.9890747070312
987.9191284179688
991.549072265625
987.5316162109375
985.12158203125
973.18408203125
982.4141235351562
988.9990844726562
979.6240844726562
987.2741088867188
970.6290893554688
974.1666259765625
974.6591186523438
958.4791259765625
961.7540893554688
970.2415771484375
964.1240844726562
973.381591796875
976.1765747070312
982.12158203125
991.3740844726562
977.0515747070312
977.671630859375
877.861572265625
973.4990844726562
972.9365844726562
969.3916015625
975.5191040039062
972.2015991210938
959.6790771484375
974.9515991210938
960.4890747070312
965.7841186523438
963.651611328125
989.1865844726562
979.4666137695312
979.7615966796875
986.5341186523438
973.5841064453125
971.5841064453125
963.43408203125
966.046630859375
989.8566284179688
989.4091186523438
973.3665771484375
973.4091186523438
976.464111328125
971.8466186523438
990.7091064453125
990.9041137695312
989.1016235351562
984.486572265625
984.736572265625
984.776611328125
986.9191284179688
880.8566284179688
980.4515991210938
991.1915893554688
985.4290771484375
985.03662109375
985.9566040039062
974.3416137695312
969.3790893554688
981.0291137695312
975.8065795898438
987.671630859375
989.4766235351562
986.609130859375
989.0441284179688
897.4166259765625
991.09912109375
990.9091186523438
990.37158203125
916.944091796875
974.0115966796875
981.1815795898438
904.4990844726562
966.2041015625
984.7691040039062
981.37158203125
944.62158203125
950.93408203125
989.546630859375
952.9816284179688
983.09912109375
983.5665893554688
981.7116088867188
955.7941284179688
984.2116088867188
985.5090942382812
984.0816040039062
991.549072265625
986.9066162109375
960.8516235351562
983.486572265625
976.1865844726562
991.0665893554688
983.526611328125
963.4616088867188
990.2716064453125
958.9766235351562
973.4390869140625
986.93408203125
991.526611328125
983.8441162109375
990.2941284179688
984.4490966796875
985.7791137695312
