9.876351576561311e-42
607.03759765625
706.9725952148438
586.8800659179688
621.1375732421875
584.7225952148438
681.985107421875
703.7075805664062
658.955078125
970.5300903320312
671.340087890625
945.755126953125
955.580078125
987.2700805664062
984.0401000976562
953.91259765625
993.007568359375
976.3001098632812
990.2326049804688
947.35009765625
978.72509765625
991.0950927734375
849.3151245117188
905.8900756835938
899.547607421875
990.8526000976562
989.6575927734375
968.0850830078125
962.6550903320312
991.22509765625
967.192626953125
990.3026123046875
943.4801025390625
974.7075805664062
960.4675903320312
961.6751098632812
957.2100830078125
959.8751220703125
993.547607421875
957.4401245117188
961.4625854492188
957.8126220703125
664.090087890625
846.3751220703125
587.820068359375
684.9151000976562
793.9000854492188
920.0501098632812
987.7225952148438
789.5725708007812
968.2526245117188
990.8900756835938
965.0426025390625
990.0501098632812
811.2426147460938
981.235107421875
941.8076171875
970.1251220703125
991.5626220703125
961.4826049804688
795.4575805664062
919.320068359375
620.5401000976562
890.2750854492188
758.6076049804688
990.7526245117188
990.5825805664062
969.3250732421875
881.0300903320312
969.1276245117188
966.3051147460938
957.9901123046875
748.8850708007812
883.1251220703125
645.507568359375
851.3900756835938
991.4525756835938
992.3076171875
867.0150756835938
972.3475952148438
961.1701049804688
959.3526000976562
874.3850708007812
932.2901000976562
929.1126098632812
990.0775756835938
991.9901123046875
990.2725830078125
979.172607421875
962.8250732421875
927.4251098632812
745.9351196289062
989.4876098632812
979.0350952148438
960.3250732421875
962.380126953125
992.5850830078125
990.7125854492188
962.5426025390625
845.9326171875
938.817626953125
991.402587890625
961.7625732421875
962.1201171875
799.692626953125
954.527587890625
937.7625732421875
990.9801025390625
965.7401123046875
966.9201049804688
901.422607421875
974.6651000976562
953.6076049804688
968.6475830078125
980.7175903320312
959.8776245117188
965.1201171875
796.8001098632812
964.5576171875
909.9876098632812
987.320068359375
973.0825805664062
969.527587890625
973.5526123046875
969.172607421875
986.4326171875
971.0576171875
987.0225830078125
991.317626953125
971.632568359375
974.7951049804688
882.2401123046875
978.4000854492188
980.5401000976562
982.0626220703125
984.0225830078125
943.610107421875
975.2200927734375
981.2951049804688
978.6851196289062
988.2000732421875
978.0501098632812
978.8475952148438
980.7526245117188
981.66259765625
982.1176147460938
983.4700927734375
985.4351196289062
986.110107421875
987.882568359375
989.7451171875
987.7526245117188
988.6276245117188
988.6500854492188
988.2025756835938
990.2100830078125
990.902587890625
990.320068359375
991.6375732421875
992.8776245117188
993.8475952148438
994.6350708007812
635.652587890625
666.7501220703125
623.152587890625
641.297607421875
629.0825805664062
703.7200927734375
752.4351196289062
694.6076049804688
783.4625854492188
755.1126098632812
619.9201049804688
692.3576049804688
800.6026000976562
625.62255859375
820.6851196289062
652.0250854492188
750.3325805664062
930.8576049804688
679.7825927734375
932.0526123046875
879.9075927734375
686.630126953125
581.7075805664062
943.97509765625
850.192626953125
841.0200805664062
755.6575927734375
841.78759765625
832.817626953125
633.03759765625
852.1251220703125
847.9050903320312
843.9876098632812
822.6475830078125
656.2225952148438
667.5925903320312
631.8350830078125
705.4700927734375
758.5725708007812
630.820068359375
754.9500732421875
765.1226196289062
882.3450927734375
735.1975708007812
827.017578125
683.8026123046875
945.4050903320312
779.9176025390625
919.340087890625
677.0001220703125
673.6575927734375
885.0975952148438
702.9725952148438
945.3900756835938
829.4575805664062
669.382568359375
743.8101196289062
969.7526245117188
853.0551147460938
706.2501220703125
818.6201171875
792.6226196289062
858.5651245117188
682.2100830078125
880.445068359375
706.7901000976562
718.080078125
909.7100830078125
852.2901000976562
741.7501220703125
822.9675903320312
792.7700805664062
746.5551147460938
875.422607421875
865.7825927734375
852.7951049804688
868.922607421875
884.027587890625
916.130126953125
791.4251098632812
872.8676147460938
798.2926025390625
968.6251220703125
829.922607421875
957.955078125
915.1701049804688
910.3726196289062
915.205078125
896.2650756835938
919.9675903320312
912.715087890625
925.6251220703125
937.6126098632812
962.0950927734375
971.7650756835938
979.007568359375
904.3526000976562
913.4625854492188
890.1151123046875
771.3001098632812
729.8676147460938
735.1026000976562
720.455078125
727.632568359375
617.797607421875
629.8325805664062
650.6600952148438
898.902587890625
807.97509765625
841.632568359375
807.4725952148438
774.5975952148438
623.8750610351562
641.7125854492188
662.9725952148438
647.862548828125
701.130126953125
814.9326171875
795.1651000976562
662.9976196289062
673.6051025390625
802.1676025390625
691.53759765625
896.6400756835938
775.2650756835938
927.5775756835938
772.6826171875
753.9776000976562
775.4725952148438
871.5200805664062
623.5775756835938
763.705078125
682.942626953125
780.9326171875
691.0001220703125
689.6201171875
773.3551025390625
905.2401123046875
793.1051025390625
632.5300903320312
715.8950805664062
679.4151000976562
820.16259765625
642.1150512695312
668.8275756835938
818.922607421875
741.8526000976562
700.1575927734375
883.1801147460938
778.5501098632812
818.1450805664062
662.422607421875
802.3875732421875
718.1826171875
645.715087890625
706.5250854492188
707.465087890625
724.380126953125
809.7725830078125
722.1550903320312
682.3375854492188
746.192626953125
716.455078125
820.2725830078125
752.6051025390625
819.2125854492188
766.965087890625
745.7225952148438
768.1276245117188
795.3375854492188
792.642578125
807.590087890625
820.2301025390625
813.6201171875
816.7476196289062
820.0576171875
900.2276000976562
917.7700805664062
919.6276245117188
946.9801025390625
937.5601196289062
977.22509765625
921.267578125
809.382568359375
824.195068359375
954.3526000976562
843.382568359375
925.882568359375
971.1051025390625
834.965087890625
727.5250854492188
869.027587890625
963.6201171875
986.380126953125
986.9201049804688
992.4301147460938
988.8776245117188
991.2476196289062
992.8726196289062
996.3126220703125
994.8051147460938
992.8350830078125
994.4376220703125
996.8776245117188
875.6600952148438
825.892578125
956.2401123046875
913.8026123046875
979.1450805664062
954.2125854492188
810.8350830078125
990.892578125
987.97509765625
992.965087890625
994.6575927734375
993.4901123046875
996.8225708007812
880.892578125
887.380126953125
938.445068359375
907.7951049804688
992.0026245117188
923.2600708007812
901.3651123046875
983.6226196289062
958.7125854492188
990.2926025390625
949.9801025390625
845.3126220703125
971.9926147460938
968.2301025390625
900.6701049804688
992.630126953125
976.4625854492188
982.445068359375
951.4801025390625
980.8651123046875
986.5200805664062
975.6701049804688
991.1826171875
986.6251220703125
986.0975952148438
990.7301025390625
991.1701049804688
991.317626953125
992.080078125
993.5975952148438
992.35009765625
992.942626953125
994.4276123046875
992.942626953125
993.080078125
994.9600830078125
994.402587890625
994.7800903320312
963.9276123046875
962.2225952148438
977.755126953125
978.9976196289062
981.6201171875
983.4600830078125
986.235107421875
987.1550903320312
988.3225708007812
988.1651000976562
990.8850708007812
991.8350830078125
992.3425903320312
993.1350708007812
992.5501098632812
993.7501220703125
995.0950927734375
995.3651123046875
996.4600830078125
996.3576049804688
997.382568359375
754.6201171875
709.380126953125
656.2951049804688
956.090087890625
990.4625854492188
898.0100708007812
936.2125854492188
998.1901245117188
996.8701171875
736.2501220703125
981.9575805664062
981.6375732421875
966.7426147460938
997.1901245117188
997.567626953125
909.5850830078125
994.5975952148438
903.6350708007812
957.047607421875
943.9801025390625
788.590087890625
994.755126953125
997.442626953125
992.6151123046875
994.2301025390625
849.9000854492188
996.16259765625
981.4050903320312
991.5300903320312
991.1851196289062
994.902587890625
993.9475708007812
995.9725952148438
997.570068359375
997.005126953125
997.110107421875
997.860107421875
998.0651245117188
993.517578125
985.2926025390625
986.9351196289062
997.860107421875
932.5725708007812
990.2600708007812
996.0825805664062
979.422607421875
995.9525756835938
997.2825927734375
990.0775756835938
994.3676147460938
996.2451171875
973.0426025390625
997.4151000976562
984.5001220703125
978.820068359375
995.9276123046875
996.4901123046875
996.7276000976562
997.7526245117188
996.0001220703125
998.1076049804688
996.6701049804688
996.1126098632812
996.7700805664062
990.10009765625
994.66259765625
960.3475952148438
997.465087890625
988.6801147460938
990.2175903320312
996.067626953125
994.6176147460938
998.110107421875
985.9276123046875
996.8751220703125
997.257568359375
996.7850952148438
996.402587890625
993.8350830078125
996.2075805664062
997.1851196289062
997.3726196289062
997.6126098632812
996.7951049804688
996.5401000976562
995.8051147460938
997.5026245117188
959.797607421875
997.0300903320312
992.9826049804688
998.0750732421875
997.5250854492188
997.3250732421875
996.860107421875
980.1701049804688
992.4201049804688
998.257568359375
996.110107421875
997.7200927734375
992.9525756835938
992.8001098632812
994.6651000976562
998.1575927734375
997.255126953125
998.2800903320312
997.9075927734375
998.2175903320312
996.4876098632812
997.5725708007812
997.8576049804688
997.91259765625
997.5626220703125
998.3051147460938
997.922607421875
998.3001098632812
997.9801025390625
996.7825927734375
996.6450805664062
997.0526123046875
997.7451171875
998.03759765625
998.1076049804688
998.2600708007812
998.2376098632812
997.9301147460938
997.9675903320312
997.9301147460938
998.1676025390625
997.840087890625
997.2200927734375
979.3450927734375
973.4901123046875
980.8076171875
982.3101196289062
985.3225708007812
986.3551025390625
962.6851196289062
978.070068359375
983.8350830078125
977.6126098632812
938.2926025390625
986.547607421875
989.3275756835938
972.41259765625
943.6375732421875
988.7125854492188
971.757568359375
984.7376098632812
981.4475708007812
976.3975830078125
988.2650756835938
984.10009765625
988.2825927734375
990.3950805664062
990.2600708007812
990.1651000976562
989.7800903320312
990.4976196289062
985.5551147460938
988.9901123046875
954.9376220703125
960.4725952148438
959.6550903320312
981.8726196289062
956.027587890625
950.1826171875
955.0875854492188
966.9050903320312
953.5651245117188
949.2750854492188
986.3626098632812
986.3576049804688
957.8900756835938
950.8126220703125
969.5026245117188
977.2301025390625
953.8225708007812
971.2951049804688
958.6201171875
970.567626953125
974.1026000976562
984.22509765625
965.455078125
964.152587890625
969.8751220703125
979.7100830078125
979.215087890625
973.8950805664062
973.985107421875
985.7725830078125
980.5526123046875
982.8275756835938
986.340087890625
980.53759765625
971.2901000976562
975.0401000976562
982.60009765625
991.0950927734375
974.4151000976562
985.3701171875
977.257568359375
985.1350708007812
986.985107421875
989.317626953125
883.8975830078125
775.1575927734375
886.652587890625
894.1776123046875
901.4801025390625
918.9326171875
969.8425903320312
960.9100952148438
927.0825805664062
972.7000732421875
940.1876220703125
980.9251098632812
980.7125854492188
976.422607421875
976.9951171875
979.28759765625
979.402587890625
983.517578125
980.4376220703125
964.3950805664062
981.3975830078125
976.6251220703125
979.2075805664062
981.527587890625
986.3350830078125
985.172607421875
984.1676025390625
987.1450805664062
981.9600830078125
976.1651000976562
981.3151245117188
976.2451171875
981.2501220703125
978.1901245117188
970.195068359375
966.2451171875
966.9176025390625
966.0501098632812
968.2200927734375
966.5250854492188
966.527587890625
956.9301147460938
962.422607421875
962.570068359375
956.2725830078125
969.0651245117188
959.4700927734375
969.5501098632812
991.5651245117188
974.4100952148438
974.0250854492188
988.652587890625
981.8626098632812
993.4725952148438
986.297607421875
990.005126953125
984.330078125
979.8975830078125
978.7526245117188
978.5526123046875
982.297607421875
986.8001098632812
984.22509765625
983.5001220703125
994.0325927734375
981.8950805664062
988.6151123046875
963.830078125
987.1500854492188
988.7526245117188
995.6126098632812
987.4976196289062
991.5626220703125
996.3651123046875
993.8776245117188
988.3776245117188
995.860107421875
994.7175903320312
989.8250732421875
990.0526123046875
989.3076171875
992.2850952148438
996.7600708007812
992.2376098632812
986.2700805664062
958.5325927734375
995.7700805664062
991.8701171875
987.9475708007812
987.6651000976562
992.4326171875
995.8375854492188
995.0825805664062
997.22509765625
991.965087890625
998.2276000976562
987.2225952148438
987.9801025390625
997.0825805664062
986.080078125
992.6226196289062
998.1851196289062
991.8450927734375
997.6475830078125
992.0325927734375
997.2426147460938
993.882568359375
996.1126098632812
980.9100952148438
995.4625854492188
997.1676025390625
981.35009765625
984.005126953125
996.4525756835938
994.767578125
996.277587890625
996.3225708007812
991.3651123046875
995.4525756835938
994.985107421875
976.3225708007812
989.570068359375
975.235107421875
994.3900756835938
995.1375732421875
996.2850952148438
987.1126098632812
983.9976196289062
977.2725830078125
991.2175903320312
975.570068359375
991.6676025390625
996.2850952148438
971.9401245117188
984.8026123046875
985.4826049804688
986.2700805664062
992.380126953125
984.4725952148438
985.652587890625
983.192626953125
990.070068359375
982.2750854492188
994.8701171875
982.4901123046875
989.860107421875
985.9876098632812
981.7926025390625
991.6676025390625
978.142578125
977.1450805664062
961.2276000976562
984.527587890625
986.1876220703125
823.172607421875
976.142578125
964.4876098632812
976.28759765625
981.3026123046875
979.8626098632812
985.570068359375
980.7825927734375
982.0426025390625
970.5225830078125
985.5975952148438
987.0325927734375
985.455078125
980.172607421875
978.695068359375
973.6550903320312
966.0925903320312
967.3425903320312
965.1051025390625
975.8900756835938
969.215087890625
972.1400756835938
976.97509765625
990.3375854492188
983.9600830078125
987.8975830078125
985.4976196289062
989.9575805664062
992.4876098632812
985.5825805664062
990.590087890625
992.277587890625
993.392578125
996.630126953125
995.6751098632812
994.4401245117188
998.0225830078125
990.5426025390625
994.6701049804688
994.3551025390625
994.1051025390625
991.7800903320312
984.3151245117188
992.16259765625
992.0850830078125
980.507568359375
986.7825927734375
993.267578125
991.9251098632812
982.735107421875
963.9901123046875
850.152587890625
977.6676025390625
984.6026000976562
982.5975952148438
982.735107421875
976.255126953125
986.3126220703125
984.5975952148438
987.4050903320312
987.547607421875
981.0975952148438
968.6350708007812
967.380126953125
966.9176025390625
972.6450805664062
981.3975830078125
976.8076171875
986.7501220703125
996.507568359375
990.965087890625
997.465087890625
990.715087890625
992.4276123046875
991.5825805664062
996.860107421875
987.5001220703125
993.7200927734375
992.1251220703125
978.5850830078125
988.6226196289062
886.5551147460938
980.8651123046875
969.1851196289062
983.4401245117188
985.7926025390625
988.1676025390625
982.8101196289062
965.9926147460938
973.942626953125
970.402587890625
968.6600952148438
979.3850708007812
980.3325805664062
997.3950805664062
988.067626953125
991.8026123046875
993.422607421875
997.830078125
992.7825927734375
989.9050903320312
976.860107421875
986.320068359375
993.007568359375
983.152587890625
990.7725830078125
984.3026123046875
986.0651245117188
987.3701171875
968.4575805664062
972.3225708007812
978.4301147460938
972.1475830078125
981.8576049804688
983.60009765625
989.9926147460938
997.9600830078125
980.8751220703125
981.3101196289062
889.172607421875
986.9176025390625
986.507568359375
983.2125854492188
987.9376220703125
983.4525756835938
969.8850708007812
983.3051147460938
968.3850708007812
973.485107421875
970.1901245117188
997.5001220703125
983.7451171875
983.4351196289062
990.205078125
986.8651123046875
985.110107421875
971.5350952148438
973.7725830078125
997.7926025390625
995.8225708007812
986.4475708007812
986.4301147460938
984.570068359375
979.507568359375
997.8551025390625
997.1251220703125
994.4151000976562
988.892578125
988.8475952148438
988.6676025390625
990.6826171875
892.172607421875
987.4926147460938
997.9600830078125
990.0501098632812
988.9376220703125
990.1226196289062
986.9251098632812
977.9201049804688
989.0426025390625
983.3850708007812
992.3950805664062
993.985107421875
990.8975830078125
992.7451171875
909.4876098632812
998.0651245117188
997.172607421875
995.2200927734375
929.8726196289062
985.642578125
988.0325927734375
917.0925903320312
978.3425903320312
992.7000732421875
988.6575927734375
959.1575927734375
965.7000732421875
993.2901000976562
967.9251098632812
992.5325927734375
990.6701049804688
990.6126098632812
970.8676147460938
993.422607421875
992.4525756835938
990.8225708007812
997.9901123046875
993.7100830078125
975.840087890625
992.2100830078125
983.215087890625
994.9976196289062
991.392578125
969.6176147460938
993.8076171875
974.1251220703125
985.8850708007812
993.692626953125
997.672607421875
990.0426025390625
995.9625854492188
992.0401000976562
992.5576171875
