9.876351576561311e-42
614.3333740234375
702.475830078125
587.1183471679688
648.3333740234375
588.8883666992188
727.5333862304688
731.2708740234375
672.1258544921875
950.0308837890625
686.2583618164062
927.6233520507812
931.7608642578125
975.4908447265625
961.3883666992188
909.130859375
988.7008666992188
953.410888671875
988.2408447265625
905.3008422851562
984.8133544921875
989.2383422851562
777.29833984375
839.2508544921875
828.1958618164062
988.7508544921875
989.6533813476562
934.943359375
951.035888671875
990.038330078125
974.8658447265625
990.8308715820312
925.6958618164062
980.7533569335938
965.2608642578125
967.4033813476562
960.3883666992188
962.6158447265625
993.0208740234375
965.203369140625
965.1083374023438
965.5433349609375
666.0833740234375
846.2208862304688
583.6808471679688
694.745849609375
765.3133544921875
907.5608520507812
972.0933837890625
776.96337890625
951.2283325195312
987.223388671875
935.9483642578125
988.8158569335938
748.640869140625
986.8158569335938
885.5658569335938
978.0608520507812
990.933349609375
968.6233520507812
769.6658325195312
912.348388671875
659.3033447265625
846.9508666992188
745.5908813476562
985.015869140625
988.140869140625
957.5858764648438
810.4583740234375
978.620849609375
974.7308349609375
961.9183349609375
737.2208862304688
869.8158569335938
691.068359375
821.7058715820312
985.92333984375
989.0208740234375
798.4158325195312
979.943359375
963.2383422851562
963.1433715820312
859.1358642578125
921.58837890625
891.600830078125
988.2058715820312
988.9058837890625
989.1683349609375
978.538330078125
965.8658447265625
916.7583618164062
779.6533813476562
988.9608764648438
981.7708740234375
965.0283813476562
949.98583984375
988.8258666992188
990.515869140625
967.1058349609375
842.3758544921875
869.7908325195312
988.7683715820312
968.1758422851562
967.54833984375
815.7208862304688
941.9583740234375
883.7283325195312
990.203369140625
961.4208374023438
975.910888671875
890.7833862304688
959.6558837890625
925.0458374023438
978.2633666992188
963.4658813476562
940.0808715820312
966.2283325195312
821.5908813476562
968.7533569335938
888.9658813476562
980.265869140625
955.703369140625
978.098388671875
973.850830078125
978.46337890625
981.0408325195312
979.0208740234375
981.600830078125
990.79833984375
979.7383422851562
981.9183349609375
861.850830078125
984.5083618164062
986.1658325195312
987.2083740234375
988.3008422851562
917.6908569335938
968.0858764648438
973.5433349609375
965.9583740234375
978.7958374023438
975.21337890625
968.3158569335938
974.7783813476562
979.223388671875
983.0533447265625
984.9358520507812
986.3533325195312
987.6683349609375
986.3583374023438
987.808349609375
989.0658569335938
989.120849609375
989.5008544921875
989.73583984375
991.1533813476562
990.9183349609375
991.0333862304688
991.5958862304688
992.1658325195312
993.5308837890625
994.3958740234375
640.1358642578125
662.785888671875
632.3508911132812
655.6258544921875
639.693359375
692.7633666992188
755.7683715820312
697.2808837890625
766.703369140625
769.3058471679688
625.3333740234375
701.725830078125
797.2408447265625
636.7083740234375
828.3108520507812
687.0958862304688
752.2508544921875
916.058349609375
697.6158447265625
909.538330078125
879.0033569335938
708.538330078125
595.7708740234375
930.6808471679688
868.1983642578125
831.7483520507812
737.7008666992188
800.0433349609375
845.0008544921875
641.9158935546875
875.1658325195312
824.8783569335938
867.0458374023438
813.663330078125
652.8833618164062
663.7608642578125
633.5333862304688
701.7683715820312
742.36083984375
629.73583984375
752.90087890625
750.660888671875
881.6383666992188
740.3308715820312
809.3258666992188
673.558349609375
930.27587890625
778.3108520507812
931.473388671875
668.4283447265625
681.61083984375
851.693359375
705.2783813476562
930.8933715820312
822.1583862304688
668.1233520507812
752.443359375
957.7508544921875
833.5958862304688
718.6358642578125
806.3133544921875
775.2933349609375
838.6433715820312
680.4583740234375
871.255859375
712.725830078125
715.3408813476562
901.0708618164062
852.5133666992188
753.9708862304688
807.203369140625
806.6083374023438
745.2783813476562
874.8008422851562
877.9158325195312
866.6083374023438
857.0633544921875
893.7783813476562
913.5283813476562
791.3733520507812
891.2508544921875
814.8158569335938
944.90087890625
845.870849609375
935.8333740234375
874.8433837890625
893.1758422851562
919.8058471679688
885.1783447265625
894.4058837890625
901.3533325195312
919.8933715820312
931.7683715820312
944.8533325195312
952.4183349609375
961.578369140625
905.0083618164062
913.5283813476562
886.9408569335938
776.33837890625
742.163330078125
750.1033325195312
733.6983642578125
722.2508544921875
623.9258422851562
633.3733520507812
661.9983520507812
898.015869140625
817.3858642578125
854.1233520507812
810.5408325195312
779.288330078125
629.3683471679688
645.7683715820312
667.9833374023438
648.9208984375
705.598388671875
826.828369140625
806.4883422851562
660.2808837890625
688.443359375
810.5183715820312
701.4083862304688
893.42333984375
776.1058349609375
926.120849609375
780.5958862304688
752.6858520507812
779.515869140625
875.0608520507812
630.433349609375
761.5558471679688
675.7383422851562
785.8733520507812
705.5433349609375
691.8558349609375
775.035888671875
902.035888671875
794.828369140625
634.48583984375
718.443359375
680.3433837890625
818.54833984375
641.11083984375
669.08837890625
819.1533813476562
739.3133544921875
684.973388671875
879.83837890625
776.3658447265625
820.890869140625
660.538330078125
799.828369140625
699.7833862304688
647.203369140625
696.7958374023438
705.4483642578125
717.3058471679688
807.5433349609375
722.0633544921875
686.5233764648438
744.2158813476562
717.1808471679688
815.3783569335938
744.5333862304688
817.4508666992188
764.23583984375
745.3033447265625
768.910888671875
802.120849609375
796.2108764648438
808.203369140625
818.433349609375
811.6483764648438
823.505859375
823.8783569335938
894.8133544921875
913.058349609375
913.1483764648438
941.08837890625
933.495849609375
974.348388671875
920.973388671875
813.0308837890625
838.7308349609375
951.5458374023438
850.5333862304688
923.6533813476562
963.2308349609375
843.1908569335938
736.0108642578125
871.785888671875
953.765869140625
981.380859375
982.1133422851562
991.6658325195312
980.495849609375
986.9283447265625
989.725830078125
990.8133544921875
991.0858764648438
983.0133666992188
987.2583618164062
991.4258422851562
881.5708618164062
820.1058349609375
950.6558837890625
907.6183471679688
971.225830078125
944.5558471679688
804.9608764648438
985.9083862304688
978.5433349609375
990.6858520507812
991.495849609375
983.8633422851562
991.568359375
886.6908569335938
880.6558837890625
929.1283569335938
888.0633544921875
983.6083374023438
922.265869140625
900.42333984375
972.2808837890625
944.9608764648438
985.3208618164062
944.9283447265625
850.818359375
960.8008422851562
961.48583984375
897.1983642578125
992.223388671875
970.443359375
977.1183471679688
941.0658569335938
974.350830078125
981.538330078125
966.9708862304688
991.598388671875
981.9583740234375
977.7933349609375
990.0833740234375
986.1458740234375
986.1158447265625
989.7058715820312
992.2908325195312
986.1233520507812
989.77587890625
991.8133544921875
987.495849609375
987.5958862304688
990.1058349609375
991.1858520507812
990.6908569335938
959.9283447265625
958.703369140625
975.225830078125
974.73583984375
976.8033447265625
979.2433471679688
982.0233764648438
982.5908813476562
983.630859375
983.8833618164062
983.2608642578125
985.2108764648438
985.880859375
984.7808837890625
985.318359375
986.5408325195312
990.1058349609375
991.1658325195312
991.8033447265625
992.223388671875
991.9358520507812
760.0508422851562
722.7783813476562
673.3658447265625
932.3558349609375
979.2433471679688
884.120849609375
878.61083984375
984.0333862304688
992.100830078125
742.0733642578125
968.245849609375
958.0958862304688
900.1883544921875
982.9158325195312
992.2108764648438
887.73583984375
982.1433715820312
894.8033447265625
938.973388671875
923.9083862304688
789.2708740234375
987.9358520507812
970.61083984375
973.6183471679688
981.140869140625
839.913330078125
986.1133422851562
969.4933471679688
992.0308837890625
985.9058837890625
991.755859375
988.9708862304688
990.2283325195312
989.1258544921875
987.6333618164062
987.2058715820312
987.7383422851562
990.4608764648438
986.475830078125
931.3233642578125
878.038330078125
978.4083862304688
850.33837890625
930.7508544921875
989.1458740234375
882.1433715820312
988.848388671875
983.6983642578125
921.288330078125
981.4933471679688
985.3333740234375
970.1908569335938
992.2583618164062
978.035888671875
966.2683715820312
987.350830078125
987.67333984375
988.9908447265625
989.910888671875
988.6558837890625
992.77587890625
987.9683837890625
987.4933471679688
988.9608764648438
916.9558715820312
986.2633666992188
849.7483520507812
977.6583862304688
902.1133422851562
933.5083618164062
983.2933349609375
986.4283447265625
989.1383666992188
973.973388671875
989.2008666992188
989.1058349609375
987.953369140625
987.6358642578125
969.83837890625
990.0433349609375
979.3633422851562
990.9408569335938
990.2183837890625
988.0808715820312
988.3858642578125
991.473388671875
971.2183837890625
882.3333740234375
988.29833984375
982.620849609375
991.0733642578125
989.3258666992188
989.0133666992188
990.975830078125
921.0708618164062
950.7058715820312
988.6333618164062
987.0508422851562
990.6458740234375
978.683349609375
978.693359375
986.630859375
990.4208374023438
992.1683349609375
991.9608764648438
992.9833374023438
974.9833374023438
989.183349609375
990.015869140625
986.943359375
992.943359375
989.913330078125
990.1958618164062
992.808349609375
991.23583984375
991.9058837890625
987.79833984375
988.2533569335938
988.265869140625
989.7108764648438
991.0533447265625
991.4458618164062
992.17333984375
992.7083740234375
992.348388671875
991.535888671875
990.6658325195312
990.8333740234375
989.9558715820312
990.5508422851562
976.5083618164062
970.7433471679688
974.9283447265625
974.9508666992188
979.973388671875
979.413330078125
963.6358642578125
971.65087890625
974.9808349609375
971.160888671875
935.6433715820312
977.9933471679688
982.1433715820312
967.86083984375
941.160888671875
979.8008422851562
966.9383544921875
978.600830078125
973.6883544921875
969.943359375
980.0808715820312
975.8133544921875
981.568359375
984.6658325195312
982.2083740234375
986.17333984375
985.5908813476562
984.5183715820312
981.9683837890625
984.3683471679688
952.7208862304688
965.65087890625
966.5408325195312
977.5808715820312
954.9283447265625
948.8333740234375
966.29833984375
960.8208618164062
971.0308837890625
950.2683715820312
980.1233520507812
987.1533813476562
959.0283813476562
952.9658813476562
965.390869140625
974.1983642578125
953.9283447265625
968.5333862304688
969.5608520507812
977.8108520507812
970.8108520507812
980.693359375
963.1333618164062
968.130859375
964.9258422851562
974.29833984375
975.2533569335938
970.4783325195312
972.6483764648438
981.3858642578125
977.4083862304688
976.870849609375
983.163330078125
978.193359375
971.9158325195312
973.8433837890625
978.0933837890625
983.0608520507812
973.7633666992188
980.433349609375
978.6458740234375
983.4158325195312
982.5758666992188
988.1358642578125
886.15087890625
786.6433715820312
878.7683715820312
890.163330078125
902.515869140625
920.1983642578125
961.005859375
953.2408447265625
927.11083984375
962.48583984375
938.538330078125
971.6758422851562
975.3433837890625
976.390869140625
976.130859375
977.1533813476562
975.1333618164062
973.7058715820312
976.8633422851562
965.120849609375
977.2733764648438
970.8108520507812
973.6683349609375
976.2933349609375
979.3558349609375
978.58837890625
978.9983520507812
979.6858520507812
975.5808715820312
975.9508666992188
975.6583862304688
975.975830078125
975.788330078125
974.6883544921875
966.1758422851562
958.6883544921875
962.788330078125
966.9208374023438
963.3758544921875
957.9883422851562
955.598388671875
960.9983520507812
965.5758666992188
964.0433349609375
966.0808715820312
961.9308471679688
961.92333984375
965.9933471679688
983.9933471679688
972.1708374023438
980.7433471679688
983.73583984375
976.443359375
986.0533447265625
981.005859375
984.3258666992188
981.038330078125
982.2683715820312
981.5283813476562
981.6483764648438
982.67333984375
984.8133544921875
983.9833374023438
983.390869140625
986.8158569335938
983.1333618164062
984.8683471679688
967.2183837890625
984.8733520507812
984.890869140625
988.7533569335938
988.0433349609375
988.1333618164062
990.4608764648438
986.6533813476562
983.3983764648438
989.1233520507812
986.5808715820312
988.7383422851562
984.2283325195312
985.5183715820312
984.0183715820312
990.7683715820312
983.8233642578125
988.8008422851562
971.0333862304688
987.5508422851562
986.8533325195312
989.598388671875
988.3158569335938
986.7183837890625
988.9808349609375
983.7958374023438
988.9983520507812
987.505859375
991.8158569335938
976.5458374023438
978.08837890625
988.660888671875
978.3633422851562
987.620849609375
991.8833618164062
986.3983764648438
989.015869140625
987.7408447265625
989.255859375
988.475830078125
988.9408569335938
977.5708618164062
988.3358764648438
989.61083984375
979.3208618164062
982.9583740234375
989.3983764648438
991.2333374023438
993.3333740234375
993.8783569335938
989.3458862304688
995.4058837890625
995.8458862304688
979.515869140625
988.160888671875
977.5308837890625
996.0633544921875
996.1183471679688
989.9183349609375
985.7183837890625
982.8783569335938
977.9558715820312
990.495849609375
976.4183349609375
990.8733520507812
989.9508666992188
973.1233520507812
984.8758544921875
983.9483642578125
987.0858764648438
992.598388671875
983.0108642578125
983.058349609375
981.1883544921875
990.3208618164062
978.255859375
992.880859375
976.7308349609375
989.4083862304688
981.7533569335938
977.3858642578125
989.693359375
972.1683349609375
971.4683837890625
963.17333984375
985.038330078125
986.8733520507812
827.4708862304688
965.2433471679688
955.8333740234375
971.2008666992188
974.0708618164062
975.8833618164062
978.8733520507812
976.3833618164062
977.380859375
970.8258666992188
979.1333618164062
979.9658813476562
980.818359375
976.36083984375
976.0933837890625
970.8883666992188
956.3633422851562
963.005859375
969.3758544921875
969.7283325195312
969.65087890625
975.473388671875
976.5083618164062
985.288330078125
983.5558471679688
983.828369140625
986.7633666992188
984.8733520507812
987.8758544921875
987.8783569335938
983.6583862304688
989.1283569335938
984.308349609375
990.6658325195312
987.4583740234375
985.0008544921875
989.8333740234375
985.71337890625
988.2583618164062
991.870849609375
991.5333862304688
989.9783325195312
983.9658813476562
990.4608764648438
990.65087890625
980.11083984375
985.6233520507812
992.880859375
991.48583984375
981.5458374023438
967.495849609375
845.2708740234375
966.515869140625
976.40087890625
977.5758666992188
976.2633666992188
974.1958618164062
980.7783813476562
976.7408447265625
982.005859375
980.6133422851562
976.46337890625
961.2158813476562
963.5233764648438
959.473388671875
978.785888671875
980.6283569335938
980.600830078125
982.600830078125
990.58837890625
985.1858520507812
989.7783813476562
983.3833618164062
989.7908325195312
985.8858642578125
989.808349609375
986.5758666992188
991.995849609375
990.3358764648438
980.4933471679688
986.725830078125
882.1058349609375
970.8933715820312
960.08837890625
977.663330078125
980.2433471679688
982.71337890625
976.818359375
966.8933715820312
964.7783813476562
961.11083984375
978.7508544921875
981.3033447265625
982.3033447265625
992.1258544921875
988.0108642578125
986.2608642578125
988.8858642578125
989.850830078125
988.370849609375
988.0933837890625
977.3458862304688
984.6283569335938
990.7958374023438
976.9183349609375
988.0233764648438
977.535888671875
977.9558715820312
981.52587890625
962.7058715820312
970.79833984375
972.04833984375
978.473388671875
981.1483764648438
983.443359375
984.0608520507812
989.578369140625
979.765869140625
980.5533447265625
882.7083740234375
979.3208618164062
979.5183715820312
977.2733764648438
982.1083374023438
977.2208862304688
966.765869140625
976.7008666992188
976.8358764648438
980.828369140625
970.4708862304688
992.0333862304688
982.3308715820312
983.943359375
988.0108642578125
979.975830078125
978.4558715820312
976.4308471679688
981.288330078125
992.0333862304688
987.0708618164062
979.390869140625
979.5658569335938
978.6708374023438
982.29833984375
990.9508666992188
987.600830078125
989.9158325195312
987.2908325195312
987.21337890625
989.3058471679688
990.4558715820312
890.8758544921875
986.1033325195312
990.245849609375
988.65087890625
987.0808715820312
990.1258544921875
979.3558349609375
977.7708740234375
983.1233520507812
982.5933837890625
991.42333984375
992.9033813476562
991.1908569335938
988.8308715820312
905.92333984375
990.8008422851562
987.973388671875
994.2408447265625
924.0083618164062
978.225830078125
987.2283325195312
919.0758666992188
975.9683837890625
985.5183715820312
983.3733520507812
952.693359375
958.7408447265625
988.7308349609375
959.0033569335938
984.8783569335938
983.6758422851562
985.0558471679688
960.975830078125
986.1808471679688
983.6533813476562
985.2733764648438
989.5133666992188
982.818359375
965.4508666992188
985.933349609375
978.058349609375
991.600830078125
985.8158569335938
973.4833374023438
992.348388671875
964.225830078125
979.1133422851562
981.90087890625
989.7208862304688
975.5958862304688
994.0233764648438
985.693359375
987.3658447265625
