9.876351576561311e-42
631.0137939453125
714.9212646484375
595.5462646484375
664.0637817382812
616.851318359375
731.706298828125
725.791259765625
696.5238037109375
938.84130859375
706.8287963867188
908.9638061523438
920.291259765625
972.7587890625
961.9462890625
876.3162841796875
986.6062622070312
946.9962768554688
985.2662963867188
886.7937622070312
983.1287841796875
986.46630859375
809.2113037109375
848.976318359375
850.831298828125
986.7612915039062
986.686279296875
912.6962890625
927.8912963867188
988.291259765625
973.4862670898438
987.7412719726562
918.0137939453125
978.5888061523438
947.6787719726562
960.6513061523438
962.7838134765625
963.8562622070312
989.8887939453125
963.2113037109375
965.5838012695312
963.4812622070312
680.02880859375
840.0938110351562
606.1962890625
695.2863159179688
766.2362670898438
879.2763061523438
968.393798828125
761.5338134765625
948.5888061523438
984.1187744140625
932.2238159179688
986.5012817382812
782.40380859375
983.416259765625
883.726318359375
976.581298828125
988.7188110351562
965.4937744140625
765.4113159179688
908.3187866210938
667.3137817382812
830.6613159179688
731.6112670898438
982.6513061523438
985.7738037109375
951.80126953125
820.4462890625
975.4812622070312
972.8762817382812
963.0338134765625
729.0462646484375
870.5537719726562
699.5112915039062
799.541259765625
983.3837890625
986.4937744140625
791.9187622070312
977.8988037109375
944.601318359375
964.0487670898438
848.9613037109375
910.2863159179688
864.6887817382812
984.59130859375
986.2763061523438
986.9088134765625
976.6287841796875
948.4113159179688
895.936279296875
761.5462646484375
986.413818359375
980.8187866210938
965.96630859375
930.7037963867188
986.291259765625
987.873779296875
955.2937622070312
825.2838134765625
833.2763061523438
986.8062744140625
968.1787719726562
967.5363159179688
799.103759765625
921.4287719726562
860.0363159179688
988.0562744140625
943.0938110351562
972.3862915039062
859.061279296875
954.8887939453125
900.1412963867188
974.4437866210938
958.5737915039062
923.9613037109375
953.7312622070312
797.30126953125
962.851318359375
864.9113159179688
979.2437744140625
940.3562622070312
975.4287719726562
967.978759765625
975.6937866210938
980.4537963867188
976.788818359375
981.3712768554688
988.3963012695312
976.9937744140625
980.3137817382812
832.226318359375
981.9713134765625
982.373779296875
982.6312866210938
983.4237670898438
892.48876953125
961.3287963867188
970.853759765625
961.7738037109375
977.5037841796875
972.436279296875
962.1162719726562
968.976318359375
975.8338012695312
980.3137817382812
981.331298828125
981.9387817382812
983.7813110351562
982.5762939453125
983.9187622070312
985.1837768554688
985.80126953125
986.4212646484375
986.4088134765625
987.77880859375
988.0838012695312
988.163818359375
988.6588134765625
989.11376953125
990.416259765625
990.7813110351562
645.6337890625
654.7113037109375
650.9412841796875
683.268798828125
656.2813110351562
712.11376953125
769.2838134765625
699.7437744140625
791.9063110351562
752.4337768554688
649.27880859375
707.6513061523438
786.6488037109375
675.853759765625
813.4613037109375
700.42626953125
744.8488159179688
914.0662841796875
691.7512817382812
907.4937744140625
848.2662963867188
703.353759765625
647.3587646484375
927.143798828125
873.5012817382812
840.3837890625
739.1162719726562
789.748779296875
851.2537841796875
664.4387817382812
880.5137939453125
806.1912841796875
871.6212768554688
800.6112670898438
649.9613037109375
666.0012817382812
645.3562622070312
740.6962890625
761.7537841796875
643.09130859375
748.8712768554688
745.59130859375
873.7213134765625
744.4237670898438
790.893798828125
676.7587890625
928.5087890625
755.3488159179688
910.061279296875
663.4588012695312
684.9837646484375
823.90380859375
710.8037719726562
930.3912963867188
822.0637817382812
662.6613159179688
735.9588012695312
954.538818359375
807.3438110351562
709.8762817382812
780.1687622070312
761.1262817382812
842.6087646484375
684.0012817382812
856.5537719726562
714.4962768554688
716.3762817382812
887.0437622070312
836.1162719726562
762.1337890625
810.9862670898438
809.3787841796875
738.86376953125
842.7587890625
866.038818359375
839.5062866210938
825.0737915039062
891.9862670898438
913.2562866210938
777.90380859375
896.8837890625
794.73876953125
941.3037719726562
826.0213012695312
931.2537841796875
880.4537963867188
864.9962768554688
893.2562866210938
875.393798828125
889.6687622070312
895.268798828125
909.3137817382812
924.2462768554688
943.4638061523438
950.1387939453125
958.416259765625
914.0363159179688
919.7188110351562
879.9462890625
784.2037963867188
757.3562622070312
766.2987670898438
741.976318359375
713.2512817382812
632.1613159179688
636.726318359375
676.1387939453125
898.34130859375
826.8687744140625
868.1362915039062
800.393798828125
761.666259765625
635.0162963867188
654.2713012695312
670.4713134765625
648.0238037109375
717.9512939453125
836.7838134765625
816.3837890625
651.5863037109375
733.1212768554688
834.3787841796875
726.48876953125
896.101318359375
779.34130859375
926.623779296875
790.6262817382812
746.6187744140625
775.5037841796875
873.8087768554688
638.0737915039062
746.8787841796875
663.498779296875
795.9837646484375
757.4462890625
713.0037841796875
779.2238159179688
900.6463012695312
790.413818359375
639.9462890625
734.7937622070312
683.3363037109375
812.8287963867188
647.123779296875
669.0213012695312
813.5587768554688
752.8187866210938
666.5087890625
876.9638061523438
762.8262939453125
817.1387939453125
659.228759765625
789.7213134765625
681.4337768554688
647.9113159179688
678.978759765625
703.5988159179688
700.9937744140625
800.7012939453125
711.2213134765625
690.6062622070312
730.101318359375
714.3687744140625
811.6812744140625
722.311279296875
811.3037719726562
742.811279296875
738.6337890625
760.4337768554688
789.4837646484375
789.27880859375
800.1687622070312
811.0637817382812
805.3237915039062
825.9287719726562
821.6588134765625
883.0062866210938
905.8912963867188
902.0437622070312
927.9312744140625
926.311279296875
971.7437744140625
924.0437622070312
826.6112670898438
866.6187744140625
945.8963012695312
865.3338012695312
925.3612670898438
957.686279296875
854.1787719726562
782.2037963867188
873.9812622070312
944.34130859375
977.1912841796875
981.4437866210938
991.42626953125
977.80126953125
989.0487670898438
992.1287841796875
995.291259765625
994.55126953125
983.4937744140625
986.4063110351562
992.1687622070312
896.311279296875
826.5363159179688
944.3262939453125
901.2312622070312
964.4113159179688
933.206298828125
822.21630859375
985.1212768554688
977.163818359375
991.7937622070312
991.041259765625
985.30126953125
990.2738037109375
894.476318359375
883.666259765625
918.7937622070312
869.6887817382812
981.2512817382812
921.9337768554688
903.998779296875
952.1488037109375
926.1912841796875
967.4862670898438
944.7138061523438
859.0263061523438
939.1687622070312
958.0062866210938
893.3287963867188
990.518798828125
966.6162719726562
975.7662963867188
929.5263061523438
971.1412963867188
979.5863037109375
956.9713134765625
989.61376953125
974.6112670898438
961.3687744140625
991.0737915039062
985.8363037109375
987.3162841796875
990.8162841796875
992.4937744140625
986.5637817382812
990.538818359375
992.143798828125
988.2088012695312
987.373779296875
993.7138061523438
992.7987670898438
989.6287841796875
946.7863159179688
947.5587768554688
971.8162841796875
971.9063110351562
975.103759765625
978.1187744140625
981.5712890625
982.7562866210938
982.6912841796875
982.9962768554688
981.1062622070312
983.166259765625
984.8988037109375
983.9688110351562
985.8162841796875
986.8837890625
988.2612915039062
989.1588134765625
990.663818359375
989.3587646484375
989.9638061523438
788.956298828125
754.851318359375
700.5363159179688
905.7138061523438
971.7512817382812
874.228759765625
883.498779296875
982.6912841796875
989.1737670898438
760.4688110351562
938.9937744140625
946.9713134765625
906.46630859375
982.226318359375
991.0762939453125
863.73876953125
975.8037719726562
871.2113037109375
905.581298828125
899.666259765625
795.5263061523438
985.0938110351562
956.853759765625
967.4412841796875
979.311279296875
833.8687744140625
984.61376953125
939.373779296875
980.8262939453125
962.0637817382812
993.831298828125
984.2637939453125
992.3388061523438
988.98876953125
987.0363159179688
986.09130859375
986.038818359375
987.8488159179688
984.7763061523438
929.4437866210938
906.7562866210938
977.4287719726562
885.6787719726562
934.4462890625
987.8187866210938
900.1212768554688
987.8837890625
983.0637817382812
925.038818359375
970.478759765625
982.4437866210938
960.3687744140625
989.9013061523438
973.1463012695312
964.103759765625
985.1212768554688
985.4912719726562
986.1987915039062
987.9462890625
984.4187622070312
991.0963134765625
986.8988037109375
986.4287719726562
987.0487670898438
927.6588134765625
986.5562744140625
885.8488159179688
977.7188110351562
917.2813110351562
936.9688110351562
974.206298828125
982.6062622070312
987.9312744140625
970.3612670898438
986.2188110351562
986.9462890625
986.7537841796875
986.393798828125
965.4862670898438
987.9387817382812
979.9412841796875
988.8887939453125
988.7312622070312
986.3612670898438
986.1362915039062
988.4437866210938
967.30126953125
901.2088012695312
987.163818359375
977.1412963867188
989.5838012695312
987.9487915039062
987.4287719726562
988.3787841796875
925.9512939453125
948.8963012695312
986.4387817382812
986.2337646484375
988.5587768554688
965.8587646484375
966.7562866210938
984.7562866210938
988.7562866210938
989.9837646484375
990.2213134765625
991.4713134765625
972.48876953125
986.1787719726562
988.038818359375
985.166259765625
991.1588134765625
988.3137817382812
988.561279296875
991.1262817382812
989.3912963867188
989.3287963867188
987.5988159179688
987.2738037109375
986.6062622070312
988.36376953125
989.02880859375
989.268798828125
990.0087890625
990.748779296875
989.5838012695312
988.8687744140625
988.5213012695312
988.9312744140625
988.8062744140625
989.0137939453125
974.6062622070312
969.6563110351562
972.476318359375
977.6687622070312
979.1887817382812
977.9187622070312
970.7188110351562
974.7362670898438
975.9412841796875
969.7012939453125
940.0162963867188
979.0662841796875
980.978759765625
971.7312622070312
947.4088134765625
978.7537841796875
971.40380859375
976.9088134765625
971.4187622070312
966.5762939453125
976.17626953125
970.8338012695312
975.541259765625
981.8963012695312
980.478759765625
983.1987915039062
982.666259765625
980.9312744140625
980.48876953125
980.2437744140625
955.4237670898438
972.6162719726562
972.7537841796875
972.1787719726562
956.1687622070312
952.226318359375
973.4013061523438
957.7662963867188
974.1287841796875
953.893798828125
972.8438110351562
985.4588012695312
959.8912963867188
957.5263061523438
963.8338012695312
972.2838134765625
958.9237670898438
964.1737670898438
974.05126953125
978.8463134765625
966.9962768554688
974.8137817382812
962.3687744140625
974.1087646484375
960.9713134765625
967.2437744140625
970.4212646484375
968.1887817382812
968.92626953125
974.893798828125
971.5487670898438
969.7113037109375
977.018798828125
975.4812622070312
975.476318359375
972.9063110351562
973.893798828125
974.8812866210938
975.6062622070312
976.541259765625
977.3862915039062
979.3762817382812
978.103759765625
985.4713134765625
896.9462890625
791.498779296875
874.2587890625
893.686279296875
912.0537719726562
928.3612670898438
965.4237670898438
952.0112915039062
933.90380859375
966.893798828125
940.8862915039062
974.8762817382812
976.9462890625
978.2738037109375
975.90380859375
977.0712890625
974.6787719726562
976.0863037109375
975.8862915039062
969.0313110351562
977.0888061523438
972.5062866210938
974.34130859375
976.2838134765625
980.3988037109375
980.4537963867188
978.90380859375
979.73876953125
974.0888061523438
975.3612670898438
974.3388061523438
976.2987670898438
975.4337768554688
973.7238159179688
968.3187866210938
963.4187622070312
966.6937866210938
969.8587646484375
965.186279296875
960.6187744140625
959.1412963867188
965.5587768554688
963.3762817382812
970.1513061523438
968.7113037109375
964.6312866210938
968.936279296875
965.9512939453125
981.4312744140625
972.7813110351562
978.1337890625
982.59130859375
976.456298828125
983.4113159179688
980.478759765625
981.3762817382812
980.206298828125
980.7863159179688
980.206298828125
979.8287963867188
980.6262817382812
983.2738037109375
982.8687744140625
982.2113037109375
984.6712646484375
981.831298828125
983.3762817382812
975.3438110351562
983.6563110351562
983.6563110351562
987.456298828125
985.1987915039062
985.0737915039062
988.3388061523438
984.9337768554688
982.518798828125
987.1187744140625
985.23876953125
985.5537719726562
982.9638061523438
984.123779296875
982.4912719726562
988.3287963867188
982.101318359375
986.5737915039062
974.1588134765625
986.3488159179688
984.1337890625
986.7937622070312
985.4962768554688
984.3612670898438
988.1212768554688
982.103759765625
987.52880859375
984.8812866210938
989.8187866210938
980.666259765625
981.3612670898438
987.4588012695312
981.9837646484375
985.5562744140625
989.1362915039062
984.0687866210938
987.9088134765625
984.831298828125
988.3237915039062
986.6513061523438
987.7838134765625
976.2738037109375
986.9638061523438
987.6912841796875
978.4588012695312
981.3262939453125
988.0988159179688
989.5012817382812
990.6737670898438
990.311279296875
987.7412719726562
991.80126953125
991.4738159179688
980.3388061523438
986.3488159179688
978.7863159179688
992.4537963867188
992.9237670898438
989.0712890625
984.1212768554688
981.7763061523438
977.8963012695312
989.2713012695312
979.7738037109375
987.0762939453125
989.3162841796875
976.9237670898438
984.4412841796875
982.1588134765625
985.4437866210938
990.3162841796875
981.4212646484375
980.538818359375
979.413818359375
988.416259765625
977.101318359375
990.4462890625
975.4063110351562
984.6712646484375
979.0487670898438
975.65380859375
985.228759765625
972.3587646484375
973.4312744140625
973.6262817382812
984.2937622070312
986.1513061523438
825.7713012695312
968.5087890625
955.90380859375
968.9912719726562
975.7412719726562
978.1513061523438
977.6737670898438
977.11376953125
978.686279296875
972.0587768554688
980.1087646484375
980.4487915039062
980.6962890625
975.6212768554688
975.7312622070312
970.8963012695312
961.8162841796875
962.0988159179688
967.0537719726562
968.5037841796875
974.3363037109375
973.623779296875
976.9487915039062
982.3388061523438
982.4912719726562
982.478759765625
985.3262939453125
983.67626953125
984.7537841796875
986.3562622070312
982.643798828125
985.5062866210938
982.3338012695312
988.9937744140625
985.7863159179688
983.0462646484375
989.2637939453125
983.6162719726562
987.0437622070312
990.041259765625
989.6588134765625
985.9088134765625
981.90380859375
990.5338134765625
989.3062744140625
978.3837890625
983.84130859375
990.4387817382812
989.4287719726562
979.8963012695312
975.4312744140625
839.436279296875
969.7088012695312
976.498779296875
976.02880859375
977.3963012695312
973.9638061523438
981.3212890625
975.2188110351562
982.686279296875
980.21630859375
975.166259765625
964.65380859375
965.0162963867188
966.2863159179688
977.4412841796875
980.27880859375
977.9837646484375
980.4113159179688
987.666259765625
983.8287963867188
987.936279296875
981.9088134765625
986.67626953125
984.311279296875
988.643798828125
984.1962890625
989.331298828125
988.2813110351562
981.4337768554688
985.538818359375
880.956298828125
973.6212768554688
960.9437866210938
978.5762939453125
981.2987670898438
981.9212646484375
974.7012939453125
966.7113037109375
968.1362915039062
963.3137817382812
975.3338012695312
980.353759765625
981.1187744140625
989.4113159179688
985.7188110351562
983.9812622070312
986.416259765625
989.3562622070312
985.6312866210938
984.956298828125
978.5963134765625
981.538818359375
989.3887939453125
976.726318359375
986.7838134765625
977.541259765625
976.4487915039062
982.1962890625
966.373779296875
970.2088012695312
971.9312744140625
974.4287719726562
979.6563110351562
982.4588012695312
980.7838134765625
987.726318359375
980.4237670898438
980.4837646484375
876.2512817382812
979.52880859375
978.5988159179688
979.081298828125
980.998779296875
976.0062866210938
968.0963134765625
975.2113037109375
974.7838134765625
978.1362915039062
976.0162963867188
989.728759765625
982.36376953125
982.2863159179688
982.1887817382812
979.6513061523438
978.851318359375
974.9638061523438
978.8912963867188
990.0462646484375
984.96630859375
980.46630859375
980.4412841796875
978.6212768554688
981.1362915039062
988.8762817382812
985.5213012695312
987.6488037109375
984.86376953125
983.6062622070312
986.5037841796875
987.1737670898438
894.1112670898438
984.98876953125
988.5687866210938
986.3988037109375
984.4487915039062
988.0587768554688
979.9713134765625
977.351318359375
980.6062622070312
981.1312866210938
988.4862670898438
989.3087768554688
989.351318359375
986.5363159179688
910.84130859375
989.4113159179688
986.2738037109375
990.7312622070312
926.1337890625
976.46630859375
985.9412841796875
927.2312622070312
975.0062866210938
981.3137817382812
981.7813110351562
951.6212768554688
960.8338012695312
987.8463134765625
961.3338012695312
982.3712768554688
982.206298828125
983.0087890625
963.726318359375
983.603759765625
981.6362915039062
983.018798828125
988.5838012695312
981.061279296875
968.8388061523438
983.7113037109375
977.46630859375
989.9088134765625
984.061279296875
974.1837768554688
990.42626953125
966.73876953125
980.7612915039062
981.2412719726562
988.8388061523438
980.0338134765625
990.4912719726562
984.2662963867188
984.4412841796875
