9.876351576561311e-42
587.6614379882812
712.6439819335938
585.9114379882812
617.2989501953125
586.033935546875
664.4139404296875
693.12646484375
639.9789428710938
972.7314453125
658.0914916992188
957.156494140625
962.1214599609375
984.8014526367188
985.9139404296875
958.2739868164062
990.948974609375
977.698974609375
988.1614379882812
943.281494140625
977.2314453125
989.2939453125
837.2889404296875
904.9614868164062
898.9514770507812
989.6689453125
988.2139892578125
965.1664428710938
969.468994140625
990.0689697265625
967.12646484375
988.9239501953125
952.6414794921875
974.083984375
961.81396484375
964.218994140625
957.3714599609375
963.1389770507812
992.9189453125
957.1339721679688
962.646484375
956.2464599609375
658.9464721679688
840.3264770507812
590.9189453125
680.1114501953125
779.948974609375
933.6289672851562
984.116455078125
784.9614868164062
968.3014526367188
988.1764526367188
966.4264526367188
989.5239868164062
806.9989624023438
981.6539916992188
945.958984375
971.9789428710938
990.5389404296875
961.3789672851562
797.8189697265625
919.8314819335938
597.8564453125
907.9989624023438
744.93896484375
989.2464599609375
988.958984375
972.9264526367188
888.1214599609375
969.5514526367188
966.56396484375
956.531494140625
749.9214477539062
876.8914794921875
630.9889526367188
839.87646484375
989.2664794921875
989.9639892578125
877.0089721679688
972.8089599609375
964.1714477539062
959.406494140625
867.7689819335938
930.6039428710938
942.3564453125
987.596435546875
990.823974609375
989.0039672851562
977.3164672851562
961.823974609375
923.18896484375
752.5464477539062
989.4014892578125
977.2164916992188
958.6914672851562
963.6489868164062
991.68896484375
989.8714599609375
962.906494140625
857.6664428710938
944.7339477539062
990.0564575195312
960.6739501953125
960.3064575195312
800.1514892578125
963.573974609375
939.1664428710938
990.2489624023438
965.3289794921875
967.448974609375
913.1689453125
976.5039672851562
957.2114868164062
968.428955078125
982.896484375
963.3014526367188
965.158935546875
806.646484375
964.6714477539062
924.7014770507812
987.0414428710938
974.2464599609375
969.053955078125
971.8739624023438
967.583984375
985.2239379882812
972.1539916992188
985.4139404296875
991.2264404296875
970.2064819335938
975.1964721679688
888.9214477539062
978.5514526367188
980.708984375
980.3389892578125
984.7114868164062
954.56396484375
975.5139770507812
981.3914794921875
981.0514526367188
988.636474609375
977.9564819335938
982.0789794921875
983.6289672851562
984.3714599609375
980.3914794921875
981.5439453125
984.9014892578125
985.6114501953125
988.0714721679688
988.1064453125
986.1314697265625
987.9114379882812
987.4864501953125
987.8714599609375
988.761474609375
990.6839599609375
990.3889770507812
991.3714599609375
991.6014404296875
993.6664428710938
994.1189575195312
627.6014404296875
668.5714721679688
607.4639892578125
629.7164916992188
623.5439453125
683.5364379882812
742.1214599609375
679.3939819335938
782.4114379882812
751.93896484375
605.6039428710938
683.843994140625
814.3614501953125
604.033935546875
824.9939575195312
627.0139770507812
730.1914672851562
937.346435546875
693.5814819335938
925.958984375
894.3489379882812
685.2314453125
578.7789916992188
946.6864624023438
841.221435546875
849.4539794921875
762.0564575195312
846.5589599609375
828.2589721679688
619.7139892578125
827.8414916992188
851.303955078125
842.2589721679688
832.448974609375
656.0414428710938
658.62646484375
636.3264770507812
688.208984375
750.8489379882812
632.5189819335938
764.9964599609375
761.4139404296875
873.116455078125
719.896484375
821.761474609375
684.7889404296875
938.3264770507812
787.43896484375
906.6864624023438
694.0364379882812
666.9039916992188
892.6764526367188
694.021484375
943.6639404296875
830.5439453125
680.8164672851562
757.2989501953125
966.4314575195312
870.4364624023438
697.5139770507812
829.9739379882812
807.2264404296875
856.9139404296875
683.9614868164062
872.948974609375
711.81396484375
722.8164672851562
904.958984375
854.3839721679688
737.408935546875
825.8689575195312
795.0664672851562
753.5714721679688
877.7689819335938
860.8614501953125
856.7064819335938
890.2764892578125
881.1314697265625
908.843994140625
803.803955078125
860.0889892578125
794.3689575195312
967.4339599609375
822.62646484375
961.8589477539062
908.0914916992188
911.8189697265625
914.8689575195312
892.636474609375
916.7864379882812
914.06396484375
931.1414794921875
937.7764892578125
968.928955078125
975.218994140625
976.6389770507812
895.7764892578125
903.843994140625
892.2314453125
766.81396484375
737.5389404296875
739.0139770507812
722.866455078125
734.3889770507812
622.4339599609375
632.9964599609375
646.1764526367188
894.146484375
810.5189819335938
835.3214721679688
808.241455078125
773.5289916992188
626.5614624023438
645.1664428710938
662.5514526367188
641.178955078125
704.511474609375
813.0164794921875
790.866455078125
658.656494140625
661.033935546875
784.4164428710938
669.583984375
889.7489624023438
775.3739624023438
917.208984375
772.3289794921875
759.0239868164062
774.616455078125
876.6664428710938
626.511474609375
759.3789672851562
681.323974609375
765.4789428710938
689.2239379882812
679.843994140625
770.9739379882812
899.6614379882812
800.6314697265625
636.7489624023438
721.958984375
699.343994140625
816.9989624023438
643.906494140625
683.156494140625
817.9239501953125
741.6189575195312
706.283935546875
885.6439819335938
770.8914794921875
811.031494140625
658.3414916992188
806.7464599609375
738.6339721679688
648.0889892578125
719.2389526367188
710.37646484375
727.4839477539062
810.846435546875
736.511474609375
687.823974609375
757.5914916992188
722.083984375
817.5189819335938
754.7964477539062
815.9964599609375
762.2739868164062
755.2889404296875
782.0814819335938
800.0689697265625
802.9214477539062
817.3539428710938
824.8939819335938
822.656494140625
825.1764526367188
817.4414672851562
907.303955078125
915.9514770507812
923.948974609375
950.721435546875
937.3214721679688
971.3814697265625
924.343994140625
810.771484375
827.241455078125
952.3889770507812
841.3164672851562
922.021484375
967.8564453125
828.2864379882812
727.1439819335938
863.136474609375
959.9164428710938
978.4964599609375
981.6389770507812
987.7589721679688
985.0189819335938
986.471435546875
985.9664916992188
989.4189453125
988.1439819335938
988.136474609375
990.3889770507812
991.1214599609375
875.9964599609375
824.2489624023438
953.4239501953125
924.1539916992188
977.6314697265625
958.4789428710938
802.4789428710938
984.3114624023438
985.4889526367188
988.553955078125
990.5064697265625
988.5139770507812
991.896484375
876.9414672851562
887.2139892578125
945.3414916992188
925.8164672851562
987.62646484375
922.1839599609375
895.6614379882812
984.7439575195312
974.7764892578125
986.1339721679688
948.8064575195312
836.2989501953125
983.573974609375
966.0689697265625
890.9164428710938
988.428955078125
971.9439697265625
976.5039672851562
947.4014892578125
976.3714599609375
980.0789794921875
978.8189697265625
985.1914672851562
980.9964599609375
984.533935546875
986.8789672851562
987.0264892578125
987.8214721679688
986.6289672851562
992.708984375
986.843994140625
986.9164428710938
992.1689453125
987.0189819335938
987.8889770507812
986.7139892578125
988.5689697265625
990.698974609375
961.6964721679688
957.0189819335938
972.3064575195312
972.7539672851562
974.6414794921875
976.8289794921875
980.2964477539062
981.2739868164062
981.8914794921875
982.6014404296875
985.1739501953125
985.9439697265625
986.1064453125
987.656494140625
987.343994140625
989.1514892578125
988.5089721679688
989.3489379882812
990.7989501953125
991.3589477539062
994.6514892578125
736.3289794921875
678.50146484375
646.0189819335938
946.4114379882812
992.4439697265625
893.553955078125
931.8289794921875
994.4514770507812
992.9189453125
725.8614501953125
980.8189697265625
979.718994140625
965.5489501953125
990.1389770507812
993.083984375
910.083984375
992.7239379882812
900.5439453125
967.721435546875
938.18896484375
782.8064575195312
988.3414916992188
996.678955078125
983.6664428710938
987.583984375
859.9639892578125
993.7539672851562
989.2064819335938
986.468994140625
988.7664794921875
989.5489501953125
990.5039672851562
989.9664916992188
994.1514892578125
990.596435546875
990.366455078125
994.6614379882812
993.1089477539062
988.9414672851562
987.9014892578125
981.9639892578125
995.1514892578125
929.1289672851562
983.2264404296875
992.531494140625
982.833984375
991.5514526367188
991.5189819335938
988.573974609375
991.4789428710938
990.9014892578125
975.656494140625
994.656494140625
982.8939819335938
972.083984375
993.896484375
991.2389526367188
993.2864379882812
995.5914916992188
991.7039794921875
994.2889404296875
993.761474609375
992.823974609375
994.8014526367188
986.4164428710938
990.5889892578125
959.678955078125
994.3414916992188
984.6714477539062
983.8639526367188
993.4889526367188
989.2164916992188
995.073974609375
979.333984375
991.0814819335938
993.0089721679688
993.3314819335938
993.2389526367188
989.0889892578125
991.761474609375
990.8839721679688
992.3189697265625
994.5614624023438
994.221435546875
994.4014892578125
990.8889770507812
994.491455078125
959.803955078125
993.8989868164062
989.8214721679688
993.3214721679688
994.7289428710938
994.8014526367188
992.5389404296875
984.1689453125
987.7689819335938
994.9464721679688
991.7939453125
995.43896484375
989.0189819335938
986.8514404296875
991.4739379882812
994.0089721679688
992.1714477539062
994.7264404296875
994.1864624023438
993.7039794921875
994.2589721679688
995.3214721679688
994.3089599609375
995.2289428710938
995.6939697265625
993.491455078125
994.1289672851562
993.5239868164062
995.761474609375
993.7864379882812
992.9314575195312
993.9314575195312
994.3164672851562
995.596435546875
993.2589721679688
994.9664916992188
995.3789672851562
994.7489624023438
995.4014892578125
995.7789916992188
996.1664428710938
995.9864501953125
996.033935546875
975.553955078125
969.2139892578125
977.1864624023438
976.468994140625
979.8814697265625
982.708984375
952.866455078125
968.8739624023438
977.8989868164062
976.7639770507812
935.458984375
983.8914794921875
986.3564453125
970.1014404296875
941.5564575195312
987.4564819335938
967.5164794921875
980.573974609375
979.5989379882812
975.7364501953125
984.886474609375
984.0264892578125
987.1639404296875
987.1689453125
989.1864624023438
986.241455078125
986.8814697265625
989.0039672851562
984.9439697265625
987.6239624023438
953.1339721679688
952.6664428710938
949.8914794921875
979.9664916992188
953.9339599609375
946.511474609375
944.533935546875
963.073974609375
953.9214477539062
948.3614501953125
984.906494140625
983.9789428710938
955.2314453125
945.43896484375
972.4164428710938
974.4314575195312
953.5039672851562
968.1864624023438
953.1614379882812
964.4539794921875
975.1439819335938
984.656494140625
966.8839721679688
960.56396484375
965.93896484375
980.9139404296875
978.6314697265625
976.7939453125
974.208984375
989.2664794921875
983.8839721679688
984.011474609375
986.0564575195312
977.5864868164062
966.56396484375
970.7039794921875
981.7589721679688
989.9464721679688
974.37646484375
988.4464721679688
974.5989379882812
982.6964721679688
988.1764526367188
988.0714721679688
880.2639770507812
784.896484375
884.1089477539062
889.1864624023438
896.4614868164062
914.6764526367188
963.8889770507812
954.8264770507812
922.0464477539062
966.823974609375
933.7789916992188
973.8189697265625
973.5164794921875
967.8214721679688
971.2339477539062
973.4314575195312
972.6039428710938
977.1539916992188
973.991455078125
957.43896484375
974.8789672851562
971.0514526367188
973.8289794921875
976.093994140625
979.5489501953125
977.9314575195312
978.6064453125
980.4514770507812
977.5364379882812
970.6639404296875
976.6414794921875
970.093994140625
975.991455078125
974.4839477539062
964.991455078125
960.3189697265625
959.37646484375
960.846435546875
963.6639404296875
961.1014404296875
962.0614624023438
951.0789794921875
957.7139892578125
956.1489868164062
952.0489501953125
964.146484375
954.0439453125
964.3814697265625
987.9639892578125
969.06396484375
969.4114379882812
985.0439453125
979.386474609375
988.7664794921875
982.4464721679688
984.9889526367188
981.9014892578125
976.0464477539062
975.4214477539062
974.3714599609375
979.6189575195312
982.6664428710938
981.1014404296875
981.2464599609375
990.3814697265625
978.4664916992188
984.9364624023438
959.8264770507812
984.6764526367188
984.8214721679688
991.573974609375
983.43896484375
989.533935546875
992.9989624023438
989.93896484375
985.5489501953125
991.9864501953125
991.718994140625
984.8839721679688
987.6739501953125
986.9564819335938
989.6614379882812
993.2439575195312
990.1314697265625
983.7639770507812
957.221435546875
993.3589477539062
994.1214599609375
986.698974609375
985.8939819335938
989.5714721679688
993.3214721679688
993.50146484375
995.1914672851562
989.991455078125
996.2689819335938
985.9214477539062
986.741455078125
995.7164916992188
985.1439819335938
991.0789794921875
995.1739501953125
989.2789916992188
996.2789916992188
992.0864868164062
996.0989379882812
992.2739868164062
995.1864624023438
979.81396484375
995.1314697265625
995.2914428710938
981.593994140625
984.50146484375
994.2664794921875
993.2764892578125
995.3989868164062
995.5239868164062
990.7314453125
994.1289672851562
993.7364501953125
977.0064697265625
989.2639770507812
974.1714477539062
993.3614501953125
994.0914916992188
995.1389770507812
987.2914428710938
985.698974609375
975.8914794921875
991.0289916992188
974.083984375
991.5414428710938
995.1739501953125
969.448974609375
983.823974609375
985.4814453125
985.2639770507812
991.9664916992188
984.8189697265625
984.1714477539062
981.6764526367188
989.8789672851562
981.6289672851562
994.4639892578125
982.8689575195312
990.0764770507812
985.43896484375
981.896484375
992.2889404296875
980.7489624023438
978.2789916992188
960.593994140625
984.1064453125
987.1439819335938
823.6239624023438
968.9539794921875
959.1514892578125
970.593994140625
974.3014526367188
972.5514526367188
978.18896484375
973.8514404296875
974.678955078125
964.1064453125
978.7114868164062
980.2989501953125
980.3214721679688
975.0714721679688
972.9989624023438
968.6939697265625
960.1914672851562
961.7314453125
960.708984375
971.7914428710938
963.8714599609375
968.2439575195312
972.6739501953125
986.658935546875
981.1814575195312
985.2389526367188
982.761474609375
987.4114379882812
991.8014526367188
983.698974609375
987.7764892578125
987.6314697265625
991.1864624023438
994.4014892578125
993.491455078125
992.8539428710938
996.0864868164062
990.4814453125
992.783935546875
993.8489379882812
992.823974609375
991.1439819335938
984.8739624023438
991.033935546875
991.8789672851562
981.37646484375
986.261474609375
993.0439453125
991.8789672851562
983.2139892578125
962.053955078125
854.471435546875
971.1414794921875
978.0139770507812
976.4739379882812
975.366455078125
970.7289428710938
979.4764404296875
980.083984375
980.2039794921875
981.56396484375
976.0689697265625
962.968994140625
962.4614868164062
959.9439697265625
970.1289672851562
977.7764892578125
970.7339477539062
986.678955078125
992.0189819335938
988.37646484375
994.8114624023438
989.1614379882812
991.0689697265625
989.5614624023438
995.2114868164062
988.3189697265625
993.9339599609375
992.553955078125
979.3264770507812
988.991455078125
878.1089477539062
974.2314453125
963.7914428710938
976.9939575195312
978.833984375
981.6239624023438
977.741455078125
961.116455078125
967.741455078125
966.4989624023438
965.1189575195312
976.25146484375
976.4639892578125
993.5064697265625
985.5864868164062
989.4639892578125
991.6839599609375
995.9189453125
991.553955078125
990.8164672851562
974.6714477539062
987.3639526367188
993.2739868164062
983.2914428710938
990.7764892578125
977.7639770507812
980.6664428710938
980.4264526367188
961.8164672851562
967.096435546875
974.718994140625
968.471435546875
977.1439819335938
981.2439575195312
989.396484375
995.8564453125
978.4164428710938
980.1839599609375
884.678955078125
980.1239624023438
979.3014526367188
975.8914794921875
982.6089477539062
978.3714599609375
964.346435546875
979.4964599609375
963.7539672851562
970.3289794921875
967.281494140625
993.0889892578125
981.6764526367188
982.0414428710938
992.7489624023438
980.1939697265625
977.781494140625
965.533935546875
970.12646484375
994.7114868164062
994.18896484375
980.6689453125
979.5714721679688
981.8689575195312
976.4214477539062
995.2589721679688
995.708984375
993.198974609375
989.3264770507812
990.1289672851562
988.1814575195312
990.7864379882812
892.9539794921875
984.7264404296875
995.6339721679688
990.158935546875
989.221435546875
990.6714477539062
979.886474609375
974.8114624023438
984.3364868164062
980.718994140625
992.3314819335938
993.7389526367188
990.9814453125
992.9864501953125
907.2289428710938
996.1689453125
995.3064575195312
995.4164428710938
926.6839599609375
979.833984375
986.4189453125
916.1239624023438
972.4264526367188
989.7489624023438
986.5664672851562
954.4414672851562
959.2289428710938
993.4164428710938
961.0164794921875
988.928955078125
988.43896484375
987.646484375
964.0764770507812
990.0689697265625
990.3739624023438
988.3889770507812
996.0439453125
991.408935546875
970.093994140625
989.4314575195312
984.7464599609375
994.8364868164062
988.0864868164062
968.4789428710938
993.4864501953125
967.1339721679688
979.8914794921875
991.4439697265625
995.971435546875
988.4339599609375
995.0789794921875
990.0714721679688
993.2939453125
