9.876351576561311e-42
613.0969848632812
700.469482421875
586.3544921875
646.7869873046875
587.9519653320312
725.2644653320312
728.9519653320312
670.3070068359375
946.7319946289062
684.3195190429688
924.2545166015625
928.3170166015625
972.1594848632812
958.072021484375
905.7994995117188
985.1619873046875
950.074462890625
984.7744750976562
902.0969848632812
981.4920043945312
985.6795043945312
774.7344970703125
836.33447265625
825.324462890625
985.219482421875
986.1094970703125
931.634521484375
947.4544677734375
986.5545043945312
971.3294677734375
987.2944946289062
922.33447265625
977.199462890625
961.6920166015625
963.70947265625
956.6719970703125
958.8670043945312
989.5369873046875
961.4970092773438
961.3369750976562
961.824462890625
664.3369750976562
843.344482421875
582.87451171875
692.8394775390625
762.7894897460938
904.136962890625
968.77197265625
774.386962890625
947.8469848632812
983.81201171875
932.7019653320312
985.2869873046875
746.259521484375
983.4320068359375
882.4144897460938
974.5695190429688
987.3944702148438
964.9295043945312
767.2769775390625
909.1494750976562
657.6195068359375
843.9544677734375
743.18701171875
981.6320190429688
984.64697265625
954.4194946289062
807.697021484375
975.239501953125
971.1270141601562
958.1945190429688
735.0144653320312
866.7919921875
689.08447265625
818.74951171875
982.531982421875
985.4844970703125
795.7344970703125
976.594482421875
959.6594848632812
959.386962890625
856.0645141601562
918.2944946289062
888.3394775390625
984.7694702148438
985.3619995117188
985.6119995117188
975.219482421875
962.1895141601562
913.3469848632812
776.949462890625
985.449462890625
978.4744873046875
961.2470092773438
946.6069946289062
985.2844848632812
987.0169677734375
963.4094848632812
839.3544921875
866.6594848632812
985.2545166015625
964.3894653320312
963.7969970703125
812.8494873046875
938.5695190429688
880.5819702148438
986.7219848632812
957.8095092773438
972.2319946289062
887.4119873046875
956.2844848632812
921.7319946289062
974.5819702148438
960.1094970703125
936.7869873046875
962.6444702148438
818.5994873046875
965.1719970703125
885.6170043945312
976.9869995117188
952.39697265625
974.5045166015625
970.4244995117188
974.8670043945312
977.7420043945312
975.5169677734375
978.259521484375
987.2794799804688
976.2219848632812
978.5819702148438
858.6270141601562
981.094482421875
982.70947265625
983.7069702148438
984.8544921875
914.2869873046875
964.87451171875
970.2744750976562
962.56201171875
975.511962890625
971.8619995117188
965.0444946289062
971.5070190429688
975.9519653320312
979.781982421875
981.6195068359375
982.9744873046875
984.1694946289062
982.9219970703125
984.364501953125
985.5494995117188
985.62451171875
985.9519653320312
986.1719970703125
987.6044921875
987.39697265625
987.4295043945312
987.969482421875
988.5294799804688
990.08447265625
990.99951171875
638.8269653320312
661.156982421875
631.0695190429688
654.114501953125
638.3569946289062
690.9920043945312
753.2869873046875
695.45947265625
764.0969848632812
766.9094848632812
623.9519653320312
699.8720092773438
794.6119995117188
635.3544921875
825.3795166015625
685.4169921875
750.1220092773438
912.7744750976562
695.699462890625
906.2520141601562
875.87451171875
706.5595092773438
594.7944946289062
927.4819946289062
865.2869873046875
829.0269775390625
735.614501953125
797.5244750976562
842.177001953125
640.43701171875
872.2169799804688
822.1694946289062
864.0819702148438
810.989501953125
651.39697265625
662.1544799804688
632.2319946289062
699.8469848632812
740.0969848632812
628.3145141601562
750.70947265625
748.4194946289062
878.3770141601562
738.2344970703125
806.6845092773438
671.8195190429688
926.9544677734375
775.8770141601562
928.18701171875
666.7919921875
679.8544921875
848.636962890625
703.4794921875
927.5994873046875
818.949462890625
666.4244995117188
750.2294921875
954.511962890625
830.7744750976562
716.6594848632812
803.699462890625
772.9144897460938
835.259521484375
678.7269897460938
868.0595092773438
710.8195190429688
713.39697265625
897.7570190429688
849.6019897460938
751.6719970703125
804.259521484375
803.7644653320312
743.1195068359375
871.2169799804688
874.8569946289062
863.197021484375
854.0494995117188
890.6895141601562
910.3919677734375
788.8519897460938
888.20947265625
811.9970092773438
941.6920166015625
842.7119750976562
932.6320190429688
871.6044921875
889.8670043945312
916.4920043945312
881.9194946289062
891.177001953125
898.0670166015625
916.5969848632812
928.4869995117188
941.6270141601562
949.197021484375
958.3394775390625
896.5244750976562
905.02197265625
878.93701171875
771.509521484375
738.3919677734375
746.18701171875
730.302001953125
719.3095092773438
622.95947265625
632.1744995117188
660.2769775390625
889.8519897460938
811.99951171875
847.2294921875
805.74951171875
775.3544921875
628.4669799804688
644.2969970703125
666.2019653320312
647.4519653320312
703.3170166015625
822.6170043945312
802.614501953125
658.6719970703125
686.3795166015625
807.0244750976562
699.197021484375
885.18701171875
771.2119750976562
917.4219970703125
775.759521484375
749.1744995117188
775.0994873046875
867.3095092773438
629.3594970703125
758.1820068359375
673.8544921875
782.302001953125
703.2794799804688
689.6619873046875
770.197021484375
893.7119750976562
789.95947265625
633.3419799804688
715.9144897460938
678.4519653320312
812.2445068359375
639.8070068359375
667.386962890625
812.8994750976562
736.39697265625
683.0394897460938
871.9119873046875
772.5394897460938
814.6845092773438
658.8994750976562
795.4144897460938
697.5695190429688
645.7794799804688
694.5794677734375
703.136962890625
714.8569946289062
803.0045166015625
719.5894775390625
684.4544677734375
741.2994995117188
714.5869750976562
810.719482421875
741.572021484375
812.5969848632812
760.7794799804688
742.1170043945312
765.1320190429688
797.4719848632812
791.5469970703125
803.2294921875
813.2144775390625
806.281982421875
817.5819702148438
817.6820068359375
886.6220092773438
904.5045166015625
904.37451171875
931.9744873046875
924.7894897460938
966.239501953125
913.1744995117188
808.2420043945312
832.9119873046875
943.4445190429688
844.9395141601562
917.8519897460938
957.3319702148438
839.2894897460938
733.3670043945312
867.4769897460938
948.1320190429688
976.02197265625
976.5344848632812
986.822021484375
975.1519775390625
981.9019775390625
985.1494750976562
986.322021484375
986.719482421875
978.3820190429688
982.7869873046875
987.2269897460938
874.509521484375
815.3619995117188
943.1069946289062
903.3145141601562
965.739501953125
939.6895141601562
801.7994995117188
980.6220092773438
973.4844970703125
985.9744873046875
987.0695190429688
979.1820068359375
987.4619750976562
880.1594848632812
876.7119750976562
924.4920043945312
884.2470092773438
978.7769775390625
915.0695190429688
895.08447265625
967.3944702148438
940.5595092773438
980.7445068359375
938.6945190429688
846.27197265625
956.1494750976562
954.9619750976562
892.5570068359375
987.4669799804688
964.3419799804688
971.322021484375
935.7219848632812
968.7069702148438
976.0794677734375
961.6394653320312
986.9094848632812
976.6895141601562
972.7744750976562
985.1719970703125
980.9320068359375
980.9819946289062
984.9169921875
987.6719970703125
981.1094970703125
985.1119995117188
987.1619873046875
982.572021484375
982.77197265625
985.5869750976562
986.7994995117188
986.1719970703125
950.8544921875
949.9295043945312
967.5045166015625
967.3795166015625
970.2144775390625
972.9945068359375
976.0394897460938
976.6195068359375
977.8720092773438
978.1119995117188
977.8795166015625
980.134521484375
980.8319702148438
979.9169921875
980.4445190429688
981.8569946289062
985.7420043945312
986.9144897460938
987.5894775390625
988.08447265625
987.9219970703125
757.3419799804688
720.4219970703125
671.6519775390625
928.1920166015625
974.677001953125
880.2319946289062
875.2545166015625
979.8469848632812
988.0394897460938
739.5894775390625
963.8469848632812
953.6094970703125
896.5369873046875
978.89697265625
988.2844848632812
884.0494995117188
977.6094970703125
890.9094848632812
934.8720092773438
919.7044677734375
786.364501953125
983.4420166015625
966.074462890625
969.2644653320312
976.8095092773438
836.5394897460938
981.81201171875
965.1019897460938
987.4044799804688
981.3544921875
987.1845092773438
984.3820190429688
985.7944946289062
984.8594970703125
983.469482421875
983.1845092773438
983.8369750976562
986.697021484375
982.0595092773438
927.31201171875
874.7144775390625
974.2244873046875
847.3569946289062
927.0969848632812
984.9569702148438
878.89697265625
984.7844848632812
979.8145141601562
917.864501953125
977.8619995117188
981.5695190429688
966.9395141601562
988.4970092773438
974.7944946289062
963.031982421875
983.77197265625
983.99951171875
985.4569702148438
986.199462890625
985.324462890625
989.1594848632812
984.4744873046875
983.9844970703125
985.3670043945312
913.2294921875
981.9019775390625
846.7144775390625
973.656982421875
898.7144775390625
929.9945068359375
979.5794677734375
983.1044921875
985.3919677734375
970.7269897460938
985.574462890625
985.511962890625
984.4395141601562
984.0894775390625
965.6669921875
985.7344970703125
975.5045166015625
986.8994750976562
986.5595092773438
984.5045166015625
984.7844848632812
987.261962890625
967.2319946289062
879.1220092773438
984.552001953125
979.3619995117188
987.3795166015625
985.6920166015625
985.384521484375
986.8469848632812
917.6945190429688
947.0419921875
984.8770141601562
983.656982421875
987.0419921875
975.322021484375
975.2344970703125
983.2144775390625
986.697021484375
988.1895141601562
988.2470092773438
989.2219848632812
971.1295166015625
985.7694702148438
986.4244995117188
983.1845092773438
989.2669677734375
986.4219970703125
986.4519653320312
989.1820068359375
987.5070190429688
988.2644653320312
984.3419799804688
984.7369995117188
984.7019653320312
986.0769653320312
987.4219970703125
987.7069702148438
988.449462890625
988.9869995117188
988.697021484375
987.9420166015625
987.1220092773438
987.3369750976562
986.5020141601562
987.1419677734375
972.6669921875
966.8544921875
971.0595092773438
971.4144897460938
976.2644653320312
975.5695190429688
960.302001953125
968.1945190429688
971.5244750976562
967.9970092773438
932.7545166015625
974.3894653320312
978.384521484375
964.7069702148438
938.27197265625
976.2445068359375
963.6170043945312
974.7994995117188
970.364501953125
966.7794799804688
976.6295166015625
972.509521484375
978.1669921875
980.9844970703125
978.636962890625
982.4869995117188
981.8494873046875
980.9219970703125
978.261962890625
980.8145141601562
949.6544799804688
962.4144897460938
963.1594848632812
974.344482421875
951.844482421875
945.7694702148438
963.011962890625
957.6619873046875
967.6744995117188
947.1644897460938
976.8544921875
983.7420043945312
955.8994750976562
949.8319702148438
962.219482421875
971.0695190429688
950.8294677734375
965.3919677734375
966.3195190429688
974.5045166015625
967.6044921875
977.5070190429688
959.9869995117188
964.9569702148438
961.7869873046875
971.1119995117188
972.0045166015625
967.3594970703125
969.4619750976562
978.177001953125
974.2470092773438
973.6644897460938
979.9295043945312
974.8994750976562
968.5670166015625
970.5994873046875
974.8894653320312
979.8394775390625
970.5894775390625
977.1920166015625
975.3820190429688
980.136962890625
979.3294677734375
984.7769775390625
877.3195190429688
781.3795166015625
870.6644897460938
881.7794799804688
893.824462890625
911.3494873046875
951.8195190429688
943.7019653320312
918.3519897460938
953.697021484375
929.7169799804688
964.37451171875
968.3519897460938
969.9169921875
970.197021484375
971.011962890625
967.2744750976562
966.739501953125
969.3569946289062
960.2169799804688
970.1119995117188
966.2769775390625
968.9169921875
971.3319702148438
973.6419677734375
972.3494873046875
972.4844970703125
974.37451171875
971.0394897460938
971.6544799804688
970.656982421875
971.7944946289062
970.6820068359375
970.5919799804688
961.7869873046875
954.261962890625
958.6419677734375
962.2269897460938
959.4345092773438
953.7669677734375
951.4644775390625
956.7769775390625
961.384521484375
959.8494873046875
962.06201171875
957.7994995117188
957.8195190429688
961.9094848632812
979.759521484375
968.114501953125
976.81201171875
980.0020141601562
972.386962890625
981.824462890625
977.20947265625
980.5369873046875
977.0269775390625
978.3894653320312
977.6195068359375
977.7520141601562
978.7944946289062
980.8170166015625
979.9920043945312
979.4794921875
982.761962890625
979.2769775390625
980.9244995117188
963.8569946289062
980.927001953125
981.1019897460938
984.9945068359375
984.0894775390625
984.2119750976562
986.697021484375
982.8720092773438
979.6019897460938
985.5169677734375
982.9194946289062
984.8670043945312
980.3319702148438
981.5794677734375
980.3394775390625
987.281982421875
979.99951171875
984.9920043945312
967.5769653320312
983.9794921875
983.3070068359375
985.99951171875
984.6820068359375
983.1945190429688
985.4169921875
980.2369995117188
985.49951171875
984.0045166015625
988.2119750976562
972.9744873046875
974.56201171875
985.2119750976562
974.8770141601562
984.2244873046875
988.2994995117188
982.87451171875
985.5819702148438
984.4619750976562
985.7919921875
984.93701171875
985.5794677734375
974.4169921875
984.8294677734375
986.0769653320312
976.2944946289062
979.9044799804688
986.08447265625
987.9320068359375
989.8294677734375
990.4219970703125
986.0045166015625
991.8544921875
992.3670043945312
976.5344848632812
984.9044799804688
974.6019897460938
992.6544799804688
992.614501953125
986.552001953125
982.52197265625
979.7894897460938
975.06201171875
987.2169799804688
973.4194946289062
987.8269653320312
986.6069946289062
970.3544921875
981.7369995117188
980.9669799804688
983.9320068359375
989.37451171875
980.0670166015625
980.1619873046875
978.2269897460938
987.1594848632812
975.3944702148438
989.70947265625
973.8170166015625
986.3195190429688
978.7044677734375
974.3594970703125
986.6669921875
969.2769775390625
968.5070190429688
960.2420043945312
982.0444946289062
983.9194946289062
820.6044921875
956.6419677734375
946.6119995117188
962.77197265625
966.927001953125
969.0545043945312
972.364501953125
969.0994873046875
970.4295043945312
965.6644897460938
972.7369995117188
974.3170166015625
974.5969848632812
971.906982421875
971.759521484375
966.6519775390625
952.0269775390625
958.7545166015625
965.37451171875
965.7894897460938
965.3369750976562
971.531982421875
972.4619750976562
981.5269775390625
979.6820068359375
979.9019775390625
982.8170166015625
981.18701171875
984.074462890625
983.9619750976562
979.9244995117188
985.3795166015625
980.6744995117188
987.1419677734375
983.9194946289062
981.4644775390625
986.3695068359375
982.5545043945312
984.8394775390625
988.4970092773438
988.2119750976562
986.8294677734375
980.9420166015625
987.259521484375
987.3770141601562
977.3569946289062
982.5994873046875
989.677001953125
988.2994995117188
978.6920166015625
964.5369873046875
837.5695190429688
958.2545166015625
969.574462890625
971.7545166015625
969.1920166015625
968.6394653320312
974.634521484375
972.0294799804688
976.1019897460938
975.1170043945312
971.9395141601562
956.6220092773438
959.0194702148438
955.0869750976562
974.8594970703125
976.6220092773438
976.6594848632812
978.8944702148438
986.99951171875
981.5969848632812
986.31201171875
979.6519775390625
986.2944946289062
982.4169921875
986.4619750976562
983.4744873046875
988.822021484375
987.199462890625
977.4644775390625
983.7420043945312
873.2244873046875
963.1945190429688
951.1669921875
971.1419677734375
974.2445068359375
977.009521484375
972.094482421875
962.3544921875
960.2445068359375
957.0144653320312
974.822021484375
977.4044799804688
978.4119873046875
988.4945068359375
984.1895141601562
982.7470092773438
985.4144897460938
986.406982421875
985.199462890625
984.9320068359375
974.4819946289062
981.6795043945312
987.62451171875
973.9219970703125
985.009521484375
970.8419799804688
973.0769653320312
975.739501953125
958.031982421875
965.9119873046875
967.9619750976562
974.5695190429688
977.197021484375
979.5444946289062
980.322021484375
986.1594848632812
976.7844848632812
977.4794921875
874.0419921875
973.094482421875
973.1320190429688
970.5169677734375
976.4970092773438
972.5869750976562
961.9945068359375
972.7669677734375
972.8770141601562
976.9345092773438
966.969482421875
988.4819946289062
979.2244873046875
980.8519897460938
984.9569702148438
973.906982421875
972.0645141601562
972.449462890625
977.3894653320312
988.4669799804688
983.5570068359375
973.511962890625
973.6694946289062
974.7969970703125
978.39697265625
987.4194946289062
984.0444946289062
986.7445068359375
984.219482421875
984.2644653320312
986.18701171875
987.3619995117188
882.094482421875
982.1895141601562
986.7669677734375
985.4244995117188
984.136962890625
986.9519653320312
973.8919677734375
973.7369995117188
979.2844848632812
978.6820068359375
988.1895141601562
989.802001953125
987.9644775390625
985.7669677734375
896.699462890625
987.259521484375
984.4169921875
991.0369873046875
914.2445068359375
973.4094848632812
983.324462890625
909.95947265625
970.5269775390625
981.7119750976562
979.5144653320312
942.8419799804688
948.947021484375
985.614501953125
949.56201171875
980.7669677734375
979.8670043945312
981.0394897460938
951.9019775390625
982.0670166015625
979.89697265625
981.39697265625
986.0595092773438
979.1270141601562
957.0020141601562
981.927001953125
974.3619995117188
988.3994750976562
982.02197265625
969.9094848632812
989.1744995117188
955.4970092773438
973.7769775390625
978.1845092773438
986.261962890625
971.989501953125
990.5244750976562
982.0169677734375
983.6895141601562
