9.876351576561311e-42
606.7177734375
705.7627563476562
586.8477783203125
620.520263671875
584.6002807617188
680.8577270507812
702.457763671875
658.0377807617188
966.677734375
670.3202514648438
942.6227416992188
952.500244140625
982.8177490234375
980.0077514648438
950.9877319335938
988.4752807617188
973.250244140625
985.865234375
944.7002563476562
975.395263671875
986.7527465820312
847.3727416992188
903.5677490234375
897.4677734375
986.7352294921875
985.605224609375
965.437744140625
960.6602783203125
987.6852416992188
964.6377563476562
986.665283203125
941.8077392578125
971.7177734375
958.9002685546875
959.51025390625
955.3702392578125
957.9552612304688
990.5802612304688
955.8977661132812
959.5477294921875
956.2127685546875
663.207763671875
843.7127685546875
587.7677612304688
683.812744140625
791.9752807617188
917.040283203125
983.3927612304688
787.740234375
964.8727416992188
986.3702392578125
961.9927368164062
985.7877807617188
809.4552612304688
977.7352294921875
939.4077758789062
967.5452270507812
988.2677612304688
959.2202758789062
793.3902587890625
916.0552368164062
619.9002685546875
887.7002563476562
757.0052490234375
986.4102783203125
986.1202392578125
966.2327270507812
878.7652587890625
966.292724609375
963.977783203125
956.26025390625
747.2752685546875
880.3077392578125
644.6627807617188
849.0952758789062
986.9927368164062
987.727783203125
864.7802734375
969.4252319335938
959.5802612304688
957.5852661132812
871.6927490234375
929.0127563476562
926.3077392578125
985.792724609375
987.6702270507812
986.1577758789062
976.1377563476562
960.9427490234375
924.3052368164062
744.3427734375
985.3002319335938
975.9427490234375
958.542724609375
958.7777709960938
988.302734375
987.0977783203125
960.500244140625
843.4852294921875
936.0077514648438
987.3152465820312
959.9877319335938
960.2127685546875
797.6077270507812
951.1577758789062
935.0502319335938
987.3977661132812
963.5602416992188
964.8152465820312
898.582763671875
971.052734375
950.7652587890625
966.4127807617188
976.8677368164062
957.0852661132812
962.7827758789062
794.8102416992188
962.0602416992188
907.270263671875
983.667724609375
970.3152465820312
967.1477661132812
970.7427368164062
966.7352294921875
982.6327514648438
968.395263671875
983.042724609375
987.9927368164062
968.8577270507812
971.8002319335938
879.7327270507812
975.1577758789062
977.1502685546875
978.5577392578125
980.3602294921875
940.6627807617188
972.000244140625
977.9552612304688
975.7227783203125
984.667724609375
975.0602416992188
975.7577514648438
977.6077270507812
978.4502563476562
978.6852416992188
979.8827514648438
981.677734375
982.3302612304688
983.9652709960938
985.5602416992188
983.7777709960938
984.552734375
984.677734375
984.5802612304688
986.812744140625
987.542724609375
987.230224609375
988.5752563476562
989.8302612304688
991.1177368164062
991.9752807617188
635.8902587890625
666.865234375
623.0902709960938
641.4277954101562
629.062744140625
702.9827270507812
751.0277709960938
693.88525390625
781.5602416992188
753.7802734375
619.8252563476562
691.5077514648438
798.6227416992188
625.352783203125
818.4652709960938
651.4502563476562
748.8677368164062
925.980224609375
679.0077514648438
927.040283203125
876.5652465820312
685.6927490234375
581.7127685546875
938.4127807617188
847.1802368164062
838.3252563476562
753.9602661132812
839.1102294921875
830.250244140625
632.540283203125
848.9702758789062
845.177734375
841.2527465820312
820.2227783203125
656.227783203125
667.415283203125
631.7002563476562
704.7052612304688
757.0952758789062
630.69775390625
753.480224609375
763.542724609375
878.8077392578125
733.750244140625
824.4752807617188
683.0852661132812
939.9077758789062
778.0227661132812
914.7377319335938
676.730224609375
673.0902709960938
881.7127685546875
702.0127563476562
939.9927368164062
826.4927368164062
668.9352416992188
742.3702392578125
963.4352416992188
850.187744140625
705.4252319335938
816.2227783203125
790.5302734375
855.1902465820312
681.6177368164062
877.0652465820312
706.0152587890625
717.0927734375
905.5552368164062
849.5252685546875
740.5177612304688
820.4427490234375
790.8177490234375
745.3002319335938
871.605224609375
862.852783203125
849.6952514648438
865.7477416992188
880.677734375
911.8402709960938
789.625244140625
869.2952270507812
796.4602661132812
962.3252563476562
827.5602416992188
951.9252319335938
910.2977294921875
906.2852783203125
910.8702392578125
892.3402709960938
915.4052734375
908.4102783203125
920.9552612304688
932.480224609375
956.0252685546875
965.375244140625
972.4652709960938
896.5127563476562
905.2777709960938
883.0902709960938
770.0577392578125
729.990234375
735.0077514648438
720.8902587890625
728.165283203125
618.6402587890625
630.7727661132812
651.707763671875
891.5952758789062
805.5302734375
837.102783203125
805.5152587890625
774.082763671875
624.4802856445312
642.51025390625
663.7977294921875
648.4002685546875
701.7127685546875
812.7527465820312
793.6077270507812
663.4227294921875
674.1427612304688
800.4102783203125
691.7027587890625
889.2427368164062
773.9552612304688
918.8002319335938
771.3377685546875
753.9727783203125
774.540283203125
865.4327392578125
624.2177734375
763.6427612304688
683.6952514648438
779.8577270507812
691.2727661132812
690.1327514648438
772.105224609375
897.4727783203125
791.4502563476562
633.3402709960938
716.1852416992188
679.9402465820312
816.6002807617188
642.937744140625
669.270263671875
815.4677734375
741.7102661132812
700.8902587890625
876.4602661132812
777.9877319335938
814.7027587890625
663.2827758789062
800.9302368164062
718.9352416992188
646.5852661132812
707.3052368164062
708.1477661132812
725.0677490234375
807.9077758789062
722.8452758789062
683.2027587890625
746.5552368164062
717.0977783203125
817.8977661132812
752.9752807617188
816.76025390625
766.915283203125
745.917724609375
767.790283203125
793.8777465820312
791.2452392578125
805.5552368164062
817.6102294921875
811.1077270507812
813.7202758789062
816.542724609375
892.7377319335938
909.44775390625
911.2352294921875
937.290283203125
928.3602294921875
966.2852783203125
913.01025390625
807.1427612304688
820.7727661132812
944.480224609375
839.5477294921875
919.4052734375
962.8052368164062
832.3202514648438
727.292724609375
865.3877563476562
956.0602416992188
978.0477294921875
978.0952758789062
984.5027465820312
980.0052490234375
983.01025390625
984.9202270507812
988.1802368164062
986.8402709960938
984.7827758789062
986.665283203125
988.9402465820312
869.6852416992188
823.1427612304688
946.6277465820312
908.63525390625
971.07275390625
947.7002563476562
808.540283203125
982.1527709960938
979.427734375
985.0377807617188
986.677734375
985.3777465820312
989.01025390625
875.0952758789062
883.0502319335938
932.4602661132812
902.7452392578125
983.6402587890625
915.2977294921875
896.1927490234375
976.0127563476562
952.042724609375
982.1302490234375
942.0452270507812
842.1102294921875
964.8352661132812
959.13525390625
895.9427490234375
984.6752319335938
967.5477294921875
973.5902709960938
944.76025390625
972.38525390625
977.9452514648438
968.0702514648438
983.1927490234375
978.5777587890625
978.4452514648438
982.8427734375
982.5652465820312
982.8827514648438
984.1227416992188
985.5552368164062
983.9702758789062
984.9302368164062
986.4252319335938
984.6902465820312
984.9027709960938
986.9227294921875
986.4702758789062
986.730224609375
953.44775390625
951.852783203125
966.9227294921875
968.38525390625
971.6527709960938
973.8377685546875
976.802734375
977.5927734375
978.9552612304688
978.9102783203125
981.990234375
983.2227783203125
983.8102416992188
984.770263671875
984.2952270507812
985.6402587890625
987.2652587890625
987.5377807617188
988.5577392578125
988.6402587890625
989.687744140625
753.4827270507812
709.1377563476562
656.4727783203125
949.1102294921875
982.1802368164062
893.230224609375
930.3977661132812
990.1202392578125
989.2577514648438
735.3827514648438
973.8902587890625
973.6077270507812
959.677734375
989.2452392578125
990.0252685546875
904.3052368164062
986.2952270507812
898.7552490234375
949.9302368164062
937.51025390625
786.5277709960938
986.5077514648438
988.927734375
984.5377807617188
986.2002563476562
846.3427734375
988.105224609375
973.4502563476562
983.3627319335938
982.8602294921875
986.7152709960938
985.667724609375
987.740234375
989.4827270507812
988.9877319335938
989.2377319335938
990.1077270507812
990.750244140625
985.8427734375
977.4702758789062
979.250244140625
989.812744140625
927.1302490234375
982.57275390625
988.562744140625
972.3352661132812
988.6752319335938
989.4502563476562
982.740234375
987.0952758789062
988.8102416992188
966.5652465820312
990.3602294921875
977.7027587890625
972.227783203125
988.7802734375
989.3427734375
989.7777709960938
990.7202758789062
989.0927734375
991.8277587890625
990.4602661132812
990.2177734375
991.8352661132812
982.2527465820312
987.082763671875
953.770263671875
989.4727783203125
981.105224609375
982.7627563476562
988.6952514648438
987.5702514648438
990.812744140625
979.2027587890625
989.9752807617188
990.6277465820312
990.6377563476562
990.540283203125
985.9002685546875
988.4927368164062
989.2952270507812
989.9602661132812
990.9052734375
990.9927368164062
991.1302490234375
988.1577758789062
989.4977416992188
953.5452270507812
989.7802734375
986.0327758789062
991.415283203125
991.8477783203125
992.0177612304688
989.290283203125
973.2877807617188
984.812744140625
990.802734375
989.3777465820312
992.1102294921875
985.8002319335938
985.6902465820312
987.6752319335938
991.1402587890625
989.790283203125
991.6702270507812
990.7752685546875
990.290283203125
989.615234375
992.3002319335938
990.3302612304688
991.040283203125
992.6527709960938
991.0977783203125
991.3277587890625
991.3677368164062
992.0777587890625
990.0877685546875
989.9952392578125
990.9502563476562
991.7427368164062
992.0802612304688
991.042724609375
991.4502563476562
991.7102661132812
992.1002807617188
992.417724609375
992.6802368164062
992.9602661132812
992.9702758789062
992.9952392578125
972.3052368164062
966.6827392578125
973.9827270507812
975.6102294921875
978.3477783203125
979.7227783203125
957.2752685546875
972.0902709960938
977.8427734375
971.9752807617188
934.51025390625
979.63525390625
982.5477294921875
966.7677612304688
939.44775390625
982.1802368164062
966.2252807617188
977.7552490234375
975.750244140625
970.927734375
982.2777709960938
978.4302368164062
982.437744140625
983.6077270507812
983.8602294921875
983.57275390625
983.3627319335938
984.2552490234375
979.44775390625
982.9752807617188
950.4627685546875
955.9077758789062
955.0977783203125
976.9252319335938
951.7852783203125
946.3477783203125
950.94775390625
962.9627685546875
949.7002563476562
945.852783203125
982.1627807617188
982.0277709960938
954.3577270507812
947.6002807617188
966.375244140625
973.7852783203125
951.1752319335938
966.6927490234375
954.605224609375
966.7577514648438
970.7202758789062
980.4552612304688
960.6927490234375
959.770263671875
965.6002807617188
975.3502807617188
975.4827270507812
970.602783203125
969.0077514648438
981.7677612304688
976.9227294921875
978.1402587890625
982.3402709960938
975.3102416992188
966.1377563476562
970.102783203125
977.740234375
986.2202758789062
969.9652709960938
981.1002807617188
973.2227783203125
981.2227783203125
983.1377563476562
985.1827392578125
877.0302734375
773.6002807617188
879.7352294921875
886.855224609375
893.6702270507812
910.3277587890625
958.7627563476562
950.2652587890625
918.2152709960938
961.5952758789062
930.7877807617188
969.9877319335938
970.1002807617188
966.4227294921875
967.3002319335938
969.4202270507812
968.4252319335938
972.677734375
969.582763671875
956.0177612304688
970.7677612304688
968.1627807617188
970.4602661132812
972.500244140625
976.4452514648438
975.1477661132812
974.1002807617188
977.5252685546875
973.332763671875
968.290283203125
972.395263671875
968.63525390625
972.227783203125
970.6477661132812
962.6627807617188
958.9327392578125
959.9302368164062
958.417724609375
961.5977783203125
959.6227416992188
959.7477416992188
950.1502685546875
955.4552612304688
955.9627685546875
950.0027465820312
962.4352416992188
952.9852294921875
962.792724609375
984.2327270507812
968.1752319335938
968.1327514648438
982.1327514648438
975.6302490234375
986.187744140625
979.9127807617188
983.665283203125
978.2377319335938
974.0752563476562
972.9602661132812
972.7052612304688
976.5977783203125
980.8402709960938
978.4227294921875
977.8502807617188
987.2002563476562
976.1177368164062
982.3427734375
958.8627319335938
981.9452514648438
983.115234375
988.8777465820312
982.0602416992188
985.9002685546875
989.4202270507812
987.7877807617188
982.927734375
989.4752807617188
988.895263671875
984.540283203125
984.9402465820312
984.26025390625
987.2102661132812
990.5177612304688
987.2652587890625
981.4302368164062
954.302734375
990.062744140625
986.915283203125
983.2627563476562
983.0052490234375
987.38525390625
990.1477661132812
990.5602416992188
992.240234375
987.5602416992188
992.615234375
982.937744140625
983.9602661132812
992.3602294921875
982.1102294921875
988.4402465820312
992.6902465820312
987.977783203125
993.1727294921875
988.062744140625
993.105224609375
990.1827392578125
992.1327514648438
977.3302612304688
991.5977783203125
992.250244140625
978.0877685546875
980.6302490234375
992.1527709960938
991.3902587890625
992.2627563476562
992.6002807617188
988.2827758789062
991.7102661132812
991.332763671875
973.167724609375
986.4602661132812
972.1752319335938
991.000244140625
991.667724609375
992.6002807617188
984.2202758789062
981.0952758789062
974.4302368164062
988.4977416992188
972.94775390625
988.9877319335938
992.9027709960938
969.3702392578125
982.38525390625
983.177734375
983.8577270507812
989.82275390625
982.312744140625
983.3602294921875
980.9052734375
987.7327270507812
980.1077270507812
992.4552612304688
980.3102416992188
987.645263671875
983.7827758789062
979.6277465820312
989.5052490234375
976.0302734375
974.9927368164062
959.2177734375
982.4852294921875
984.1927490234375
819.4202270507812
964.8577270507812
953.7952270507812
965.292724609375
970.5052490234375
969.4302368164062
975.0452270507812
970.020263671875
971.4952392578125
961.7152709960938
975.5177612304688
977.2827758789062
975.687744140625
971.88525390625
970.7377319335938
966.13525390625
958.9052734375
960.2627563476562
958.5052490234375
969.250244140625
962.3502807617188
965.9427490234375
970.9252319335938
983.9402465820312
978.2777709960938
982.6077270507812
980.2527465820312
984.542724609375
987.040283203125
980.5552368164062
985.3277587890625
987.13525390625
988.477783203125
990.7252807617188
991.0852661132812
990.167724609375
993.1502685546875
986.7877807617188
990.7777709960938
991.0177612304688
990.740234375
988.4227294921875
981.207763671875
989.2802734375
989.4002685546875
978.3627319335938
984.3477783203125
990.8052368164062
989.5327758789062
980.6327514648438
961.937744140625
845.0902709960938
966.437744140625
973.8727416992188
972.7327270507812
971.980224609375
966.8202514648438
976.4977416992188
975.6627807617188
977.7877807617188
977.9402465820312
972.7652587890625
960.9127807617188
959.895263671875
959.6277465820312
966.7452392578125
975.4527587890625
970.7577514648438
980.6327514648438
989.9077758789062
985.7777709960938
992.2752685546875
985.9602661132812
988.0302734375
987.770263671875
992.5877685546875
984.0777587890625
991.0477294921875
989.8452758789062
976.5652465820312
986.5477294921875
879.6127319335938
969.7977294921875
958.375244140625
973.07275390625
976.0052490234375
978.7352294921875
974.1427612304688
958.4227294921875
966.290283203125
963.8177490234375
962.6377563476562
973.562744140625
974.3202514648438
990.6427612304688
983.2027587890625
986.865234375
989.7527465820312
993.3077392578125
988.9852294921875
986.7452392578125
974.6227416992188
984.1002807617188
990.6902465820312
980.9652709960938
988.6502685546875
973.7377319335938
976.9027709960938
977.7477416992188
960.63525390625
964.0902709960938
972.07275390625
965.9652709960938
975.5027465820312
977.8977661132812
983.8152465820312
993.0977783203125
978.6002807617188
979.0277709960938
882.0927734375
976.5602416992188
976.0502319335938
972.7052612304688
978.490234375
974.7827758789062
961.9052734375
976.8202514648438
962.3827514648438
967.5702514648438
965.0227661132812
991.0652465820312
981.0902709960938
981.145263671875
988.07275390625
976.6577758789062
974.7552490234375
965.437744140625
967.9077758789062
991.6702270507812
991.2477416992188
976.3877563476562
976.4877319335938
978.2777709960938
973.7127685546875
992.4252319335938
992.730224609375
990.6202392578125
986.230224609375
986.5052490234375
986.3502807617188
988.4327392578125
884.8702392578125
982.250244140625
992.9077758789062
987.1727294921875
986.5127563476562
987.6602783203125
977.2252807617188
971.520263671875
982.7727661132812
977.7052612304688
989.5152587890625
991.312744140625
988.4127807617188
990.552734375
901.1852416992188
992.8152465820312
992.7652587890625
992.3577270507812
920.437744140625
976.6527709960938
982.980224609375
908.4202270507812
968.9952392578125
986.4752807617188
983.270263671875
948.4527587890625
954.7127685546875
991.0502319335938
956.9452514648438
985.4402465820312
985.4727783203125
983.9227294921875
959.8677368164062
986.4502563476562
987.427734375
985.9127807617188
993.3402709960938
988.8152465820312
964.6952514648438
985.63525390625
977.6702270507812
992.6752319335938
985.540283203125
964.7802734375
991.7452392578125
963.082763671875
976.292724609375
988.8302612304688
993.3627319335938
985.6852416992188
992.07275390625
986.4352416992188
987.352783203125
