9.876351576561311e-42
587.814697265625
712.0321655273438
586.5571899414062
617.3496704101562
586.7246704101562
664.3446655273438
693.01220703125
640.0521850585938
973.6397094726562
658.15966796875
958.0671997070312
963.0421752929688
985.7271728515625
986.9696655273438
958.8621826171875
991.90966796875
978.4921875
989.0996704101562
943.7796630859375
978.272216796875
990.272216796875
837.087158203125
905.1046752929688
899.3496704101562
990.7271728515625
989.212158203125
965.9572143554688
970.6546630859375
991.2022094726562
968.1546630859375
990.0172119140625
953.772216796875
975.1571655273438
963.149658203125
965.294677734375
958.5921630859375
964.3071899414062
994.1121826171875
958.377197265625
963.8396606445312
957.5471801757812
658.5797119140625
839.7921752929688
591.627197265625
679.6921997070312
779.7346801757812
934.3746948242188
985.1347045898438
784.794677734375
969.2146606445312
989.07470703125
967.1796875
990.5546875
806.5147094726562
982.732177734375
946.6397094726562
973.0197143554688
991.752197265625
962.482177734375
797.334716796875
920.252197265625
598.2197265625
908.2421875
744.7246704101562
990.2896728515625
989.8897094726562
973.712158203125
887.9971923828125
970.4296875
967.6671752929688
957.7647094726562
749.3446655273438
877.0321655273438
631.1721801757812
839.8046875
990.2471923828125
990.897216796875
876.834716796875
973.7346801757812
965.419677734375
960.59716796875
867.897216796875
931.15966796875
942.939697265625
988.5772094726562
991.8197021484375
990.0471801757812
978.2771606445312
963.01220703125
923.8646850585938
752.3596801757812
990.4472045898438
978.2072143554688
959.9171752929688
964.59716796875
992.7446899414062
990.9547119140625
963.9896850585938
857.7047119140625
945.127197265625
991.1546630859375
961.88720703125
961.4896850585938
799.97216796875
964.5697021484375
939.524658203125
991.3646850585938
966.3671875
968.63720703125
913.6246948242188
977.44970703125
957.7396850585938
969.6646728515625
983.90966796875
963.959716796875
966.0722045898438
806.4796752929688
965.6096801757812
925.1571655273438
988.1671752929688
975.0521850585938
970.1646728515625
972.72216796875
968.709716796875
986.357177734375
973.19970703125
986.5147094726562
992.40966796875
971.2697143554688
976.1621704101562
889.107177734375
979.6621704101562
981.8171997070312
981.399658203125
985.774658203125
955.3696899414062
976.3297119140625
982.2996826171875
981.9321899414062
989.6947021484375
978.8671875
982.939697265625
984.5772094726562
985.419677734375
981.4447021484375
982.6296997070312
985.9846801757812
986.6972045898438
989.1621704101562
989.1521606445312
987.189697265625
988.9671630859375
988.5072021484375
988.9171752929688
989.8621826171875
991.8171997070312
991.6021728515625
992.584716796875
992.8121948242188
994.752197265625
995.1796875
627.0147094726562
667.5072021484375
607.3621826171875
628.9697265625
623.0671997070312
682.76220703125
741.044677734375
678.6546630859375
781.3171997070312
750.8721923828125
605.6347045898438
683.084716796875
813.272216796875
603.78466796875
823.8621826171875
626.564697265625
729.2421875
937.1322021484375
692.7672119140625
925.8521728515625
893.5571899414062
684.439697265625
578.9796752929688
946.6046752929688
840.0471801757812
848.357177734375
760.9371948242188
845.4572143554688
827.2971801757812
619.4622192382812
826.76220703125
850.3947143554688
841.524658203125
831.5321655273438
655.3922119140625
657.9547119140625
636.3546752929688
687.377197265625
749.82470703125
632.5922241210938
763.88720703125
760.4771728515625
872.4696655273438
719.0421752929688
820.7971801757812
684.127197265625
938.40966796875
786.3046875
906.0671997070312
693.34716796875
666.3096923828125
892.0471801757812
693.1671752929688
943.63720703125
829.4921875
680.38720703125
756.1422119140625
966.7446899414062
869.4522094726562
696.6671752929688
828.8922119140625
806.147216796875
856.0072021484375
683.377197265625
872.3222045898438
711.002197265625
721.8546752929688
904.5197143554688
853.6521606445312
736.4246826171875
824.8521728515625
794.0046997070312
752.4572143554688
877.0571899414062
860.3521728515625
855.8521728515625
889.4696655273438
880.7246704101562
908.6221923828125
802.57470703125
859.3596801757812
793.1871948242188
967.5772094726562
821.5596923828125
961.9472045898438
907.8096923828125
911.3922119140625
914.3897094726562
892.1771850585938
916.5371704101562
913.6646728515625
930.7597045898438
937.4846801757812
969.1947021484375
975.5371704101562
976.9796752929688
895.7546997070312
903.8021850585938
892.0546875
764.814697265625
735.2921752929688
736.8947143554688
720.7072143554688
732.1121826171875
621.5247192382812
631.9547119140625
644.7271728515625
893.7921752929688
808.9472045898438
834.1546630859375
806.4246826171875
771.3121948242188
625.7346801757812
644.0297241210938
661.0996704101562
640.1547241210938
702.3421630859375
811.3272094726562
788.97216796875
657.462158203125
659.6021728515625
782.9447021484375
668.4971923828125
889.63720703125
773.502197265625
917.3021850585938
770.4421997070312
756.8621826171875
772.76220703125
876.1221923828125
625.6146850585938
756.9746704101562
679.689697265625
763.397216796875
687.5271606445312
678.4371948242188
769.0546875
899.5621948242188
798.9046630859375
635.7896728515625
719.6322021484375
697.5946655273438
815.8421630859375
642.8422241210938
681.5772094726562
816.709716796875
739.2996826171875
704.2672119140625
885.5271606445312
768.6571655273438
809.6296997070312
657.0197143554688
804.7921752929688
736.294677734375
646.9572143554688
717.1521606445312
708.334716796875
725.0921630859375
809.0147094726562
734.0172119140625
685.88720703125
755.002197265625
719.8621826171875
815.8947143554688
752.2672119140625
814.334716796875
759.8847045898438
752.982177734375
779.8646850585938
798.15966796875
801.0822143554688
815.6246948242188
823.272216796875
821.107177734375
823.8096923828125
816.1171875
907.28466796875
916.0172119140625
924.1221923828125
951.4021606445312
937.7496948242188
972.6621704101562
924.524658203125
809.2647094726562
825.9296875
953.2871704101562
840.1246948242188
922.3021850585938
969.2896728515625
827.1221923828125
725.4046630859375
862.3396606445312
961.09716796875
979.8947143554688
983.1221923828125
989.084716796875
986.5896606445312
987.8546752929688
987.2346801757812
990.7572021484375
989.357177734375
989.6296997070312
991.897216796875
992.4296875
875.2672119140625
822.899658203125
954.4572143554688
924.3322143554688
979.1546630859375
959.419677734375
801.4472045898438
985.712158203125
987.044677734375
989.8696899414062
991.7871704101562
989.94970703125
993.1972045898438
876.147216796875
886.9346923828125
945.9771728515625
925.8396606445312
989.1447143554688
922.3496704101562
895.3897094726562
986.209716796875
975.709716796875
987.3696899414062
949.7171630859375
834.9321899414062
984.7971801757812
967.439697265625
890.5197143554688
989.7471923828125
973.522216796875
978.107177734375
948.212158203125
977.9146728515625
981.4871826171875
980.294677734375
986.4146728515625
982.47216796875
986.0471801757812
988.1821899414062
988.38720703125
989.1972045898438
987.9522094726562
993.982177734375
988.1746826171875
988.2271728515625
993.51220703125
988.3822021484375
989.2446899414062
988.0172119140625
989.8071899414062
992.0271606445312
962.6121826171875
957.88720703125
973.76220703125
974.3496704101562
976.1947021484375
978.4346923828125
981.9547119140625
983.044677734375
983.6196899414062
984.1972045898438
986.7246704101562
987.3947143554688
987.47216796875
989.1021728515625
988.7072143554688
990.5396728515625
989.899658203125
990.709716796875
992.15966796875
992.6771850585938
995.939697265625
735.0546875
677.3446655273438
645.0947265625
946.78466796875
993.5621948242188
893.0697021484375
931.8621826171875
995.5621948242188
994.2496948242188
724.7196655273438
981.8822021484375
980.6621704101562
966.0697021484375
991.2672119140625
994.3897094726562
909.7421875
993.794677734375
900.1096801757812
968.4472045898438
938.3621826171875
781.772216796875
989.482177734375
997.7771606445312
984.5571899414062
988.5946655273438
859.3021850585938
994.8746948242188
990.4547119140625
987.5396728515625
989.939697265625
990.7396850585938
991.627197265625
991.2022094726562
995.28466796875
991.7346801757812
991.544677734375
995.919677734375
994.3197021484375
990.5046997070312
988.76220703125
982.7471923828125
996.19970703125
929.1221923828125
984.0822143554688
993.9921875
983.5996704101562
992.9796752929688
992.712158203125
989.4522094726562
992.3496704101562
991.919677734375
976.1246948242188
996.0797119140625
983.4472045898438
972.4321899414062
994.794677734375
992.15966796875
994.15966796875
996.72216796875
992.399658203125
995.5371704101562
994.5896606445312
993.6771850585938
995.94970703125
987.3046875
992.1121826171875
960.0822143554688
995.4296875
985.5296630859375
984.689697265625
994.4547119140625
989.899658203125
996.2446899414062
979.7821655273438
991.9921875
993.982177734375
994.2371826171875
994.1921997070312
990.0046997070312
993.1947021484375
991.9846801757812
993.7171630859375
995.72216796875
995.26220703125
995.4547119140625
992.2546997070312
995.5097045898438
960.1947021484375
994.9771728515625
990.4472045898438
994.4746704101562
995.8546752929688
995.94970703125
993.9572143554688
984.88720703125
988.6521606445312
996.13720703125
992.524658203125
996.584716796875
989.7572021484375
987.6096801757812
992.2446899414062
995.1646728515625
993.5296630859375
995.9472045898438
995.5671997070312
994.76220703125
995.044677734375
996.459716796875
995.439697265625
996.6296997070312
996.8947143554688
994.69970703125
995.4146728515625
994.7171630859375
996.9447021484375
994.5671997070312
993.7771606445312
994.9421997070312
995.397216796875
996.732177734375
994.53466796875
996.2546997070312
996.6721801757812
995.982177734375
996.564697265625
996.9522094726562
997.4021606445312
997.2296752929688
997.2672119140625
976.84716796875
970.439697265625
978.419677734375
977.6621704101562
981.1246948242188
983.9896850585938
954.022216796875
970.0772094726562
979.084716796875
977.794677734375
936.669677734375
985.1021728515625
987.5722045898438
971.1947021484375
942.7446899414062
988.6771850585938
968.6821899414062
981.8396606445312
980.6771850585938
976.7396850585938
985.9946899414062
985.0471801757812
988.22216796875
988.3671875
990.3721923828125
987.4146728515625
988.0621948242188
990.1221923828125
986.1972045898438
988.712158203125
954.34716796875
953.772216796875
951.1322021484375
980.897216796875
955.0521850585938
947.6671752929688
945.7672119140625
964.1771850585938
955.1846923828125
949.6671752929688
985.939697265625
985.377197265625
956.4472045898438
946.6221923828125
973.38720703125
975.53466796875
954.6846923828125
969.1771850585938
954.377197265625
965.6196899414062
976.1171875
985.8121948242188
968.022216796875
961.6521606445312
966.9321899414062
981.88720703125
979.6721801757812
977.7496948242188
975.274658203125
990.2796630859375
984.8922119140625
984.9271850585938
987.1171875
978.6046752929688
967.6571655273438
971.6721801757812
982.6972045898438
990.857177734375
975.439697265625
989.4547119140625
975.6397094726562
983.8696899414062
989.4522094726562
989.4071655273438
880.5996704101562
783.40966796875
884.1397094726562
889.2496948242188
896.6646728515625
915.1046752929688
965.1447143554688
956.087158203125
922.419677734375
968.127197265625
934.252197265625
975.3171997070312
974.9921875
969.0996704101562
972.7346801757812
974.8446655273438
973.9946899414062
978.7196655273438
975.5296630859375
958.7597045898438
976.5271606445312
972.462158203125
975.2146606445312
977.5371704101562
981.1921997070312
979.5496826171875
980.2672119140625
981.9346923828125
979.0546875
972.064697265625
978.1721801757812
971.4346923828125
977.4771728515625
975.7771606445312
966.2672119140625
961.7597045898438
960.5822143554688
962.189697265625
964.84716796875
962.47216796875
963.334716796875
952.3396606445312
959.0371704101562
957.3847045898438
953.2672119140625
965.482177734375
955.2647094726562
965.7871704101562
989.4871826171875
970.3521728515625
970.8621826171875
986.2572021484375
980.7371826171875
990.3297119140625
983.7546997070312
986.2871704101562
983.334716796875
977.5797119140625
976.959716796875
975.8696899414062
981.1322021484375
984.1196899414062
982.6146850585938
982.7546997070312
992.0546875
979.9522094726562
986.4746704101562
960.9996948242188
986.0996704101562
986.3421630859375
993.0571899414062
984.8096923828125
990.8847045898438
994.4371948242188
991.459716796875
987.0046997070312
993.4447021484375
993.189697265625
986.1746826171875
989.0946655273438
988.3521728515625
991.1246948242188
994.647216796875
991.5421752929688
985.0046997070312
958.462158203125
994.7246704101562
995.4371948242188
987.97216796875
987.147216796875
990.9846801757812
994.7047119140625
994.8496704101562
996.5271606445312
991.2672119140625
997.5996704101562
987.1246948242188
987.9371948242188
997.0521850585938
986.357177734375
992.34716796875
996.397216796875
990.4572143554688
997.5546875
993.3847045898438
997.337158203125
993.4221801757812
996.4071655273438
981.0321655273438
996.3272094726562
996.4421997070312
982.649658203125
985.627197265625
995.419677734375
994.3646850585938
996.587158203125
996.7271728515625
991.9572143554688
995.3021850585938
994.8922119140625
978.1546630859375
990.5722045898438
975.32470703125
994.544677734375
995.2572021484375
996.3197021484375
988.5546875
986.919677734375
976.9896850585938
992.2896728515625
975.2396850585938
992.7821655273438
996.3272094726562
970.6046752929688
985.0671997070312
986.669677734375
986.4846801757812
993.2146606445312
985.982177734375
985.3922119140625
982.8796997070312
991.0921630859375
982.8796997070312
995.6447143554688
984.0671997070312
991.294677734375
986.6646728515625
983.232177734375
993.4771728515625
982.0072021484375
979.587158203125
961.8646850585938
985.397216796875
988.397216796875
822.9346923828125
970.294677734375
960.3272094726562
971.8071899414062
975.7971801757812
973.9971923828125
979.72216796875
975.4472045898438
976.3046875
965.5722045898438
980.3646850585938
982.0371704101562
982.0396728515625
976.57470703125
974.4171752929688
969.9171752929688
961.5271606445312
963.1422119140625
962.0772094726562
973.0172119140625
965.1871948242188
969.6322021484375
974.0371704101562
987.877197265625
982.6821899414062
986.6721801757812
984.1646728515625
988.897216796875
993.084716796875
984.9846801757812
989.2421875
988.9021606445312
992.6422119140625
995.7971801757812
994.8646850585938
994.1146850585938
997.3322143554688
991.7022094726562
993.9696655273438
994.9796752929688
993.939697265625
992.4271850585938
986.0197143554688
992.232177734375
993.107177734375
982.4796752929688
987.5421752929688
994.3096923828125
993.13720703125
984.459716796875
963.439697265625
854.6621704101562
972.462158203125
979.5396728515625
978.0471801757812
977.03466796875
972.2971801757812
981.1846923828125
981.5822143554688
981.9996948242188
983.2446899414062
977.4996948242188
964.4171752929688
963.9296875
961.252197265625
971.5521850585938
979.2471923828125
972.1721801757812
987.939697265625
993.4671630859375
989.8046875
996.127197265625
990.482177734375
992.38720703125
990.7471923828125
996.4021606445312
989.5172119140625
995.1646728515625
993.7572021484375
980.6546630859375
990.2871704101562
878.5521850585938
975.649658203125
964.959716796875
978.4421997070312
980.53466796875
983.4146728515625
979.2022094726562
962.4896850585938
969.0772094726562
967.7771606445312
966.4796752929688
977.7597045898438
977.959716796875
994.9246826171875
986.8446655273438
990.8922119140625
992.834716796875
997.1171875
992.834716796875
992.147216796875
975.8071899414062
988.5797119140625
994.5396728515625
984.4846801757812
992.0671997070312
979.2771606445312
982.149658203125
982.2072143554688
963.2971801757812
968.5197143554688
976.002197265625
969.9246826171875
978.647216796875
982.772216796875
990.6546630859375
997.1646728515625
979.5271606445312
981.3546752929688
885.0172119140625
981.6046752929688
980.8446655273438
977.482177734375
984.3822021484375
979.9021606445312
965.8121948242188
980.8322143554688
965.0946655273438
971.82470703125
968.524658203125
994.4271850585938
982.8297119140625
983.1947021484375
994.0197143554688
981.7597045898438
979.3096923828125
966.9346923828125
971.627197265625
996.0371704101562
995.5371704101562
982.147216796875
981.28466796875
983.2572021484375
977.9996948242188
996.5797119140625
996.959716796875
994.4921875
990.5396728515625
991.3721923828125
989.3621826171875
991.9646606445312
893.334716796875
986.1571655273438
996.9246826171875
991.4046630859375
990.4896850585938
991.8721923828125
981.4871826171875
976.3197021484375
985.7246704101562
982.2471923828125
993.5296630859375
994.9871826171875
992.2047119140625
994.1397094726562
907.919677734375
997.4646606445312
996.5921630859375
996.5396728515625
927.8746948242188
981.34716796875
987.7396850585938
916.814697265625
974.0072021484375
991.0722045898438
988.0197143554688
955.8646850585938
960.584716796875
994.6021728515625
962.2672119140625
990.47216796875
989.8947143554688
989.1796875
965.3197021484375
991.6621704101562
991.82470703125
989.7572021484375
997.3197021484375
992.8322143554688
971.4472045898438
991.0421752929688
986.0471801757812
996.044677734375
989.6196899414062
969.7546997070312
994.732177734375
968.4221801757812
981.3546752929688
992.8222045898438
997.2146606445312
989.6721801757812
996.2572021484375
991.57470703125
994.544677734375
