9.876351576561311e-42
612.441650390625
700.2566528320312
585.336669921875
646.056640625
587.0166625976562
724.6316528320312
728.2416381835938
669.4366455078125
946.4241333007812
683.3466796875
923.8641357421875
927.8291625976562
971.88916015625
957.6891479492188
905.1416625976562
984.994140625
949.4991455078125
984.5166625976562
901.336669921875
980.981689453125
985.481689453125
773.95166015625
835.5841674804688
824.5516357421875
985.0391845703125
985.9041748046875
930.8466796875
946.9441528320312
986.4016723632812
970.8916625976562
987.0966796875
921.88916015625
976.8241577148438
961.4116821289062
963.3766479492188
956.4116821289062
958.6216430664062
989.4666748046875
961.2991333007812
961.1166381835938
961.6616821289062
663.8616333007812
843.7041625976562
581.879150390625
692.2716674804688
762.0341796875
903.8816528320312
968.4791870117188
773.5366821289062
947.4066772460938
983.5616455078125
932.0816650390625
985.0616455078125
745.4566650390625
983.0266723632812
881.6541748046875
974.0891723632812
987.2866821289062
964.6316528320312
767.2041625976562
909.1366577148438
656.7791748046875
843.274169921875
742.3041381835938
981.3291625976562
984.4141845703125
953.6866455078125
806.9291381835938
974.6641845703125
970.7916870117188
958.0066528320312
734.6616821289062
866.6941528320312
688.336669921875
818.13916015625
982.254150390625
985.2891845703125
794.9141845703125
975.9916381835938
959.3616333007812
959.2191772460938
855.8391723632812
918.13916015625
887.744140625
984.4966430664062
985.1891479492188
985.4141845703125
974.6241455078125
961.836669921875
913.1416625976562
776.336669921875
985.2091674804688
977.869140625
961.0991821289062
946.274169921875
985.1466674804688
986.816650390625
963.056640625
839.0291748046875
865.9016723632812
985.1041870117188
964.2516479492188
963.5991821289062
812.441650390625
938.2141723632812
879.836669921875
986.5416870117188
957.2916870117188
971.9966430664062
887.109130859375
955.856689453125
921.0316772460938
974.3291625976562
959.6991577148438
936.0216674804688
962.13916015625
818.1016845703125
964.70166015625
885.1241455078125
976.461669921875
951.5941772460938
974.1466674804688
969.8641357421875
974.4866333007812
977.274169921875
975.0191650390625
977.8541870117188
987.1341552734375
975.744140625
977.9741821289062
858.0716552734375
980.6316528320312
982.3416748046875
983.4266357421875
984.5491333007812
913.744140625
964.1866455078125
969.6641845703125
962.0016479492188
974.961669921875
971.2816772460938
964.4041748046875
970.8816528320312
975.3466796875
979.2416381835938
981.1566772460938
982.5991821289062
983.931640625
982.6216430664062
984.1016845703125
985.3441772460938
985.3866577148438
985.7491455078125
985.9791870117188
987.431640625
987.2266845703125
987.359130859375
987.9441528320312
988.5416870117188
990.0216674804688
990.9041748046875
639.2166748046875
661.8016357421875
631.1116333007812
654.6941528320312
638.4041748046875
691.2916870117188
754.1266479492188
695.6841430664062
765.0066528320312
767.3616333007812
623.879150390625
700.056640625
795.0616455078125
635.191650390625
825.9441528320312
685.2516479492188
750.1866455078125
913.0991821289062
695.6341552734375
906.4791870117188
876.399169921875
706.5416870117188
594.0616455078125
928.0716552734375
865.869140625
829.5066528320312
735.6116333007812
797.8666381835938
842.6466674804688
639.9541625976562
872.7591552734375
822.5816650390625
864.5216674804688
811.3316650390625
651.76416015625
662.57666015625
632.2891845703125
700.399169921875
740.681640625
628.294189453125
751.0491333007812
748.7166748046875
878.8191528320312
738.3116455078125
806.9966430664062
671.6466674804688
927.1566772460938
776.1441650390625
928.6566772460938
667.0916748046875
680.0591430664062
849.1141357421875
703.3141479492188
927.9116821289062
820.0591430664062
666.6266479492188
750.3291625976562
954.8466796875
831.2291870117188
716.9291381835938
804.0166625976562
773.1016845703125
836.5216674804688
678.9266357421875
868.524169921875
711.0791625976562
713.6791381835938
898.169189453125
850.0616455078125
752.1566772460938
805.2091674804688
804.5491333007812
743.481689453125
872.3841552734375
875.2816772460938
864.1891479492188
854.4966430664062
891.0741577148438
910.7866821289062
789.336669921875
888.6891479492188
812.606689453125
942.1791381835938
843.379150390625
933.1991577148438
872.2891845703125
890.3291625976562
916.9341430664062
882.3441772460938
891.4766845703125
898.4291381835938
916.9916381835938
928.88916015625
942.0841674804688
949.6416625976562
958.731689453125
901.8241577148438
910.254150390625
884.3141479492188
775.4391479492188
741.5691528320312
749.3391723632812
733.1166381835938
721.9391479492188
623.3641357421875
632.8541870117188
661.6441650390625
895.1216430664062
815.9641723632812
851.9641723632812
809.3941650390625
778.899169921875
628.7141723632812
645.0941772460938
667.5516357421875
648.1641845703125
705.3091430664062
824.9466552734375
804.994140625
659.4766845703125
687.7691650390625
808.681640625
700.4466552734375
890.5716552734375
775.3241577148438
922.6741333007812
779.556640625
752.2916870117188
778.6791381835938
872.6041870117188
629.711669921875
761.419189453125
675.2216796875
784.7416381835938
704.6991577148438
691.274169921875
774.3391723632812
899.0691528320312
793.7816772460938
633.8516845703125
718.004150390625
679.6991577148438
817.109130859375
640.4566650390625
668.3941650390625
817.7041625976562
738.6966552734375
684.4766845703125
877.306640625
775.9791870117188
819.3716430664062
660.044189453125
798.931640625
699.399169921875
646.6466674804688
696.4991455078125
705.2466430664062
717.2041625976562
806.3766479492188
722.109130859375
686.2041625976562
744.244140625
716.9716796875
813.921630859375
744.4991455078125
816.109130859375
764.0816650390625
745.0541381835938
768.5091552734375
801.181640625
795.3091430664062
807.106689453125
817.1741333007812
810.4166870117188
822.004150390625
822.274169921875
892.0591430664062
909.9241333007812
910.0191650390625
937.4166870117188
929.9491577148438
969.8666381835938
917.6541748046875
811.556640625
836.7891845703125
947.6616821289062
848.2366333007812
920.0291748046875
958.9641723632812
840.9266357421875
734.9241333007812
869.0966796875
949.6791381835938
977.0916748046875
977.734130859375
987.5941772460938
976.0216674804688
982.7866821289062
985.88916015625
987.086669921875
987.45166015625
978.8191528320312
983.0841674804688
987.7666625976562
878.961669921875
818.3841552734375
946.606689453125
904.4566650390625
966.9766845703125
940.8241577148438
803.0591430664062
981.5891723632812
974.1841430664062
986.7466430664062
987.6991577148438
979.711669921875
987.8666381835938
883.8241577148438
877.8766479492188
925.6341552734375
885.2391357421875
979.3616333007812
918.7491455078125
897.231689453125
968.244140625
941.3841552734375
981.431640625
940.9091796875
848.5166625976562
956.9666748046875
957.171630859375
894.1366577148438
988.191650390625
966.0491333007812
972.7241821289062
937.2566528320312
970.0216674804688
977.211669921875
962.8441772460938
987.6041870117188
977.691650390625
973.6441650390625
985.9791870117188
981.88916015625
981.921630859375
985.7166748046875
988.4241333007812
981.9591674804688
985.859130859375
987.9091796875
983.4041748046875
983.5266723632812
986.32666015625
987.4666748046875
986.7916870117188
955.859130859375
954.6741333007812
970.7841796875
970.254150390625
972.26416015625
974.6791381835938
977.4866333007812
978.0291748046875
979.0891723632812
979.3766479492188
978.8091430664062
980.931640625
981.6591796875
980.57666015625
981.1666870117188
982.461669921875
986.13916015625
987.3391723632812
988.0541381835938
988.4341430664062
988.1791381835938
758.5491333007812
721.5966796875
672.4291381835938
929.2716674804688
975.7866821289062
881.5941772460938
876.1641845703125
980.5991821289062
988.274169921875
740.6541748046875
964.796630859375
954.8141479492188
897.7216796875
979.4066772460938
988.421630859375
885.0816650390625
978.816650390625
892.2866821289062
935.7516479492188
921.1541748046875
787.4266357421875
984.4966430664062
967.4241333007812
970.5291748046875
977.9016723632812
837.5816650390625
982.731689453125
965.8641357421875
988.1941528320312
982.2066650390625
988.07666015625
985.3841552734375
986.70166015625
985.6241455078125
984.0791625976562
983.606689453125
984.1016845703125
986.8091430664062
982.234130859375
928.6366577148438
875.6141357421875
975.129150390625
847.7391357421875
927.8341674804688
985.171630859375
879.244140625
984.8766479492188
980.1341552734375
918.0741577148438
978.0791625976562
981.8316650390625
967.1791381835938
988.431640625
975.0541381835938
963.369140625
983.9991455078125
984.2716674804688
985.70166015625
986.4391479492188
985.51416015625
989.1141357421875
984.6241455078125
984.0716552734375
985.3916625976562
914.3466796875
982.0916748046875
847.2991333007812
974.26416015625
899.2791748046875
930.336669921875
979.8466796875
983.2516479492188
985.609130859375
971.0391845703125
985.8541870117188
985.7841796875
984.5816650390625
984.1941528320312
966.754150390625
986.0416870117188
975.8866577148438
987.0491333007812
986.7891845703125
984.629150390625
984.9041748046875
987.5991821289062
967.9866333007812
879.3466796875
984.8041381835938
979.6166381835938
987.6441650390625
985.8116455078125
985.481689453125
987.0966796875
917.836669921875
947.5066528320312
985.0291748046875
983.8816528320312
987.1316528320312
975.4341430664062
975.3666381835938
983.3766479492188
986.9391479492188
988.3216552734375
988.504150390625
989.2141723632812
971.6141357421875
985.9741821289062
986.4741821289062
983.3866577148438
989.2241821289062
986.2891845703125
986.6316528320312
989.1241455078125
987.7266845703125
988.4166870117188
984.5891723632812
984.9966430664062
984.8666381835938
986.2416381835938
987.57666015625
987.8391723632812
988.619140625
989.1991577148438
988.8241577148438
987.994140625
987.0891723632812
987.2066650390625
986.2791748046875
986.8466796875
972.336669921875
966.5741577148438
970.7266845703125
970.879150390625
975.8141479492188
975.1841430664062
959.606689453125
967.5941772460938
970.921630859375
967.1541748046875
931.7091674804688
973.8766479492188
977.9641723632812
963.859130859375
937.1891479492188
975.7066650390625
962.9016723632812
974.4266357421875
969.6616821289062
965.9341430664062
976.0216674804688
971.794189453125
977.5066528320312
980.5341796875
978.1316528320312
982.1016845703125
981.5091552734375
980.4241333007812
977.8866577148438
980.2791748046875
948.7566528320312
961.691650390625
962.546630859375
973.7191772460938
951.0166625976562
944.9466552734375
962.3466796875
956.9491577148438
967.0916748046875
946.3941650390625
976.3191528320312
983.234130859375
955.169189453125
949.109130859375
961.5691528320312
970.3616333007812
950.1516723632812
964.6616821289062
965.6591796875
973.9341430664062
966.984130859375
976.869140625
959.1841430664062
964.2141723632812
961.0791625976562
970.45166015625
971.4391479492188
966.6366577148438
968.711669921875
977.5791625976562
973.5716552734375
973.0416870117188
979.356689453125
974.2666625976562
967.9466552734375
969.9341430664062
974.2366333007812
979.2591552734375
969.9066772460938
976.6141357421875
974.7991333007812
979.5891723632812
978.7566528320312
984.2466430664062
883.169189453125
785.8491821289062
876.2041625976562
887.296630859375
899.2791748046875
916.5641479492188
956.169189453125
948.6341552734375
923.4441528320312
957.7491455078125
934.7516479492188
966.836669921875
970.316650390625
971.2916870117188
971.2366333007812
972.2066650390625
970.51416015625
968.9116821289062
972.2816772460938
960.8091430664062
972.7166748046875
966.5591430664062
969.3816528320312
971.95166015625
974.919189453125
974.0891723632812
974.441650390625
975.2691650390625
971.2841796875
971.669189453125
971.119140625
971.7066650390625
971.2591552734375
970.3816528320312
961.7691650390625
954.274169921875
958.5091552734375
962.5966796875
959.1866455078125
953.629150390625
951.2791748046875
956.816650390625
961.2591552734375
959.8141479492188
961.8241577148438
957.556640625
957.70166015625
961.5916748046875
979.7091674804688
967.7591552734375
976.3866577148438
979.609130859375
972.109130859375
981.76416015625
976.8291625976562
980.181640625
976.734130859375
977.8466796875
977.1216430664062
977.2616577148438
978.2491455078125
980.5416870117188
979.6591796875
978.9291381835938
982.619140625
978.7266845703125
980.4991455078125
963.211669921875
980.3766479492188
980.5066528320312
984.7991333007812
983.774169921875
983.9366455078125
986.5641479492188
982.4491577148438
978.961669921875
985.2091674804688
982.4116821289062
984.504150390625
979.7916870117188
981.056640625
979.7416381835938
986.9441528320312
979.4691772460938
984.5391845703125
967.0591430664062
983.5091552734375
982.8141479492188
985.4066772460938
984.0741577148438
982.6041870117188
985.0516357421875
979.7916870117188
985.0941772460938
983.504150390625
988.13916015625
972.484130859375
974.1566772460938
984.7841796875
974.4341430664062
983.7416381835938
988.3041381835938
982.5966796875
985.2041625976562
983.88916015625
985.4491577148438
984.7591552734375
985.1266479492188
973.7566528320312
984.556640625
986.024169921875
975.5941772460938
979.2516479492188
985.7716674804688
987.5691528320312
989.6166381835938
990.1966552734375
985.8216552734375
991.7416381835938
992.2066650390625
975.8391723632812
984.6441650390625
973.8341674804688
992.4566650390625
992.4891357421875
986.244140625
982.2466430664062
979.359130859375
974.3466796875
986.9116821289062
972.9041748046875
987.441650390625
986.26416015625
969.5191650390625
981.3641357421875
980.5016479492188
983.57666015625
989.0916748046875
979.5541381835938
979.609130859375
977.7141723632812
986.8741455078125
974.7991333007812
989.4541625976562
973.2591552734375
985.994140625
978.2891845703125
973.95166015625
986.3316650390625
968.6991577148438
968.0091552734375
959.70166015625
981.6666870117188
983.5266723632812
825.8616333007812
960.4266357421875
951.3141479492188
966.711669921875
969.1316528320312
970.7991333007812
974.066650390625
971.7266845703125
972.794189453125
966.399169921875
974.5891723632812
975.5391845703125
976.244140625
972.046630859375
971.7691650390625
966.5316772460938
951.9866333007812
958.6316528320312
965.01416015625
965.484130859375
965.399169921875
971.0216674804688
972.1241455078125
981.1891479492188
979.1266479492188
979.3466796875
982.4141845703125
980.556640625
983.7291870117188
983.566650390625
979.2891845703125
984.9441528320312
980.1341552734375
986.8191528320312
983.441650390625
981.07666015625
986.1241455078125
981.9291381835938
984.4566650390625
988.254150390625
987.8816528320312
986.3516845703125
980.3491821289062
986.8516845703125
987.0741577148438
976.5491333007812
982.13916015625
989.4541625976562
988.056640625
978.109130859375
964.0516357421875
843.316650390625
961.76416015625
971.5166625976562
972.796630859375
971.5691528320312
969.5491333007812
976.234130859375
972.421630859375
977.461669921875
976.1216430664062
972.0491333007812
956.7516479492188
959.0891723632812
955.3091430664062
974.3716430664062
976.2816772460938
976.2666625976562
978.5116577148438
986.734130859375
980.9666748046875
985.9566650390625
979.109130859375
985.796630859375
982.0741577148438
986.1441650390625
982.899169921875
988.4641723632812
986.9641723632812
977.0941772460938
983.3866577148438
879.2391357421875
966.1441650390625
955.63916015625
972.6616821289062
975.76416015625
978.1541748046875
972.3116455078125
962.4866333007812
960.5716552734375
956.774169921875
974.4116821289062
976.9166870117188
977.9391479492188
988.3391723632812
983.6841430664062
982.1316528320312
985.1666870117188
986.109130859375
984.5916748046875
984.5516357421875
973.8541870117188
981.1941528320312
987.4166870117188
973.441650390625
984.7066650390625
972.5641479492188
973.5991821289062
977.0291748046875
958.2241821289062
966.2916870117188
967.6791381835938
974.0491333007812
976.836669921875
979.0641479492188
979.9391479492188
985.774169921875
976.2991333007812
977.056640625
879.9066772460938
974.419189453125
974.6316528320312
972.681640625
977.566650390625
972.8466796875
962.2616577148438
972.4266357421875
972.5116577148438
976.4116821289062
966.4291381835938
988.2816772460938
978.8941650390625
980.4591674804688
984.6266479492188
975.2616577148438
973.8441772460938
972.1166381835938
976.9141845703125
988.2791748046875
983.0541381835938
974.6941528320312
975.1116333007812
974.4391479492188
977.8716430664062
987.191650390625
983.6466674804688
986.1466674804688
983.8666381835938
983.7791748046875
985.8441772460938
987.066650390625
887.8491821289062
981.6841430664062
986.5016479492188
985.1791381835938
983.619140625
986.6041870117188
974.9591674804688
973.4641723632812
978.9266357421875
978.1416625976562
987.9491577148438
989.4116821289062
987.671630859375
985.4866333007812
902.4491577148438
987.109130859375
984.0191650390625
990.7366333007812
919.9916381835938
973.7841796875
982.8441772460938
915.3641357421875
971.4166870117188
981.3491821289062
978.9116821289062
948.01416015625
953.869140625
985.3866577148438
954.2191772460938
980.57666015625
979.2766723632812
980.7141723632812
956.294189453125
981.8941650390625
979.3316650390625
980.8841552734375
985.7516479492188
978.6041870117188
960.7666625976562
981.6366577148438
973.9716796875
988.231689453125
981.5066528320312
969.4591674804688
989.044189453125
959.6216430664062
974.6666870117188
977.649169921875
985.9491577148438
971.5316772460938
990.3241577148438
981.4441528320312
983.2691650390625
