9.876351576561311e-42
586.2024536132812
710.9600219726562
584.4224853515625
615.9024658203125
584.62744140625
662.9650268554688
691.52001953125
638.4199829101562
971.719970703125
656.4500122070312
956.010009765625
960.8800048828125
983.8049926757812
985.010009765625
956.3724975585938
989.6699829101562
975.95751953125
987.1500244140625
941.1824951171875
975.9924926757812
988.1624755859375
835.010009765625
902.7224731445312
896.9099731445312
988.5775146484375
987.0999755859375
963.1724853515625
967.8400268554688
988.8200073242188
965.447509765625
987.739990234375
951.0675048828125
972.6925048828125
960.2025146484375
962.4375
955.6199951171875
961.344970703125
991.6199951171875
955.4849853515625
960.8975219726562
954.4949951171875
657.3524780273438
838.7625122070312
589.4649658203125
678.6224975585938
778.1325073242188
932.3099975585938
983.2100219726562
782.9199829101562
967.2625122070312
987.1199951171875
964.760009765625
988.4874877929688
804.6624755859375
980.469970703125
943.9724731445312
970.3674926757812
989.2675170898438
959.66748046875
796.219970703125
918.5025024414062
596.4374389648438
906.1599731445312
742.9224853515625
988.27001953125
987.8975219726562
971.385009765625
885.7899780273438
967.822509765625
964.9224853515625
954.7650146484375
748.3400268554688
875.342529296875
629.5824584960938
838.094970703125
988.260009765625
988.7675170898438
874.7274780273438
971.2100219726562
962.6099853515625
957.6624755859375
866.2050170898438
929.3150024414062
940.75
986.5974731445312
989.6275024414062
987.9199829101562
975.83251953125
960.1475219726562
921.864990234375
750.9450073242188
988.3825073242188
975.8524780273438
956.9924926757812
962.6124877929688
990.4349975585938
988.64501953125
961.1275024414062
856.1400146484375
942.64501953125
988.9149780273438
959.0275268554688
958.635009765625
798.614990234375
962.532470703125
937.0549926757812
988.989990234375
963.5800170898438
965.864990234375
911.75
975.5449829101562
955.280029296875
966.9149780273438
981.9625244140625
961.2974853515625
963.2974853515625
805.0675048828125
962.8275146484375
923.2249755859375
986.0875244140625
972.2474975585938
967.4749755859375
970.0599975585938
966.0750122070312
984.2775268554688
970.6224975585938
984.4924926757812
989.927490234375
968.7324829101562
973.7349853515625
887.2725219726562
977.260009765625
979.467529296875
979.135009765625
983.5650024414062
953.16748046875
974.0974731445312
980.0900268554688
979.2675170898438
987.6174926757812
976.3099975585938
980.4749755859375
982.2050170898438
983.094970703125
979.302490234375
980.4949951171875
983.8599853515625
984.532470703125
987.0800170898438
987.1099853515625
985.0875244140625
986.8875122070312
986.3699951171875
986.6525268554688
987.4849853515625
989.3925170898438
989.1375122070312
990.0900268554688
990.2874755859375
992.2625122070312
992.72998046875
626.3124389648438
667.2550048828125
606.18994140625
628.5199584960938
622.262451171875
682.3350219726562
740.842529296875
678.0974731445312
781.032470703125
750.6400146484375
604.2774658203125
682.6799926757812
813.0250244140625
602.85498046875
823.5675048828125
625.7574462890625
728.875
936.2050170898438
692.2349853515625
924.8499755859375
893.0750122070312
683.8875122070312
577.37744140625
945.5974731445312
839.655029296875
848.0025024414062
760.5650024414062
845.1849975585938
826.7424926757812
618.1299438476562
826.1900024414062
849.8875122070312
840.717529296875
830.85498046875
654.782470703125
657.3400268554688
635.0274658203125
687.0175170898438
749.5025024414062
631.0799560546875
763.7224731445312
760.2550048828125
871.8175048828125
718.7374877929688
820.5150146484375
683.3175048828125
937.3375244140625
786.1174926757812
905.4425048828125
692.7650146484375
665.6074829101562
891.3624877929688
692.60498046875
942.60498046875
829.1875
679.405029296875
755.969970703125
965.6124877929688
869.1425170898438
696.2274780273438
828.6900024414062
805.6525268554688
855.5399780273438
682.635009765625
871.6024780273438
710.5574951171875
721.5250244140625
903.7150268554688
852.907470703125
736.0900268554688
824.4400024414062
793.6849975585938
752.2675170898438
876.467529296875
859.322509765625
855.3975219726562
889.0474853515625
879.635009765625
907.4525146484375
802.4425048828125
858.5075073242188
793.0
966.4749755859375
821.2374877929688
960.8400268554688
907.0549926757812
910.5374755859375
913.6174926757812
891.4099731445312
915.614990234375
912.8674926757812
929.9550170898438
936.635009765625
968.0449829101562
974.3275146484375
975.7424926757812
896.5349731445312
904.5650024414062
892.9199829101562
766.5150146484375
737.0399780273438
738.4949951171875
722.217529296875
733.6900024414062
621.2849731445312
631.8574829101562
645.1524658203125
894.4949951171875
810.1525268554688
835.2025146484375
807.7125244140625
772.9124755859375
625.3199462890625
643.8624877929688
661.3900146484375
639.9124755859375
703.3674926757812
811.8875122070312
789.8400268554688
657.3825073242188
659.8674926757812
783.072509765625
668.375
890.447509765625
775.1749877929688
917.9299926757812
772.0399780273438
758.3724975585938
774.1624755859375
877.052490234375
625.2274780273438
758.5900268554688
680.1174926757812
764.5574951171875
688.0800170898438
678.5775146484375
770.8049926757812
900.3499755859375
800.3074951171875
635.54248046875
720.9500122070312
698.0900268554688
817.1875
642.6499633789062
681.8499755859375
818.0574951171875
740.7125244140625
705.02001953125
886.3474731445312
770.1099853515625
811.072509765625
657.1599731445312
806.1124877929688
737.35498046875
646.927490234375
718.0625
709.1224975585938
726.6199951171875
810.1699829101562
735.6699829101562
686.8524780273438
756.8074951171875
721.219970703125
816.7899780273438
754.0499877929688
815.39501953125
761.5999755859375
754.5750122070312
781.5374755859375
799.572509765625
802.5800170898438
817.0549926757812
824.5875244140625
822.4600219726562
825.0875244140625
817.510009765625
908.04248046875
916.6400146484375
924.6799926757812
951.6875
938.0574951171875
972.1699829101562
924.6849975585938
810.114990234375
826.7274780273438
953.030029296875
840.6024780273438
921.1525268554688
967.510009765625
826.89501953125
725.9600219726562
861.7424926757812
959.2150268554688
977.8524780273438
981.2249755859375
986.9149780273438
984.79248046875
985.7449951171875
985.1875
988.7525024414062
987.4375
987.5549926757812
989.8099975585938
990.5499877929688
875.8674926757812
823.52001953125
953.8724975585938
923.02001953125
977.0800170898438
957.5374755859375
801.0850219726562
983.8150024414062
985.177490234375
987.7650146484375
989.780029296875
987.9625244140625
991.3624877929688
876.4724731445312
885.95751953125
944.3350219726562
924.66748046875
987.1400146484375
922.20751953125
894.489990234375
984.1900024414062
974.052490234375
985.5349731445312
948.4625244140625
835.0850219726562
982.969970703125
966.1325073242188
889.5449829101562
987.6300048828125
971.822509765625
976.219970703125
946.3624877929688
975.9824829101562
979.5474853515625
978.0900268554688
984.4550170898438
980.27001953125
983.9149780273438
986.02001953125
986.447509765625
987.2000122070312
985.8699951171875
991.9974975585938
986.2249755859375
986.1925048828125
991.4224853515625
986.3825073242188
987.2949829101562
985.967529296875
987.8150024414062
990.0374755859375
962.7274780273438
957.8925170898438
973.0
973.3674926757812
974.885009765625
976.9099731445312
980.2575073242188
981.33251953125
981.83251953125
982.469970703125
984.91748046875
985.4500122070312
985.52001953125
987.0999755859375
986.7575073242188
988.5999755859375
987.9124755859375
988.780029296875
990.2424926757812
990.782470703125
994.0900268554688
734.9849853515625
677.2625122070312
644.9024658203125
945.5549926757812
991.864990234375
892.4324951171875
930.9849853515625
993.8350219726562
992.3375244140625
724.6174926757812
980.2050170898438
979.1300048828125
964.9650268554688
989.5900268554688
992.4349975585938
908.8975219726562
992.1300048828125
899.4324951171875
966.8800048828125
937.4550170898438
781.4974975585938
987.7449951171875
996.1649780273438
983.0675048828125
987.0025024414062
858.655029296875
993.1375122070312
988.5999755859375
985.7874755859375
988.1799926757812
988.9025268554688
989.8825073242188
989.375
993.4874877929688
990.0
989.85498046875
994.1099853515625
992.4224853515625
988.33251953125
987.4525146484375
981.4425048828125
994.5549926757812
928.219970703125
982.6925048828125
991.9400024414062
982.22998046875
990.9349975585938
990.9724731445312
987.9849853515625
990.7224731445312
990.2050170898438
974.907470703125
993.9299926757812
982.0650024414062
971.1749877929688
993.0349731445312
990.3699951171875
992.3699951171875
994.8049926757812
990.7999877929688
993.3499755859375
992.697509765625
991.657470703125
993.5050048828125
985.9224853515625
989.9650268554688
958.9774780273438
993.77001953125
984.1275024414062
983.27001953125
992.72998046875
988.35498046875
994.385009765625
978.3775024414062
990.1624755859375
992.0675048828125
992.25
992.0850219726562
988.4774780273438
991.135009765625
990.3049926757812
991.719970703125
993.6875
993.1124877929688
993.2449951171875
990.282470703125
993.91748046875
959.0625
993.1799926757812
988.9400024414062
992.4199829101562
993.614990234375
993.6224975585938
991.969970703125
983.5250244140625
987.1900024414062
994.2849731445312
990.8300170898438
994.3074951171875
988.239990234375
986.0625
990.5974731445312
993.2224731445312
991.5549926757812
993.8624877929688
993.5050048828125
993.1099853515625
993.342529296875
994.125
993.655029296875
994.5125122070312
994.41748046875
992.8150024414062
993.2874755859375
992.7650146484375
994.7125244140625
992.8300170898438
991.9824829101562
992.8574829101562
993.2449951171875
994.5175170898438
992.5875244140625
994.2274780273438
994.5399780273438
993.739990234375
994.27001953125
994.572509765625
994.9224853515625
994.677490234375
994.7725219726562
973.9724731445312
967.6074829101562
975.54248046875
974.8175048828125
978.239990234375
981.1300048828125
951.0900268554688
967.1799926757812
976.2725219726562
974.9849853515625
933.4525146484375
982.239990234375
984.7050170898438
968.3474731445312
939.52001953125
985.8200073242188
965.8150024414062
978.9375
977.8699951171875
973.89501953125
983.2025146484375
982.2249755859375
985.3975219726562
985.4949951171875
987.5625
984.5449829101562
985.1799926757812
987.3049926757812
983.3624877929688
985.8825073242188
951.2650146484375
950.91748046875
948.2374877929688
978.1875
952.0675048828125
944.6275024414062
942.8125
961.3150024414062
952.25
946.5999755859375
983.2974853515625
982.7949829101562
953.489990234375
943.6599731445312
970.782470703125
972.967529296875
951.9450073242188
966.3524780273438
951.45751953125
962.8350219726562
973.5399780273438
983.282470703125
965.0974731445312
958.8200073242188
964.1024780273438
979.1749877929688
977.0625
975.16748046875
972.4525146484375
987.7550048828125
982.3599853515625
982.22998046875
984.5650024414062
975.8800048828125
964.9299926757812
968.9600219726562
980.0250244140625
988.2474975585938
972.6900024414062
986.8524780273438
972.9349975585938
981.2849731445312
986.9625244140625
986.9425048828125
881.1624755859375
784.8800048828125
884.885009765625
890.0075073242188
897.3724975585938
915.7125244140625
965.0150146484375
956.2675170898438
923.0175170898438
967.8925170898438
934.7324829101562
974.45751953125
973.9299926757812
967.8699951171875
971.2025146484375
973.3699951171875
973.3175048828125
977.739990234375
974.6224975585938
956.9324951171875
975.4425048828125
969.9974975585938
972.9124755859375
975.3775024414062
979.5075073242188
978.1500244140625
978.9000244140625
980.1099853515625
976.5625
969.52001953125
976.0449829101562
968.7525024414062
975.4924926757812
973.030029296875
963.9349975585938
959.530029296875
958.0499877929688
960.3175048828125
962.0850219726562
960.0750122070312
960.8400268554688
950.2750244140625
956.8775024414062
955.3350219726562
951.052490234375
962.9600219726562
953.155029296875
963.3699951171875
987.1824951171875
967.6400146484375
968.35498046875
983.385009765625
977.905029296875
988.0974731445312
980.8775024414062
983.4199829101562
980.489990234375
974.8250122070312
974.3524780273438
973.3074951171875
978.5625
981.2874755859375
979.8350219726562
980.16748046875
989.7474975585938
977.47998046875
984.1475219726562
958.1824951171875
983.530029296875
983.9249877929688
990.7949829101562
982.1624755859375
988.219970703125
992.2150268554688
989.1124877929688
984.5175170898438
991.1224975585938
990.8049926757812
983.5675048828125
986.5625
985.8375244140625
988.6475219726562
992.342529296875
989.0574951171875
982.4625244140625
955.5700073242188
992.322509765625
992.8300170898438
985.4525146484375
984.6624755859375
988.510009765625
992.3250122070312
992.2999877929688
994.1599731445312
988.9099731445312
995.2999877929688
984.6724853515625
985.45751953125
994.5800170898438
983.8775024414062
989.9774780273438
994.052490234375
987.9774780273438
995.0399780273438
991.032470703125
994.8300170898438
990.9124755859375
993.8574829101562
978.5474853515625
993.7324829101562
994.0075073242188
980.219970703125
983.2125244140625
992.8825073242188
991.8724975585938
994.1500244140625
994.33251953125
989.3724975585938
992.905029296875
992.4874877929688
975.7150268554688
987.97998046875
972.844970703125
992.1174926757812
992.8674926757812
993.9849853515625
986.0025024414062
984.3875122070312
974.5499877929688
989.9650268554688
972.77001953125
990.3674926757812
994.0474853515625
968.217529296875
982.8350219726562
984.3674926757812
984.2525024414062
990.83251953125
983.7675170898438
983.2424926757812
980.7150268554688
988.739990234375
980.7874755859375
993.280029296875
981.9224853515625
989.08251953125
984.4525146484375
981.0075073242188
991.2449951171875
979.7949829101562
977.3474731445312
959.677490234375
983.1624755859375
986.177490234375
823.9099731445312
969.9349975585938
960.4625244140625
971.5549926757812
974.8524780273438
972.85498046875
978.592529296875
974.4525146484375
975.1875
963.79248046875
978.9824829101562
980.2874755859375
980.510009765625
974.0775146484375
971.8375244140625
967.3900146484375
959.2424926757812
960.8524780273438
959.7750244140625
970.1649780273438
963.0875244140625
966.9774780273438
971.2349853515625
985.02001953125
979.9974975585938
984.0900268554688
981.5650024414062
986.47998046875
990.4625244140625
982.4349975585938
986.7750244140625
986.3074951171875
990.0999755859375
993.4550170898438
992.344970703125
991.5775146484375
994.8800048828125
989.3674926757812
991.3775024414062
992.3599853515625
991.3624877929688
990.0050048828125
983.60498046875
989.8975219726562
990.782470703125
980.2274780273438
985.3150024414062
991.9450073242188
990.780029296875
982.364990234375
961.22998046875
855.114990234375
972.0449829101562
978.5025024414062
976.4249877929688
975.9724731445312
970.6749877929688
979.6400146484375
979.1699829101562
980.2474975585938
981.4324951171875
975.04248046875
962.2650146484375
961.782470703125
959.282470703125
968.7874755859375
976.4224853515625
969.6925048828125
985.1099853515625
991.1925048828125
987.375
993.7849731445312
987.9924926757812
989.9600219726562
988.2775268554688
993.8875122070312
987.125
992.822509765625
991.4450073242188
978.4099731445312
988.0399780273438
878.9974975585938
974.9924926757812
964.989990234375
977.1649780273438
978.9450073242188
981.5700073242188
976.8925170898438
960.4774780273438
967.1925048828125
965.1325073242188
964.04248046875
974.9600219726562
975.489990234375
992.7374877929688
984.3624877929688
988.407470703125
990.35498046875
994.6174926757812
990.5275268554688
989.5900268554688
973.5
986.4375
992.2025146484375
982.2949829101562
989.780029296875
978.1074829101562
979.8775024414062
980.4299926757812
961.2125244140625
966.655029296875
973.219970703125
967.3624877929688
976.1900024414062
980.0499877929688
987.8300170898438
994.7224731445312
977.2000122070312
979.1599731445312
885.592529296875
980.2324829101562
979.5800170898438
976.3524780273438
982.5499877929688
977.4625244140625
963.8200073242188
977.969970703125
962.6900024414062
969.1300048828125
965.7050170898438
992.239990234375
980.3350219726562
980.9874877929688
991.822509765625
980.35498046875
978.1074829101562
964.5075073242188
969.0850219726562
993.780029296875
992.9924926757812
980.6475219726562
979.6724853515625
980.3775024414062
975.3699951171875
994.2575073242188
994.385009765625
992.1749877929688
988.0800170898438
989.1275024414062
987.0850219726562
989.7000122070312
893.969970703125
983.58251953125
994.5374755859375
988.8800048828125
988.2575073242188
989.5499877929688
979.7125244140625
973.8400268554688
982.8499755859375
979.64501953125
991.0050048828125
992.6099853515625
989.8300170898438
991.8674926757812
908.4224853515625
995.10498046875
994.0175170898438
994.052490234375
928.157470703125
979.032470703125
985.2474975585938
917.3350219726562
972.2374877929688
988.2274780273438
985.4625244140625
956.0125122070312
960.6199951171875
992.2899780273438
962.2999877929688
988.1950073242188
987.3825073242188
986.885009765625
965.27001953125
989.3825073242188
989.33251953125
987.2899780273438
994.83251953125
990.302490234375
971.1174926757812
988.7249755859375
983.3049926757812
993.7025146484375
987.2374877929688
966.9600219726562
992.3724975585938
968.2625122070312
979.52001953125
990.3200073242188
994.7000122070312
987.20751953125
993.842529296875
989.16748046875
991.9149780273438
