9.876351576561311e-42
586.1416625976562
709.6041870117188
584.586669921875
615.4641723632812
584.7616577148438
662.3616333007812
690.8641357421875
638.2266845703125
969.3966674804688
656.191650390625
953.88916015625
958.9866333007812
981.38916015625
982.5691528320312
954.5641479492188
987.6141357421875
973.981689453125
984.961669921875
939.5916748046875
973.9491577148438
986.0716552734375
833.9291381835938
901.3216552734375
895.5941772460938
986.5641479492188
985.106689453125
961.609130859375
966.5416870117188
987.1566772460938
964.0516357421875
986.0366821289062
950.0916748046875
971.1016845703125
959.4266357421875
961.2616577148438
954.6316528320312
960.3516845703125
990.2241821289062
954.6016845703125
959.8866577148438
953.7391357421875
656.494140625
836.3716430664062
589.5941772460938
677.5016479492188
777.066650390625
930.484130859375
980.7666625976562
781.95166015625
965.0016479492188
984.8841552734375
962.859130859375
986.4091796875
803.6266479492188
978.441650390625
942.4566650390625
968.921630859375
987.7991333007812
958.45166015625
794.3191528320312
916.3766479492188
596.5366821289062
904.544189453125
742.1666870117188
985.9891357421875
985.731689453125
969.3616333007812
884.3641357421875
966.1941528320312
963.6641845703125
953.9366455078125
746.6741333007812
873.4791870117188
629.30419921875
836.6791381835938
986.0116577148438
986.6366577148438
873.306640625
969.5741577148438
961.6466674804688
956.8216552734375
864.4966430664062
927.2491455078125
938.95166015625
984.4241333007812
987.5841674804688
985.9116821289062
974.0591430664062
959.0416870117188
920.1016845703125
749.8641357421875
986.3041381835938
973.9966430664062
956.129150390625
960.5191650390625
988.4591674804688
986.961669921875
959.984130859375
854.4116821289062
940.9291381835938
986.921630859375
958.0916748046875
957.5491333007812
797.0741577148438
960.421630859375
935.3716430664062
987.3316650390625
962.2366333007812
964.711669921875
909.816650390625
973.1666870117188
953.4341430664062
965.7666625976562
979.5791625976562
959.5791625976562
961.9391479492188
803.691650390625
961.4716796875
921.4866333007812
983.7191772460938
970.6566772460938
966.1991577148438
968.4241333007812
964.7691650390625
981.9391479492188
969.1241455078125
982.1366577148438
988.4741821289062
967.211669921875
972.0191650390625
885.649169921875
975.3866577148438
977.5741577148438
977.2241821289062
981.5366821289062
951.3116455078125
971.9916381835938
977.9141845703125
977.4441528320312
985.2491455078125
974.51416015625
978.4791870117188
980.1991577148438
981.0066528320312
977.0166625976562
978.2616577148438
981.6766357421875
982.4691772460938
984.8616333007812
984.931640625
983.0291748046875
984.8191528320312
984.3841552734375
984.931640625
985.9541625976562
987.9016723632812
987.754150390625
988.734130859375
988.931640625
990.8841552734375
991.2991333007812
625.1216430664062
665.3866577148438
605.5116577148438
627.30419921875
621.4041748046875
680.7891845703125
738.566650390625
676.671630859375
778.3741455078125
748.2766723632812
603.7591552734375
681.0841674804688
810.0266723632812
602.2516479492188
820.4566650390625
624.9166870117188
726.7716674804688
932.5691528320312
690.556640625
921.4116821289062
889.0941772460938
682.296630859375
577.3866577148438
941.7841796875
836.4391479492188
844.649169921875
758.1441650390625
841.806640625
823.8866577148438
617.6641845703125
823.3116455078125
846.6966552734375
838.024169921875
828.0841674804688
653.3541870117188
655.9441528320312
633.9391479492188
685.399169921875
747.2591552734375
630.2091674804688
761.2141723632812
757.744140625
868.5691528320312
716.734130859375
817.4091796875
681.9241333007812
933.8341674804688
783.2991333007812
901.8316650390625
690.994140625
664.2191772460938
887.7516479492188
691.004150390625
939.0091552734375
825.994140625
677.8141479492188
753.4916381835938
961.7716674804688
865.3816528320312
694.544189453125
825.3941650390625
802.8641357421875
852.1841430664062
681.0716552734375
868.3341674804688
708.6216430664062
719.5016479492188
900.2166748046875
849.981689453125
733.9591674804688
821.4466552734375
790.9766845703125
749.9066772460938
873.0216674804688
856.6641845703125
852.1016845703125
885.1666870117188
876.836669921875
904.4091796875
799.4591674804688
855.5891723632812
790.1141357421875
962.4716796875
818.1616821289062
956.8341674804688
903.5091552734375
906.8941650390625
909.9566650390625
888.0341796875
912.129150390625
909.3091430664062
926.2691650390625
932.9591674804688
964.1616821289062
970.3666381835938
971.8516845703125
890.046630859375
898.0491333007812
886.3916625976562
762.3341674804688
733.4016723632812
734.921630859375
718.8941650390625
730.1591796875
620.1416625976562
630.504150390625
643.4216918945312
888.1791381835938
805.6041870117188
830.0266723632812
803.1316528320312
768.5966796875
624.0641479492188
642.2166748046875
659.3416748046875
638.3391723632812
700.3516845703125
808.0116577148438
785.981689453125
655.4641723632812
657.859130859375
780.181640625
666.5491333007812
884.0841674804688
770.7266845703125
911.2516479492188
767.88916015625
754.3341674804688
769.9441528320312
870.9791870117188
623.9741821289062
754.4291381835938
677.63916015625
760.734130859375
685.7216796875
676.3216552734375
766.421630859375
893.836669921875
795.6666870117188
634.149169921875
717.5741577148438
695.3441772460938
811.9591674804688
641.0616455078125
679.419189453125
812.7416381835938
737.0216674804688
701.9766845703125
880.004150390625
765.8616333007812
805.95166015625
655.26416015625
801.4241333007812
733.6866455078125
645.2916870117188
714.7716674804688
706.1216430664062
723.1541748046875
805.5716552734375
731.9766845703125
684.2491455078125
752.6216430664062
717.8941650390625
812.2666625976562
749.9566650390625
810.8491821289062
757.3841552734375
750.5691528320312
777.0366821289062
795.0166625976562
797.8466796875
812.1341552734375
819.6541748046875
817.4966430664062
820.106689453125
812.4166870117188
901.2816772460938
909.9016723632812
917.7091674804688
944.3316650390625
931.129150390625
965.7141723632812
918.399169921875
805.8716430664062
822.1016845703125
946.5966796875
836.046630859375
916.9141845703125
963.3216552734375
823.7666625976562
723.3041381835938
858.461669921875
955.431640625
974.3391723632812
977.4591674804688
983.5591430664062
981.3541870117188
982.5116577148438
981.8666381835938
985.2141723632812
983.856689453125
984.6016845703125
986.7516479492188
987.2091674804688
870.2691650390625
819.1316528320312
947.8541870117188
919.6841430664062
973.4366455078125
954.1441650390625
798.419189453125
980.3941650390625
981.8016357421875
984.3941650390625
986.4341430664062
984.9016723632812
988.191650390625
871.2266845703125
882.8491821289062
940.95166015625
921.234130859375
983.9691772460938
916.3866577148438
890.5516357421875
980.6516723632812
970.399169921875
981.6591796875
943.7516479492188
831.20166015625
979.3191528320312
961.1216430664062
886.1766357421875
984.1641845703125
967.3491821289062
972.169189453125
942.836669921875
972.0941772460938
975.8966674804688
974.6016845703125
980.8666381835938
976.856689453125
980.4741821289062
982.7791748046875
983.056640625
983.869140625
982.609130859375
988.38916015625
982.9141845703125
982.9341430664062
987.919189453125
983.0891723632812
984.0066528320312
982.544189453125
984.379150390625
986.744140625
955.45166015625
950.9641723632812
966.8291625976562
967.544189453125
969.8641357421875
972.2991333007812
976.024169921875
977.1216430664062
977.8816528320312
978.481689453125
981.4291381835938
982.1516723632812
982.2216796875
983.921630859375
983.5191650390625
985.419189453125
984.6591796875
985.5066528320312
986.984130859375
987.6841430664062
990.9566650390625
732.711669921875
675.4391479492188
643.3966674804688
941.6991577148438
987.8616333007812
888.7566528320312
927.2791748046875
990.1241455078125
989.296630859375
722.4141845703125
976.26416015625
975.129150390625
961.044189453125
985.9866333007812
989.3766479492188
905.181640625
988.1366577148438
895.7816772460938
962.984130859375
933.5016479492188
778.9016723632812
983.8816528320312
992.046630859375
979.2841796875
983.231689453125
855.5816650390625
989.3766479492188
984.6866455078125
981.9041748046875
984.231689453125
985.1141357421875
985.9641723632812
985.606689453125
989.82666015625
986.4466552734375
986.369140625
990.7391357421875
989.3216552734375
985.4641723632812
983.399169921875
977.586669921875
990.7866821289062
924.6541748046875
978.8941650390625
988.9766845703125
978.481689453125
988.0616455078125
987.51416015625
984.231689453125
987.1566772460938
986.8641357421875
971.0191650390625
991.2141723632812
978.2516479492188
967.359130859375
989.6666870117188
987.1016845703125
989.1616821289062
991.7266845703125
987.3941650390625
990.8966674804688
989.9666748046875
989.1416625976562
991.484130859375
982.0191650390625
986.9966430664062
955.234130859375
990.0991821289062
980.3916625976562
979.5366821289062
989.2216796875
984.7791748046875
991.2041625976562
974.6741333007812
987.0541381835938
989.1166381835938
989.5941772460938
989.6441650390625
984.6991577148438
988.0366821289062
986.8016357421875
988.7716674804688
990.8841552734375
990.7141723632812
990.9766845703125
987.1791381835938
990.1541748046875
955.3866577148438
989.919189453125
985.2916870117188
989.6991577148438
991.2866821289062
991.4266357421875
988.9691772460938
979.7241821289062
983.3916625976562
991.0491333007812
987.6416625976562
992.004150390625
984.5491333007812
982.4866333007812
987.13916015625
990.2566528320312
988.544189453125
991.1566772460938
990.6891479492188
989.4966430664062
990.0166625976562
991.9441528320312
990.3541870117188
991.7716674804688
992.4541625976562
989.7266845703125
990.6666870117188
989.8741455078125
992.306640625
989.6841430664062
988.9141845703125
990.2866821289062
990.7841796875
992.086669921875
989.586669921875
991.369140625
991.8541870117188
991.3666381835938
992.01416015625
992.4466552734375
992.8941650390625
992.796630859375
992.9391479492188
972.431640625
966.1041870117188
974.0791625976562
973.369140625
976.7566528320312
979.7191772460938
950.1766357421875
966.1016845703125
975.1141357421875
973.9291381835938
933.2091674804688
980.76416015625
983.2066650390625
967.294189453125
939.1116333007812
984.5191650390625
964.7916870117188
977.4391479492188
976.794189453125
972.9266357421875
982.0491333007812
981.1591796875
984.2241821289062
984.0291748046875
986.254150390625
983.1641845703125
983.8516845703125
986.0341796875
982.0166625976562
984.5941772460938
950.6741333007812
949.8516845703125
947.1941528320312
977.2091674804688
951.484130859375
944.2216796875
942.0341796875
960.6966552734375
951.566650390625
946.2516479492188
982.431640625
982.0116577148438
952.9716796875
943.3191528320312
970.274169921875
972.3741455078125
951.7666625976562
965.5066528320312
950.794189453125
962.1991577148438
972.9066772460938
982.5516357421875
964.2491455078125
957.8716430664062
963.3441772460938
978.2366333007812
976.3541870117188
974.609130859375
971.4041748046875
986.984130859375
981.671630859375
981.211669921875
983.7916870117188
974.794189453125
963.8116455078125
967.879150390625
978.8766479492188
987.0641479492188
971.7816772460938
986.0291748046875
972.2366333007812
980.51416015625
986.119140625
986.1141357421875
874.994140625
780.3741455078125
878.586669921875
883.546630859375
890.711669921875
908.9341430664062
958.0916748046875
949.0316772460938
916.2841796875
961.129150390625
927.8941650390625
968.5991821289062
968.5316772460938
963.3091430664062
966.9091796875
969.0191650390625
967.07666015625
972.1791381835938
968.6441650390625
953.5191650390625
969.8141479492188
967.1791381835938
969.9791870117188
972.3316650390625
975.231689453125
973.5191650390625
973.9716796875
976.3291625976562
973.836669921875
967.3016357421875
972.859130859375
966.796630859375
972.1041870117188
971.2041625976562
961.7566528320312
957.1841430664062
956.231689453125
957.3666381835938
960.5791625976562
958.044189453125
958.9916381835938
947.8816528320312
954.5316772460938
952.774169921875
948.9741821289062
961.1616821289062
950.794189453125
961.3941650390625
984.681640625
966.2241821289062
966.6891479492188
982.086669921875
976.4916381835938
985.4241333007812
979.7066650390625
982.3341674804688
979.1241455078125
973.4891357421875
972.7041625976562
971.5491333007812
976.921630859375
979.9891357421875
978.5516357421875
978.5216674804688
987.234130859375
975.7466430664062
981.8616333007812
956.9916381835938
981.899169921875
981.9441528320312
988.2766723632812
980.8216552734375
986.9766845703125
989.6166381835938
986.816650390625
982.8341674804688
988.7391357421875
988.6466674804688
982.3141479492188
984.9166870117188
984.2141723632812
986.9091796875
989.9666748046875
987.4666748046875
981.169189453125
954.731689453125
990.1891479492188
991.8316650390625
984.13916015625
983.3316650390625
986.6541748046875
990.129150390625
990.7816772460938
992.1141357421875
987.5291748046875
993.044189453125
983.2841796875
984.0491333007812
992.681640625
982.5091552734375
988.6316528320312
991.8541870117188
986.5066528320312
993.1991577148438
990.0266723632812
993.086669921875
989.4891357421875
992.2291870117188
977.7841796875
992.2416381835938
991.9991455078125
979.3441772460938
982.2191772460938
991.0366821289062
990.3666381835938
992.4391479492188
992.6366577148438
988.359130859375
991.2491455078125
990.88916015625
974.7591552734375
987.0266723632812
971.961669921875
990.6016845703125
991.2791748046875
992.106689453125
985.0916748046875
983.5216674804688
973.794189453125
988.4966430664062
971.9016723632812
989.4366455078125
992.2191772460938
967.4916381835938
981.5491333007812
983.524169921875
982.9491577148438
989.5091552734375
982.921630859375
982.1766357421875
979.6466674804688
987.57666015625
979.754150390625
991.8816528320312
980.9291381835938
987.9116821289062
983.2716674804688
979.9766845703125
990.0066528320312
978.8941650390625
976.3841552734375
958.9441528320312
982.2266845703125
985.1966552734375
818.8416748046875
963.2591552734375
953.4341430664062
964.8091430664062
969.2141723632812
967.7391357421875
973.4891357421875
968.6641845703125
969.7291870117188
960.0841674804688
974.1966552734375
976.149169921875
975.9366455078125
971.6216430664062
969.681640625
965.3941650390625
957.046630859375
958.6166381835938
957.731689453125
968.7416381835938
960.4566650390625
965.4691772460938
969.9366455078125
983.8216552734375
978.629150390625
982.4991455078125
980.1341552734375
984.5641479492188
989.3216552734375
981.0791625976562
984.9966430664062
985.1341552734375
988.4666748046875
991.1766357421875
990.6141357421875
990.1016845703125
992.921630859375
988.2991333007812
989.869140625
991.0541381835938
989.9566650390625
988.8941650390625
982.6266479492188
988.4791870117188
989.3541870117188
979.4766845703125
984.0991821289062
990.6166381835938
989.504150390625
981.4241333007812
960.4991455078125
849.4566650390625
965.51416015625
973.066650390625
972.1216430664062
970.379150390625
966.5266723632812
975.20166015625
976.316650390625
976.1266479492188
977.4916381835938
972.6266479492188
959.6366577148438
959.2591552734375
956.5541381835938
967.481689453125
975.1791381835938
967.8541870117188
983.8666381835938
988.7216796875
985.504150390625
991.669189453125
986.5416870117188
988.7191772460938
986.8466796875
992.0341796875
986.0366821289062
991.5591430664062
990.1641845703125
977.5991821289062
987.0716552734375
872.9966430664062
968.796630859375
958.0691528320312
972.3141479492188
974.6366577148438
977.681640625
974.171630859375
957.7216796875
964.1666870117188
963.4891357421875
962.2466430664062
973.7591552734375
973.5391845703125
990.1316528320312
983.0591430664062
986.609130859375
988.9566650390625
992.7991333007812
989.379150390625
988.649169921875
972.794189453125
985.4491577148438
990.9241333007812
981.2066650390625
988.8516845703125
972.9066772460938
976.9041748046875
976.369140625
958.461669921875
963.5516357421875
971.7616577148438
965.6416625976562
974.1016845703125
978.7591552734375
986.6416625976562
992.7491455078125
976.4666748046875
977.984130859375
879.431640625
975.6316528320312
974.7066650390625
971.0316772460938
978.649169921875
974.7866821289062
960.9666748046875
976.6266479492188
960.856689453125
967.6416625976562
964.4441528320312
989.7366333007812
979.4366455078125
979.754150390625
990.6666870117188
975.82666015625
973.1241455078125
962.5716552734375
967.4666748046875
991.4141845703125
991.3491821289062
976.369140625
975.2891845703125
979.1941528320312
973.7791748046875
992.0741577148438
992.8041381835938
991.0291748046875
987.1616821289062
988.13916015625
985.994140625
988.4566650390625
887.4591674804688
982.1266479492188
992.4866333007812
987.9391479492188
987.1241455078125
988.3816528320312
975.6966552734375
971.7191772460938
981.6966552734375
977.9891357421875
990.0491333007812
991.5591430664062
988.5941772460938
990.669189453125
901.5491333007812
992.9791870117188
992.369140625
992.9741821289062
920.9266357421875
976.1366577148438
983.8541870117188
910.3616333007812
968.2916870117188
986.9991455078125
983.8866577148438
948.5191650390625
953.2691650390625
991.1316528320312
955.1866455078125
985.6616821289062
985.70166015625
984.4291381835938
958.3641357421875
986.796630859375
987.6966552734375
985.7691650390625
992.9341430664062
988.7391357421875
964.5091552734375
986.2791748046875
982.0116577148438
992.3291625976562
985.07666015625
965.8666381835938
991.2841796875
961.504150390625
975.7891845703125
988.806640625
992.921630859375
985.7891845703125
992.1616821289062
987.1341552734375
990.879150390625
