9.876351576561311e-42
13.05582046508789
12.729292869567871
11.218636512756348
11.996940612792969
11.610316276550293
11.514572143554688
11.439244270324707
11.4002046585083
11.742348670959473
11.673484802246094
11.691532135009766
11.795148849487305
11.830476760864258
11.711116790771484
12.683980941772461
12.01262092590332
12.716300964355469
11.96474838256836
13.526092529296875
12.122700691223145
12.074252128601074
13.829708099365234
13.6928129196167
14.075084686279297
12.023116111755371
12.025164604187012
13.7823486328125
14.37946891784668
11.459916114807129
13.613260269165039
11.860108375549316
14.450060844421387
12.513036727905273
14.329804420471191
14.23316478729248
14.350668907165527
14.34734058380127
11.054092407226562
14.274444580078125
14.277644157409668
14.107020378112793
12.670860290527344
12.283980369567871
11.41447639465332
12.148364067077637
11.638604164123535
11.711756706237793
11.798284530639648
11.995916366577148
11.732812881469727
11.923084259033203
12.439948081970215
12.03950023651123
13.443276405334473
11.992652893066406
13.947724342346191
13.4002685546875
11.346700668334961
14.10881233215332
12.342604637145996
11.932364463806152
11.304524421691895
11.888524055480957
12.069132804870605
11.827852249145508
11.995020866394043
12.324044227600098
13.317068099975586
13.025484085083008
13.747404098510742
14.250828742980957
12.285964965820312
11.907724380493164
11.40954875946045
11.63713264465332
11.875724792480469
12.02369213104248
12.940812110900879
12.820748329162598
14.37678050994873
14.286028861999512
11.862924575805664
11.790796279907227
11.846796989440918
11.917068481445312
12.06567668914795
12.038860321044922
12.628556251525879
14.380044937133789
11.754764556884766
11.50017261505127
12.006924629211426
12.444748878479004
14.251724243164062
11.716620445251465
11.904204368591309
11.819916725158691
14.337356567382812
11.78945255279541
12.814220428466797
11.867084503173828
14.19450855255127
14.18529224395752
11.710028648376465
11.704076766967773
13.170125007629395
11.686156272888184
14.295756340026855
13.857612609863281
11.666444778442383
11.7125244140625
13.01665210723877
13.662284851074219
11.69665241241455
13.349324226379395
14.158092498779297
11.561100959777832
14.002828598022461
11.670988082885742
11.814156532287598
13.604044914245605
13.541324615478516
13.222668647766113
13.316108703613281
11.742348670959473
13.172364234924316
11.73044490814209
11.512716293334961
12.94497299194336
12.615500450134277
11.654092788696289
12.252556800842285
12.100748062133789
11.95969295501709
11.872653007507324
11.820684432983398
12.217484474182129
12.11041259765625
12.992716789245605
11.89486026763916
12.81287670135498
12.568204879760742
12.423052787780762
12.277836799621582
12.008780479431152
11.903116226196289
11.807500839233398
11.831756591796875
11.781068801879883
11.868812561035156
11.909836769104004
11.958412170410156
12.004556655883789
11.916940689086914
11.685964584350586
11.625804901123047
11.430540084838867
11.338700294494629
11.2343168258667
11.084684371948242
11.07770824432373
13.031244277954102
12.685580253601074
13.865548133850098
12.522636413574219
13.593100547790527
12.919052124023438
12.723276138305664
13.567692756652832
12.963980674743652
13.294732093811035
13.837004661560059
13.528780937194824
13.233100891113281
13.85927677154541
13.116300582885742
14.064652442932129
13.912972450256348
12.465356826782227
14.228556632995605
12.494924545288086
13.188940048217773
13.925132751464844
13.508940696716309
12.3106689453125
12.72231674194336
12.928268432617188
13.274636268615723
13.1011962890625
12.658764839172363
13.11591625213623
12.486860275268555
12.79822063446045
12.405068397521973
12.610828399658203
13.027212142944336
12.752908706665039
13.969292640686035
12.820940971374512
12.997772216796875
13.800396919250488
13.379084587097168
13.434764862060547
12.800844192504883
13.766220092773438
13.611084938049316
14.458124160766602
12.318668365478516
13.69006061553955
12.667468070983887
13.035468101501465
13.619660377502441
13.192140579223633
14.18580436706543
12.299980163574219
12.930252075195312
13.710476875305176
13.968012809753418
11.99470043182373
13.455500602722168
13.395788192749023
13.708044052124023
12.937676429748535
13.105740547180176
13.67278003692627
12.922828674316406
13.07374095916748
13.526028633117676
12.753484725952148
12.507916450500488
13.089164733886719
13.076172828674316
13.10388469696045
13.417356491088867
13.11911678314209
12.217676162719727
13.093196868896484
13.41767692565918
12.151820182800293
12.053772926330566
13.267340660095215
12.270092964172363
13.194060325622559
11.98862075805664
13.085004806518555
12.136652946472168
12.960780143737793
13.028172492980957
12.852940559387207
12.82612419128418
12.664204597473145
12.632012367248535
12.584524154663086
12.416396141052246
12.104268074035645
11.95649242401123
11.838668823242188
10.98548412322998
11.371724128723145
10.929804801940918
10.913676261901855
11.0498046875
11.366988182067871
11.409036636352539
11.668684959411621
12.94234848022461
12.567564964294434
11.957388877868652
13.656076431274414
13.072652816772461
13.563404083251953
12.921740531921387
11.888716697692871
13.004556655883789
12.458124160766602
12.061708450317383
12.625420570373535
11.350668907165527
14.786444664001465
14.125836372375488
12.635852813720703
11.564428329467773
13.759244918823242
11.732940673828125
10.69991683959961
10.579660415649414
11.884876251220703
11.32494068145752
11.760396957397461
11.943564414978027
12.85927677154541
12.854604721069336
11.676620483398438
12.233420372009277
13.465228080749512
11.980237007141113
11.467212677001953
10.479052543640137
11.129484176635742
12.11041259765625
12.771276473999023
11.74202823638916
12.10170841217041
10.370892524719238
12.614348411560059
12.3936128616333
10.469964027404785
12.193868637084961
12.288076400756836
10.4700288772583
11.960716247558594
10.863180160522461
12.224716186523438
12.849932670593262
11.939788818359375
12.387916564941406
11.84186840057373
11.285964965820312
11.62631607055664
13.336716651916504
11.470860481262207
11.782988548278809
11.445772171020508
11.66567611694336
13.823436737060547
11.555084228515625
13.302732467651367
11.699084281921387
11.72282886505127
11.816908836364746
12.540684700012207
12.23156452178955
12.506316184997559
12.781068801879883
12.277260780334473
12.479756355285645
11.353100776672363
11.51591682434082
11.6874361038208
12.976844787597656
13.086156845092773
13.723084449768066
13.716236114501953
14.380364418029785
13.680716514587402
14.282124519348145
14.279756546020508
14.999820709228516
16.30087661743164
16.55367660522461
14.430924415588379
12.454988479614258
15.102604866027832
16.630603790283203
17.010700225830078
16.624011993408203
15.808524131774902
15.993292808532715
17.037580490112305
15.808076858520508
14.966732025146484
14.95815658569336
16.56410789489746
15.39822006225586
14.529484748840332
14.352460861206055
14.288844108581543
14.847436904907227
14.708556175231934
16.86842918395996
15.973260879516602
12.760204315185547
16.790668487548828
16.352075576782227
15.810380935668945
15.62631607055664
16.51649284362793
13.989580154418945
15.048332214355469
14.049100875854492
15.36807632446289
13.069260597229004
16.70842933654785
15.037580490112305
16.284427642822266
15.56833267211914
14.29991626739502
13.677452087402344
16.230731964111328
15.392972946166992
14.93409252166748
15.901260375976562
15.718348503112793
15.25774097442627
16.211021423339844
16.453901290893555
16.619213104248047
16.791820526123047
16.941003799438477
16.8586368560791
14.70695686340332
16.997133255004883
16.14804458618164
16.304908752441406
17.030092239379883
17.06753158569336
16.247501373291016
14.838092803955078
16.94497299194336
16.185483932495117
15.324236869812012
16.900428771972656
16.759435653686523
15.3871488571167
15.292236328125
15.938572883605957
13.16942024230957
13.711628913879395
14.087308883666992
14.458380699157715
15.19892406463623
15.479052543640137
15.730636596679688
15.345356941223145
15.581132888793945
15.944332122802734
16.272523880004883
16.75118064880371
16.932811737060547
16.83226776123047
16.818572998046875
16.436172485351562
15.05140495300293
14.868236541748047
14.698892593383789
14.083596229553223
13.332748413085938
12.282252311706543
11.85934066772461
12.2923002243042
13.006988525390625
13.527692794799805
13.135820388793945
13.053772926330566
13.729036331176758
13.353996276855469
12.032780647277832
13.206028938293457
13.318604469299316
13.197324752807617
13.31617259979248
12.571724891662598
12.692940711975098
13.75674819946289
13.201356887817383
12.881868362426758
13.28353214263916
12.184332847595215
14.030348777770996
13.549580574035645
13.69018840789795
13.861964225769043
12.602060317993164
14.027020454406738
13.262988090515137
13.930828094482422
13.554892539978027
14.181196212768555
13.844876289367676
14.315852165222168
14.192780494689941
13.820364952087402
13.329996109008789
12.73441219329834
11.494476318359375
15.52967643737793
13.340876579284668
13.04058837890625
13.636236190795898
12.806924819946289
12.946124076843262
13.4318208694458
12.705804824829102
12.468812942504883
12.800332069396973
12.471116065979004
11.991564750671387
12.014028549194336
11.981900215148926
10.859084129333496
11.818316459655762
11.850188255310059
11.6992769241333
11.667276382446289
11.415372848510742
11.144716262817383
11.557132720947266
8.907532691955566
10.925708770751953
10.810636520385742
9.653900146484375
13.17972469329834
14.570380210876465
12.90145206451416
13.298892974853516
12.825932502746582
12.558924674987793
12.002060890197754
11.75937271118164
11.418188095092773
11.735372543334961
11.337164878845215
11.007564544677734
10.729740142822266
10.586124420166016
13.506380081176758
14.296652793884277
12.861964225769043
12.472780227661133
10.710412979125977
10.361676216125488
10.234764099121094
14.1776762008667
13.220044136047363
12.62190055847168
11.578508377075195
11.679308891296387
10.44718074798584
9.900108337402344
9.754316329956055
13.375244140625
12.409676551818848
12.646732330322266
11.706572532653809
11.35489273071289
9.628172874450684
11.976972579956055
11.981132507324219
11.731340408325195
10.932684898376465
12.52250862121582
10.072588920593262
11.033292770385742
12.84244441986084
11.49306869506836
9.50938892364502
11.913164138793945
10.262924194335938
9.227532386779785
11.143436431884766
9.584972381591797
10.607756614685059
9.471308708190918
11.255373001098633
11.131468772888184
10.534284591674805
10.10990047454834
9.825356483459473
10.861964225769043
10.278092384338379
9.693772315979004
9.119244575500488
9.314892768859863
9.258700370788574
9.022156715393066
9.067724227905273
9.324684143066406
17.0748291015625
16.860109329223633
16.728652954101562
17.527244567871094
17.02580451965332
16.32007598876953
17.130828857421875
16.89447593688965
16.557260513305664
16.915660858154297
17.29370880126953
17.352651596069336
16.344844818115234
17.135051727294922
17.373580932617188
16.658124923706055
16.84500503540039
16.87310028076172
16.558988571166992
16.701772689819336
16.214475631713867
16.273099899291992
15.867148399353027
16.41095733642578
16.269580841064453
16.022859573364258
15.612364768981934
15.869900703430176
15.181964874267578
15.461644172668457
16.276365280151367
13.9668607711792
14.132684707641602
14.284364700317383
15.435980796813965
15.177932739257812
13.817036628723145
14.261324882507324
13.722508430480957
13.782220840454102
12.865100860595703
14.240396499633789
13.129932403564453
12.962700843811035
12.77313232421875
13.481356620788574
12.907020568847656
14.860172271728516
13.500940322875977
13.583372116088867
12.76494026184082
13.375500679016113
15.712396621704102
13.627532958984375
14.560524940490723
13.602316856384277
12.779788970947266
13.038604736328125
15.191692352294922
12.943564414978027
12.98049259185791
13.943628311157227
13.287372589111328
14.670540809631348
14.348492622375488
13.940620422363281
13.589516639709473
13.238412857055664
13.28775691986084
12.983756065368652
13.279372215270996
13.63815689086914
13.777356147766113
14.387596130371094
10.885068893432617
10.427148818969727
10.394124031066895
10.66062068939209
10.986700057983398
11.43745231628418
13.609612464904785
12.44615650177002
11.740492820739746
13.550540924072266
12.159884452819824
14.593356132507324
15.634764671325684
17.466957092285156
17.921804428100586
17.297740936279297
13.732300758361816
14.440204620361328
13.995404243469238
18.29108428955078
14.258508682250977
18.040332794189453
17.39661979675293
16.755084991455078
14.404428482055664
14.181900024414062
14.82561206817627
15.032268524169922
17.921483993530273
18.284427642822266
15.740172386169434
18.110157012939453
15.339212417602539
17.401803970336914
16.689483642578125
15.908044815063477
16.67034912109375
15.721356391906738
16.649995803833008
16.093900680541992
16.25620460510254
15.967116355895996
15.891212463378906
16.301836013793945
16.13498878479004
16.233163833618164
16.218765258789062
16.130573272705078
15.758668899536133
16.28564453125
15.807116508483887
15.98151683807373
16.10017204284668
14.904524803161621
15.999628067016602
15.644108772277832
15.857932090759277
15.929612159729004
15.42260456085205
15.167948722839355
14.61422061920166
15.568204879760742
15.653132438659668
15.305164337158203
12.854860305786133
14.238668441772461
13.497612953186035
14.36308479309082
14.570572853088379
11.857548713684082
10.582412719726562
15.115532875061035
14.988940238952637
10.684428215026855
10.948108673095703
12.95604419708252
9.656140327453613
10.01761245727539
14.847052574157715
13.59847640991211
14.204556465148926
11.807884216308594
9.048012733459473
13.227148056030273
14.784844398498535
14.014924049377441
8.868748664855957
14.216652870178223
14.576972961425781
14.407564163208008
8.973005294799805
8.10388469696045
11.40295696258545
7.848781108856201
14.60769271850586
8.4318208694458
13.822668075561523
13.38452434539795
8.105036735534668
14.143756866455078
14.873100280761719
9.009868621826172
13.139660835266113
8.445005416870117
14.624908447265625
8.848012924194336
12.894732475280762
9.414092063903809
13.930380821228027
11.327500343322754
9.420684814453125
15.38548469543457
15.835468292236328
9.346700668334961
11.421836853027344
9.486668586730957
9.857356071472168
15.347084045410156
9.869388580322266
10.137420654296875
16.53831672668457
15.882572174072266
16.07335662841797
10.603276252746582
10.251532554626465
9.6163330078125
16.316171646118164
16.76449203491211
16.937612533569336
12.696588516235352
16.757516860961914
15.438860893249512
9.833100318908691
16.89274787902832
13.522828102111816
15.637836456298828
13.071884155273438
11.476300239562988
15.083084106445312
14.041292190551758
13.66612434387207
11.893708229064941
13.631372451782227
11.150412559509277
13.32538890838623
12.187020301818848
12.730380058288574
12.46958065032959
11.933964729309082
12.907084465026855
12.685324668884277
11.965836524963379
11.888972282409668
11.961100578308105
10.326028823852539
14.08090877532959
12.5728120803833
13.382604598999023
15.043020248413086
16.22650909423828
14.694860458374023
13.953420639038086
14.10721206665039
17.643980026245117
14.496524810791016
14.347980499267578
15.08858871459961
17.804237365722656
17.678604125976562
17.043724060058594
16.131084442138672
15.931532859802246
16.100812911987305
16.589197158813477
16.381772994995117
16.28289222717285
16.133005142211914
15.590540885925293
15.664844512939453
14.05089282989502
15.241612434387207
11.053900718688965
14.701452255249023
14.992140769958496
12.324684143066406
14.62183666229248
11.291596412658691
8.296012878417969
8.9285888671875
11.75994873046875
8.630157470703125
14.86855697631836
10.555340766906738
12.741068840026855
12.029196739196777
16.361101150512695
16.649356842041016
11.755212783813477
13.243468284606934
16.393739700317383
13.97236442565918
11.3106689453125
11.602188110351562
14.218764305114746
11.902732849121094
10.379788398742676
13.979212760925293
14.84506893157959
17.147085189819336
13.928332328796387
17.782859802246094
14.738828659057617
17.3172607421875
14.995340347290039
14.565836906433105
17.185165405273438
16.00545310974121
15.684492111206055
16.11905288696289
16.165325164794922
15.91994857788086
15.645004272460938
15.173196792602539
9.799564361572266
10.39207649230957
7.939212799072266
13.604876518249512
14.742732048034668
13.885260581970215
9.313740730285645
16.284940719604492
13.79655647277832
11.714508056640625
11.878028869628906
11.91828441619873
10.477964401245117
13.891340255737305
12.79156494140625
16.028301239013672
14.401676177978516
15.247820854187012
16.696012496948242
15.625420570373535
16.272205352783203
16.336204528808594
16.176267623901367
15.981452941894531
14.891788482666016
10.031244277954102
14.631500244140625
9.730828285217285
13.689804077148438
8.852492332458496
15.250316619873047
16.38650894165039
16.263051986694336
14.750028610229492
11.494604110717773
13.026636123657227
11.947660446166992
15.436684608459473
16.716684341430664
14.657164573669434
15.72071647644043
15.358668327331543
16.288331985473633
16.25844383239746
15.464588165283203
15.73806095123291
15.25774097442627
8.083788871765137
15.960908889770508
13.291468620300293
10.39815616607666
15.864140510559082
15.279500961303711
13.972620964050293
14.924556732177734
17.251916885375977
15.435980796813965
16.299917221069336
16.1079158782959
16.129867553710938
14.503116607666016
9.316492080688477
16.362316131591797
12.91732406616211
12.099660873413086
15.123468399047852
14.235660552978516
16.035083770751953
15.96366024017334
8.601740837097168
9.741772651672363
15.700620651245117
14.187660217285156
16.02228355407715
15.670412063598633
8.185484886169434
10.102924346923828
15.632076263427734
15.940364837646484
15.251404762268066
12.221004486083984
11.934412956237793
10.752908706665039
15.125836372375488
8.26484489440918
15.838924407958984
14.418892860412598
12.230860710144043
14.530892372131348
15.949132919311523
15.70388412475586
14.964044570922852
15.276812553405762
14.366988182067871
11.833932876586914
11.796236038208008
11.198028564453125
8.445900917053223
9.289228439331055
14.088140487670898
11.770380973815918
16.70311737060547
14.854988098144531
11.490060806274414
16.99700355529785
15.348108291625977
13.519628524780273
12.601676940917969
13.209868431091309
11.65857219696045
13.00398063659668
15.094860076904297
12.9799165725708
14.337868690490723
13.036812782287598
14.060108184814453
12.536972045898438
13.904460906982422
8.537549018859863
12.0946044921875
13.554956436157227
13.131020545959473
14.65038013458252
11.449932098388672
11.323084831237793
14.306828498840332
12.014156341552734
13.147724151611328
15.488396644592285
12.856268882751465
8.850252151489258
13.045388221740723
9.672012329101562
10.438284873962402
14.45934009552002
