9.876351576561311e-42
14.483926773071289
12.797974586486816
11.944854736328125
11.782038688659668
11.043415069580078
10.447958946228027
9.987926483154297
6.466070175170898
13.506519317626953
6.897302627563477
14.445910453796387
13.17762279510498
12.981270790100098
13.287766456604004
13.319254875183105
11.343127250671387
13.309974670410156
12.684886932373047
12.368086814880371
13.784151077270508
11.432214736938477
10.801878929138184
10.830678939819336
11.524438858032227
11.025494575500488
12.559126853942871
12.57551097869873
12.522262573242188
11.597270965576172
14.04111099243164
9.874966621398926
12.482519149780273
14.129815101623535
12.744342803955078
12.358999252319336
13.096919059753418
12.473175048828125
9.206422805786133
12.560342788696289
12.058326721191406
12.084439277648926
13.941206932067871
13.555351257324219
12.24751091003418
13.996694564819336
11.56021499633789
14.869718551635742
12.908055305480957
12.948502540588379
13.290582656860352
12.813782691955566
12.227222442626953
11.862102508544922
10.814679145812988
13.674775123596191
11.383191108703613
14.31362247467041
10.322134971618652
12.82933521270752
11.719254493713379
14.35400676727295
8.276630401611328
13.248726844787598
12.608598709106445
12.589974403381348
12.041238784790039
12.514582633972168
11.41346263885498
14.051095008850098
14.004886627197266
12.7136869430542
12.931926727294922
14.744982719421387
9.11867904663086
12.354710578918457
12.483478546142578
11.291351318359375
12.198551177978516
14.068822860717773
12.520854949951172
12.188118934631348
14.893782615661621
14.225174903869629
13.482966423034668
12.796439170837402
11.919766426086426
11.133078575134277
14.312663078308105
12.960471153259277
14.303574562072754
12.662038803100586
12.620631217956543
14.309526443481445
11.799959182739258
13.878934860229492
12.024662971496582
10.265942573547363
12.633623123168945
14.876758575439453
13.11861515045166
11.294614791870117
11.675287246704102
12.406998634338379
14.442646980285645
14.374614715576172
12.665239334106445
11.114262580871582
12.548502922058105
13.48283863067627
15.03560733795166
13.59739875793457
13.997527122497559
13.55759048461914
13.744854927062988
14.026134490966797
12.689814567565918
13.55215072631836
12.977686882019043
13.524118423461914
12.622294425964355
13.55419921875
14.244375228881836
13.808791160583496
14.099863052368164
12.362262725830078
14.127830505371094
13.149271011352539
9.757079124450684
13.852438926696777
13.819927215576172
12.98613452911377
14.058454513549805
14.133462905883789
13.94287109375
14.107606887817383
13.328086853027344
13.485590934753418
14.305878639221191
14.222870826721191
13.989078521728516
14.325910568237305
13.39112663269043
14.074838638305664
14.644183158874512
13.902231216430664
13.029143333435059
13.352214813232422
14.537046432495117
14.104598999023438
13.101591110229492
13.819478988647461
13.276886940002441
12.776022911071777
10.93685531616211
9.52047061920166
9.374359130859375
8.284438133239746
8.02223014831543
8.457622528076172
8.270934104919434
8.72469425201416
13.403799057006836
13.378326416015625
11.344022750854492
11.894679069519043
11.054423332214355
5.940374374389648
8.066262245178223
8.330326080322266
5.704918384552002
5.529878616333008
12.216022491455078
6.277014255523682
4.533334255218506
10.624279022216797
6.09967041015625
11.042326927185059
10.588311195373535
12.354839324951172
11.605463027954102
11.20763874053955
10.319510459899902
10.846423149108887
13.392982482910156
15.224726676940918
10.942038536071777
8.263446807861328
9.73704719543457
7.558230400085449
10.6688871383667
12.88123893737793
12.07125473022461
10.298262596130371
11.923094749450684
12.701143264770508
13.204310417175293
12.461847305297852
12.502999305725098
5.990230560302734
4.69416618347168
12.196054458618164
4.495126247406006
5.1097822189331055
10.436502456665039
10.56943130493164
10.398423194885254
12.267927169799805
12.483222961425781
8.275350570678711
14.365270614624023
12.352790832519531
8.667350769042969
7.947734355926514
11.090006828308105
13.424407005310059
8.427606582641602
11.213143348693848
9.818646430969238
14.843350410461426
7.912278175354004
7.633238315582275
9.220182418823242
11.349079132080078
7.67176628112793
9.74914264678955
9.350102424621582
6.677654266357422
6.8627424240112305
12.009751319885254
12.126614570617676
4.551574230194092
5.9012064933776855
5.013910293579102
6.062422275543213
8.771349906921387
13.350998878479004
7.796438217163086
10.377751350402832
12.543510437011719
12.796182632446289
4.872534275054932
12.551319122314453
5.160726547241211
14.965974807739258
7.0498785972595215
14.903702735900879
10.664406776428223
10.759895324707031
13.01819896697998
10.234455108642578
10.202966690063477
11.713238716125488
13.171479225158691
14.230422973632812
15.404951095581055
14.710615158081055
14.864278793334961
20.09890365600586
19.858007431030273
19.657814025878906
19.35816764831543
19.449750900268555
19.70978355407715
18.002391815185547
14.760087013244629
13.370582580566406
13.543318748474121
10.821590423583984
18.931095123291016
17.431062698364258
18.718294143676758
19.587926864624023
15.935574531555176
11.786582946777344
10.564247131347656
10.014806747436523
12.838486671447754
15.744534492492676
18.253719329833984
19.49416732788086
13.428566932678223
17.1785831451416
19.082326889038086
15.91682243347168
19.76386260986328
19.23285484313965
19.56021499633789
19.445270538330078
14.361174583435059
19.411542892456055
19.274967193603516
11.633623123168945
13.543766975402832
12.023574829101562
19.63208770751953
18.06203842163086
14.306775093078613
19.21307945251465
19.733911514282227
18.688343048095703
11.648983001708984
16.733654022216797
13.799447059631348
19.553367614746094
10.093206405639648
13.595351219177246
19.534358978271484
16.715862274169922
13.104726791381836
19.80597496032715
15.984854698181152
19.370454788208008
8.676950454711914
19.15266227722168
12.22619915008545
10.784663200378418
10.8414945602417
12.929367065429688
8.810774803161621
19.5356388092041
10.983126640319824
9.110742568969727
11.837782859802246
9.973078727722168
19.12187957763672
10.643158912658691
19.075862884521484
13.325398445129395
12.36815071105957
15.096406936645508
19.355222702026367
19.37851905822754
19.470102310180664
18.36200714111328
17.901334762573242
17.84392738342285
19.09307861328125
19.496789932250977
19.570518493652344
18.4344539642334
17.981462478637695
18.352022171020508
17.41250228881836
19.02632713317871
17.439638137817383
18.225173950195312
17.738454818725586
18.69359016418457
18.745559692382812
17.219158172607422
18.691862106323242
17.802391052246094
17.690391540527344
17.53301429748535
16.40354347229004
16.526294708251953
17.512022018432617
9.820758819580078
17.050710678100586
16.774486541748047
16.225879669189453
15.842327117919922
15.181334495544434
17.065303802490234
16.10082244873047
19.450199127197266
18.110231399536133
17.87848663330078
17.6109676361084
16.5161190032959
17.31720733642578
18.53621482849121
15.205655097961426
10.97186279296875
16.985366821289062
16.98344612121582
16.651159286499023
15.992534637451172
19.5106143951416
18.04930305480957
17.226455688476562
17.39919090270996
14.147798538208008
19.004758834838867
18.878551483154297
17.43579864501953
17.603670120239258
16.035158157348633
18.1021671295166
17.576662063598633
17.347543716430664
17.259479522705078
17.532054901123047
17.716630935668945
16.91567039489746
16.55682373046875
18.16175079345703
16.5488224029541
16.59355926513672
16.997846603393555
17.764759063720703
16.578710556030273
17.635414123535156
17.380950927734375
16.44399070739746
17.15208625793457
16.912151336669922
17.195798873901367
16.870677947998047
16.933847427368164
17.127254486083984
17.082199096679688
16.547670364379883
16.427671432495117
16.455062866210938
16.972373962402344
18.38031005859375
18.065494537353516
17.54395866394043
17.183895111083984
16.657686233520508
16.465621948242188
15.517910957336426
13.987286567687988
11.927447319030762
14.106646537780762
11.412886619567871
14.773270606994629
16.18997573852539
16.169239044189453
16.49858283996582
16.790422439575195
16.867094039916992
16.90146255493164
16.38760757446289
16.2552547454834
15.410454750061035
18.472150802612305
17.604183197021484
11.477078437805176
13.796439170837402
15.508566856384277
10.332822799682617
11.685847282409668
16.348630905151367
16.101398468017578
15.507414817810059
14.864663124084473
14.478742599487305
13.125846862792969
14.80373477935791
14.938390731811523
13.699158668518066
15.406294822692871
10.359639167785645
14.425174713134766
12.398294448852539
16.22511100769043
16.12175178527832
14.82671070098877
15.086102485656738
15.986198425292969
16.610647201538086
16.498455047607422
14.881814956665039
16.60047149658203
15.803670883178711
16.641559600830078
16.124374389648438
16.554582595825195
16.207895278930664
15.945302963256836
14.895255088806152
14.221463203430176
14.472407341003418
16.238550186157227
14.411094665527344
13.306966781616211
16.098262786865234
10.274710655212402
14.903959274291992
16.153942108154297
13.045207023620605
16.073110580444336
14.028759002685547
14.262486457824707
14.520215034484863
14.499734878540039
14.248726844787598
15.389334678649902
14.046295166015625
13.993622779846191
14.154455184936523
14.067415237426758
14.768598556518555
14.970710754394531
15.522710800170898
13.10440731048584
14.22504711151123
14.278294563293457
14.34415054321289
14.554646492004395
16.87157440185547
11.546454429626465
14.67592716217041
14.384598731994629
15.011798858642578
13.861974716186523
14.533719062805176
14.572694778442383
14.152534484863281
14.341782569885254
14.688791275024414
14.231383323669434
13.998743057250977
15.030742645263672
16.16143035888672
13.99631118774414
15.678614616394043
14.8731107711792
13.35445499420166
14.118806838989258
16.321367263793945
14.480918884277344
11.871639251708984
14.708502769470215
14.372182846069336
14.600151062011719
14.402710914611816
14.66677474975586
15.71919059753418
13.08091926574707
14.746838569641113
14.69621467590332
16.02472686767578
14.430998802185059
13.8097505569458
14.27151107788086
14.35445499420166
14.664791107177734
15.345559120178223
14.519639015197754
14.995478630065918
14.154838562011719
15.3566312789917
14.8032865524292
15.317654609680176
14.823894500732422
13.973142623901367
14.325398445129395
13.905558586120605
14.519702911376953
12.918231010437012
15.974166870117188
15.221206665039062
14.319894790649414
13.888022422790527
13.104150772094727
14.379158973693848
14.689943313598633
14.71093463897705
13.179990768432617
13.312982559204102
14.088663101196289
12.810134887695312
12.586647033691406
9.476438522338867
12.374678611755371
10.94184684753418
9.649367332458496
9.059926986694336
10.740694999694824
6.488022327423096
10.15426254272461
10.05800724029541
11.140758514404297
11.258710861206055
4.475158214569092
9.189590454101562
5.5074782371521
10.98555850982666
7.083734512329102
9.9560546875
11.216470718383789
10.337815284729004
11.393558502197266
10.611351013183594
11.804567337036133
10.398423194885254
11.13282299041748
6.686230182647705
10.868566513061523
7.925910472869873
10.3696870803833
11.922006607055664
11.125079154968262
11.860246658325195
6.950998306274414
7.24539852142334
9.104982376098633
5.388182163238525
4.895894527435303
5.524630546569824
7.766998291015625
6.941718578338623
6.735446453094482
6.2093024253845215
5.237654209136963
4.965782165527344
7.611734390258789
6.8284382820129395
4.874390602111816
6.304022312164307
6.719318389892578
4.856726169586182
6.414294242858887
4.29019832611084
4.892630577087402
4.7890143394470215
6.331542491912842
6.827158451080322
5.586134433746338
7.21378231048584
5.13787841796875
5.926422595977783
6.627158164978027
3.769622325897217
4.652758598327637
5.851030349731445
3.762646436691284
7.4091105461120605
7.594198226928711
6.331478595733643
6.430678367614746
6.713110446929932
6.385494232177734
4.071638584136963
4.005014419555664
4.323286533355713
4.736086368560791
5.000470161437988
19.003286361694336
20.039382934570312
19.93685531616211
19.833303451538086
19.974294662475586
19.916887283325195
16.829206466674805
18.638486862182617
19.674135208129883
16.486103057861328
19.30754280090332
16.019990921020508
16.234390258789062
14.790678977966309
14.863447189331055
16.176599502563477
16.977685928344727
15.667671203613281
17.499223709106445
11.455830574035645
17.489879608154297
13.06511116027832
12.503127098083496
11.842582702636719
15.662678718566895
12.732054710388184
16.151702880859375
13.685078620910645
11.873814582824707
8.111446380615234
12.063831329345703
8.251158714294434
12.99317455291748
10.68911075592041
8.69467830657959
11.103255271911621
8.646230697631836
13.387799263000488
9.088342666625977
10.717143058776855
9.483607292175293
12.62856674194336
11.416278839111328
10.755863189697266
11.947158813476562
10.318999290466309
11.615830421447754
10.686423301696777
11.686358451843262
10.109014511108398
10.43695068359375
6.334486484527588
10.416023254394531
14.878103256225586
6.8603105545043945
8.563926696777344
9.683926582336426
9.30920696258545
10.849879264831543
11.024150848388672
10.748374938964844
8.728790283203125
9.16450309753418
9.036630630493164
15.60821533203125
10.649431228637695
11.937942504882812
8.656022071838379
5.856470584869385
11.289814949035645
14.55919075012207
7.259798526763916
8.15758991241455
15.385750770568848
11.685014724731445
10.278166770935059
12.613462448120117
11.580119132995605
7.461142539978027
8.759958267211914
6.812502384185791
10.318487167358398
11.711255073547363
8.760725975036621
7.560854434967041
8.714390754699707
11.587030410766602
6.3417181968688965
7.047510147094727
7.503574371337891
9.86747932434082
10.256278991699219
9.139799118041992
10.44463062286377
6.977238178253174
13.445334434509277
7.969302177429199
7.755926609039307
10.438294410705566
7.5237345695495605
6.871766567230225
12.847254753112793
7.143574237823486
11.663894653320312
4.915606498718262
9.150614738464355
5.195350170135498
5.88847017288208
5.147606372833252
8.362070083618164
14.27855110168457
4.593302249908447
4.133654594421387
8.709078788757324
4.481558322906494
7.795350551605225
6.867798328399658
3.348182439804077
6.320406436920166
5.345302581787109
3.7051103115081787
3.552534341812134
3.7618143558502197
4.323286533355713
5.152278423309326
6.994198322296143
3.558934450149536
4.314838409423828
4.081942558288574
4.556054592132568
5.197142601013184
2.6946144104003906
7.173398494720459
4.699670314788818
6.013846397399902
4.200022220611572
6.7422943115234375
6.21154260635376
4.442838191986084
3.9070944786071777
5.480470180511475
6.268950462341309
4.455446243286133
5.727318286895752
5.770262241363525
5.852886199951172
5.815062522888184
5.005974292755127
6.8469343185424805
5.177046298980713
5.398294448852539
5.48559045791626
6.4809184074401855
5.4906463623046875
19.810070037841797
16.828502655029297
18.159639358520508
17.426326751708984
16.068374633789062
16.165014266967773
15.867671012878418
17.37250328063965
17.222103118896484
12.963030815124512
14.547350883483887
15.179926872253418
15.230742454528809
9.260822296142578
8.860822677612305
9.659351348876953
10.291030883789062
11.003158569335938
11.041942596435547
8.88015079498291
10.441110610961914
9.715606689453125
10.219350814819336
9.029462814331055
8.321110725402832
7.273558139801025
6.798614501953125
11.275158882141113
7.943446159362793
7.4331746101379395
10.357398986816406
7.078806400299072
10.043670654296875
10.576342582702637
8.793685913085938
8.10677433013916
12.035542488098145
4.583510398864746
9.962327003479004
5.790550231933594
5.278998374938965
4.141910552978516
3.9790303707122803
4.757654190063477
4.709846496582031
5.442070484161377
4.9163103103637695
6.326038360595703
6.559318542480469
3.9243743419647217
4.974166393280029
19.69999122619629
16.651798248291016
15.868823051452637
16.638935089111328
16.582422256469727
15.5607271194458
13.293078422546387
11.802327156066895
12.093335151672363
14.36917495727539
9.166102409362793
11.192534446716309
11.118806838989258
11.682838439941406
9.437207221984863
10.189910888671875
10.247574806213379
10.855062484741211
13.525846481323242
10.856534957885742
11.77269458770752
7.2711262702941895
6.373206615447998
7.108630180358887
8.992790222167969
4.019670486450195
4.827798366546631
6.808470249176025
5.835350513458252
7.374358177185059
18.869014739990234
16.34075927734375
17.92091941833496
16.533334732055664
12.277271270751953
10.135958671569824
9.645526885986328
11.945494651794434
10.86440658569336
9.350871086120605
10.939542770385742
9.580055236816406
10.57288646697998
14.32290267944336
7.3285346031188965
9.949654579162598
6.8542304039001465
10.079191207885742
4.747862339019775
3.859286308288574
3.7289183139801025
3.8034143447875977
6.5589985847473145
6.420950412750244
8.710166931152344
16.311767578125
11.052950859069824
11.566487312316895
11.450582504272461
12.252567291259766
10.316502571105957
10.030806541442871
10.113622665405273
8.814486503601074
10.286614418029785
12.680663108825684
3.784214496612549
6.7072224617004395
19.484630584716797
17.14754295349121
16.58991050720215
15.251606941223145
10.550167083740234
10.06139850616455
11.40079116821289
8.226774215698242
10.760214805603027
9.456278800964355
10.649495124816895
12.679574966430664
3.7941982746124268
6.706582546234131
5.778326511383057
17.328022003173828
14.55970287322998
10.16232681274414
10.481943130493164
11.56578254699707
8.764119148254395
17.43240737915039
15.274774551391602
8.499798774719238
10.372182846069336
12.895255088806152
9.557719230651855
4.407702445983887
2.6970462799072266
3.7780063152313232
5.924630165100098
6.498390197753906
19.7767276763916
6.049558162689209
13.469334602355957
2.8732383251190186
3.6203103065490723
5.967062473297119
15.298391342163086
9.573782920837402
8.480086326599121
9.855446815490723
2.6585824489593506
4.29455041885376
5.952214241027832
7.401942253112793
20.07170295715332
13.359575271606445
9.507926940917969
4.164246559143066
20.27272605895996
10.064982414245605
6.701718330383301
19.860502243041992
14.554390907287598
9.203158378601074
9.020886421203613
18.737558364868164
18.074199676513672
7.43816614151001
17.59375
12.932694435119629
10.072406768798828
12.755542755126953
17.104726791381836
15.154006958007812
10.017942428588867
7.1771745681762695
11.960726737976074
9.423063278198242
16.336023330688477
14.120983123779297
11.219735145568848
7.242454528808594
11.53128719329834
10.271126747131348
10.009110450744629
16.856855392456055
12.926935195922852
8.292950630187988
9.337494850158691
8.361942291259766
6.930966377258301
11.602391242980957
7.38133430480957
