9.876351576561311e-42
15.678956031799316
15.343660354614258
14.799180030822754
15.522955894470215
15.213228225708008
14.650412559509277
13.960683822631836
13.80798053741455
13.905644416809082
13.39214038848877
14.09511661529541
13.465996742248535
12.53085994720459
13.453548431396484
12.52756404876709
11.21370792388916
12.133644104003906
11.552844047546387
12.020812034606934
11.6875
11.269867897033691
12.321388244628906
12.151244163513184
11.967723846435547
11.288524627685547
11.206252098083496
11.686860084533691
11.272972106933594
11.626476287841797
10.81303596496582
11.175820350646973
11.576204299926758
10.82276439666748
11.437932014465332
10.669772148132324
10.620716094970703
10.450252532958984
12.11700439453125
10.974732398986816
10.341708183288574
10.704939842224121
15.600044250488281
14.280972480773926
15.006219863891602
15.544524192810059
13.495436668395996
14.571404457092285
12.858476638793945
13.118924140930176
13.628268241882324
11.758955955505371
12.485228538513184
11.311468124389648
12.677196502685547
11.6710205078125
11.809579849243164
10.788588523864746
11.606508255004883
10.575916290283203
15.267499923706055
13.834795951843262
14.272780418395996
13.173452377319336
13.257515907287598
12.142732620239258
11.448972702026367
12.505804061889648
12.480908393859863
11.406668663024902
10.524588584899902
10.327340126037598
15.521100044250488
14.723788261413574
14.461580276489258
13.615564346313477
11.950828552246094
11.273868560791016
12.81031608581543
11.38292407989502
11.269964218139648
10.147563934326172
14.95005989074707
14.349004745483398
13.260940551757812
11.678764343261719
11.272811889648438
11.24634838104248
11.725964546203613
10.941068649291992
14.55530834197998
14.126924514770508
11.346732139587402
11.706060409545898
10.041868209838867
14.08810806274414
11.342636108398438
11.266124725341797
10.780076026916504
14.965836524963379
12.657259941101074
11.390700340270996
9.961132049560547
10.253931999206543
14.941452026367188
14.107084274291992
12.33914852142334
11.416428565979004
11.12199592590332
10.250988006591797
14.551276206970215
13.632396697998047
12.215692520141602
10.287980079650879
13.61092472076416
11.903595924377441
11.009708404541016
14.292908668518066
10.910572052001953
13.884620666503906
12.632843971252441
11.575980186462402
10.530476570129395
11.448716163635254
10.562027931213379
12.609516143798828
10.786348342895508
12.50727653503418
11.37463665008545
10.784364700317383
11.359180450439453
13.75022029876709
11.342220306396484
11.334412574768066
11.3270845413208
11.652235984802246
13.363468170166016
12.542411804199219
12.579276084899902
11.782028198242188
12.642476081848145
11.745580673217773
12.125548362731934
12.134188652038574
12.142539978027344
12.164844512939453
12.15191650390625
12.130732536315918
11.606956481933594
12.057100296020508
11.80468463897705
11.466636657714844
11.406700134277344
11.199468612670898
11.037484169006348
11.122732162475586
11.213388442993164
11.163820266723633
11.334444046020508
11.587116241455078
12.137579917907715
12.430732727050781
11.759628295898438
11.671276092529297
11.890091896057129
11.54711627960205
11.817068099975586
11.47617244720459
11.310988426208496
11.927244186401367
11.32458782196045
11.782572746276855
12.750060081481934
12.322284698486328
12.106860160827637
12.886924743652344
11.892492294311523
13.432876586914062
13.503532409667969
11.53194808959961
14.383020401000977
11.354604721069336
13.051084518432617
14.4483642578125
15.392524719238281
11.898283958435059
12.915596008300781
13.442828178405762
14.478604316711426
13.960588455200195
13.380716323852539
15.419852256774902
12.832108497619629
13.921835899353027
13.273996353149414
14.371980667114258
11.7191801071167
11.605996131896973
11.944268226623535
11.393580436706543
11.413836479187012
12.577516555786133
12.10881233215332
12.364300727844238
11.770668029785156
13.075243949890137
13.10228443145752
14.272716522216797
11.220396041870117
13.986924171447754
12.129899978637695
11.67534065246582
12.2475004196167
12.372715950012207
13.888140678405762
11.389388084411621
11.235372543334961
12.172012329101562
13.95815658569336
11.109580039978027
13.525516510009766
11.804044723510742
13.533003807067871
14.462956428527832
11.256108283996582
12.04996395111084
12.03239631652832
11.580716133117676
12.079724311828613
11.939596176147461
13.822860717773438
11.530412673950195
11.351724624633789
11.479787826538086
11.924844741821289
11.294476509094238
13.724140167236328
11.426924705505371
13.092780113220215
13.167276382446289
12.606956481933594
11.921772003173828
12.719532012939453
11.760716438293457
11.655692100524902
11.72122859954834
11.776780128479004
11.285356521606445
12.317228317260742
12.235340118408203
11.58750057220459
11.47729206085205
11.659627914428711
11.825708389282227
11.692716598510742
11.421036720275879
11.283916473388672
11.16129207611084
14.14820384979248
14.327308654785156
14.06948471069336
13.902348518371582
13.883915901184082
13.772140502929688
13.719820022583008
13.591212272644043
12.271340370178223
12.450923919677734
12.770988464355469
13.847308158874512
13.410252571105957
13.698892593383789
12.908076286315918
12.632076263427734
11.96689224243164
11.973388671875
12.03956413269043
11.798540115356445
11.8239164352417
12.14151668548584
12.063179969787598
11.736172676086426
11.659468650817871
11.761164665222168
11.523564338684082
14.003148078918457
13.850348472595215
14.345516204833984
13.824716567993164
13.129963874816895
13.310731887817383
13.874380111694336
11.9069242477417
12.302860260009766
11.798476219177246
11.98487663269043
11.670316696166992
11.660684585571289
13.403019905090332
14.190476417541504
13.401227951049805
12.1676607131958
11.851852416992188
11.585612297058105
13.276876449584961
12.070508003234863
11.628300666809082
13.833995819091797
11.885100364685059
11.713292121887207
13.881547927856445
12.377676010131836
13.941132545471191
12.174092292785645
12.539916038513184
11.690412521362305
12.3086519241333
11.798667907714844
11.807404518127441
12.361900329589844
12.639371871948242
12.163211822509766
12.560652732849121
12.230060577392578
12.675980567932129
12.739116668701172
12.452876091003418
13.008428573608398
12.542604446411133
12.782668113708496
12.886283874511719
12.807723999023438
13.075307846069336
13.176556587219238
13.277547836303711
13.492012023925781
13.611371994018555
13.900075912475586
14.08692455291748
14.21047592163086
14.012619972229004
14.158540725708008
14.00295639038086
14.557036399841309
13.773772239685059
13.1427640914917
13.4417085647583
13.96855640411377
13.184043884277344
12.763564109802246
12.764460563659668
11.834668159484863
11.687884330749512
11.908172607421875
12.529900550842285
12.112716674804688
12.696300506591797
11.110283851623535
13.526508331298828
11.478316307067871
10.792524337768555
10.739084243774414
10.644683837890625
11.579339981079102
10.856012344360352
10.526412010192871
13.603500366210938
12.874764442443848
13.756939888000488
11.624492645263672
12.316300392150879
11.799628257751465
11.505548477172852
12.372620582580566
13.015820503234863
10.950892448425293
10.68193244934082
11.27854061126709
10.523564338684082
13.359148025512695
11.553996086120605
11.694988250732422
11.340204238891602
12.086028099060059
13.54382038116455
12.558124542236328
11.491020202636719
11.362764358520508
11.049612045288086
12.983948707580566
12.258988380432129
11.426892280578613
13.248876571655273
12.018988609313965
11.064812660217285
13.05041217803955
12.86925983428955
12.312556266784668
12.563628196716309
12.372108459472656
12.088140487670898
11.019116401672363
11.875020027160645
11.589932441711426
11.198028564453125
12.013611793518066
11.732844352722168
11.031660079956055
10.878700256347656
11.567084312438965
10.86653995513916
10.914668083190918
11.306156158447266
11.134956359863281
10.765804290771484
10.663180351257324
10.749068260192871
14.327404022216797
14.179692268371582
14.382316589355469
14.20711612701416
13.802284240722656
13.648460388183594
13.509292602539062
13.843979835510254
13.733612060546875
13.377196311950684
13.128811836242676
12.228876113891602
11.856043815612793
11.699116706848145
11.401996612548828
11.008844375610352
10.60983657836914
10.549836158752441
10.538251876831055
10.538924217224121
10.55383586883545
11.502668380737305
11.506731986999512
11.48826789855957
11.1045560836792
10.953996658325195
11.16026782989502
11.153548240661621
10.695916175842285
10.575084686279297
11.4002046585083
11.044012069702148
11.021932601928711
11.066028594970703
10.696331977844238
10.613739967346191
11.187468528747559
10.894475936889648
11.197964668273926
11.134860038757324
11.101675987243652
11.370123863220215
10.815628051757812
10.965964317321777
10.86644458770752
10.79940414428711
11.351372718811035
10.71690845489502
11.088332176208496
10.93415641784668
10.985260009765625
10.819724082946777
10.882987976074219
10.744011878967285
10.64058780670166
10.62679672241211
10.638764381408691
10.673707962036133
10.793292045593262
11.120652198791504
10.978476524353027
10.986827850341797
10.770604133605957
11.186123847961426
10.85124397277832
10.660524368286133
10.970027923583984
10.740588188171387
10.716300010681152
10.87678050994873
10.723115921020508
10.800844192504883
10.964460372924805
10.832236289978027
10.841292381286621
10.972076416015625
10.676972389221191
10.701740264892578
10.667019844055176
10.877068519592285
10.638540267944336
11.152875900268555
10.722860336303711
10.847884178161621
11.67921257019043
10.911596298217773
10.858028411865234
11.062315940856934
10.75901985168457
10.910764694213867
10.837068557739258
10.725836753845215
10.692523956298828
10.856300354003906
10.85818862915039
10.714476585388184
10.726987838745117
10.824204444885254
10.960844039916992
10.826668739318848
10.615692138671875
10.763051986694336
10.672684669494629
10.932747840881348
11.073836326599121
11.255435943603516
10.55428409576416
10.800716400146484
11.081868171691895
10.82116413116455
10.745868682861328
11.006060600280762
11.341259956359863
11.528203964233398
10.596332550048828
10.97303581237793
10.797100067138672
10.803436279296875
10.58430004119873
11.435148239135742
10.780556678771973
10.72065258026123
10.65198040008545
10.931180000305176
10.643084526062012
11.044780731201172
10.786348342895508
10.786603927612305
10.61978816986084
11.621100425720215
10.815884590148926
10.888620376586914
11.842796325683594
10.861644744873047
11.020748138427734
10.953100204467773
11.321100234985352
10.587371826171875
10.657292366027832
10.925292015075684
11.179852485656738
11.270731925964355
10.868204116821289
10.975468635559082
11.082508087158203
11.368268013000488
11.485740661621094
11.668076515197754
11.709388732910156
11.890572547912598
12.270155906677246
16.85511589050293
16.65815544128418
16.62078094482422
17.19716453552246
16.975339889526367
16.460844039916992
17.04935646057129
17.038667678833008
16.916044235229492
16.799596786499023
16.397836685180664
17.181867599487305
16.662187576293945
16.918315887451172
16.491979598999023
17.028011322021484
16.933452606201172
16.818540573120117
16.803756713867188
16.67204475402832
16.77633285522461
16.662124633789062
16.621835708618164
16.820972442626953
16.898635864257812
16.681419372558594
16.517196655273438
16.749197006225586
16.331212997436523
16.58151626586914
16.416685104370117
15.559276580810547
15.331244468688965
16.068843841552734
16.232044219970703
16.101261138916016
15.137900352478027
15.860812187194824
14.701995849609375
15.727787971496582
15.208107948303223
13.968844413757324
15.595627784729004
15.563596725463867
15.139180183410645
14.635820388793945
15.149388313293457
16.15031623840332
14.94455623626709
14.484811782836914
15.147788047790527
14.654603958129883
16.37569236755371
15.371244430541992
16.00554847717285
15.75140380859375
15.161964416503906
14.897452354431152
16.308076858520508
14.93101978302002
14.911596298217773
15.910123825073242
14.67879581451416
16.240459442138672
15.949740409851074
15.756620407104492
15.576364517211914
15.396108627319336
15.18317985534668
14.982892036437988
14.735116004943848
14.424555778503418
14.39604377746582
13.903468132019043
10.766188621520996
12.392268180847168
13.173932075500488
13.30593204498291
13.480268478393555
14.364044189453125
15.29764461517334
14.818732261657715
14.510828018188477
15.303979873657227
14.514444351196289
15.648940086364746
16.005964279174805
16.470125198364258
16.59639549255371
16.457931518554688
14.757644653320312
15.569228172302246
14.601036071777344
16.744779586791992
14.444204330444336
16.74868392944336
16.56913185119629
16.382091522216797
15.494507789611816
14.67972469329834
14.091020584106445
15.71319580078125
16.77268409729004
16.966123580932617
15.97281265258789
16.991308212280273
15.705836296081543
16.862380981445312
16.461292266845703
15.673356056213379
16.4550838470459
14.27466869354248
16.44826889038086
15.652844429016113
15.949324607849121
14.211051940917969
14.998315811157227
13.245708465576172
14.14116382598877
15.605899810791016
13.692299842834473
15.305740356445312
11.808012008666992
15.432652473449707
13.413164138793945
16.518220901489258
15.584172248840332
11.396907806396484
16.31396484375
16.14052391052246
15.406603813171387
14.46638011932373
13.308588027954102
12.902379989624023
12.824811935424805
15.205900192260742
14.914252281188965
13.583148002624512
11.197772026062012
12.459755897521973
11.770700454711914
15.76004409790039
13.319211959838867
11.828619956970215
10.952556610107422
14.514028549194336
14.793292045593262
10.878156661987305
11.359692573547363
12.390348434448242
11.073996543884277
11.453836441040039
14.31191635131836
12.905963897705078
13.189708709716797
12.354156494140625
11.141772270202637
12.826412200927734
13.856684684753418
14.89918041229248
11.418476104736328
14.191468238830566
13.674028396606445
13.428875923156738
11.818635940551758
11.36478042602539
12.351468086242676
11.58862018585205
13.236492156982422
11.443116188049316
12.828780174255371
12.63508415222168
11.749547958374023
12.789676666259766
13.17812442779541
11.53188419342041
12.488748550415039
11.83754825592041
13.868331909179688
11.973740577697754
12.393035888671875
12.06407642364502
14.372876167297363
12.225292205810547
11.778411865234375
13.803468704223633
13.546764373779297
12.256492614746094
12.253355979919434
12.255020141601562
12.249259948730469
12.528332710266113
12.418572425842285
12.399628639221191
13.276204109191895
12.626988410949707
13.5346040725708
12.547148704528809
12.582124710083008
12.655179977416992
12.632524490356445
12.733548164367676
13.0597562789917
12.458700180053711
12.679628372192383
12.467756271362305
12.824172019958496
12.99476432800293
12.486763954162598
12.398604393005371
12.553740501403809
12.917132377624512
12.302348136901855
12.365836143493652
12.415596008300781
12.919692039489746
12.3336763381958
13.420876502990723
12.403595924377441
12.871180534362793
12.611532211303711
12.637676239013672
13.076940536499023
12.396524429321289
12.512236595153809
12.54234790802002
13.211115837097168
13.43306827545166
12.004396438598633
15.507916450500488
14.897356033325195
14.687756538391113
15.833612442016602
16.178316116333008
15.6973237991333
14.823500633239746
14.685868263244629
16.588972091674805
14.38452434539795
15.18961238861084
13.96030044555664
16.803340911865234
16.828716278076172
16.667724609375
15.963692665100098
15.35614013671875
14.942476272583008
16.409292221069336
12.807084083557129
15.129772186279297
15.283340454101562
16.348876953125
14.290796279907227
13.001835823059082
14.235020637512207
11.86865234375
14.584236145019531
14.039596557617188
12.36324405670166
14.122380256652832
12.345067977905273
11.286667823791504
11.970091819763184
12.361515998840332
11.757356643676758
13.838315963745117
12.157228469848633
12.316812515258789
12.274092674255371
13.0826997756958
13.071211814880371
12.566699981689453
12.429068565368652
12.802092552185059
12.429420471191406
13.121100425720215
13.020268440246582
12.239051818847656
12.692716598510742
11.288812637329102
15.445836067199707
15.766316413879395
16.4417724609375
15.047340393066406
16.592811584472656
14.277771949768066
16.58753204345703
14.184619903564453
15.158475875854492
16.637388229370117
15.977452278137207
15.383020401000977
13.770828247070312
14.982220649719238
15.109452247619629
12.98445987701416
16.15633201599121
10.996844291687012
11.926956176757812
11.564908027648926
12.961068153381348
13.461292266845703
12.625036239624023
12.268492698669434
13.290060043334961
12.408684730529785
13.118924140930176
13.038060188293457
13.36324405670166
10.5248441696167
15.268556594848633
14.873324394226074
16.138988494873047
14.597100257873535
14.096779823303223
16.436235427856445
15.035628318786621
13.33322811126709
15.906060218811035
13.963563919067383
14.812332153320312
12.507308006286621
10.942731857299805
13.593547821044922
11.985516548156738
12.49265193939209
11.919724464416504
13.583532333374023
12.735724449157715
12.5115966796875
12.30906867980957
13.235244750976562
12.502860069274902
13.515372276306152
15.952780723571777
16.394540786743164
14.527339935302734
15.693228721618652
15.072492599487305
15.73550033569336
14.765228271484375
12.56519603729248
14.622347831726074
15.943500518798828
11.701740264892578
12.448812484741211
12.494604110717773
11.495595932006836
16.096460342407227
15.896907806396484
14.928939819335938
14.46190071105957
16.61495590209961
15.409259796142578
16.245996475219727
13.516044616699219
14.625003814697266
15.53735637664795
11.081260681152344
12.590124130249023
12.583244323730469
12.929803848266602
15.841035842895508
15.400396347045898
13.071372032165527
13.845260620117188
11.219788551330566
12.08858871459961
16.053709030151367
15.232940673828125
16.096555709838867
13.718060493469238
11.504012107849121
12.1360445022583
13.328971862792969
12.512076377868652
12.386316299438477
12.805580139160156
13.002572059631348
11.687308311462402
13.936140060424805
11.649420738220215
12.542572021484375
12.401740074157715
12.736907958984375
15.46740436553955
12.635372161865234
15.920172691345215
13.201995849609375
12.484204292297363
12.415788650512695
12.832779884338379
13.20654010772705
12.012076377868652
11.597100257873535
12.036684036254883
12.404108047485352
12.473259925842285
16.41710090637207
13.758220672607422
13.781100273132324
16.42538833618164
15.71962833404541
12.68903636932373
14.427692413330078
14.772940635681152
13.336396217346191
15.058124542236328
11.771564483642578
12.627180099487305
11.759947776794434
15.10062026977539
11.407916069030762
12.582732200622559
13.07550048828125
11.797324180603027
12.538028717041016
15.254283905029297
11.44666862487793
15.306092262268066
13.540460586547852
11.565804481506348
15.09636402130127
13.750348091125488
15.063276290893555
15.963980674743652
12.746891975402832
11.946732521057129
12.658892631530762
12.252140045166016
11.637964248657227
14.387852668762207
