9.876351576561311e-42
19.016807556152344
16.87517547607422
16.148902893066406
17.548904418945312
16.0452880859375
10.903143882751465
10.582632064819336
12.24688720703125
17.253799438476562
14.132135391235352
14.230695724487305
14.398119926452637
18.551912307739258
17.500200271606445
12.330984115600586
16.02128791809082
14.455399513244629
17.650663375854492
14.320679664611816
15.882023811340332
16.11587905883789
13.769255638122559
14.150504112243652
14.023975372314453
16.065832138061523
16.320104598999023
14.941864013671875
15.639080047607422
16.356199264526367
15.05904769897461
16.29194450378418
15.11850357055664
16.31715965270996
15.779431343078613
15.55248737335205
16.4525203704834
16.13987922668457
15.189671516418457
16.3378963470459
15.619559288024902
16.179624557495117
18.147815704345703
15.602151870727539
15.790887832641602
17.686952590942383
11.955047607421875
14.740647315979004
18.38493537902832
12.806632041931152
15.575783729553223
18.059240341186523
13.378087997436523
16.74826431274414
13.824295997619629
15.935336112976074
14.528423309326172
15.209959983825684
16.31351089477539
15.05578327178955
16.429800033569336
17.343399047851562
11.735015869140625
12.071399688720703
14.260391235351562
18.34115982055664
17.202342987060547
15.019623756408691
13.943719863891602
16.155176162719727
14.760679244995117
16.275815963745117
17.329191207885742
16.696487426757812
10.67747974395752
11.423079490661621
18.30071258544922
16.323623657226562
13.943016052246094
16.273574829101562
16.015783309936523
16.04087257385254
16.23735237121582
16.97341537475586
12.71562385559082
18.042024612426758
15.983335494995117
16.012392044067383
16.604583740234375
16.26883888244629
16.059240341186523
9.629159927368164
17.207975387573242
16.650663375854492
15.646120071411133
16.42416763305664
16.029991149902344
16.65853500366211
16.017831802368164
15.279399871826172
13.129063606262207
16.158246994018555
15.266087532043457
15.087656021118164
13.930279731750488
15.395879745483398
13.681255340576172
16.68183135986328
15.611303329467773
14.888999938964844
13.129319190979004
16.1981201171875
13.406311988830566
15.196135520935059
16.84221649169922
14.452136039733887
15.408679962158203
9.927911758422852
15.161831855773926
11.954535484313965
16.77341651916504
15.298664093017578
14.95811939239502
15.907303810119629
15.31671142578125
17.020328521728516
15.451239585876465
17.596263885498047
16.78954315185547
15.730792045593262
16.15274429321289
11.409768104553223
15.581351280212402
15.719592094421387
16.16535186767578
16.343719482421875
13.647272109985352
16.63920783996582
17.297191619873047
15.340968132019043
16.807334899902344
16.03619956970215
15.646439552307129
16.74999237060547
17.07383155822754
16.333864212036133
16.32227897644043
16.65399169921875
17.138471603393555
17.370983123779297
18.216999053955078
18.005542755126953
17.713768005371094
16.740520477294922
15.747943878173828
16.382375717163086
16.81181526184082
16.69597625732422
16.636455535888672
16.146087646484375
15.134503364562988
14.999911308288574
21.006183624267578
19.938215255737305
20.77533531188965
19.00912857055664
20.100135803222656
16.922534942626953
18.17808723449707
17.386280059814453
17.240999221801758
15.437287330627441
21.095399856567383
17.60759162902832
16.313383102416992
19.497831344604492
15.933223724365234
17.13226318359375
16.05571937561035
19.006248474121094
19.314279556274414
19.49456787109375
14.924455642700195
18.905128479003906
19.026023864746094
17.38858413696289
15.818920135498047
15.743463516235352
17.06813621520996
16.262056350708008
16.13636016845703
17.803815841674805
16.613224029541016
15.903143882751465
16.612838745117188
15.438695907592773
20.111398696899414
18.877479553222656
21.21335220336914
17.544614791870117
16.452966690063477
21.73200798034668
15.953447341918945
17.19108009338379
18.237224578857422
16.38448715209961
15.382055282592773
19.59747886657715
19.450279235839844
17.089895248413086
16.565223693847656
19.036134719848633
18.511272430419922
16.75984764099121
17.70858383178711
19.051942825317383
18.029991149902344
19.591527938842773
17.375080108642578
19.1097354888916
15.477863311767578
16.783016204833984
15.654376029968262
16.016359329223633
17.313383102416992
18.331687927246094
17.55927085876465
16.581159591674805
16.87607192993164
17.914152145385742
15.852519989013672
15.865959167480469
16.496871948242188
15.784615516662598
15.841191291809082
17.54391098022461
16.25098419189453
16.993255615234375
15.006183624267578
17.156328201293945
17.89360809326172
15.034152030944824
17.341670989990234
14.874663352966309
18.47159194946289
16.05392837524414
17.99504852294922
19.469926834106445
16.58781623840332
16.504615783691406
18.757160186767578
19.438758850097656
18.88003921508789
17.99363899230957
18.074790954589844
18.45194435119629
18.675622940063477
18.806503295898438
21.24368667602539
21.216487884521484
21.234663009643555
21.621606826782227
21.81885528564453
21.704486846923828
21.84663200378418
22.10384750366211
22.19005584716797
22.46282386779785
22.376808166503906
21.027751922607422
21.652198791503906
21.29053497314453
21.704551696777344
21.74563980102539
22.17616844177246
22.494823455810547
22.47600746154785
21.803815841674805
20.976167678833008
21.373414993286133
21.3837833404541
20.94723892211914
19.963687896728516
20.568103790283203
19.362472534179688
21.2232723236084
21.715368270874023
21.170408248901367
21.56439208984375
21.84445571899414
21.66775131225586
21.276071548461914
22.293031692504883
21.745512008666992
21.736103057861328
21.29047203063965
19.868839263916016
20.253416061401367
21.827816009521484
21.194536209106445
21.629798889160156
22.427623748779297
20.90141487121582
19.922279357910156
21.56951141357422
22.56631088256836
19.930343627929688
21.491111755371094
20.93975067138672
20.87677574157715
21.259239196777344
21.687143325805664
21.439271926879883
22.661287307739258
21.727783203125
20.774120330810547
22.62339973449707
21.590951919555664
21.17821502685547
22.336807250976562
21.743846893310547
22.13021469116211
22.386470794677734
21.88311195373535
22.084903717041016
21.730215072631836
22.033191680908203
21.724903106689453
21.84925651550293
21.892070770263672
21.768423080444336
21.691688537597656
21.647783279418945
21.64522361755371
21.668840408325195
21.62192726135254
21.58999252319336
21.431015014648438
21.22832679748535
21.161767959594727
21.065319061279297
20.983976364135742
20.886823654174805
20.935848236083984
20.807144165039062
21.68842315673828
21.29712677001953
20.68195915222168
21.242599487304688
20.447912216186523
19.226152420043945
20.790311813354492
19.950119018554688
20.889320373535156
19.82672691345215
18.533735275268555
16.998119354248047
19.75619888305664
16.458791732788086
18.589672088623047
19.511335372924805
19.804584503173828
19.789222717285156
15.570663452148438
15.902375221252441
19.389863967895508
21.013927459716797
21.643495559692383
20.3708553314209
20.186983108520508
19.151016235351562
20.376615524291992
19.02627944946289
16.232486724853516
16.803688049316406
19.67594337463379
19.13648796081543
16.229095458984375
18.943016052246094
20.962663650512695
19.857511520385742
20.379430770874023
18.468584060668945
15.702823638916016
20.675432205200195
20.804519653320312
19.992935180664062
19.37834358215332
18.896039962768555
19.9689998626709
21.252071380615234
19.751590728759766
19.355688095092773
20.82864761352539
19.624231338500977
18.529767990112305
17.6949520111084
20.31434440612793
18.432870864868164
17.718887329101562
19.778919219970703
19.429414749145508
19.29815101623535
20.014951705932617
19.6697998046875
16.71120834350586
17.604328155517578
19.469926834106445
19.638504028320312
17.189096450805664
19.14851951599121
19.682790756225586
18.21187973022461
17.74314308166504
19.69559097290039
19.548328399658203
18.55357551574707
21.0530948638916
20.88644027709961
20.361448287963867
19.501800537109375
17.721704483032227
16.913766860961914
16.280487060546875
15.718951225280762
15.597991943359375
15.978471755981445
16.540136337280273
15.977255821228027
16.322343826293945
15.952231407165527
16.750568389892578
17.064104080200195
17.386215209960938
18.22947883605957
18.948583602905273
18.460647583007812
18.359975814819336
18.90723991394043
19.011751174926758
19.15843963623047
18.890727996826172
19.423784255981445
18.11863136291504
19.628646850585938
19.51978302001953
17.882856369018555
18.733736038208008
19.05367088317871
19.159847259521484
19.64196014404297
19.342247009277344
17.8609676361084
18.644519805908203
19.548263549804688
18.095462799072266
18.63920783996582
18.615400314331055
18.400360107421875
19.707304000854492
19.345703125
19.606246948242188
19.615400314331055
18.319398880004883
19.627111434936523
18.724712371826172
19.37450408935547
19.213224411010742
19.76420021057129
19.622182846069336
19.822824478149414
19.62749481201172
19.409191131591797
19.106599807739258
18.806312561035156
18.378215789794922
15.345704078674316
19.594728469848633
19.98147964477539
19.605670928955078
20.003559112548828
19.761959075927734
16.764455795288086
19.911272048950195
16.5300235748291
19.118696212768555
19.629287719726562
18.558887481689453
18.368616104125977
19.3326473236084
17.008808135986328
19.20676040649414
19.0847110748291
17.931303024291992
17.525222778320312
17.383848190307617
17.21847152709961
18.372583389282227
16.61680793762207
16.31728744506836
16.1218318939209
17.15888786315918
19.834983825683594
15.613287925720215
20.065383911132812
19.513832092285156
19.864744186401367
19.591463088989258
18.28215217590332
18.827495574951172
18.021095275878906
18.96144676208496
16.973352432250977
16.7646484375
16.71082305908203
16.760807037353516
19.677671432495117
16.999719619750977
19.327463150024414
16.974184036254883
17.078311920166016
17.38154411315918
17.573863983154297
17.778728485107422
19.6198787689209
19.8741512298584
17.694887161254883
18.93347930908203
17.387943267822266
17.51991081237793
17.376615524291992
17.353832244873047
19.633895874023438
19.511079788208008
18.532520294189453
17.697511672973633
17.13226318359375
19.128488540649414
18.874406814575195
18.429800033569336
17.613414764404297
17.3905029296875
17.517606735229492
17.522790908813477
19.42192840576172
17.91735076904297
16.844072341918945
18.530534744262695
17.505191802978516
16.0650634765625
18.186279296875
17.25405502319336
17.8425350189209
16.923303604125977
17.318632125854492
16.984359741210938
17.133607864379883
17.41597557067871
17.25360679626465
18.18307876586914
17.894184112548828
17.462247848510742
16.446950912475586
16.633255004882812
16.341352462768555
15.880359649658203
15.757287979125977
15.49399185180664
18.237863540649414
17.315366744995117
17.065959930419922
19.018918991088867
18.672231674194336
16.482664108276367
17.536487579345703
17.686887741088867
16.743656158447266
17.034408569335938
17.950056076049805
19.011367797851562
17.63600730895996
17.078311920166016
18.180007934570312
17.853862762451172
16.88880729675293
18.143400192260742
16.378536224365234
17.055208206176758
15.746088027954102
16.017383575439453
14.979111671447754
17.979368209838867
16.82967185974121
17.24631118774414
16.233638763427734
15.618343353271484
15.211623191833496
14.621735572814941
17.231975555419922
12.15786361694336
12.194599151611328
14.306151390075684
16.294694900512695
16.271207809448242
11.457383155822754
15.618279457092285
11.840744018554688
14.932007789611816
13.696615219116211
13.2112398147583
14.942631721496582
14.759271621704102
14.748391151428223
15.191527366638184
14.867687225341797
15.283815383911133
11.332391738891602
12.674920082092285
14.560807228088379
14.413415908813477
16.083751678466797
11.450279235839844
15.587687492370605
14.847847938537598
14.275752067565918
15.14755916595459
14.855911254882812
13.766823768615723
14.535271644592285
14.604839324951172
13.479079246520996
14.031655311584473
13.329639434814453
12.657320022583008
12.321959495544434
12.464871406555176
11.410343170166016
12.886759757995605
12.611303329467773
13.348583221435547
14.249383926391602
13.533607482910156
21.377256393432617
21.92963981628418
21.295974731445312
21.250022888183594
21.2562313079834
21.301223754882812
19.96023178100586
21.27306365966797
21.286760330200195
19.81443977355957
21.250598907470703
14.83683967590332
14.260327339172363
18.362024307250977
19.713640213012695
18.072999954223633
20.15786361694336
14.494311332702637
19.509735107421875
18.212839126586914
18.585895538330078
16.364198684692383
15.905960083007812
15.649064064025879
14.337127685546875
15.072295188903809
16.82819938659668
14.918567657470703
16.87152671813965
17.829288482666016
15.364839553833008
18.25347900390625
14.972968101501465
18.49616813659668
16.810087203979492
13.947175979614258
16.527719497680664
15.31063175201416
16.1600399017334
13.454567909240723
14.070055961608887
15.176807403564453
13.293992042541504
16.00445556640625
14.747751235961914
12.88266372680664
15.638631820678711
12.831527709960938
14.570087432861328
12.202791213989258
13.314599990844727
17.17616844177246
12.472487449645996
14.616168022155762
16.20880699157715
15.86474323272705
12.88112735748291
13.243175506591797
12.89194393157959
12.90512752532959
12.645927429199219
13.245800018310547
13.016807556152344
12.848167419433594
14.837607383728027
12.827495574951172
13.695143699645996
13.304487228393555
12.709991455078125
13.82768726348877
15.947112083435059
13.17258358001709
13.350183486938477
16.482471466064453
14.529383659362793
13.268327713012695
15.529767990112305
14.284327507019043
13.066919326782227
13.249383926391602
12.832167625427246
14.207528114318848
15.773543357849121
13.679143905639648
12.684455871582031
11.990375518798828
13.930599212646484
12.960871696472168
12.896679878234863
12.76707935333252
13.54653549194336
14.02845573425293
14.417448043823242
12.44611930847168
14.112743377685547
15.040807723999023
14.704360008239746
15.209639549255371
12.290791511535645
15.156583786010742
14.660840034484863
16.049638748168945
15.308072090148926
13.838312149047852
14.134119987487793
14.809576034545898
15.348775863647461
13.866600036621094
15.023783683776855
14.50275993347168
16.531110763549805
14.676519393920898
14.515495300292969
15.830120086669922
15.449383735656738
15.868711471557617
15.867687225341797
15.362727165222168
15.505831718444824
15.616487503051758
14.012007713317871
15.123751640319824
13.97341537475586
15.269991874694824
15.149928092956543
15.25719165802002
14.685863494873047
14.343079566955566
13.722151756286621
15.659303665161133
13.816231727600098
14.771175384521484
15.035687446594238
13.178343772888184
14.34013557434082
13.29533576965332
14.624103546142578
15.03709602355957
12.883624076843262
13.235879898071289
13.409767150878906
14.72720718383789
12.932775497436523
14.362215995788574
12.962471961975098
13.689640045166016
13.16701602935791
12.37232780456543
13.119207382202148
12.670759201049805
12.49296760559082
11.494440078735352
11.466919898986816
11.664360046386719
21.645288467407227
18.573287963867188
21.291879653930664
21.256744384765625
14.212967872619629
14.996007919311523
13.987367630004883
18.19287109375
17.364646911621094
17.414247512817383
15.926311492919922
14.4786958694458
16.169191360473633
17.622888565063477
18.228967666625977
17.795623779296875
14.567336082458496
13.147943496704102
13.1928071975708
15.69008731842041
15.995495796203613
12.56285572052002
12.278696060180664
16.490280151367188
13.196968078613281
12.853991508483887
12.907047271728516
14.029287338256836
13.174567222595215
12.718376159667969
13.793255805969238
13.016103744506836
14.391399383544922
14.937704086303711
12.68458366394043
14.548583984375
15.072615623474121
14.643559455871582
14.175271987915039
15.481063842773438
15.433320045471191
14.540519714355469
14.175335884094238
15.461799621582031
15.566951751708984
11.880871772766113
14.056231498718262
14.789031982421875
14.863080024719238
12.944295883178711
11.040935516357422
21.629222869873047
18.248807907104492
14.070055961608887
17.462247848510742
16.529382705688477
18.731046676635742
15.506599426269531
16.427047729492188
15.275687217712402
14.787559509277344
17.69719123840332
14.952615737915039
13.596327781677246
16.354215621948242
12.64586353302002
12.66659927368164
13.3707275390625
15.651432037353516
16.243240356445312
14.078439712524414
13.244711875915527
13.55677604675293
13.811687469482422
15.459111213684082
15.619623184204102
14.464871406555176
15.409255981445312
14.355751991271973
11.043560028076172
12.12509536743164
21.388328552246094
17.530664443969727
21.31466293334961
15.061223983764648
14.980583190917969
15.288999557495117
16.876903533935547
13.673192024230957
16.818279266357422
13.370087623596191
13.79651927947998
12.88272762298584
13.078567504882812
16.94339942932129
12.405672073364258
13.862375259399414
15.567463874816895
15.567912101745605
14.61258316040039
14.778087615966797
12.548583984375
13.084136009216309
14.46960735321045
13.041319847106934
12.943719863891602
14.290343284606934
16.027496337890625
15.000167846679688
14.387175559997559
14.14960765838623
12.436071395874023
13.190055847167969
13.534695625305176
13.064167976379395
15.34122371673584
12.99683952331543
12.971367835998535
13.66211986541748
21.3653507232666
15.08899974822998
14.355815887451172
15.931111335754395
15.074983596801758
17.14691925048828
14.085799217224121
14.893863677978516
13.986536026000977
13.222887992858887
13.323559761047363
16.6248722076416
14.164135932922363
13.943399429321289
12.707047462463379
14.481767654418945
14.058791160583496
14.128679275512695
13.380135536193848
15.888360023498535
13.261927604675293
15.09066390991211
14.14749526977539
14.751976013183594
13.07427978515625
14.189095497131348
13.26589584350586
14.693095207214355
14.483304023742676
13.537511825561523
14.490983963012695
14.044007301330566
21.33002281188965
12.692520141601562
13.861288070678711
14.972007751464844
13.831463813781738
14.983463287353516
14.573543548583984
14.253416061401367
14.745319366455078
12.638055801391602
15.206759452819824
15.224807739257812
15.053863525390625
13.595111846923828
21.3377685546875
14.657959938049316
12.66064739227295
15.513832092285156
21.366823196411133
16.52119255065918
12.425191879272461
21.2944393157959
16.6066951751709
14.601383209228516
13.045991897583008
21.24733543395996
20.804903030395508
13.974184036254883
20.776103973388672
14.200359344482422
13.566631317138672
13.895400047302246
20.7396240234375
14.403304100036621
14.03658390045166
13.099431991577148
14.526951789855957
14.366695404052734
19.660263061523438
14.247143745422363
13.37015151977539
14.521831512451172
14.162727355957031
12.552807807922363
14.752039909362793
20.705766677856445
15.183655738830566
14.108647346496582
15.295975685119629
14.879271507263184
15.951399803161621
14.14404010772705
13.031015396118164
