9.876351576561311e-42
11.739815711975098
11.062888145446777
12.056584358215332
11.39802360534668
11.756584167480469
11.403847694396973
11.649543762207031
11.82138442993164
10.23911190032959
11.930055618286133
10.78052043914795
11.053576469421387
9.86016845703125
10.222663879394531
11.291848182678223
9.506376266479492
10.965319633483887
9.843400001525879
10.834823608398438
10.502408027648926
9.60583209991455
10.799943923950195
10.824775695800781
10.607879638671875
9.545000076293945
9.765768051147461
10.66532039642334
10.330151557922363
9.469320297241211
10.418984413146973
9.607303619384766
10.222503662109375
10.16541576385498
10.081704139709473
10.38484001159668
10.233320236206055
10.311880111694336
9.365575790405273
10.076104164123535
10.350919723510742
10.025416374206543
11.354984283447266
10.131624221801758
11.906472206115723
11.189191818237305
11.664648056030273
10.650152206420898
9.977416038513184
11.733736038208008
10.711496353149414
9.818663597106934
11.146120071411133
9.776647567749023
11.073415756225586
10.425031661987305
10.644231796264648
10.382087707519531
9.47706413269043
10.4121675491333
10.71511173248291
9.978119850158691
11.787848472595215
11.501992225646973
11.79971981048584
10.02464771270752
9.751367568969727
11.054696083068848
11.08570384979248
10.611207962036133
10.35044002532959
10.205096244812012
10.970151901245117
10.352775573730469
11.595720291137695
11.50861644744873
9.921799659729004
9.58071231842041
11.34663200378418
10.567272186279297
10.145383834838867
10.292360305786133
10.55456829071045
10.264871597290039
11.36362361907959
9.943655967712402
9.530280113220215
9.61299991607666
10.68947982788086
10.278056144714355
10.445480346679688
11.459272384643555
9.86784839630127
10.636775970458984
10.33133602142334
10.402728080749512
9.459464073181152
9.566503524780273
10.34708023071289
10.769384384155273
11.323080062866211
9.48263168334961
10.3541841506958
10.376423835754395
10.983048439025879
10.591336250305176
11.078951835632324
9.520423889160156
10.388839721679688
10.286824226379395
10.855208396911621
10.540488243103027
11.065832138061523
10.213191986083984
10.36954402923584
10.839847564697266
10.425288200378418
11.268744468688965
10.453895568847656
11.160743713378906
10.476263999938965
10.681384086608887
10.295559883117676
10.64468002319336
10.226920127868652
10.349448204040527
10.333576202392578
10.23360824584961
9.53488826751709
10.285320281982422
10.523336410522461
11.334695816040039
10.408712387084961
10.341608047485352
10.270919799804688
10.343879699707031
11.20858383178711
10.94919204711914
10.843655586242676
10.784520149230957
10.601608276367188
10.742471694946289
10.898728370666504
10.819463729858398
10.74020004272461
10.552007675170898
10.450535774230957
10.346535682678223
10.25536823272705
10.24461555480957
10.044136047363281
10.063655853271484
9.965736389160156
9.847304344177246
9.70032787322998
9.590344429016113
9.572487831115723
9.570792198181152
9.540936470031738
9.477224349975586
9.332327842712402
9.272263526916504
11.425415992736816
10.962120056152344
10.135144233703613
10.535655975341797
10.194984436035156
9.363847732543945
9.822919845581055
8.720680236816406
9.129927635192871
8.155048370361328
9.649224281311035
8.21891975402832
7.012968063354492
9.293607711791992
6.746952056884766
9.709768295288086
9.599656105041504
6.154856204986572
11.244487762451172
6.2876877784729
8.742600440979004
11.054823875427246
11.768232345581055
7.829832077026367
8.906984329223633
9.481512069702148
10.672167778015137
10.0768404006958
9.485832214355469
11.410408020019531
9.009096145629883
9.98307991027832
9.513704299926758
10.3060884475708
10.91543197631836
10.453672409057617
10.262663841247559
9.5933837890625
8.827591896057129
10.047143936157227
7.575719833374023
7.716904163360596
6.023687839508057
8.792872428894043
8.708807945251465
11.418760299682617
6.52615213394165
10.277288436889648
7.3250322341918945
10.358823776245117
8.805704116821289
7.075687885284424
10.509320259094238
6.430759906768799
9.432231903076172
9.394503593444824
10.387751579284668
7.120327949523926
9.499752044677734
8.827431678771973
9.531271934509277
10.480584144592285
8.667752265930176
8.909543991088867
6.3143439292907715
9.16109561920166
8.241448402404785
6.302663803100586
9.91002368927002
8.572135925292969
8.293383598327637
7.985511779785156
8.02448844909668
7.834343910217285
9.836711883544922
7.485223770141602
8.694727897644043
9.541799545288086
9.266535758972168
7.331143856048584
9.137703895568848
7.484968185424805
8.431336402893066
6.919367790222168
8.11453628540039
6.816455841064453
7.041319847106934
7.128680229187012
6.204040050506592
6.175432205200195
6.014023780822754
6.435368061065674
6.696968078613281
7.351528167724609
7.71668004989624
8.116040229797363
11.725799560546875
11.223048210144043
11.729928016662598
12.268839836120605
12.396679878234863
11.923368453979492
12.10765552520752
12.387368202209473
12.104424476623535
12.177191734313965
12.228008270263672
8.971879959106445
9.665703773498535
9.113448143005371
9.823944091796875
11.050600051879883
12.036711692810059
11.978280067443848
11.94045639038086
11.811304092407227
11.029704093933105
7.852871894836426
8.38704776763916
11.429960250854492
10.840295791625977
8.778632164001465
10.903400421142578
12.005224227905273
12.722855567932129
10.655495643615723
11.739303588867188
11.739527702331543
11.184807777404785
9.783559799194336
12.016136169433594
11.107272148132324
11.730376243591309
8.920999526977539
10.379079818725586
11.129799842834473
12.946151733398438
11.480199813842773
10.884936332702637
12.088935852050781
10.552488327026367
10.993255615234375
12.853192329406738
12.033991813659668
10.977800369262695
12.602631568908691
10.053064346313477
11.387720108032227
12.269096374511719
10.701607704162598
12.109543800354004
12.031271934509277
9.757096290588379
11.345704078674316
12.121319770812988
11.649160385131836
11.348360061645508
11.909159660339355
9.296584129333496
11.737832069396973
12.079943656921387
11.490951538085938
11.937159538269043
8.836039543151855
11.714056015014648
9.41543197631836
11.393192291259766
11.679368019104004
11.399815559387207
10.232711791992188
10.708840370178223
10.352359771728516
9.99559211730957
10.585063934326172
10.296680450439453
11.537032127380371
11.110440254211426
10.88154411315918
9.610312461853027
9.461735725402832
8.865703582763672
8.951175689697266
8.299976348876953
9.0485200881958
8.46608829498291
8.379207611083984
7.819784164428711
6.7657999992370605
6.810567855834961
8.252296447753906
9.893832206726074
7.726215839385986
6.702087879180908
6.9372878074646
7.476232051849365
8.070568084716797
9.408391952514648
7.360199928283691
8.505319595336914
9.051624298095703
9.182663917541504
8.842439651489258
9.121831893920898
9.357352256774902
8.35959243774414
8.43235969543457
7.893383979797363
8.21664810180664
6.770952224731445
7.286759853363037
9.785544395446777
8.073927879333496
9.293959617614746
8.287400245666504
8.759079933166504
8.614855766296387
9.374983787536621
7.748871803283691
8.721351623535156
7.711976051330566
9.708552360534668
8.813511848449707
7.73530387878418
6.76205587387085
7.775752067565918
8.719911575317383
9.6217679977417
6.844552040100098
7.3995280265808105
8.247847557067871
7.14900016784668
7.2816081047058105
8.453672409057617
7.151656150817871
7.270120143890381
6.671239852905273
6.903816223144531
7.0917840003967285
6.715976238250732
8.83674430847168
6.859432220458984
7.378791809082031
7.7497358322143555
7.671815872192383
7.480807781219482
8.014375686645508
8.943816184997559
7.841479778289795
8.279784202575684
8.61571979522705
7.701863765716553
8.044360160827637
8.77834415435791
8.971015930175781
8.5867919921875
9.38695240020752
8.866632461547852
8.635848045349121
8.321767807006836
7.877223968505859
7.947847843170166
8.108872413635254
8.581064224243164
8.816712379455566
8.338695526123047
8.942343711853027
8.443304061889648
8.045736312866211
8.420488357543945
8.203271865844727
8.436871528625488
9.103079795837402
9.168904304504395
9.263239860534668
9.335975646972656
9.372743606567383
10.237863540649414
10.663847923278809
10.617416381835938
9.981160163879395
9.869895935058594
9.042344093322754
7.1985039710998535
9.368231773376465
9.386311531066895
10.673576354980469
10.021224021911621
9.75434398651123
7.685192108154297
9.240232467651367
9.352328300476074
10.208456039428711
9.729351997375488
8.267047882080078
10.172776222229004
8.699527740478516
10.494471549987793
9.676199913024902
9.545031547546387
9.15770435333252
9.433799743652344
10.115943908691406
9.49236011505127
9.913991928100586
9.605447769165039
9.830727577209473
9.589127540588379
9.747943878173828
9.586183547973633
9.516167640686035
9.431015968322754
9.33411979675293
9.226951599121094
9.031944274902344
9.329928398132324
8.171879768371582
7.567783832550049
9.27511215209961
6.744455814361572
7.9522318840026855
9.440360069274902
7.10483980178833
9.57530403137207
9.108712196350098
7.193927764892578
7.712423801422119
8.490568161010742
7.136775970458984
9.47376823425293
7.4809041023254395
7.505447864532471
7.8168721199035645
7.9810638427734375
7.966663837432861
8.351112365722656
7.847496032714844
9.290216445922852
8.434823989868164
8.579848289489746
8.73370361328125
8.03271198272705
9.385736465454102
7.102856159210205
9.121159553527832
7.528520107269287
7.559016227722168
7.946184158325195
7.568039894104004
8.592904090881348
7.9271440505981445
8.062055587768555
8.143048286437988
8.39728832244873
8.530792236328125
8.98848819732666
9.283880233764648
8.971752166748047
9.481127738952637
8.303624153137207
8.481767654418945
8.612584114074707
9.296711921691895
8.838791847229004
6.785863876342773
8.398599624633789
7.86464786529541
8.438664436340332
8.494407653808594
8.624775886535645
9.399880409240723
6.929128170013428
7.923816204071045
8.874183654785156
8.127240180969238
8.588199615478516
7.332071781158447
7.478663921356201
7.652423858642578
8.51578426361084
9.416744232177734
8.620391845703125
9.3160400390625
8.705896377563477
7.871560096740723
8.7145357131958
8.710984230041504
9.299240112304688
9.000967979431152
8.766280174255371
9.29472827911377
8.693191528320312
8.678824424743652
8.090408325195312
8.116711616516113
8.360039710998535
8.397095680236816
8.499943733215332
8.940967559814453
8.878472328186035
8.815943717956543
8.876615524291992
8.761863708496094
8.880423545837402
9.065128326416016
9.17850399017334
9.421607971191406
12.380264282226562
12.34493637084961
12.43124008178711
12.477160453796387
12.452679634094238
12.572839736938477
12.520071983337402
12.510408401489258
12.539719581604004
12.618760108947754
12.983783721923828
12.461864471435547
12.552424430847168
12.56989574432373
12.901960372924805
12.500519752502441
12.553768157958984
12.444552421569824
12.594887733459473
12.675592422485352
12.574664115905762
12.643143653869629
12.614151954650879
12.532423973083496
12.525927543640137
12.563048362731934
12.589735984802246
12.55415153503418
12.612968444824219
12.585160255432129
12.798567771911621
12.695240020751953
12.721991539001465
12.690792083740234
12.801992416381836
12.861160278320312
12.732904434204102
12.848936080932617
12.753128051757812
13.000519752502441
12.867976188659668
12.829959869384766
12.928327560424805
13.016648292541504
13.137384414672852
13.091912269592285
13.293095588684082
12.746503829956055
12.743816375732422
12.850728034973145
13.047080039978027
13.01248836517334
12.747400283813477
12.713543891906738
12.797608375549316
12.777288436889648
12.952199935913086
13.112168312072754
12.700776100158691
12.93498420715332
13.026151657104492
12.734024047851562
12.927687644958496
12.654151916503906
12.658151626586914
12.680744171142578
12.70691967010498
12.733063697814941
12.731816291809082
12.855048179626465
12.854087829589844
12.917703628540039
12.995911598205566
12.882856369018555
12.91821575164795
13.233927726745605
12.56381607055664
12.306695938110352
12.03117561340332
11.399880409240723
10.20740032196045
10.769288063049316
10.94442367553711
9.973896026611328
10.437959671020508
9.679304122924805
10.117544174194336
10.931431770324707
11.281800270080566
11.014280319213867
9.035079956054688
9.699239730834961
8.813223838806152
11.69540023803711
8.592103958129883
11.851752281188965
11.64688777923584
11.432328224182129
10.383687973022461
9.215208053588867
8.30125617980957
10.836968421936035
11.92912769317627
12.143431663513184
11.442824363708496
12.199015617370605
11.217255592346191
12.235624313354492
12.054951667785645
11.823816299438477
12.177672386169434
10.678312301635742
12.299912452697754
12.024328231811523
12.151144027709961
10.976008415222168
11.643495559692383
10.430376052856445
11.264488220214844
12.205127716064453
10.847623825073242
12.102375984191895
9.91655158996582
12.495623588562012
11.56116008758545
12.589287757873535
12.636615753173828
9.846376419067383
12.618824005126953
12.652551651000977
12.689319610595703
12.455528259277344
11.709639549255371
11.39024829864502
11.531432151794434
12.720392227172852
12.683719635009766
12.117192268371582
10.062312126159668
11.218600273132324
10.604424476623535
12.67792797088623
12.263208389282227
10.963303565979004
9.81501579284668
12.726119995117188
12.753992080688477
9.63149642944336
10.4503755569458
11.504008293151855
9.926152229309082
10.630184173583984
12.737607955932617
12.106504440307617
12.323847770690918
11.732711791992188
9.768839836120605
12.163496017456055
12.710536003112793
12.748552322387695
10.530759811401367
12.756168365478516
12.708135604858398
12.628647804260254
11.165672302246094
10.116744041442871
11.955143928527832
10.153703689575195
12.685480117797852
9.385704040527344
12.466888427734375
12.343208312988281
10.240584373474121
12.498791694641113
12.720871925354004
8.955047607421875
12.202312469482422
10.114727973937988
12.945575714111328
10.170760154724121
12.025992393493652
10.953703880310059
13.06871223449707
11.626791954040527
8.827272415161133
13.086664199829102
13.013128280639648
9.246600151062012
11.171048164367676
9.841959953308105
10.263336181640625
12.16480827331543
9.907143592834473
10.097479820251465
12.935400009155273
12.34986400604248
13.016776084899902
10.142472267150879
9.972359657287598
9.52298355102539
12.318792343139648
12.50496768951416
12.805512428283691
10.819080352783203
12.42525577545166
11.840904235839844
9.557640075683594
12.73098373413086
10.821736335754395
11.824808120727539
10.633319854736328
10.020872116088867
11.6763916015625
11.084199905395508
10.884072303771973
10.043880462646484
10.952936172485352
9.48586368560791
10.758088111877441
10.078280448913574
10.392328262329102
10.284584045410156
9.82973575592041
10.640999794006348
10.461319923400879
10.278951644897461
9.6500883102417
9.433832168579102
13.191143989562988
9.7943115234375
10.417927742004395
9.306695938110352
9.861288070678711
10.374088287353516
10.018280029296875
9.028039932250977
8.890888214111328
11.456551551818848
8.75338363647461
10.210503578186035
8.402983665466309
12.006279945373535
12.083080291748047
12.15063190460205
11.976167678833008
11.897512435913086
11.875368118286133
12.408519744873047
10.012359619140625
12.431783676147461
12.584808349609375
12.6183443069458
12.512680053710938
12.021608352661133
12.698247909545898
11.130663871765137
12.762503623962402
12.712967872619629
11.63437557220459
12.734888076782227
11.831303596496582
9.834535598754883
11.336296081542969
11.99296760559082
9.548423767089844
13.002504348754883
11.417736053466797
11.598919868469238
11.38967227935791
12.827912330627441
12.816712379455566
10.453255653381348
11.01850414276123
12.507304191589355
11.014216423034668
9.783623695373535
9.91376781463623
11.338184356689453
10.111528396606445
13.278823852539062
9.652551651000977
9.922568321228027
11.112360000610352
9.255592346191406
11.369319915771484
8.884936332702637
11.745991706848145
9.07808780670166
10.421128273010254
11.947400093078613
11.800680160522461
11.671719551086426
10.529864311218262
12.532999992370605
12.646471977233887
11.218664169311523
12.64029598236084
9.703144073486328
11.262727737426758
9.98740005493164
12.394791603088379
12.76371955871582
12.368295669555664
9.341256141662598
12.939592361450195
11.21994400024414
9.806952476501465
9.798407554626465
9.515560150146484
13.147687911987305
9.411848068237305
10.046664237976074
10.458024024963379
9.375687599182129
9.317383766174316
11.80074405670166
11.392935752868652
10.085351943969727
12.30784797668457
11.740872383117676
12.60362434387207
11.056103706359863
9.50106430053711
12.622056007385254
11.394824028015137
12.216168403625488
9.641287803649902
12.945927619934082
12.53005599975586
12.202983856201172
11.480232238769531
9.679335594177246
10.573479652404785
9.380999565124512
10.190312385559082
11.552359580993652
9.583239555358887
11.623047828674316
11.142120361328125
12.559464454650879
12.25111198425293
10.863304138183594
12.647272109985352
12.675080299377441
10.055303573608398
12.015624046325684
10.695528030395508
13.003111839294434
10.567144393920898
10.292712211608887
9.19920825958252
9.82532024383545
11.846088409423828
11.44538402557373
12.584872245788574
11.37824821472168
12.36954402923584
12.70858383178711
9.531656265258789
12.23684024810791
10.510503768920898
9.97319221496582
10.395367622375488
9.813544273376465
11.012519836425781
11.899496078491211
9.562248229980469
11.550888061523438
10.676775932312012
10.024359703063965
12.640487670898438
12.02391242980957
9.686440467834473
11.59498405456543
12.889127731323242
12.044551849365234
11.623623847961426
10.190183639526367
9.934568405151367
12.763079643249512
12.588808059692383
9.757160186767578
12.1282958984375
11.218567848205566
10.304967880249023
10.571432113647461
10.63700008392334
12.679495811462402
11.827143669128418
11.925031661987305
11.42845630645752
10.154791831970215
9.701319694519043
12.486791610717773
9.458760261535645
11.384167671203613
11.512104034423828
12.174247741699219
11.67514419555664
12.615464210510254
11.701064109802246
11.210663795471191
12.703368186950684
11.773063659667969
11.059847831726074
10.748200416564941
9.573160171508789
10.464327812194824
10.177160263061523
11.88154411315918
10.405351638793945
10.170344352722168
10.08899974822998
11.959943771362305
12.359304428100586
9.831720352172852
12.038375854492188
9.753576278686523
10.303048133850098
12.734024047851562
9.3793363571167
10.691975593566895
12.744232177734375
9.174280166625977
9.872872352600098
10.943592071533203
12.220744132995605
9.906023979187012
12.309703826904297
10.052776336669922
10.87386417388916
12.759207725524902
