9.876351576561311e-42
13.4679536819458
10.625521659851074
13.004338264465332
13.202546119689941
13.176114082336426
13.020305633544922
8.584626197814941
11.114930152893066
11.66270637512207
12.267729759216309
10.968082427978516
11.04865837097168
11.927186012268066
11.724818229675293
10.67377758026123
12.126802444458008
11.705521583557129
12.088786125183105
11.387922286987305
11.781233787536621
12.173266410827637
12.03067398071289
11.339889526367188
11.86481761932373
12.218130111694336
12.27733039855957
11.387601852416992
11.878002166748047
12.321714401245117
12.091442108154297
12.312594413757324
11.812337875366211
12.083250045776367
11.858098030090332
12.080402374267578
12.048881530761719
11.989873886108398
12.426258087158203
11.915249824523926
12.108626365661621
11.88046646118164
12.143250465393066
7.3819379806518555
13.039538383483887
12.049489974975586
11.050033569335938
10.23707389831543
11.884881973266602
10.462993621826172
11.470226287841797
12.033169746398926
11.480081558227539
12.16724967956543
12.1426420211792
11.87409782409668
11.602481842041016
12.065425872802734
12.363506317138672
12.127058029174805
7.586194038391113
10.191346168518066
12.729361534118652
10.435985565185547
11.070225715637207
11.99252986907959
12.112113952636719
11.637105941772461
10.849809646606445
11.748082160949707
12.155858039855957
12.033202171325684
9.954194068908691
8.087409973144531
12.965426445007324
9.808146476745605
11.989330291748047
12.146641731262207
10.434674263000488
11.819826126098633
11.874897956848145
12.055665969848633
8.10539436340332
10.48872184753418
10.659314155578613
12.070706367492676
12.187793731689453
12.197905540466309
11.822002410888672
11.902961730957031
10.33752155303955
10.19000244140625
12.195858001708984
11.752178192138672
12.167218208312988
11.498321533203125
12.185234069824219
12.28180980682373
11.893810272216797
8.944913864135742
10.028273582458496
12.216626167297363
12.218866348266602
12.150097846984863
10.627378463745117
11.232881546020508
10.828178405761719
12.28779411315918
11.960530281066895
12.189105987548828
10.503281593322754
11.563218116760254
11.468050003051758
12.154961585998535
11.62955379486084
11.7005615234375
11.983185768127441
10.903185844421387
11.958257675170898
10.320338249206543
11.49515438079834
11.39480209350586
12.123826026916504
11.764433860778809
12.084465980529785
11.596402168273926
12.067314147949219
11.849745750427246
12.37342643737793
12.076498031616211
11.832242012023926
9.5912504196167
11.917169570922852
11.97451400756836
12.051090240478516
11.91502571105957
10.848881721496582
11.783313751220703
11.73201847076416
11.779793739318848
11.534385681152344
11.818065643310547
11.795889854431152
11.887889862060547
11.777585983276367
11.629617691040039
11.700274467468262
11.78011417388916
11.880401611328125
11.85988998413086
12.061745643615723
12.185522079467773
12.208722114562988
12.189745903015137
12.249970436096191
12.391825675964355
12.345266342163086
12.41070556640625
12.39428997039795
12.403058052062988
12.538386344909668
12.58094596862793
13.22075366973877
13.067474365234375
12.654642105102539
13.25448226928711
12.837233543395996
12.763505935668945
13.109713554382324
13.065298080444336
12.876529693603516
12.646353721618652
13.23758602142334
13.313874244689941
12.374706268310547
13.35396957397461
11.972818374633789
12.781073570251465
12.23809814453125
11.247666358947754
13.360274314880371
11.720337867736816
10.820114135742188
13.439313888549805
13.936433792114258
11.002001762390137
10.358034133911133
10.144946098327637
12.202770233154297
10.623634338378906
10.872178077697754
13.48923397064209
12.127058029174805
9.970769882202148
10.797233581542969
8.728178024291992
13.327473640441895
13.336370468139648
12.566258430480957
13.033297538757324
12.780050277709961
12.770801544189453
12.540242195129395
12.874258041381836
11.956241607666016
12.644370079040527
11.75339412689209
13.181841850280762
11.70817756652832
12.397746086120605
10.622130393981934
13.32827377319336
13.177169799804688
11.835634231567383
12.883410453796387
11.201778411865234
12.627761840820312
13.100305557250977
12.894577980041504
11.623122215270996
11.401202201843262
13.100274085998535
11.901041984558105
10.883378028869629
12.457362174987793
13.059313774108887
11.789170265197754
13.025458335876465
12.767058372497559
11.444594383239746
8.998129844665527
12.687569618225098
12.607217788696289
12.657617568969727
12.504721641540527
12.376434326171875
8.849778175354004
12.394098281860352
11.310449600219727
10.592082023620605
11.54654598236084
11.938929557800293
12.05694580078125
12.017361640930176
11.74257755279541
11.717138290405273
11.500561714172363
12.077329635620117
11.382865905761719
11.025874137878418
11.965682029724121
11.724625587463379
11.557809829711914
10.826897621154785
10.754706382751465
11.412626266479492
11.573298454284668
11.687474250793457
12.178257942199707
12.209234237670898
12.398353576660156
12.589905738830566
12.757650375366211
12.765649795532227
12.428338050842285
12.714737892150879
13.204241752624512
13.072369575500488
12.834673881530762
12.352306365966797
12.361457824707031
12.512370109558105
12.313681602478027
12.906769752502441
12.95864200592041
13.092625617980957
12.866962432861328
13.183890342712402
12.90088176727295
12.783058166503906
12.897361755371094
13.002161979675293
12.62728214263916
12.596338272094727
13.117905616760254
12.251890182495117
12.740274429321289
12.202449798583984
12.672433853149414
12.85813045501709
12.758642196655273
12.500625610351562
12.89262580871582
12.82600212097168
13.162034034729004
12.675826072692871
11.882929801940918
12.6176176071167
12.867185592651367
12.288658142089844
12.317554473876953
13.47950553894043
12.71950626373291
12.897713661193848
12.709553718566895
13.192689895629883
13.01492977142334
12.66884994506836
12.116434097290039
12.973713874816895
12.430354118347168
12.623025894165039
12.625105857849121
13.235633850097656
12.527826309204102
12.785041809082031
13.35822582244873
13.09720230102539
12.710034370422363
13.292081832885742
12.506290435791016
13.02964973449707
13.290674209594727
13.097138404846191
13.125969886779785
12.176562309265137
13.133713722229004
12.155633926391602
12.99582576751709
12.898386001586914
12.894417762756348
12.807889938354492
12.771377563476562
12.437618255615234
12.308177947998047
12.500466346740723
12.48872184753418
12.627922058105469
12.3052978515625
12.287633895874023
12.189970016479492
11.990674018859863
12.058418273925781
12.194833755493164
12.189809799194336
12.107410430908203
12.396081924438477
11.772786140441895
12.336434364318848
12.191025733947754
11.714322090148926
12.742066383361816
11.195761680603027
12.55256175994873
11.745457649230957
11.621618270874023
11.499985694885254
11.903889656066895
11.69717025756836
11.788146018981934
11.932465553283691
11.912657737731934
11.83201789855957
12.068497657775879
12.121906280517578
12.003793716430664
12.40401840209961
11.876626014709473
11.68196964263916
12.365553855895996
11.552273750305176
11.786866188049316
10.810097694396973
11.411602020263672
11.781906127929688
11.91435432434082
12.06395435333252
11.871441841125488
11.987250328063965
12.497617721557617
12.314481735229492
12.041937828063965
11.192082405090332
11.87944221496582
12.159281730651855
12.343281745910645
11.654097557067871
11.671090126037598
11.608721733093262
11.882450103759766
12.544081687927246
11.688369750976562
11.51544189453125
12.363986015319824
11.793266296386719
11.538322448730469
11.45755386352539
12.027697563171387
11.514225959777832
11.564370155334473
11.533297538757324
11.763314247131348
11.433713912963867
11.657010078430176
11.914097785949707
11.348722457885742
11.703953742980957
11.923921585083008
11.880082130432129
11.561553955078125
11.918642044067383
11.89912223815918
11.762962341308594
11.61374568939209
11.957265853881836
12.007218360900879
11.854129791259766
11.992177963256836
11.943185806274414
12.166226387023926
11.950993537902832
11.61857795715332
11.660209655761719
11.533681869506836
11.495442390441895
11.376626014709473
11.485489845275879
11.683185577392578
11.75508975982666
11.568145751953125
11.840530395507812
11.503569602966309
11.838162422180176
12.213618278503418
12.137778282165527
11.968274116516113
12.01653003692627
11.958993911743164
11.382098197937012
12.646546363830566
13.087570190429688
11.902833938598633
11.739986419677734
12.197746276855469
12.049617767333984
11.780241966247559
12.236401557922363
13.059889793395996
11.702258110046387
11.809554100036621
11.94670581817627
11.767634391784668
11.737265586853027
12.199026107788086
11.711921691894531
12.138321876525879
11.782737731933594
11.999890327453613
12.503377914428711
11.668658256530762
11.813714027404785
11.728017807006836
11.755249977111816
11.593649864196777
11.741426467895508
11.567090034484863
11.705041885375977
11.674898147583008
11.724433898925781
11.718033790588379
11.749458312988281
11.698513984680176
11.796274185180664
11.822578430175781
11.792369842529297
11.773426055908203
12.049938201904297
11.87688159942627
11.932209968566895
11.816145896911621
11.999985694885254
11.823953628540039
11.91486644744873
11.922225952148438
11.951377868652344
11.745169639587402
11.8750581741333
11.853170394897461
11.881394386291504
11.669458389282227
11.981010437011719
11.715570449829102
11.678033828735352
11.789777755737305
11.857746124267578
11.883090019226074
11.803217887878418
11.836274147033691
11.992593765258789
12.121970176696777
12.063249588012695
12.862161636352539
11.882577896118164
11.959057807922363
11.9548978805542
11.81781005859375
11.855186462402344
11.859346389770508
11.82433795928955
11.816754341125488
11.796401977539062
11.745233535766602
11.701361656188965
11.810321807861328
12.064722061157227
12.107217788696289
11.811761856079102
11.91112232208252
11.806770324707031
11.840082168579102
11.76152229309082
12.027697563171387
12.17588996887207
12.046897888183594
11.787985801696777
11.86904239654541
11.798897743225098
11.775314331054688
11.861650466918945
12.092721939086914
12.224209785461426
11.92430591583252
11.838897705078125
11.821361541748047
11.817073822021484
11.907697677612305
12.15576171875
11.788049697875977
11.822961807250977
11.800946235656738
11.752849578857422
11.839954376220703
11.882962226867676
11.910513877868652
11.812273979187012
11.869394302368164
12.128018379211426
12.012018203735352
11.997393608093262
12.154162406921387
11.786993980407715
11.995858192443848
11.848786354064941
12.061234474182129
11.817489624023438
11.91713809967041
11.967601776123047
12.020017623901367
12.012561798095703
11.857266426086426
11.871026039123535
11.918930053710938
12.141841888427734
12.124305725097656
12.141362190246582
12.274897575378418
12.245074272155762
12.536689758300781
12.741649627685547
12.696497917175293
12.630353927612305
12.757745742797852
12.478066444396973
12.57547378540039
13.172785758972168
12.769969940185547
12.753746032714844
12.858641624450684
13.555217742919922
12.656370162963867
12.572369575500488
12.897906303405762
13.649618148803711
12.838994026184082
12.949009895324707
12.608114242553711
12.72712230682373
12.902130126953125
12.714513778686523
12.747537612915039
12.869553565979004
12.719473838806152
12.826193809509277
12.987857818603516
12.669137954711914
12.7855863571167
12.509202003479004
12.88888168334961
13.366514205932617
13.143218040466309
13.05643367767334
13.114545822143555
13.374961853027344
13.44510555267334
13.149297714233398
13.325522422790527
13.120018005371094
13.557554244995117
13.151570320129395
12.810802459716797
13.44443416595459
13.546354293823242
13.391858100891113
12.732817649841309
13.478610038757324
13.031058311462402
13.186641693115234
13.159505844116211
13.152305603027344
12.761810302734375
13.306641578674316
13.104754447937012
13.061457633972168
13.070642471313477
13.222386360168457
12.94504165649414
13.193553924560547
13.062673568725586
12.932658195495605
12.94504165649414
12.986898422241211
12.948273658752441
12.945969581604004
12.930193901062012
12.86318588256836
12.950322151184082
12.879218101501465
13.140082359313965
13.182226181030273
12.922898292541504
12.770161628723145
12.872017860412598
11.67435359954834
12.872081756591797
12.261137962341309
12.23208236694336
12.154193878173828
12.120209693908691
12.049298286437988
11.996306419372559
12.131345748901367
12.038386344909668
12.07121753692627
12.173554420471191
12.107505798339844
12.069073677062988
12.083762168884277
12.099185943603516
12.245426177978516
12.1874418258667
12.216562271118164
12.086706161499023
12.107633590698242
12.189618110656738
12.168370246887207
12.144145965576172
12.094034194946289
11.703922271728516
11.714449882507324
12.185137748718262
12.338897705078125
12.484561920166016
12.374801635742188
12.600977897644043
12.291441917419434
12.542449951171875
12.556178092956543
12.572626113891602
12.573617935180664
12.310418128967285
12.603121757507324
12.522738456726074
12.554417610168457
12.369330406188965
12.503634452819824
12.111601829528809
12.322866439819336
12.547794342041016
12.142738342285156
12.564753532409668
11.980498313903809
12.550257682800293
12.379409790039062
12.758833885192871
12.67976188659668
12.095857620239258
12.62846565246582
12.6808500289917
12.703089714050293
12.505169868469238
12.378193855285645
12.324753761291504
12.303250312805176
12.72440242767334
12.659826278686523
12.406129837036133
12.16776180267334
12.274065971374512
12.210514068603516
12.998833656311035
12.346834182739258
12.206738471984863
12.005330085754395
12.747761726379395
12.771185874938965
12.032081604003906
12.274674415588379
12.241778373718262
12.036434173583984
12.248658180236816
12.688209533691406
12.319538116455078
12.346001625061035
12.35448169708252
12.15560245513916
12.392434120178223
12.505297660827637
13.02203369140625
12.0825777053833
12.456977844238281
12.456689834594727
12.57157039642334
12.295858383178711
12.155378341674805
12.562257766723633
12.23598575592041
12.734545707702637
12.07992172241211
12.608593940734863
12.642386436462402
12.391921997070312
12.685458183288574
12.814802169799805
12.20859432220459
12.659921646118164
12.536561965942383
12.96744155883789
12.571698188781738
12.76209831237793
12.46744155883789
12.700178146362305
12.773138046264648
12.336626052856445
12.866802215576172
12.7671537399292
13.052754402160645
12.658001899719238
12.692113876342773
12.468881607055664
12.875218391418457
12.630674362182617
12.487954139709473
13.039026260375977
12.906417846679688
12.887922286987305
12.523985862731934
12.471761703491211
12.330577850341797
12.975793838500977
12.912274360656738
12.969457626342773
12.49246597290039
12.795089721679688
12.867794036865234
12.381617546081543
12.847249984741211
12.793970108032227
12.694162368774414
12.762929916381836
12.616497993469238
12.845137596130371
12.929586410522461
12.968817710876465
12.707761764526367
13.055057525634766
12.790674209594727
13.04004955291748
12.774065971374512
12.908049583435059
12.997522354125977
12.79057788848877
13.085105895996094
13.057297706604004
13.161042213439941
12.93192195892334
12.912402153015137
12.277873992919922
12.164562225341797
11.8916015625
12.189042091369629
12.144625663757324
12.101426124572754
12.203570365905762
12.207666397094727
12.166481971740723
12.08299446105957
11.593265533447266
11.962065696716309
11.472273826599121
12.398994445800781
12.526034355163574
12.504945755004883
12.525394439697266
12.559698104858398
12.512754440307617
12.642738342285156
12.143890380859375
12.466002464294434
12.6110258102417
12.761905670166016
12.528369903564453
12.276561737060547
12.666257858276367
12.245393753051758
12.757681846618652
12.613905906677246
12.312529563903809
12.447186470031738
12.370065689086914
12.141810417175293
12.60869026184082
12.579826354980469
12.229649543762207
12.951410293579102
12.620657920837402
12.687410354614258
12.70545768737793
12.919921875
13.00564956665039
12.463505744934082
12.513970375061035
12.74293041229248
12.82337760925293
12.574066162109375
12.616113662719727
13.100241661071777
13.149138450622559
12.261137962341309
12.134289741516113
12.170705795288086
12.130386352539062
12.1907377243042
12.099346160888672
11.47115421295166
12.147250175476074
11.494385719299316
11.876338005065918
12.450225830078125
12.469169616699219
12.529682159423828
12.168594360351562
12.567602157592773
12.626354217529297
12.331538200378418
12.662385940551758
12.051538467407227
12.299761772155762
12.192049980163574
12.517073631286621
12.904594421386719
12.75390625
12.627922058105469
12.834737777709961
12.599089622497559
12.667473793029785
13.013042449951172
12.849105834960938
11.473713874816895
12.20494556427002
11.869009971618652
12.097554206848145
11.62948989868164
11.453393936157227
12.428817749023438
12.453778266906738
12.124978065490723
12.539921760559082
12.40843391418457
12.557682037353516
12.269554138183594
11.994002342224121
12.571953773498535
12.260625839233398
12.738001823425293
12.241426467895508
12.95329761505127
12.858258247375488
12.74849796295166
12.988913536071777
12.604785919189453
12.984370231628418
12.788594245910645
12.142354011535645
12.222162246704102
11.528145790100098
12.540882110595703
12.321393966674805
12.638290405273438
12.466801643371582
12.254225730895996
12.601553916931152
12.75464153289795
12.230866432189941
12.76987361907959
12.955665588378906
10.789746284484863
12.14200210571289
12.177938461303711
12.112914085388184
11.617170333862305
12.165873527526855
12.487730026245117
12.624465942382812
12.392434120178223
12.522002220153809
12.903154373168945
11.907793998718262
12.92907428741455
12.901969909667969
12.856657981872559
12.179282188415527
12.15832233428955
12.337362289428711
12.412081718444824
12.058130264282227
12.544402122497559
12.173842430114746
12.112017631530762
12.642545700073242
12.411410331726074
12.128177642822266
12.634065628051758
12.915346145629883
12.949009895324707
12.63227367401123
12.790834426879883
12.736178398132324
11.283825874328613
12.56894588470459
12.158289909362793
12.94948959350586
12.619474411010742
12.716817855834961
12.120081901550293
12.192401885986328
12.647729873657227
12.357330322265625
12.876593589782715
12.793106079101562
12.674322128295898
12.733457565307617
11.956658363342285
12.168561935424805
12.58526611328125
12.785874366760254
12.065937995910645
12.340113639831543
12.541361808776855
12.013458251953125
12.044562339782715
12.75288200378418
12.296753883361816
11.678482055664062
11.805106163024902
12.681458473205566
11.834930419921875
12.062385559082031
12.350226402282715
12.249394416809082
11.893489837646484
12.146769523620605
12.416786193847656
12.461265563964844
12.208465576171875
12.496562004089355
12.08635425567627
12.218642234802246
12.841170310974121
12.672273635864258
12.344050407409668
12.914737701416016
12.584881782531738
11.950929641723633
12.211666107177734
12.479634284973145
12.284017562866211
12.582962036132812
12.472049713134766
12.279890060424805
12.628689765930176
