9.876351576561311e-42
12.299774169921875
15.419454574584961
11.696574211120605
10.455615043640137
10.755646705627441
11.807038307189941
12.737662315368652
8.864958763122559
15.547390937805176
7.3480305671691895
13.526206970214844
12.408126831054688
16.268543243408203
14.335038185119629
13.646974563598633
14.078654289245605
14.947647094726562
15.785534858703613
13.431806564331055
16.457855224609375
16.99532699584961
10.63955020904541
11.653374671936035
12.121918678283691
17.812416076660156
18.652095794677734
14.638654708862305
13.701822280883789
12.018494606018066
16.198591232299805
15.746238708496094
14.756478309631348
17.429950714111328
15.799422264099121
14.085630416870117
12.59846305847168
13.179966926574707
7.203646659851074
15.134654998779297
13.657150268554688
14.635710716247559
15.776382446289062
15.826430320739746
12.453182220458984
14.349630355834961
13.256766319274902
13.669054985046387
14.398910522460938
12.385022163391113
14.560062408447266
13.763198852539062
13.706494331359863
18.513151168823242
11.305086135864258
15.351486206054688
13.387518882751465
16.753982543945312
8.963902473449707
14.140606880187988
14.44083023071289
14.788158416748047
11.251007080078125
12.94835090637207
12.621310234069824
13.450238227844238
16.850622177124023
14.57555103302002
11.41247844696045
17.083518981933594
15.104382514953613
13.424126625061035
14.44902229309082
14.741246223449707
10.63302230834961
13.251007080078125
13.311551094055176
15.700862884521484
12.091902732849121
17.268733978271484
15.494462966918945
14.456318855285645
14.346366882324219
15.918974876403809
13.135807037353516
14.452350616455078
16.241470336914062
17.937471389770508
17.375486373901367
13.009342193603516
14.880446434020996
13.330942153930664
17.813568115234375
17.57606315612793
14.509438514709473
15.7022705078125
17.22137451171875
14.939902305603027
13.326398849487305
13.610302925109863
12.351806640625
18.18342399597168
13.554302215576172
13.305214881896973
12.864958763122559
14.699262619018555
12.745214462280273
13.78950309753418
14.15161418914795
14.302014350891113
12.766910552978516
16.101694107055664
14.623038291931152
15.302654266357422
16.549951553344727
15.241790771484375
14.9828462600708
12.803966522216797
15.217342376708984
12.433470726013184
16.138622283935547
15.80767822265625
16.04236602783203
16.908863067626953
16.493118286132812
15.773502349853516
17.00294303894043
15.217598915100098
11.162622451782227
17.045310974121094
17.261245727539062
12.76447868347168
17.042238235473633
16.45369529724121
15.744510650634766
15.095422744750977
12.651070594787598
16.267005920410156
16.985342025756836
16.16953468322754
16.395326614379883
16.8167667388916
15.798974990844727
17.29779052734375
17.882240295410156
16.332542419433594
15.485246658325195
15.209598541259766
15.02585506439209
15.110078811645508
13.785598754882812
14.941054344177246
16.423486709594727
18.494014739990234
16.71366310119629
14.15103816986084
12.922558784484863
10.881982803344727
9.159806251525879
7.319102764129639
7.7381744384765625
7.900158405303955
17.359167098999023
16.419965744018555
18.48102378845215
15.862846374511719
17.432958602905273
18.16057586669922
19.679424285888672
18.436607360839844
18.589759826660156
16.62322998046875
18.805055618286133
18.80748748779297
15.394302368164062
12.214654922485352
11.4282865524292
8.54227066040039
16.910974502563477
14.743038177490234
17.37068748474121
14.553406715393066
15.753470420837402
17.12633514404297
8.99929428100586
17.50079917907715
16.10617446899414
15.495230674743652
16.4599666595459
15.600446701049805
16.15532684326172
10.406526565551758
17.069950103759766
15.584190368652344
15.780926704406738
15.920574188232422
17.66214370727539
17.36159896850586
19.17670440673828
18.821184158325195
17.545278549194336
17.895296096801758
17.26559829711914
18.141695022583008
11.769150733947754
14.943486213684082
16.27859115600586
19.117311477661133
16.04236602783203
16.272445678710938
17.253374099731445
18.064960479736328
16.690174102783203
13.701566696166992
17.380605697631836
16.44940757751465
19.49305534362793
18.3768310546875
17.356094360351562
17.411710739135742
15.367870330810547
19.14566421508789
16.15052604675293
15.570558547973633
17.05010986328125
18.66329574584961
12.327486991882324
18.308544158935547
17.79993438720703
13.497343063354492
15.70943832397461
17.106943130493164
16.167423248291016
15.75526237487793
16.86636734008789
16.900157928466797
15.78073501586914
15.203262329101562
15.967998504638672
15.321982383728027
16.00249481201172
12.936702728271484
16.48441505432129
11.758270263671875
18.37651252746582
9.875582695007324
17.765823364257812
16.143102645874023
14.693374633789062
16.266239166259766
11.829566955566406
12.609726905822754
12.60454273223877
15.657662391662598
17.156478881835938
17.635709762573242
18.019071578979492
18.441919326782227
21.54591941833496
21.632320404052734
21.66476821899414
21.129215240478516
21.418304443359375
21.50182342529297
20.853759765625
20.807294845581055
17.933757781982422
18.362430572509766
20.0581111907959
21.652544021606445
21.674943923950195
21.770751953125
20.82419204711914
20.97382354736328
17.910974502563477
18.322879791259766
18.638208389282227
18.920639038085938
18.887359619140625
21.057024002075195
20.845439910888672
17.647680282592773
18.078079223632812
21.397247314453125
16.514751434326172
21.3951358795166
20.717695236206055
21.89753532409668
21.431936264038086
21.386112213134766
21.51968002319336
21.64793586730957
18.167743682861328
20.30815887451172
19.806848526000977
20.999679565429688
19.79315185546875
16.939517974853516
20.028350830078125
21.566143035888672
21.211904525756836
18.139711380004883
19.867326736450195
15.319358825683594
20.533567428588867
18.055166244506836
15.687294960021973
21.029375076293945
20.704191207885742
17.99020767211914
21.430463790893555
20.19443130493164
21.378047943115234
18.478591918945312
19.81791877746582
17.441471099853516
18.532094955444336
19.8222713470459
18.507966995239258
20.85977554321289
19.74412727355957
20.632638931274414
20.865856170654297
20.808000564575195
21.351999282836914
20.37343978881836
21.067455291748047
21.218368530273438
20.97760009765625
21.24140739440918
21.326719284057617
21.25868797302246
21.675006866455078
21.625215530395508
21.668800354003906
21.754623413085938
21.704959869384766
21.56755256652832
21.630592346191406
21.720382690429688
21.470592498779297
21.479358673095703
21.41401481628418
22.067840576171875
21.50886344909668
21.388416290283203
21.773887634277344
20.810495376586914
21.7259521484375
20.890560150146484
20.201663970947266
21.169471740722656
20.99942398071289
21.136383056640625
20.46700668334961
20.419071197509766
20.209280014038086
20.209535598754883
20.30963134765625
20.577470779418945
20.112640380859375
20.30803108215332
20.033855438232422
20.466751098632812
20.594240188598633
19.859710693359375
21.84556770324707
21.218751907348633
20.609920501708984
20.755264282226562
20.320575714111328
20.551231384277344
21.21036720275879
20.061439514160156
20.240062713623047
20.251392364501953
20.38604736328125
20.317440032958984
19.62860679626465
21.79667091369629
20.858112335205078
20.686399459838867
20.041088104248047
20.258560180664062
21.294464111328125
21.27519989013672
20.054271697998047
19.53670310974121
18.87660789489746
20.34739112854004
21.2225284576416
19.68569564819336
20.01932716369629
21.07084846496582
19.986431121826172
20.11724853515625
20.178560256958008
20.96575927734375
20.217727661132812
20.340927124023438
20.37580680847168
19.748287200927734
20.09561538696289
20.454526901245117
20.347583770751953
19.982656478881836
20.43686294555664
20.243839263916016
20.187776565551758
19.997568130493164
20.14815902709961
20.348798751831055
20.406719207763672
19.87193489074707
20.366016387939453
20.391231536865234
20.209983825683594
21.600255966186523
21.314687728881836
21.7972469329834
21.29305648803711
20.533119201660156
20.649791717529297
20.456512451171875
20.409727096557617
20.228607177734375
20.400447845458984
20.366975784301758
20.30303955078125
19.96620750427246
20.357311248779297
19.816959381103516
20.234432220458984
20.713214874267578
20.463743209838867
19.913599014282227
19.77484703063965
19.157054901123047
20.24652671813965
18.265087127685547
15.502462387084961
19.811967849731445
19.55750274658203
18.397502899169922
18.92607879638672
18.625791549682617
19.821184158325195
18.242176055908203
19.397247314453125
19.60576057434082
19.637184143066406
18.809919357299805
18.29983901977539
20.089534759521484
19.347135543823242
17.773630142211914
19.34239959716797
18.569215774536133
19.067455291748047
19.26105499267578
19.459327697753906
18.528127670288086
18.63430404663086
19.75116729736328
18.82815933227539
18.82495880126953
19.240320205688477
19.194944381713867
19.295040130615234
19.27654457092285
19.35955238342285
19.112192153930664
19.029888153076172
19.05855941772461
18.636415481567383
17.640640258789062
20.31884765625
19.273664474487305
19.03968048095703
18.33747100830078
16.92915153503418
18.30201530456543
20.111488342285156
18.640064239501953
19.82259178161621
18.619647979736328
18.59686279296875
18.62041473388672
18.462846755981445
17.634366989135742
19.032896041870117
18.335615158081055
18.117183685302734
18.333887100219727
17.97715187072754
18.41983985900879
18.154367446899414
18.77587127685547
19.778303146362305
19.339839935302734
19.47648048400879
17.197118759155273
18.728832244873047
20.082942962646484
18.69452667236328
18.610687255859375
18.648639678955078
18.526016235351562
18.239999771118164
18.94937515258789
18.16985511779785
18.434112548828125
18.044416427612305
18.534847259521484
19.082752227783203
19.465791702270508
18.07366371154785
20.214143753051758
18.601856231689453
19.29926300048828
18.2488956451416
19.159040451049805
19.520511627197266
20.12940788269043
17.96121597290039
17.613758087158203
18.134592056274414
18.7193603515625
18.293760299682617
18.83078384399414
18.044479370117188
19.74854278564453
18.18604850769043
18.155712127685547
18.06380844116211
18.77267074584961
18.338687896728516
19.006078720092773
18.891647338867188
18.745534896850586
18.06118392944336
18.639551162719727
18.39244842529297
18.523391723632812
18.200767517089844
18.789695739746094
16.862911224365234
18.74854278564453
19.233152389526367
14.499262809753418
18.13644790649414
19.86591911315918
18.356990814208984
17.41683006286621
18.551679611206055
18.811071395874023
18.969022750854492
19.181119918823242
18.816383361816406
18.115711212158203
18.786815643310547
18.71878433227539
16.331710815429688
17.06649398803711
15.946366310119629
16.02066993713379
15.106046676635742
12.644094467163086
22.039167404174805
21.87116813659668
21.4151668548584
21.530494689941406
21.306175231933594
20.95801544189453
21.443326950073242
21.0579833984375
20.65395164489746
20.695039749145508
21.302846908569336
21.416255950927734
21.070528030395508
20.84217643737793
21.448383331298828
21.255231857299805
20.890432357788086
21.54195213317871
20.493568420410156
20.613311767578125
20.540096282958984
20.469823837280273
20.75507164001465
21.209535598754883
20.999296188354492
21.600446701049805
20.8090877532959
20.808128356933594
20.548799514770508
20.914432525634766
21.061887741088867
21.1144962310791
21.123071670532227
20.98758316040039
21.10425567626953
21.20921516418457
21.00761604309082
21.091007232666016
20.762367248535156
21.053247451782227
20.57196807861328
20.066495895385742
20.883007049560547
20.998079299926758
20.351423263549805
19.56671905517578
20.41267204284668
20.845056533813477
20.81497573852539
20.561216354370117
20.26963233947754
19.929534912109375
21.007936477661133
20.99417495727539
20.82259178161621
20.73868751525879
20.576255798339844
19.706432342529297
21.07423973083496
20.40467071533203
19.982975006103516
20.785280227661133
20.35321617126465
20.9500789642334
21.019264221191406
20.82169532775879
20.642047882080078
20.64588737487793
20.556798934936523
20.635263442993164
20.544063568115234
20.20012855529785
20.099008560180664
19.848831176757812
20.87763214111328
19.664255142211914
21.1015682220459
21.42176055908203
21.555774688720703
21.627199172973633
22.058879852294922
21.864959716796875
21.631872177124023
22.029888153076172
21.77619171142578
22.34329605102539
22.434816360473633
22.37830352783203
22.30585479736328
22.29599952697754
22.14041519165039
22.266559600830078
21.967424392700195
22.248382568359375
21.457664489746094
22.08678436279297
21.99519920349121
21.872575759887695
21.97817611694336
20.964223861694336
20.609407424926758
21.970943450927734
22.074302673339844
22.416767120361328
21.682687759399414
22.46233558654785
21.399871826171875
22.048959732055664
21.855167388916016
21.800512313842773
21.7774715423584
21.22368049621582
21.567808151245117
21.456382751464844
21.579008102416992
21.241214752197266
21.39321517944336
20.368127822875977
21.06559944152832
21.414079666137695
20.634366989135742
21.4400634765625
20.028032302856445
21.123071670532227
20.752063751220703
20.999359130859375
20.882047653198242
20.220863342285156
20.840639114379883
20.81670379638672
20.890304565429688
20.851776123046875
20.706432342529297
20.773632049560547
20.729022979736328
20.9498233795166
20.816255569458008
20.536767959594727
20.388288497924805
20.672191619873047
20.58220672607422
21.062015533447266
20.333438873291016
20.366783142089844
19.750463485717773
20.76665496826172
21.06617546081543
19.45235252380371
20.4783992767334
20.36672019958496
20.107135772705078
20.412031173706055
20.655296325683594
20.240127563476562
20.257856369018555
20.418560028076172
20.394176483154297
20.185983657836914
20.654592514038086
20.931903839111328
20.405376434326172
20.560768127441406
20.539199829101562
20.202302932739258
20.42585563659668
20.05414390563965
19.83513641357422
19.77267074584961
19.703487396240234
18.52089500427246
19.30143928527832
18.351102828979492
19.596479415893555
18.660480499267578
19.552000045776367
16.2936954498291
17.79347038269043
19.523967742919922
20.267263412475586
18.661951065063477
16.915454864501953
19.50623893737793
19.747262954711914
17.717247009277344
15.32998275756836
19.541439056396484
18.819007873535156
12.207422256469727
17.001150131225586
12.558206558227539
12.687742233276367
18.54751968383789
10.374078750610352
9.9381103515625
19.30950355529785
18.527935028076172
19.259647369384766
8.939390182495117
9.178942680358887
8.578174591064453
18.631807327270508
19.085119247436523
19.693632125854492
15.495870590209961
19.260543823242188
18.263486862182617
7.434558391571045
19.410688400268555
17.410175323486328
19.058303833007812
16.368446350097656
11.923966407775879
19.028480529785156
18.419775009155273
18.15839958190918
14.396734237670898
18.368127822875977
12.8419828414917
17.820350646972656
16.055614471435547
16.268543243408203
16.556285858154297
15.64985466003418
17.390783309936523
16.861886978149414
16.799230575561523
16.361661911010742
16.092670440673828
19.58515167236328
22.298879623413086
21.679807662963867
22.154815673828125
22.391742706298828
22.4270076751709
22.43827247619629
21.954111099243164
21.71731185913086
22.081727981567383
20.627199172973633
21.441598892211914
20.291967391967773
22.203710556030273
22.336511611938477
21.974079132080078
21.763519287109375
21.4467830657959
21.467391967773438
21.391935348510742
20.190784454345703
21.17625617980957
20.98636817932129
20.853759765625
20.8351993560791
20.182655334472656
20.66579246520996
20.25676727294922
20.880191802978516
20.534591674804688
20.370176315307617
20.725566864013672
20.2544002532959
20.050432205200195
20.204158782958984
19.05580711364746
17.44524574279785
20.14463996887207
18.641855239868164
16.825855255126953
16.884286880493164
19.235519409179688
19.45689582824707
12.337406158447266
16.553150177001953
19.325439453125
18.135040283203125
11.770174980163574
12.680574417114258
18.901119232177734
16.01350212097168
19.424448013305664
22.209983825683594
22.42470359802246
22.250879287719727
22.059072494506836
22.187711715698242
20.449472427368164
21.88671875
20.475584030151367
21.120960235595703
22.213184356689453
21.692607879638672
21.747520446777344
20.76095962524414
20.97542381286621
20.788671493530273
20.812288284301758
20.854528427124023
20.061376571655273
20.338239669799805
19.567935943603516
20.277952194213867
20.48294448852539
18.186687469482422
12.478782653808594
18.775615692138672
17.037311553955078
13.16844654083252
16.394943237304688
15.613438606262207
20.519615173339844
22.14508819580078
21.603456497192383
22.48896026611328
20.742143630981445
20.158206939697266
22.1527042388916
21.470272064208984
20.24358367919922
21.39820671081543
21.06355094909668
20.884544372558594
20.62131118774414
19.863872528076172
20.312318801879883
20.25119972229004
17.564735412597656
17.10572624206543
20.14860725402832
18.788671493530273
18.992895126342773
19.010944366455078
11.914302825927734
17.01996612548828
13.998078346252441
22.57254409790039
22.05900764465332
20.493824005126953
21.860734939575195
21.465471267700195
21.049535751342773
21.184062957763672
20.75872039794922
20.775936126708984
20.98316764831543
19.333951950073242
19.08652687072754
17.421310424804688
19.452735900878906
22.52863883972168
22.46361541748047
21.899263381958008
20.41971206665039
21.92857551574707
21.6759033203125
20.965248107910156
20.83353614807129
20.96998405456543
20.87628746032715
20.04934310913086
18.75379180908203
16.563966751098633
16.48575782775879
22.424896240234375
22.215295791625977
20.811519622802734
20.901504516601562
20.054527282714844
19.98771095275879
22.42073631286621
21.870655059814453
20.833343505859375
20.629247665405273
19.3308162689209
19.244991302490234
20.05459213256836
18.541824340820312
18.699647903442383
15.614462852478027
15.2819185256958
20.075647354125977
20.536191940307617
18.743806838989258
18.486080169677734
18.091968536376953
14.526078224182129
21.82259178161621
20.584510803222656
20.884544372558594
20.606334686279297
18.310911178588867
17.419837951660156
13.305022239685059
13.605822563171387
20.51296043395996
17.76626968383789
19.51468849182129
17.21465492248535
20.695999145507812
22.127103805541992
20.357566833496094
21.388351440429688
22.00953483581543
20.98713493347168
20.353727340698242
21.106304168701172
21.468223571777344
11.637630462646484
21.64972686767578
20.47577476501465
20.454078674316406
20.676862716674805
21.77292823791504
20.464895248413086
20.52025604248047
20.337663650512695
18.197887420654297
20.403711318969727
22.06265640258789
20.5994873046875
20.7903995513916
11.967294692993164
20.667200088500977
20.91059112548828
11.228414535522461
21.827648162841797
22.166015625
20.331327438354492
17.583934783935547
19.25721549987793
12.417214393615723
20.34681510925293
20.832767486572266
