9.876351576561311e-42
7.763457775115967
5.734785556793213
10.432578086853027
6.170241832733154
8.191169738769531
7.376961708068848
9.617281913757324
10.672833442687988
5.163713455200195
12.567745208740234
6.380417823791504
8.592769622802734
7.0968337059021
6.1333136558532715
12.600513458251953
11.636801719665527
12.039298057556152
10.4571533203125
12.9539213180542
11.314177513122559
11.99577808380127
13.055937767028809
13.033857345581055
13.071553230285645
12.547905921936035
12.183874130249023
13.098690032958984
13.353921890258789
13.071553230285645
13.536321640014648
12.942529678344727
13.137985229492188
13.211457252502441
13.324225425720215
13.87027359008789
14.02476978302002
14.144129753112793
13.185090065002441
13.768705368041992
14.201793670654297
14.129473686218262
6.2184977531433105
4.336705684661865
9.311873435974121
5.384449481964111
10.825345993041992
5.012417793273926
6.670273780822754
12.524801254272461
7.169281482696533
9.476865768432617
11.634177207946777
11.617537498474121
13.25241756439209
11.158337593078613
13.10937786102295
13.478273391723633
13.068737983703613
13.919105529785156
4.310849666595459
4.3239054679870605
9.618561744689941
11.02208137512207
13.094209671020508
8.874881744384766
10.737730026245117
11.106433868408203
13.137985229492188
12.675201416015625
13.835585594177246
14.384833335876465
4.6736016273498535
3.843393564224243
8.497729301452637
9.88877010345459
9.175617218017578
11.323073387145996
13.241665840148926
12.529345512390137
13.445441246032715
14.495745658874512
4.0537614822387695
4.278465747833252
10.210689544677734
10.23820972442627
12.201473236083984
12.417089462280273
11.979265213012695
13.684865951538086
4.437953472137451
8.565953254699707
11.43795394897461
11.751425743103027
14.535361289978027
5.289409637451172
12.35827350616455
12.971969604492188
13.804098129272461
4.684993743896484
12.937345504760742
12.655745506286621
14.551553726196289
14.238977432250977
5.404609680175781
5.79545783996582
12.945858001708984
13.01497745513916
13.468929290771484
14.121602058410645
5.673537731170654
6.664257526397705
12.727873802185059
14.027522087097168
6.228673458099365
12.854722023010254
13.539905548095703
7.515137672424316
13.596097946166992
8.019521713256836
8.8195219039917
13.07161808013916
13.76230525970459
12.827010154724121
13.686145782470703
8.53721809387207
13.42054557800293
8.485825538635254
13.013121604919434
13.363329887390137
12.384065628051758
8.954177856445312
12.088897705078125
11.979649543762207
11.883905410766602
11.022850036621094
9.401729583740234
10.592577934265137
10.07820987701416
12.44499397277832
9.14809799194336
12.20761775970459
11.657025337219238
11.285889625549316
10.914817810058594
10.23110580444336
9.988673210144043
9.779777526855469
10.99366569519043
9.739777565002441
10.019330024719238
11.163777351379395
11.30086612701416
12.075778007507324
12.912065505981445
12.95757007598877
12.97619342803955
12.958401679992676
12.991937637329102
13.047745704650879
13.131905555725098
13.213441848754883
17.749441146850586
16.61100959777832
13.344769477844238
15.256385803222656
13.670977592468262
11.181633949279785
12.072577476501465
9.965313911437988
9.850177764892578
8.433154106140137
11.619905471801758
8.64217758178711
5.964545726776123
10.583489418029785
5.251073837280273
10.412481307983398
9.47404956817627
3.137281656265259
11.446401596069336
3.164545774459839
6.657729625701904
10.074881553649902
8.87846565246582
4.9283857345581055
5.7616658210754395
6.248001575469971
7.490049839019775
6.869313716888428
5.583169460296631
7.159233570098877
5.3961615562438965
5.917825698852539
5.171393871307373
5.2946577072143555
16.166658401489258
14.881025314331055
13.544577598571777
11.62732982635498
9.370433807373047
12.703681945800781
7.301761627197266
7.3968658447265625
3.326145648956299
8.70374584197998
7.916865825653076
12.744001388549805
3.5764496326446533
8.900289535522461
4.700161457061768
14.451841354370117
10.04550552368164
5.493505477905273
11.10880184173584
3.494081735610962
10.32992172241211
11.452737808227539
10.013313293457031
4.57715368270874
7.725249767303467
10.15417766571045
8.579649925231934
6.252033710479736
8.078849792480469
10.397953987121582
4.061825752258301
10.788097381591797
8.847681999206543
3.719681739807129
5.23328161239624
8.995009422302246
7.565057754516602
7.207361698150635
8.310017585754395
6.029249668121338
4.548161506652832
5.68742561340332
7.238849639892578
4.760129451751709
5.135681629180908
6.660289764404297
5.265921592712402
6.7176337242126465
5.552321434020996
5.256385803222656
5.1415696144104
3.6682896614074707
5.005761623382568
4.749569892883301
3.287041664123535
3.0557456016540527
3.069889545440674
3.6657936573028564
3.8684816360473633
4.628417491912842
5.113729476928711
5.777537822723389
19.34662628173828
17.943681716918945
18.81260871887207
20.0617618560791
20.392192840576172
19.281410217285156
19.84422492980957
20.861377716064453
20.687042236328125
21.077056884765625
21.534082412719727
11.074753761291504
13.095937728881836
11.298433303833008
14.190978050231934
18.560897827148438
20.290496826171875
20.55040168762207
20.88813018798828
19.510082244873047
19.405506134033203
8.558913230895996
10.468545913696289
18.207616806030273
18.272897720336914
11.621569633483887
17.544578552246094
19.8326416015625
21.14797019958496
16.273666381835938
18.7181453704834
19.83673667907715
17.82649803161621
13.216449737548828
20.21267318725586
19.230209350585938
19.81171417236328
12.378625869750977
16.85811424255371
18.967681884765625
21.450241088867188
18.376705169677734
16.797697067260742
20.739458084106445
17.90643310546875
17.300674438476562
21.306625366210938
20.646530151367188
16.955841064453125
20.91724967956543
16.292482376098633
18.525632858276367
20.29292869567871
17.87187385559082
19.66284942626953
21.002561569213867
14.525313377380371
18.84307289123535
21.114242553710938
20.113346099853516
20.162944793701172
21.282304763793945
12.877889633178711
21.078977584838867
21.482881546020508
20.483264923095703
21.116992950439453
11.22995376586914
20.801218032836914
12.740225791931152
19.72941017150879
20.227073669433594
19.24883270263672
15.641217231750488
16.75827407836914
15.505217552185059
14.252161979675293
15.768321990966797
14.793729782104492
18.125505447387695
17.024192810058594
16.62918472290039
12.931009292602539
12.75885009765625
11.001090049743652
12.33536148071289
9.323905944824219
11.427266120910645
9.449153900146484
9.909314155578613
7.603649616241455
4.636801719665527
4.801409721374512
9.814337730407715
15.332737922668457
8.007169723510742
4.421249866485596
5.01881742477417
6.588929653167725
7.719745635986328
11.205698013305664
6.144385814666748
8.26771354675293
8.86976146697998
8.742785453796387
9.969473838806152
10.827777862548828
8.776769638061523
9.294017791748047
9.761345863342285
8.441410064697266
9.330049514770508
4.58425760269165
6.299969673156738
14.32070541381836
7.935873508453369
10.691969871520996
7.9920654296875
8.697985649108887
9.47398567199707
9.020417213439941
7.51763391494751
10.96300983428955
7.697665691375732
13.30854606628418
9.683265686035156
7.650561809539795
4.579841613769531
7.570305824279785
10.396738052368164
11.313665390014648
4.963329792022705
6.904513835906982
8.983745574951172
6.098113536834717
6.451905727386475
8.60179328918457
5.969537734985352
6.162881851196289
4.303233623504639
5.004929542541504
5.4698896408081055
4.4090895652771
9.483905792236328
4.790209770202637
6.369985580444336
6.9928975105285645
6.960001468658447
6.471105575561523
7.524481773376465
9.174657821655273
7.435393810272217
8.058945655822754
8.58310604095459
7.068417549133301
7.995329856872559
8.568769454956055
8.72064208984375
8.734017372131348
12.928641319274902
11.379905700683594
11.312066078186035
10.291458129882812
8.687170028686523
8.612353324890137
8.762049674987793
10.202754020690918
10.44556999206543
9.076481819152832
10.059009552001953
8.80864143371582
7.930433750152588
8.902785301208496
8.402626037597656
9.035585403442383
9.979521751403809
9.57286548614502
9.174593925476074
9.520833969116211
9.3742094039917
15.690433502197266
16.95660972595215
15.63232135772705
11.211393356323242
9.836097717285156
8.592577934265137
3.996673583984375
7.490049839019775
9.931777954101562
16.018753051757812
11.236993789672852
9.641921997070312
4.572481632232666
7.667649745941162
9.827329635620117
12.786049842834473
8.660161972045898
6.570945739746094
12.64365005493164
7.113217830657959
15.562049865722656
8.7562894821167
8.308673858642578
6.5253777503967285
7.102593898773193
14.482497215270996
7.553409576416016
12.014209747314453
10.411713600158691
10.853697776794434
9.513985633850098
9.697921752929688
8.818689346313477
7.989441871643066
8.018497467041016
8.248385429382324
8.657857894897461
9.68083381652832
11.295489311218262
5.148801803588867
4.376769542694092
6.951873779296875
3.465153694152832
5.096641540527344
11.037249565124512
3.9639055728912354
11.534721374511719
8.06028938293457
4.446081638336182
6.281601428985596
7.920577526092529
4.77478551864624
11.407425880432129
5.484673500061035
5.227905750274658
7.029185771942139
7.509249687194824
7.910849571228027
9.313858032226562
7.072065830230713
12.498753547668457
9.75833797454834
10.322113990783691
12.243330001831055
4.952449798583984
11.494657516479492
3.8016655445098877
7.0807695388793945
4.5304975509643555
4.995649814605713
6.786945819854736
6.161409854888916
9.110273361206055
6.044353485107422
8.359297752380371
9.209921836853027
10.113473892211914
10.645697593688965
6.330689907073975
10.519489288330078
7.458625793457031
10.975810050964355
10.06956958770752
10.968833923339844
11.381057739257812
10.021313667297363
6.4431376457214355
3.617729663848877
8.5586576461792
6.352897644042969
10.531649589538574
11.61708927154541
11.968194007873535
10.48985767364502
4.087425708770752
5.545153617858887
9.092738151550293
7.98272180557251
11.97683334350586
5.397505760192871
5.776705741882324
6.549569606781006
9.820993423461914
10.401601791381836
11.02476978302002
10.845569610595703
6.829953670501709
7.462401866912842
12.298562049865723
8.50304126739502
11.387073516845703
12.940673828125
9.681665420532227
11.942914009094238
10.353218078613281
11.999361991882324
8.37523365020752
8.792577743530273
10.468609809875488
11.182209968566895
11.573505401611328
10.252161979675293
10.884674072265625
11.51718521118164
12.424641609191895
12.372097969055176
12.665986061096191
13.032770156860352
13.280449867248535
13.684802055358887
16.22381019592285
16.196226119995117
16.150592803955078
16.452354431152344
16.246849060058594
16.163009643554688
16.47635269165039
16.443073272705078
16.487810134887695
16.419586181640625
15.638978004455566
16.355329513549805
16.24588966369629
16.46125030517578
15.84185791015625
16.409217834472656
16.482881546020508
16.198593139648438
16.479618072509766
16.368385314941406
16.525442123413086
16.467649459838867
16.55641746520996
16.312578201293945
16.49273681640625
16.41645050048828
16.5203857421875
16.57120132446289
16.62419319152832
16.64467430114746
16.162626266479492
16.702850341796875
16.58393669128418
16.670337677001953
16.242305755615234
16.026561737060547
16.506561279296875
16.1002254486084
16.314369201660156
14.910337448120117
15.605569839477539
15.483457565307617
15.277505874633789
14.509505271911621
13.324418067932129
13.727425575256348
11.666305541992188
16.456066131591797
16.42918586730957
15.611137390136719
14.133825302124023
14.409857749938965
16.33958625793457
16.617538452148438
16.27814483642578
16.388673782348633
14.934337615966797
13.55705738067627
16.512449264526367
15.044801712036133
14.30585765838623
16.529281616210938
15.081473350524902
16.684738159179688
16.732097625732422
16.75404930114746
16.6549129486084
16.556354522705078
16.531713485717773
15.66297721862793
15.642498016357422
15.108161926269531
14.50406551361084
15.10009765625
21.44851303100586
21.71699333190918
20.833600997924805
20.402305603027344
19.935361862182617
18.78227424621582
16.597505569458008
17.661441802978516
17.520706176757812
16.003713607788086
16.03539276123047
15.211265563964844
15.643841743469238
16.10771369934082
16.31891441345215
16.202434539794922
12.912001609802246
15.200193405151367
12.130497932434082
16.445249557495117
11.351105690002441
16.420610427856445
16.47942543029785
16.515777587890625
16.04755401611328
13.186945915222168
10.141953468322754
16.238849639892578
16.397504806518555
16.35014533996582
16.32435417175293
16.328577041625977
16.12128257751465
16.282752990722656
16.287616729736328
15.861313819885254
16.22016143798828
13.710082054138184
16.152257919311523
15.77043342590332
15.965697288513184
13.891585350036621
15.122754096984863
12.725057601928711
14.097729682922363
15.684097290039062
13.414338111877441
15.492865562438965
12.243393898010254
15.614721298217773
14.312769889831543
16.346817016601562
15.859201431274414
12.397441864013672
16.252033233642578
16.345857620239258
15.92377758026123
15.286273956298828
14.528833389282227
14.249985694885254
14.486785888671875
15.9985933303833
15.789377212524414
14.934977531433105
12.981313705444336
14.226369857788086
13.665153503417969
16.674497604370117
15.166850090026855
14.340737342834473
12.503233909606934
15.879681587219238
16.0882568359375
11.968770027160645
13.814146041870117
14.722370147705078
12.978690147399902
14.196417808532715
15.908929824829102
15.174337387084961
15.268353462219238
15.095617294311523
12.940353393554688
15.256897926330566
15.683650016784668
16.38323402404785
14.210625648498535
16.01388931274414
15.662337303161621
15.541121482849121
14.953665733337402
13.825665473937988
15.335297584533691
14.22400188446045
15.270785331726074
13.271809577941895
15.254593849182129
15.205761909484863
14.46739387512207
15.1316499710083
15.057665824890137
12.767169952392578
15.176065444946289
14.41555404663086
14.637313842773438
14.549697875976562
15.165505409240723
15.182273864746094
13.888833999633789
15.28902530670166
12.570497512817383
13.153793334960938
13.401025772094727
13.362113952636719
15.203265190124512
14.239489555358887
14.715521812438965
14.552129745483398
14.321985244750977
14.531457901000977
13.268993377685547
14.32729721069336
12.96358585357666
14.585729598999023
14.404481887817383
13.772418022155762
14.101377487182617
13.834114074707031
13.219521522521973
14.987329483032227
13.540353775024414
14.337665557861328
13.85004997253418
12.878786087036133
14.699201583862305
13.58259391784668
14.799809455871582
14.571073532104492
13.296257972717285
14.153922080993652
14.40736198425293
14.641729354858398
13.966017723083496
14.090497970581055
14.25132942199707
14.632577896118164
14.592897415161133
14.498689651489258
14.532609939575195
14.106689453125
14.319809913635254
14.123713493347168
14.43846607208252
14.321281433105469
21.73324966430664
15.693697929382324
16.715137481689453
13.426433563232422
15.479169845581055
15.808513641357422
15.696065902709961
13.0105619430542
12.472065925598145
16.420673370361328
11.6547212600708
15.300033569335938
10.087425231933594
16.370241165161133
16.3424015045166
16.29497718811035
16.05926513671875
15.574721336364746
15.110017776489258
16.088193893432617
12.015873908996582
15.423105239868164
15.660865783691406
16.450050354003906
15.366337776184082
15.034049987792969
15.67168140411377
14.646530151367188
16.1134090423584
15.704385757446289
14.945218086242676
15.873665809631348
15.246081352233887
13.410369873046875
15.227009773254395
15.31456184387207
13.76486587524414
14.16224193572998
15.309505462646484
15.135553359985352
15.205377578735352
13.885890007019043
13.552961349487305
14.866561889648438
14.93907356262207
12.20051383972168
14.568513870239258
14.419777870178223
14.531009674072266
13.349953651428223
14.345985412597656
21.76998519897461
15.293121337890625
15.576513290405273
16.292097091674805
13.910465240478516
16.37005043029785
11.613889694213867
16.46137809753418
11.686785697937012
15.267585754394531
16.388225555419922
16.15353775024414
15.66342544555664
13.041921615600586
15.462594032287598
15.719681739807129
13.968833923339844
16.556482315063477
12.469825744628906
14.859457969665527
14.040641784667969
15.370113372802734
15.310017585754395
15.074433326721191
13.557762145996094
13.64876937866211
14.865793228149414
14.488129615783691
14.457985877990723
14.356033325195312
21.772993087768555
14.55251407623291
15.638017654418945
15.938369750976562
13.157761573791504
11.848834037780762
16.411970138549805
15.14752197265625
12.188353538513184
15.875329971313477
14.478913307189941
15.515522003173828
13.937602043151855
11.928194046020508
15.540929794311523
15.071809768676758
15.062529563903809
13.955713272094727
14.273665428161621
14.087681770324707
12.918465614318848
13.59840202331543
14.387137413024902
14.438337326049805
14.273601531982422
15.757185935974121
16.501632690429688
13.18515396118164
15.952898025512695
15.171905517578125
15.806401252746582
15.145793914794922
13.591105461120605
15.580225944519043
16.444738388061523
14.260801315307617
13.25894546508789
14.566594123840332
21.573442459106445
16.076610565185547
15.88659381866455
13.613761901855469
13.263489723205566
16.427968978881836
15.752257347106934
16.068288803100586
14.063809394836426
15.21260929107666
16.556224822998047
12.441665649414062
13.833538055419922
14.694786071777344
14.566337585449219
16.01548957824707
15.23872184753418
13.637953758239746
14.645185470581055
12.954561233520508
15.286786079406738
16.214786529541016
15.315393447875977
16.145410537719727
14.79648208618164
13.656257629394531
15.325569152832031
14.384513854980469
14.110273361206055
13.85504150390625
14.699265480041504
14.58860969543457
21.209985733032227
15.490689277648926
13.907393455505371
14.354113578796387
14.347970008850098
14.76595401763916
16.0356502532959
13.179905891418457
16.229825973510742
14.716353416442871
14.560897827148438
14.715457916259766
14.693441390991211
14.439105987548828
20.771713256835938
13.554049491882324
15.294209480285645
14.884289741516113
20.24473762512207
16.46259307861328
15.54073715209961
19.361665725708008
16.38176155090332
16.32115364074707
14.891714096069336
18.208385467529297
17.629314422607422
14.345602035522461
17.10451316833496
12.805697441101074
15.072449684143066
13.276033401489258
16.332481384277344
12.926785469055176
15.186817169189453
15.319489479064941
14.090497970581055
15.301697731018066
15.376129150390625
13.364354133605957
16.425537109375
14.057665824890137
14.127937316894531
16.452545166015625
13.998465538024902
15.478273391723633
16.451330184936523
15.339009284973145
14.2529935836792
15.292993545532227
14.477250099182129
14.474689483642578
16.063682556152344
