9.876351576561311e-42
12.793313026428223
11.061505317687988
13.42275333404541
12.033248901367188
12.410848617553711
9.386720657348633
10.506592750549316
11.774752616882324
10.714144706726074
12.553377151489258
9.248673439025879
10.442240715026855
11.843008995056152
11.428960800170898
11.37379264831543
13.142945289611816
11.247233390808105
11.572481155395508
11.621440887451172
12.239936828613281
12.859808921813965
11.845056533813477
11.715072631835938
11.369665145874023
13.40700912475586
12.34313678741455
11.554272651672363
11.777056694030762
14.13238525390625
11.798688888549805
13.55648136138916
11.138209342956543
11.758880615234375
11.054272651672363
12.231489181518555
12.21708869934082
12.386880874633789
14.177281379699707
11.401440620422363
12.3622407913208
11.749984741210938
11.999488830566406
9.706816673278809
12.797409057617188
11.63289737701416
11.35292911529541
8.88630485534668
12.06416130065918
11.981088638305664
10.234017372131348
11.516897201538086
11.012640953063965
12.042784690856934
12.512513160705566
12.23062515258789
11.421889305114746
11.667808532714844
14.189537048339844
12.123936653137207
10.359681129455566
10.582080841064453
11.241280555725098
11.071168899536133
12.607521057128906
12.062976837158203
11.77548885345459
11.283905029296875
12.182305335998535
11.597697257995605
11.799777030944824
12.29187297821045
11.075968742370605
9.88147258758545
10.057792663574219
10.559713363647461
11.775585174560547
12.623584747314453
12.748289108276367
11.545600891113281
11.174689292907715
12.407712936401367
9.60560131072998
10.039328575134277
10.800320625305176
11.55318546295166
13.271520614624023
13.097825050354004
11.604544639587402
12.042049407958984
9.395233154296875
9.317185401916504
11.695616722106934
11.783265113830566
12.394400596618652
10.047009468078613
13.611329078674316
13.789408683776855
12.235649108886719
9.37641716003418
12.06028938293457
13.68208122253418
12.28537654876709
12.228864669799805
9.210688591003418
9.555553436279297
11.799649238586426
13.982657432556152
11.95446491241455
11.754977226257324
8.531137466430664
10.448225021362305
11.428512573242188
11.473472595214844
10.846561431884766
11.542304992675781
12.009600639343262
8.64176082611084
11.98950481414795
9.414689064025879
11.850976943969727
11.693312644958496
11.627073287963867
11.700640678405762
11.497089385986328
11.949920654296875
11.577217102050781
12.095681190490723
14.093473434448242
11.575297355651855
11.688352584838867
9.855488777160645
12.2476806640625
12.233888626098633
12.006880760192871
12.051937103271484
10.621152877807617
11.64176082611084
11.804768562316895
11.487264633178711
11.798304557800293
11.514336585998535
11.410625457763672
11.649825096130371
11.83667278289795
12.091105461120605
12.104832649230957
12.041440963745117
11.692832946777344
11.894305229187012
11.625505447387695
11.291617393493652
11.424640655517578
11.900833129882812
12.993473052978516
13.757345199584961
13.948801040649414
14.065184593200684
14.146368980407715
14.174560546875
14.0532808303833
14.11072063446045
15.089920997619629
15.357152938842773
14.323456764221191
15.357344627380371
14.521760940551758
14.384833335876465
13.781664848327637
11.944896697998047
13.517664909362793
11.696832656860352
13.957569122314453
11.146017074584961
10.468032836914062
13.050400733947754
10.598209381103516
12.049120903015137
11.405536651611328
11.893568992614746
14.028449058532715
12.198720932006836
10.127264976501465
13.619617462158203
13.035520553588867
10.627456665039062
10.175712585449219
10.432896614074707
11.789344787597656
11.055872917175293
10.306656837463379
11.984768867492676
10.389728546142578
10.398913383483887
10.330177307128906
9.924128532409668
15.132192611694336
15.220705032348633
14.23062515258789
14.16358470916748
13.896992683410645
14.379937171936035
10.090336799621582
11.04953670501709
11.879328727722168
11.260096549987793
10.635969161987305
14.27100944519043
12.041025161743164
12.242080688476562
10.429569244384766
15.010017395019531
11.806241035461426
11.060929298400879
12.820960998535156
11.70016098022461
13.025505065917969
12.687553405761719
12.55977725982666
11.58707332611084
10.86601734161377
12.646017074584961
11.10304069519043
10.687329292297363
13.023744583129883
11.956289291381836
11.475969314575195
14.146177291870117
10.798528671264648
11.581792831420898
10.011809349060059
13.647488594055176
13.47353744506836
13.230337142944336
10.765185356140137
13.24211311340332
10.04140853881836
13.044257164001465
10.316801071166992
10.55926513671875
10.958081245422363
10.084160804748535
10.65580940246582
11.114497184753418
11.210017204284668
11.420480728149414
10.943297386169434
12.823104858398438
10.882657051086426
10.608864784240723
12.243744850158691
12.351456642150879
12.081856727600098
11.353025436401367
11.152993202209473
11.167840957641602
11.342657089233398
11.466113090515137
14.532864570617676
14.565089225769043
14.859232902526855
15.15756893157959
15.181281089782715
15.072800636291504
15.07187271118164
15.042784690856934
14.8557767868042
14.95993709564209
15.14550495147705
14.245760917663574
14.451872825622559
14.25302505493164
14.845216751098633
15.221184730529785
15.204384803771973
15.31699275970459
15.324801445007324
15.237184524536133
14.567072868347168
13.891392707824707
14.270849227905273
15.341824531555176
14.01292896270752
13.686049461364746
14.326560974121094
14.68048095703125
15.216897010803223
14.567008972167969
15.071425437927246
15.185280799865723
15.044672966003418
14.494240760803223
15.218368530273438
15.116960525512695
15.337505340576172
14.423681259155273
13.632192611694336
14.6199369430542
15.25030517578125
14.710433006286621
14.929505348205566
15.15596866607666
14.387617111206055
15.513025283813477
15.037025451660156
15.32019329071045
15.538529396057129
15.088896751403809
14.321216583251953
15.494145393371582
14.819520950317383
15.094656944274902
15.093056678771973
15.36156940460205
15.002656936645508
15.476800918579102
15.230880737304688
15.314112663269043
14.8742094039917
15.3524169921875
14.779745101928711
15.245633125305176
15.303488731384277
15.162880897521973
15.28156852722168
14.393280982971191
15.295008659362793
14.533024787902832
15.255520820617676
15.257824897766113
15.224480628967285
15.055584907531738
15.0467529296875
14.877281188964844
14.658496856689453
14.79840087890625
14.669184684753418
15.036608695983887
14.83542537689209
14.694272994995117
14.439456939697266
14.410784721374512
14.27065658569336
14.3939847946167
14.085664749145508
14.231425285339355
13.97142505645752
14.160416603088379
13.669665336608887
13.324929237365723
13.431073188781738
13.657280921936035
13.460673332214355
13.426592826843262
13.236416816711426
13.264225006103516
13.53100872039795
13.296384811401367
13.887969017028809
13.466880798339844
13.963457107543945
13.966176986694336
14.040864944458008
13.986753463745117
14.168320655822754
14.019680976867676
14.0086088180542
14.006176948547363
13.972768783569336
13.105441093444824
13.220001220703125
12.95772933959961
12.688064575195312
13.698432922363281
13.959649085998535
13.657408714294434
14.071296691894531
13.992960929870605
13.985696792602539
13.744224548339844
13.013665199279785
13.034049034118652
12.272384643554688
13.931585311889648
13.868385314941406
13.184256553649902
12.846720695495605
12.640705108642578
12.909089088439941
13.513792991638184
13.497888565063477
12.8043851852417
13.6514253616333
13.186208724975586
13.239936828613281
13.564352989196777
13.524737358093262
13.067584991455078
13.404480934143066
13.42662525177002
13.037696838378906
13.140096664428711
13.090112686157227
12.886208534240723
13.344352722167969
13.631105422973633
13.547968864440918
13.667649269104004
13.5947847366333
13.72476863861084
13.944929122924805
13.634560585021973
13.696768760681152
13.901664733886719
13.965024948120117
14.057504653930664
14.065089225769043
14.402176856994629
14.306720733642578
14.275840759277344
14.086400985717773
13.734881401062012
13.621185302734375
13.562017440795898
13.609025001525879
13.615073204040527
13.56592082977295
13.79788875579834
13.816033363342285
13.765792846679688
13.893793106079102
13.8873929977417
14.020769119262695
14.164512634277344
14.133025169372559
14.079873085021973
14.054241180419922
13.948480606079102
12.944896697998047
13.485536575317383
15.272256851196289
12.899232864379883
13.2411527633667
12.50355339050293
12.943489074707031
13.664800643920898
14.01452922821045
13.98505687713623
13.1133451461792
12.743520736694336
12.928865432739258
13.658465385437012
13.91632080078125
13.192032814025879
13.327200889587402
12.921568870544434
13.001249313354492
12.552000999450684
13.106529235839844
13.683521270751953
12.866400718688965
13.209920883178711
13.464864730834961
12.541089057922363
13.677921295166016
12.911393165588379
13.453888893127441
13.301536560058594
13.88345718383789
13.62368106842041
13.930209159851074
13.846592903137207
13.809857368469238
13.79289722442627
13.780097007751465
13.7826566696167
14.146496772766113
12.903456687927246
12.920928955078125
13.490592956542969
12.730209350585938
12.97187328338623
14.142433166503906
12.792033195495605
14.117505073547363
13.658048629760742
12.740736961364746
12.891233444213867
13.47523307800293
11.867616653442383
13.962048530578613
11.871617317199707
11.65420913696289
12.96316909790039
13.25916862487793
13.09081745147705
13.736737251281738
12.405120849609375
13.974945068359375
13.622977256774902
13.906017303466797
14.393248558044434
12.98505687713623
14.207585334777832
12.851361274719238
13.492000579833984
12.886177062988281
12.863520622253418
13.119776725769043
12.341217041015625
13.683968544006348
11.696385383605957
13.413440704345703
13.580704689025879
13.80819320678711
14.025984764099121
13.288128852844238
14.16729736328125
13.50252914428711
14.051328659057617
13.853313446044922
14.064544677734375
14.188257217407227
14.1199369430542
13.293633460998535
12.641217231750488
13.607552528381348
11.902433395385742
13.872705459594727
14.163265228271484
14.290177345275879
14.084576606750488
12.556257247924805
12.974177360534668
13.700033187866211
12.612865447998047
14.193184852600098
12.377345085144043
12.636833190917969
12.634720802307129
13.775840759277344
13.979265213012695
13.887969017028809
13.900800704956055
13.312320709228516
12.726977348327637
14.32240104675293
13.599008560180664
13.919361114501953
14.425249099731445
13.74819278717041
13.944289207458496
13.80988883972168
14.085792541503906
12.955361366271973
13.29568099975586
13.913888931274414
14.055584907531738
14.079840660095215
13.806113243103027
13.8457612991333
13.905569076538086
14.079648971557617
14.196928977966309
14.321024894714355
14.293216705322266
14.391425132751465
14.473249435424805
15.048032760620117
15.003584861755371
14.9320650100708
14.839168548583984
14.982592582702637
14.812993049621582
14.314624786376953
14.559553146362305
14.362176895141602
13.239424705505371
14.320321083068848
14.926209449768066
14.805632591247559
13.686432838439941
13.703553199768066
14.720192909240723
13.989249229431152
14.959680557250977
13.657120704650879
13.001344680786133
14.16905689239502
13.475872993469238
14.056736946105957
14.823296546936035
14.612929344177246
14.800256729125977
14.829153060913086
14.525729179382324
14.864896774291992
14.474081039428711
13.72409725189209
15.081440925598145
15.121792793273926
14.623072624206543
14.482752799987793
14.835553169250488
15.155488967895508
14.533857345581055
15.142240524291992
14.047489166259766
14.510560989379883
14.992257118225098
13.967456817626953
13.932737350463867
14.919361114501953
14.855937004089355
14.944480895996094
14.520608901977539
15.157793045043945
15.100481033325195
14.70873737335205
14.922784805297852
13.979841232299805
15.095745086669922
14.630945205688477
14.421408653259277
14.48995304107666
14.89977741241455
14.289472579956055
14.850945472717285
14.86822509765625
14.59747314453125
15.00796890258789
14.555936813354492
14.933344841003418
14.938241004943848
14.894624710083008
14.779969215393066
15.058913230895996
14.90371322631836
15.07302474975586
15.035873413085938
14.908513069152832
14.957056999206543
14.591585159301758
15.235424995422363
14.734272956848145
14.618817329406738
14.481952667236328
14.37971305847168
14.089600563049316
14.104097366333008
14.43152141571045
14.235488891601562
14.463553428649902
14.477664947509766
14.469088554382324
14.479969024658203
14.500000953674316
14.495361328125
14.424673080444336
14.460416793823242
14.31910514831543
14.506880760192871
14.139808654785156
14.573505401611328
14.555745124816895
14.572896957397461
14.396673202514648
14.006880760192871
13.796032905578613
14.511137008666992
14.678977012634277
14.848065376281738
14.704960823059082
14.938913345336914
14.567776679992676
15.044897079467773
14.941248893737793
14.759040832519531
14.95174503326416
14.374528884887695
14.941824913024902
14.805377006530762
14.829568862915039
14.538336753845215
14.766304969787598
14.36112117767334
14.605377197265625
14.816640853881836
14.487552642822266
14.80704116821289
14.182369232177734
14.817792892456055
14.601248741149902
14.793088912963867
14.848672866821289
14.211200714111328
14.812065124511719
14.863744735717773
14.870080947875977
14.738848686218262
14.573057174682617
14.508225440979004
14.488288879394531
14.890913009643555
14.848417282104492
14.609057426452637
14.276128768920898
14.438689231872559
14.357889175415039
15.032641410827637
14.577569007873535
14.406721115112305
14.105696678161621
14.851104736328125
14.922657012939453
14.0336332321167
14.310273170471191
14.450465202331543
14.121249198913574
14.321728706359863
14.8491849899292
14.531617164611816
14.576353073120117
14.49644947052002
14.06972885131836
14.552192687988281
14.771425247192383
15.124481201171875
14.280417442321777
14.974017143249512
14.795201301574707
14.712800979614258
14.4353609085083
14.167201042175293
14.627009391784668
14.24000072479248
14.822656631469727
14.062945365905762
14.727041244506836
14.750496864318848
14.286688804626465
14.806913375854492
14.89984130859375
14.180192947387695
14.762721061706543
14.260672569274902
14.846529006958008
14.322113037109375
14.730497360229492
14.513984680175781
14.796545028686523
14.605504989624023
14.428353309631348
14.742144584655762
14.783201217651367
14.495841026306152
14.607169151306152
14.39171314239502
14.447681427001953
14.93094539642334
14.426401138305664
14.441376686096191
14.795744895935059
14.936097145080566
14.807969093322754
14.468929290771484
14.456672668457031
14.407809257507324
14.882593154907227
14.773248672485352
14.65091323852539
14.4387845993042
14.673280715942383
14.903392791748047
14.393505096435547
14.550400733947754
14.023649215698242
14.655521392822266
13.7062406539917
14.362752914428711
14.534976959228516
14.371265411376953
14.070144653320312
13.83388900756836
13.935200691223145
14.640129089355469
13.572800636291504
13.077025413513184
12.76889705657959
12.325729370117188
13.52265739440918
13.012385368347168
12.601633071899414
12.077696800231934
13.475296974182129
14.247649192810059
14.9189453125
14.301536560058594
14.235937118530273
14.438913345336914
14.474177360534668
14.46822452545166
14.460801124572754
14.350688934326172
14.19356918334961
14.493792533874512
13.882720947265625
14.204160690307617
13.674817085266113
14.793633460998535
14.899648666381836
15.001344680786133
14.811040878295898
14.796769142150879
14.77811336517334
14.899136543273926
14.235649108886719
14.787616729736328
14.825024604797363
14.840161323547363
14.737441062927246
14.520833015441895
14.780673027038574
14.4188814163208
14.933344841003418
14.769024848937988
14.469505310058594
14.857280731201172
14.534049034118652
14.091745376586914
14.531296730041504
14.670241355895996
14.196928977966309
14.74598503112793
14.565953254699707
14.662432670593262
14.62038516998291
14.982945442199707
14.803488731384277
14.386784553527832
14.544193267822266
14.6995210647583
14.371296882629395
14.56198501586914
14.299680709838867
14.301025390625
11.973825454711914
14.875265121459961
14.40380859375
14.471169471740723
14.501601219177246
14.374977111816406
14.498560905456543
13.761344909667969
14.659584999084473
13.693729400634766
14.173025131225586
14.873152732849121
14.784001350402832
14.715489387512207
14.385409355163574
14.786624908447266
14.837985038757324
14.526976585388184
14.898848533630371
14.049696922302246
14.440481185913086
14.155200958251953
14.614752769470215
14.879840850830078
14.836833000183105
14.492288589477539
14.88412857055664
14.661856651306152
14.241473197937012
12.736897468566895
14.182048797607422
14.61065673828125
14.474753379821777
14.350913047790527
14.487264633178711
13.8972806930542
13.704065322875977
14.847553253173828
14.649664878845215
14.243425369262695
14.83324909210205
14.65369701385498
14.794240951538086
14.440384864807129
13.980257034301758
14.691841125488281
14.480353355407715
14.814752578735352
14.272065162658691
14.825089454650879
14.890497207641602
14.638209342956543
14.50364875793457
14.567169189453125
13.12800121307373
14.546880722045898
14.480289459228516
14.66569709777832
13.83609676361084
14.697025299072266
14.492481231689453
14.835936546325684
14.744256973266602
14.438432693481445
14.798240661621094
14.925856590270996
14.199969291687012
14.640129089355469
13.64505672454834
14.623041152954102
14.503265380859375
14.487360954284668
14.254465103149414
13.853729248046875
14.771904945373535
14.605216979980469
14.83104133605957
14.59587287902832
14.736385345458984
15.065760612487793
14.002241134643555
14.812960624694824
13.267265319824219
12.843233108520508
14.491520881652832
14.380704879760742
14.507841110229492
14.650849342346191
14.025568962097168
14.577408790588379
14.518497467041016
14.268928527832031
14.840608596801758
14.630593299865723
14.09030532836914
14.610016822814941
14.960704803466797
14.887553215026855
14.66848087310791
13.396864891052246
13.649985313415527
14.572577476501465
14.707904815673828
14.136576652526855
14.926273345947266
14.608416557312012
13.73881721496582
14.36880111694336
14.402400970458984
14.887232780456543
14.544609069824219
14.915616989135742
14.769024848937988
14.037505149841309
14.199488639831543
14.483840942382812
14.121121406555176
14.564385414123535
14.755393028259277
14.339552879333496
14.763297080993652
14.692705154418945
14.318689346313477
14.506304740905762
14.939265251159668
14.480512619018555
13.970305442810059
13.912481307983398
14.561120986938477
14.063392639160156
14.252449035644531
14.49763298034668
14.310464859008789
14.211936950683594
14.27008056640625
14.523104667663574
14.587297439575195
14.200833320617676
14.557952880859375
14.361248970031738
14.317856788635254
15.050081253051758
14.607681274414062
14.365665435791016
15.092801094055176
14.550976753234863
14.342720985412598
14.566593170166016
14.583745002746582
14.266944885253906
14.684737205505371
14.394465446472168
14.376225471496582
14.94896125793457
