9.876351576561311e-42
13.595440864562988
10.915312767028809
15.275504112243652
10.335088729858398
12.232368469238281
6.016624450683594
9.24824047088623
12.323888778686523
7.168880462646484
13.169328689575195
4.505008697509766
6.852912425994873
9.891504287719727
7.942320346832275
9.354736328125
12.667888641357422
10.194544792175293
12.014448165893555
12.401328086853027
12.00580883026123
12.770672798156738
12.734448432922363
12.607280731201172
12.162352561950684
12.071280479431152
13.370224952697754
12.919344902038574
11.277680397033691
9.53976058959961
13.796592712402344
11.895856857299805
9.812336921691895
13.061680793762207
8.626608848571777
12.054384231567383
9.867888450622559
10.478192329406738
10.175216674804688
8.546160697937012
11.00318431854248
8.471216201782227
11.683760643005371
9.645296096801758
13.587376594543457
9.784432411193848
10.1505765914917
3.7138407230377197
9.344560623168945
10.795248985290527
6.588272571563721
11.265584945678711
8.255280494689941
12.88804817199707
13.329584121704102
11.8897123336792
12.475248336791992
13.874672889709473
9.325872421264648
12.579696655273438
9.391728401184082
9.653616905212402
11.05060863494873
8.38846492767334
12.425712585449219
10.206192970275879
12.349617004394531
8.86936092376709
12.736624717712402
13.566256523132324
13.327664375305176
9.008176803588867
9.46328067779541
7.209712505340576
8.04958438873291
8.197744369506836
10.704176902770996
12.723184585571289
12.886064529418945
13.37720012664795
8.997936248779297
9.355056762695312
5.744688510894775
6.741104602813721
7.675184726715088
11.6024169921875
12.45246410369873
12.682416915893555
12.367024421691895
10.693936347961426
4.9474406242370605
6.26078462600708
12.7433443069458
12.33784008026123
9.742576599121094
5.881136417388916
11.883504867553711
10.689648628234863
11.441008567810059
4.815856456756592
11.175472259521484
11.310768127441406
10.192880630493164
11.496432304382324
4.437488555908203
4.990512371063232
11.778032302856445
9.894320487976074
11.985200881958008
12.452720642089844
3.065136671066284
6.835440635681152
10.745712280273438
12.894512176513672
7.284400463104248
12.15160083770752
12.631088256835938
4.302000999450684
13.188272476196289
5.237680435180664
10.128816604614258
13.335280418395996
13.561328887939453
13.648112297058105
13.643376350402832
10.02718448638916
13.80606460571289
9.918704986572266
9.425008773803711
13.622640609741211
13.140528678894043
6.419312477111816
12.618032455444336
12.49284839630127
12.47697639465332
11.831280708312988
7.209200382232666
9.703472137451172
10.127344131469727
12.076848983764648
10.203760147094727
12.229936599731445
10.60638427734375
11.116336822509766
11.326512336730957
11.205296516418457
11.10366439819336
11.00977611541748
11.845680236816406
10.940144538879395
11.205872535705566
12.160624504089355
12.468464851379395
13.415088653564453
13.878576278686523
11.505520820617676
10.160496711730957
9.954160690307617
9.328624725341797
9.369264602661133
10.436080932617188
10.838064193725586
17.060272216796875
15.434032440185547
17.148208618164062
14.050480842590332
16.127471923828125
11.403056144714355
12.001648902893066
14.051312446594238
10.969712257385254
11.181488990783691
15.58347225189209
12.585392951965332
9.452400207519531
13.893104553222656
8.689136505126953
12.685680389404297
11.37707233428955
7.791600704193115
14.862576484680176
7.442928314208984
8.581104278564453
13.627696990966797
14.040752410888672
10.11070442199707
9.12811279296875
9.37918472290039
11.428464889526367
10.266864776611328
9.66852855682373
12.472304344177246
9.77342414855957
9.990768432617188
9.939760208129883
9.967856407165527
15.777968406677246
14.035184860229492
17.766706466674805
11.762992858886719
10.420272827148438
16.624624252319336
11.292400360107422
10.654128074645996
6.859312534332275
10.681777000427246
9.519536972045898
16.118896484375
8.139824867248535
11.555120468139648
8.473392486572266
14.385008811950684
14.279024124145508
7.824560642242432
13.756656646728516
8.79896068572998
11.466928482055664
15.802352905273438
12.579824447631836
10.772272109985352
9.665072441101074
12.92337703704834
10.388336181640625
10.586864471435547
10.528496742248535
15.017648696899414
7.128112316131592
11.482672691345215
13.185456275939941
7.071216583251953
9.839792251586914
10.272560119628906
9.766512870788574
9.345776557922363
12.146096229553223
9.762288093566895
9.814384460449219
8.988144874572754
8.897392272949219
10.097200393676758
10.52228832244873
10.28593635559082
10.28811264038086
9.584688186645508
11.445616722106934
8.374897003173828
10.895216941833496
8.483440399169922
7.3898725509643555
7.824816703796387
7.009904384613037
6.942384719848633
6.925808429718018
7.914608478546143
8.905136108398438
10.78872013092041
11.492592811584473
11.949936866760254
10.955952644348145
10.016816139221191
10.021872520446777
14.784112930297852
17.543664932250977
17.811887741088867
19.40856170654297
20.160049438476562
19.14174461364746
19.36421012878418
19.547313690185547
13.402352333068848
15.86724853515625
14.061808586120605
16.561519622802734
18.58744239807129
18.749361038208008
18.694002151489258
18.5116024017334
17.9593448638916
15.473200798034668
9.487536430358887
10.265520095825195
16.793136596679688
12.886576652526855
9.75928020477295
12.25489616394043
10.55659294128418
14.296368598937988
9.769264221191406
15.486384391784668
19.908401489257812
19.47224235534668
13.587440490722656
18.764402389526367
17.897008895874023
17.604721069335938
11.245616912841797
11.796592712402344
14.134064674377441
14.006512641906738
10.098352432250977
18.547569274902344
19.018417358398438
14.617264747619629
14.920944213867188
10.853360176086426
18.906097412109375
15.291632652282715
11.314096450805664
13.592752456665039
16.513200759887695
9.85745620727539
17.290224075317383
12.071920394897461
18.942129135131836
15.277168273925781
16.055408477783203
19.19499397277832
17.13047981262207
16.122800827026367
19.018993377685547
14.237168312072754
18.394865036010742
19.350706100463867
18.26558494567871
19.333553314208984
13.26360034942627
18.972530364990234
15.648368835449219
18.84203338623047
19.375600814819336
19.39716911315918
17.383792877197266
18.76971435546875
18.001970291137695
16.967857360839844
17.193328857421875
15.74654483795166
13.130416870117188
10.679792404174805
10.233392715454102
12.833328247070312
12.25540828704834
12.964720726013184
12.715696334838867
12.871408462524414
14.761968612670898
13.39665699005127
12.875824928283691
11.649904251098633
10.129904747009277
11.674160957336426
9.396848678588867
10.876336097717285
9.11780834197998
10.794864654541016
12.58507251739502
13.730864524841309
10.753072738647461
13.094640731811523
13.066864967346191
11.535088539123535
10.816176414489746
10.898992538452148
12.366320610046387
10.18264102935791
10.586160659790039
13.019376754760742
12.473136901855469
12.289712905883789
8.991792678833008
11.72049617767334
9.600688934326172
8.528496742248535
14.03435230255127
12.875248908996582
11.259888648986816
11.26456069946289
12.242416381835938
10.262064933776855
11.714864730834961
8.722224235534668
9.220656394958496
7.1844964027404785
13.279984474182129
11.978608131408691
9.35736083984375
9.564912796020508
8.253488540649414
8.509488105773926
10.995504379272461
9.056560516357422
8.957808494567871
11.715888977050781
9.098736763000488
9.994928359985352
12.375216484069824
13.129840850830078
9.928560256958008
12.52388858795166
13.268528938293457
10.856369018554688
9.32625675201416
11.779888153076172
10.248880386352539
11.590192794799805
13.964592933654785
13.609712600708008
11.99614429473877
10.157488822937012
13.635184288024902
12.09540843963623
10.612336158752441
13.23556900024414
13.016432762145996
11.064240455627441
11.042352676391602
11.548784255981445
11.800688743591309
12.704113006591797
13.283504486083984
12.949872970581055
12.57636833190918
13.123632431030273
13.661232948303223
13.841840744018555
13.973808288574219
13.937904357910156
13.355696678161621
13.773168563842773
13.842544555664062
13.39505672454834
13.287216186523438
12.05777645111084
10.179760932922363
10.359601020812988
10.56369686126709
10.174960136413574
9.872560501098633
9.27064037322998
10.50814437866211
13.824496269226074
11.072688102722168
11.294448852539062
11.261232376098633
9.594032287597656
10.250672340393066
9.742384910583496
10.926704406738281
10.479280471801758
11.547760963439941
10.863856315612793
9.815728187561035
9.507184982299805
10.646576881408691
11.471536636352539
10.790640830993652
9.529584884643555
11.68382453918457
8.988144874572754
11.12868881225586
11.89233684539795
11.828145027160645
11.144112586975098
7.7495527267456055
10.667312622070312
8.817648887634277
9.824880599975586
10.057648658752441
10.857840538024902
11.054704666137695
10.889008522033691
10.407472610473633
10.077040672302246
9.788656234741211
9.593904495239258
9.723440170288086
10.426416397094727
11.87697696685791
10.021296501159668
10.598000526428223
7.957488536834717
9.46878433227539
9.205680847167969
7.8514404296875
9.056944847106934
9.511792182922363
7.158768653869629
7.626800537109375
8.68651294708252
10.047600746154785
8.907824516296387
11.025968551635742
11.539888381958008
8.489904403686523
8.26360034942627
9.37924861907959
9.656560897827148
10.590576171875
9.729969024658203
11.393136978149414
11.714800834655762
12.310320854187012
10.980080604553223
9.691761016845703
8.877616882324219
9.887920379638672
8.66961669921875
7.623664379119873
7.6534247398376465
9.585200309753418
9.848432540893555
12.050480842590332
9.01144027709961
9.823984146118164
11.350576400756836
11.826032638549805
11.110448837280273
9.575600624084473
9.342960357666016
9.124336242675781
10.180400848388672
11.901808738708496
12.183088302612305
9.847728729248047
9.99556827545166
7.385008335113525
9.136112213134766
11.739632606506348
10.605360984802246
11.594416618347168
12.009072303771973
9.415728569030762
7.131568431854248
8.212528228759766
9.713776588439941
11.183152198791504
11.362992286682129
8.379952430725098
7.846320629119873
8.957680702209473
10.287344932556152
9.360880851745605
10.710320472717285
8.977840423583984
9.072688102722168
9.962864875793457
11.880752563476562
9.380592346191406
8.948016166687012
12.288944244384766
10.123632431030273
9.168368339538574
10.48356819152832
10.996848106384277
10.673712730407715
10.16574478149414
11.319600105285645
11.139760971069336
11.049072265625
10.010672569274902
10.297520637512207
10.538288116455078
10.99160099029541
11.265904426574707
11.796592712402344
11.764976501464844
12.20139217376709
12.691888809204102
16.85521697998047
16.556976318359375
16.593008041381836
18.003185272216797
17.1005916595459
16.59441566467285
17.57400131225586
17.477617263793945
17.634672164916992
17.478897094726562
17.936368942260742
17.653297424316406
16.790897369384766
17.425392150878906
17.856369018554688
17.342449188232422
17.532400131225586
16.850095748901367
17.78526496887207
17.606063842773438
18.09931182861328
18.065649032592773
18.54161834716797
16.999792098999023
17.579313278198242
17.13924789428711
17.439409255981445
18.097583770751953
17.75864028930664
18.58116912841797
18.048751831054688
18.10673713684082
17.526321411132812
19.149873733520508
18.655536651611328
18.655729293823242
17.766897201538086
18.86123275756836
17.464113235473633
18.427825927734375
18.4232177734375
17.98801612854004
18.627952575683594
18.43083381652832
18.04100799560547
17.864561080932617
17.852081298828125
19.057649612426758
17.961456298828125
18.206192016601562
18.147567749023438
18.02110481262207
18.539697647094727
18.3403377532959
19.00132942199707
19.0028018951416
18.24523162841797
17.91147232055664
19.03601837158203
18.03953742980957
17.977968215942383
19.110000610351562
18.134000778198242
19.1187686920166
18.394737243652344
18.635250091552734
18.772018432617188
18.764848709106445
18.40798568725586
18.170928955078125
18.137392044067383
18.373361587524414
18.164785385131836
18.3914737701416
11.042096138000488
14.53208065032959
10.072880744934082
11.396272659301758
12.291184425354004
10.752368927001953
7.575408458709717
8.703088760375977
9.553712844848633
7.40926456451416
9.140144348144531
13.05931282043457
14.227760314941406
15.065712928771973
14.656432151794434
14.676848411560059
12.841584205627441
13.765424728393555
13.501296997070312
14.67467212677002
13.269168853759766
15.056560516357422
14.504944801330566
13.970032691955566
13.84382438659668
13.778736114501953
12.971504211425781
13.986544609069824
15.219696044921875
15.978992462158203
14.999664306640625
16.22136116027832
14.842544555664062
16.359344482421875
15.866032600402832
14.818352699279785
16.098031997680664
12.651632308959961
16.264944076538086
14.804784774780273
15.426480293273926
12.417776107788086
13.390832901000977
12.340848922729492
12.77451229095459
14.972464561462402
12.47537612915039
14.320880889892578
11.260784149169922
15.43320083618164
13.999664306640625
16.82891273498535
16.0360164642334
10.755440711975098
16.621999740600586
16.702064514160156
16.24433708190918
15.195504188537598
14.44638442993164
14.056816101074219
14.529840469360352
16.37419319152832
16.10820770263672
15.022128105163574
10.988208770751953
14.136752128601074
12.971376419067383
17.767087936401367
15.383600234985352
14.07908821105957
9.759408950805664
15.92625617980957
16.150896072387695
9.199792861938477
12.379120826721191
14.822640419006348
10.503024101257324
13.126832962036133
15.754544258117676
15.288240432739258
15.441136360168457
15.016240119934082
10.134449005126953
15.329008102416992
15.727216720581055
17.120431900024414
13.168816566467285
16.554033279418945
16.014448165893555
15.843632698059082
14.47256088256836
12.040369033813477
15.194416046142578
13.19473648071289
16.289457321166992
11.300464630126953
15.665968894958496
15.60030460357666
13.503984451293945
15.793776512145996
16.533552169799805
11.302512168884277
15.493424415588379
12.825328826904297
18.13368034362793
12.688368797302246
15.356208801269531
14.18929672241211
17.854448318481445
15.041520118713379
12.330928802490234
16.72599983215332
16.636016845703125
12.623664855957031
14.572336196899414
12.505393028259277
13.022064208984375
16.00574493408203
12.947824478149414
13.196464538574219
16.084144592285156
16.1636962890625
16.109617233276367
13.679600715637207
13.336816787719727
12.362160682678223
16.13412857055664
15.944368362426758
15.570992469787598
14.960176467895508
15.626160621643066
15.922736167907715
12.280624389648438
15.008048057556152
15.46878433227539
15.412720680236816
15.031472206115723
13.838000297546387
15.012144088745117
16.094512939453125
15.97323226928711
13.928048133850098
15.792624473571777
12.810416221618652
15.775216102600098
14.284080505371094
15.091952323913574
15.10513687133789
14.042224884033203
15.249712944030762
15.23614501953125
14.394096374511719
14.261552810668945
14.041264533996582
11.513968467712402
7.950192451477051
7.733616352081299
11.341104507446289
13.657968521118164
14.666672706604004
14.187440872192383
13.687920570373535
13.566256523132324
14.355504035949707
13.374384880065918
14.321840286254883
13.428656578063965
15.416240692138672
15.671024322509766
16.064241409301758
15.382768630981445
14.081328392028809
13.688752174377441
16.31928062438965
12.306736946105957
14.976752281188965
15.701936721801758
16.958513259887695
15.437296867370605
15.234352111816406
15.763952255249023
14.366000175476074
15.978032112121582
15.675056457519531
14.935280799865723
15.811568260192871
15.088496208190918
10.879216194152832
14.655728340148926
15.239856719970703
12.006064414978027
17.698801040649414
14.814960479736328
15.061808586120605
14.812464714050293
16.648113250732422
16.128623962402344
14.663984298706055
14.977776527404785
14.137392044067383
15.808816909790039
13.477936744689941
13.69041633605957
15.028976440429688
14.761520385742188
12.394289016723633
8.760368347167969
14.072816848754883
14.316208839416504
13.857840538024902
14.403824806213379
13.729456901550293
14.738480567932129
14.017840385437012
14.4692964553833
15.360240936279297
15.343472480773926
14.145840644836426
12.159984588623047
15.30276870727539
15.948336601257324
13.521648406982422
17.144304275512695
9.583216667175293
14.578608512878418
12.433072090148926
15.525232315063477
16.917104721069336
15.728816032409668
12.683248519897461
16.640945434570312
15.016944885253906
13.587376594543457
14.672369003295898
13.723952293395996
10.645360946655273
12.009456634521484
7.661872386932373
14.550256729125977
14.031728744506836
14.029552459716797
15.200560569763184
13.50654411315918
12.215216636657715
15.536624908447266
13.820016860961914
15.573488235473633
13.550256729125977
8.961712837219238
15.709232330322266
14.71390438079834
15.571696281433105
12.062704086303711
17.507184982299805
16.17892837524414
14.6919527053833
15.439088821411133
13.300336837768555
15.504240989685059
13.192880630493164
14.35364818572998
14.329136848449707
14.208688735961914
14.89022445678711
13.801072120666504
15.829488754272461
14.513136863708496
12.915824890136719
15.771440505981445
16.823152542114258
12.918128967285156
15.069168090820312
15.577264785766602
10.537008285522461
14.22379207611084
14.204976081848145
13.84696102142334
14.147184371948242
15.032496452331543
14.332208633422852
16.393457412719727
13.489968299865723
14.894768714904785
17.259056091308594
9.284272193908691
15.982064247131348
15.044720649719238
14.483696937561035
13.834864616394043
14.138160705566406
13.03428840637207
14.300016403198242
9.969520568847656
14.817264556884766
13.767280578613281
14.11620807647705
16.46615982055664
14.69144058227539
11.745648384094238
14.864304542541504
17.248624801635742
16.057201385498047
15.700336456298828
14.204720497131348
13.92836856842041
11.644784927368164
15.639408111572266
12.353520393371582
16.08548927307129
15.974000930786133
14.325104713439941
14.164464950561523
12.49124813079834
16.569969177246094
14.82750415802002
15.863344192504883
15.197360038757324
14.07352066040039
13.56004810333252
12.443184852600098
11.891120910644531
14.706352233886719
15.054640769958496
12.6024169921875
14.773296356201172
15.65380859375
12.389360427856445
14.058032035827637
16.67166519165039
15.05118465423584
10.227760314941406
9.132336616516113
13.138928413391113
7.976304531097412
11.431472778320312
15.123056411743164
12.191473007202148
7.354032516479492
11.364784240722656
15.176560401916504
15.483120918273926
12.335728645324707
15.234864234924316
7.914480686187744
12.059185028076172
16.828208923339844
12.44798469543457
13.33291244506836
16.926193237304688
12.243184089660645
7.557360649108887
13.427568435668945
15.376496315002441
12.25489616394043
15.510896682739258
12.642608642578125
13.823280334472656
16.060848236083984
