9.876351576561311e-42
12.422979354858398
12.085700035095215
13.504643440246582
13.089187622070312
13.972643852233887
13.508131980895996
12.053028106689453
11.218019485473633
12.563619613647461
11.416963577270508
12.688579559326172
12.900899887084961
13.93856430053711
12.78406810760498
12.829763412475586
14.80435562133789
12.558723449707031
14.660036087036133
13.1356840133667
13.104131698608398
14.767075538635254
12.974020004272461
13.224803924560547
12.636260032653809
14.784356117248535
14.690979957580566
12.99370002746582
12.170723915100098
14.95277214050293
13.376323699951172
14.753188133239746
11.42928409576416
13.903876304626465
11.176739692687988
12.755011558532715
12.279011726379395
12.55488395690918
14.92717170715332
11.944580078125
12.929508209228516
12.230243682861328
12.288643836975098
12.419779777526855
13.9576997756958
12.634915351867676
11.528931617736816
12.812644004821777
13.614627838134766
12.035747528076172
12.361315727233887
14.61219596862793
12.508259773254395
14.704899787902832
13.293571472167969
13.350212097167969
12.953636169433594
13.538691520690918
14.965636253356934
13.103107452392578
12.103363990783691
12.413379669189453
12.394563674926758
11.948100090026855
12.647299766540527
14.366211891174316
14.699811935424805
12.633252143859863
13.451427459716797
12.782052040100098
13.64937973022461
12.624420166015625
12.289380073547363
12.258467674255371
13.18429183959961
12.185731887817383
14.540355682373047
14.769572257995605
13.611556053161621
12.865891456604004
11.67558765411377
12.89443588256836
12.514116287231445
12.390212059020996
12.39766788482666
14.614307403564453
14.802627563476562
14.749092102050781
12.732163429260254
12.114500045776367
12.578563690185547
12.888323783874512
14.674211502075195
12.828067779541016
13.230659484863281
12.474371910095215
14.853092193603516
14.813539505004883
12.398947715759277
12.825347900390625
13.283076286315918
14.837220191955566
13.544387817382812
13.29891586303711
13.150947570800781
12.528515815734863
13.23933219909668
14.881763458251953
12.473923683166504
13.82461166381836
13.056803703308105
12.291299819946289
12.880516052246094
13.984067916870117
12.42057991027832
12.890372276306152
12.75632381439209
13.268099784851074
12.990756034851074
13.067044258117676
12.437219619750977
12.885059356689453
13.84570026397705
12.755939483642578
13.977667808532715
12.778339385986328
13.667171478271484
13.370468139648438
14.895651817321777
13.763684272766113
13.019075393676758
12.838212013244629
13.485923767089844
13.747715950012207
14.004323959350586
13.65481948852539
12.837955474853516
12.768196105957031
12.707876205444336
12.630596160888672
12.324195861816406
12.65363597869873
12.615236282348633
12.708868026733398
12.728484153747559
12.703716278076172
12.89709186553955
13.231395721435547
14.015523910522461
13.716068267822266
14.48726749420166
14.552067756652832
14.642691612243652
14.663780212402344
14.648836135864258
14.752867698669434
14.823107719421387
14.831235885620117
14.903395652770996
14.966723442077637
14.946820259094238
14.871620178222656
15.336835861206055
15.443364143371582
14.866211891174316
15.138083457946777
15.050084114074707
14.156259536743164
14.781124114990234
15.05862808227539
14.211427688598633
14.37306022644043
14.664291381835938
14.916259765625
14.505412101745605
14.421475410461426
14.364707946777344
13.77645206451416
13.230916023254395
13.983811378479004
12.598979949951172
14.280291557312012
12.624899864196777
11.965636253356934
12.155683517456055
13.393219947814941
12.89334774017334
12.509699821472168
11.77110767364502
12.06147575378418
12.987812042236328
12.093219757080078
13.292451858520508
12.495043754577637
13.368324279785156
12.342180252075195
15.408931732177734
15.233027458190918
14.683300018310547
14.478243827819824
13.704004287719727
14.644131660461426
14.996932029724121
14.473380088806152
13.804227828979492
13.70112419128418
13.26950740814209
13.39715576171875
14.306819915771484
12.009315490722656
13.424612045288086
15.242531776428223
15.046883583068848
13.611971855163574
13.235267639160156
14.084484100341797
14.712836265563965
15.009444236755371
12.53299617767334
13.664835929870605
12.274179458618164
14.671972274780273
12.666436195373535
12.08877182006836
14.115555763244629
15.173731803894043
13.649731636047363
14.097603797912598
15.173540115356445
13.55005168914795
12.837827682495117
13.586403846740723
13.52048397064209
13.34906005859375
14.945283889770508
13.959588050842285
12.96477222442627
13.752707481384277
12.877699851989746
13.532099723815918
13.757220268249512
14.729827880859375
13.61117172241211
14.126883506774902
13.324771881103516
14.057539939880371
13.35667610168457
14.575491905212402
13.411332130432129
13.408900260925293
14.069988250732422
14.164963722229004
13.804131507873535
13.690019607543945
13.787395477294922
13.527748107910156
13.24761962890625
13.0177001953125
15.496804237365723
15.504643440246582
15.563907623291016
15.617283821105957
15.586724281311035
15.585027694702148
15.451044082641602
14.94518756866455
14.370595932006836
14.601059913635254
14.945732116699219
15.392643928527832
15.777475357055664
15.567299842834473
15.732771873474121
15.621252059936523
14.408867835998535
14.852804183959961
14.945923805236816
15.326403617858887
15.195300102233887
15.579972267150879
15.594820022583008
15.452611923217773
14.885955810546875
15.196931838989258
14.719107627868652
15.533315658569336
15.614115715026855
15.492132186889648
15.631139755249023
15.322531700134277
15.536195755004883
15.582883834838867
14.754595756530762
15.553668022155762
15.29987621307373
15.552547454833984
14.894532203674316
14.944452285766602
15.615331649780273
15.538275718688965
15.626883506774902
14.398980140686035
15.259140014648438
15.08489990234375
15.600515365600586
14.563715934753418
15.297443389892578
15.594947814941406
15.34906005859375
15.34582805633545
15.558755874633789
15.630820274353027
15.599811553955078
14.747203826904297
15.735876083374023
15.169699668884277
14.627012252807617
15.208131790161133
15.166500091552734
15.213987350463867
15.774724006652832
15.26496410369873
15.094244003295898
15.438275337219238
15.293155670166016
15.80003547668457
15.435172080993652
15.7916841506958
15.559395790100098
15.420323371887207
15.499588012695312
15.684419631958008
15.602531433105469
15.669156074523926
15.74710750579834
15.706979751586914
15.737699508666992
15.622883796691895
15.570340156555176
15.530179977416992
15.45174789428711
15.371779441833496
15.282755851745605
15.432483673095703
15.177027702331543
15.798883438110352
15.533475875854492
15.127971649169922
15.46259593963623
14.998563766479492
14.696964263916016
15.26445198059082
14.957987785339355
15.268163681030273
14.844388008117676
14.568803787231445
14.531011581420898
14.223075866699219
14.794755935668945
14.286467552185059
13.886980056762695
13.879940032958984
13.310148239135742
14.757315635681152
14.723043441772461
12.595139503479004
15.322243690490723
15.767268180847168
14.972835540771484
14.902115821838379
14.697092056274414
14.909540176391602
14.565571784973145
14.6389799118042
14.862595558166504
14.060803413391113
13.665891647338867
14.58336353302002
12.739044189453125
15.231683731079102
14.815651893615723
14.926531791687012
14.30925178527832
14.817219734191895
15.054147720336914
15.21264362335205
14.624068260192871
14.51888370513916
14.326436042785645
14.80925178527832
15.50739574432373
14.598819732666016
14.695971488952637
15.220259666442871
14.267491340637207
14.602755546569824
14.547043800354004
15.006755828857422
14.607939720153809
14.547843933105469
14.793540000915527
14.287236213684082
14.592259407043457
14.622275352478027
14.196195602416992
14.542659759521484
14.4130277633667
14.054659843444824
14.146980285644531
14.404163360595703
13.952420234680176
14.104291915893555
14.222979545593262
14.233027458190918
13.869379997253418
13.456804275512695
13.910980224609375
15.35302734375
15.256163597106934
15.307523727416992
15.106307983398438
14.734243392944336
14.61331558227539
14.543779373168945
14.588835716247559
14.580548286437988
14.53475570678711
14.729348182678223
14.727203369140625
14.587331771850586
14.655588150024414
14.446884155273438
14.379907608032227
14.04669189453125
13.557379722595215
13.06045150756836
13.3148193359375
13.27104377746582
14.53689956665039
14.584196090698242
14.985699653625488
14.840483665466309
14.464803695678711
14.694563865661621
14.72579574584961
11.688579559326172
13.888899803161621
14.599331855773926
14.619555473327637
14.76944351196289
14.758788108825684
11.566083908081055
13.80806827545166
14.778468132019043
13.884163856506348
14.421252250671387
14.586915969848633
14.793347358703613
14.415140151977539
13.503491401672363
14.39555549621582
13.380483627319336
12.608931541442871
14.321124076843262
12.139652252197266
14.434308052062988
14.273508071899414
14.426755905151367
14.010884284973145
14.207683563232422
13.26182746887207
11.962723731994629
11.689188003540039
11.820196151733398
12.123395919799805
13.309603691101074
14.866915702819824
14.601923942565918
14.464612007141113
12.027907371520996
14.668868064880371
13.359235763549805
14.56806755065918
14.29606819152832
14.836068153381348
11.677603721618652
13.945796012878418
13.409316062927246
12.70275592803955
13.80435562133789
14.933956146240234
13.394275665283203
13.257508277893066
13.753379821777344
13.715747833251953
14.054211616516113
14.427075386047363
13.567939758300781
14.942276000976562
13.958403587341309
14.100323677062988
15.13293170928955
14.08051586151123
14.8496675491333
14.675811767578125
11.658275604248047
13.882403373718262
13.41779613494873
13.104259490966797
13.690147399902344
13.664259910583496
12.925859451293945
14.243619918823242
14.562819480895996
14.360963821411133
14.458948135375977
12.731395721435547
14.263396263122559
11.559075355529785
14.71094799041748
14.87315559387207
14.766275405883789
14.894691467285156
13.816835403442383
12.138019561767578
14.482979774475098
13.645155906677246
13.063043594360352
14.902947425842285
15.01347541809082
15.104452133178711
14.2884521484375
14.261507987976074
12.837891578674316
12.904932022094727
13.490819931030273
14.992067337036133
13.846211433410645
13.692580223083496
13.759331703186035
14.458884239196777
14.420611381530762
14.919107437133789
14.532899856567383
11.821060180664062
13.824163436889648
15.087652206420898
12.690467834472656
14.70442008972168
15.012323379516602
13.796195983886719
14.837987899780273
14.516772270202637
14.98227596282959
13.857987403869629
14.23443603515625
14.709763526916504
14.999043464660645
14.992835998535156
14.025604248046875
14.600547790527344
14.928483963012695
14.973475456237793
14.963075637817383
15.023747444152832
14.924067497253418
14.850019454956055
14.265955924987793
15.553635597229004
15.59910774230957
15.459427833557129
15.264355659484863
15.30601978302002
15.174275398254395
15.172388076782227
15.08102798461914
15.093892097473145
15.273796081542969
15.951075553894043
15.237380027770996
15.062243461608887
15.236547470092773
15.765091896057129
15.025187492370605
15.165508270263672
15.383332252502441
15.233539581298828
15.3432035446167
15.193475723266602
15.323076248168945
15.303524017333984
15.009027481079102
15.030052185058594
14.946563720703125
14.968932151794434
15.127140045166016
15.020644187927246
15.234179496765137
15.595908164978027
15.243107795715332
15.173123359680176
15.476131439208984
15.65049934387207
15.740419387817383
15.257796287536621
15.698403358459473
15.203235626220703
15.824259757995605
15.606691360473633
15.106180191040039
15.77001953125
15.837603569030762
15.724291801452637
15.514851570129395
15.80976390838623
15.561251640319824
15.331075668334961
15.366660118103027
15.688515663146973
15.494115829467773
15.54185962677002
15.355011940002441
15.630851745605469
15.620676040649414
15.650628089904785
15.595044136047363
15.489347457885742
15.537796020507812
15.564931869506836
15.545763969421387
15.474403381347656
15.408964157104492
15.202628135681152
15.315139770507812
15.417572021484375
15.498723983764648
15.434371948242188
15.51008415222168
15.435748100280762
15.429924011230469
15.446372032165527
15.200995445251465
15.46045207977295
15.587843894958496
15.552291870117188
15.517091751098633
15.473731994628906
15.451363563537598
15.362691879272461
15.354308128356934
15.465155601501465
15.399299621582031
15.460131645202637
15.451363563537598
15.32563591003418
15.240227699279785
15.22842025756836
15.229924201965332
15.49216365814209
15.410019874572754
15.373988151550293
15.295204162597656
15.1705961227417
15.423044204711914
15.403203964233398
15.400547981262207
15.163651466369629
14.898307800292969
14.7885160446167
15.270243644714355
15.507076263427734
15.635459899902344
15.428675651550293
15.683971405029297
15.317347526550293
15.684324264526367
15.65363597869873
15.530275344848633
15.657251358032227
15.14016342163086
15.625955581665039
15.579651832580566
15.617571830749512
15.251587867736816
15.443076133728027
15.115843772888184
15.286691665649414
15.586148262023926
15.194499969482422
15.536131858825684
15.014595985412598
15.55158805847168
15.265987396240234
14.962404251098633
15.496675491333008
15.012195587158203
15.071459770202637
15.02099609375
15.449955940246582
15.440003395080566
15.27206802368164
15.217860221862793
15.186915397644043
15.380867958068848
15.42928409576416
15.292451858520508
15.02496337890625
15.144899368286133
15.076643943786621
15.115652084350586
14.987555503845215
15.005603790283203
15.076355934143066
15.121379852294922
15.125699996948242
15.072932243347168
15.047171592712402
14.94797134399414
15.055108070373535
15.03139591217041
14.93376350402832
14.733732223510742
14.759395599365234
14.657187461853027
14.991171836853027
14.532068252563477
14.711812019348145
15.140483856201172
15.0309476852417
14.909987449645996
14.606499671936035
14.479971885681152
14.973283767700195
14.986563682556152
14.253059387207031
14.839971542358398
14.356612205505371
14.966755867004395
14.08643627166748
13.824932098388672
14.704227447509766
13.950435638427734
14.381731986999512
14.933059692382812
13.256451606750488
14.539812088012695
15.249635696411133
14.30105972290039
12.578499794006348
13.8147554397583
15.45827579498291
12.595171928405762
15.111651420593262
15.391459465026855
15.326372146606445
14.635427474975586
13.213571548461914
13.838115692138672
13.940484046936035
13.833988189697266
13.599939346313477
13.670851707458496
15.33875560760498
14.17017936706543
15.392131805419922
13.642115592956543
13.47958755493164
13.614660263061523
14.780611991882324
14.994915962219238
15.336004257202148
14.768611907958984
15.326372146606445
15.101059913635254
13.431588172912598
15.403331756591797
15.183267593383789
15.316515922546387
15.1553955078125
14.434499740600586
15.285187721252441
15.276931762695312
15.285059928894043
14.932228088378906
15.35405158996582
14.91779613494873
15.379459381103516
15.249028205871582
15.392452239990234
15.44201946258545
15.226851463317871
15.460419654846191
15.463875770568848
15.498435974121094
15.30435562133789
15.247715950012207
15.571268081665039
15.432868003845215
15.386307716369629
15.482179641723633
15.388547897338867
15.277923583984375
15.320515632629395
15.40045166015625
15.207459449768066
15.281124114990234
14.845667839050293
15.009315490722656
14.662467956542969
15.584099769592285
15.645763397216797
15.678915977478027
15.590691566467285
15.522467613220215
15.458563804626465
15.530275344848633
15.044772148132324
15.515523910522461
15.532803535461426
14.93587589263916
15.389891624450684
14.950499534606934
15.102339744567871
14.939492225646973
14.985444068908691
14.887107849121094
14.793347358703613
14.800771713256836
14.563139915466309
14.977795600891113
14.743556022644043
13.895331382751465
14.66073989868164
15.292707443237305
12.894627571105957
12.489699363708496
12.755331993103027
15.06029224395752
15.218276023864746
14.365859985351562
14.815715789794922
15.291523933410645
15.191204071044922
14.68474006652832
14.77270793914795
15.292548179626465
15.446147918701172
15.533699989318848
15.469796180725098
15.364228248596191
15.244420051574707
15.383139610290527
15.236419677734375
14.726947784423828
15.477795600891113
14.65859603881836
15.003811836242676
15.609188079833984
15.54390811920166
15.454755783081055
15.146915435791016
15.509251594543457
15.497699737548828
15.210532188415527
14.947779655456543
15.03469181060791
14.892516136169434
14.895491600036621
14.362979888916016
14.611492156982422
13.454051971435547
14.481731414794922
15.245987892150879
14.84153938293457
15.011940002441406
15.345315933227539
15.263972282409668
15.488100051879883
15.530851364135742
15.423555374145508
15.278947830200195
14.804739952087402
14.656195640563965
15.569379806518555
15.359875679016113
15.059107780456543
15.603619575500488
15.310307502746582
15.487236022949219
15.168452262878418
14.936163902282715
14.642596244812012
14.886787414550781
12.81635570526123
14.408100128173828
15.152292251586914
14.568612098693848
15.297411918640137
15.290756225585938
14.949859619140625
15.397188186645508
15.22294807434082
15.318499565124512
15.459236145019531
14.758371353149414
15.461411476135254
15.24973201751709
15.533411979675293
15.444228172302246
15.160163879394531
15.426403999328613
15.001540184020996
14.773923873901367
15.319939613342285
15.29891586303711
15.516451835632324
15.288228034973145
15.306275367736816
15.210339546203613
14.771331787109375
15.547652244567871
15.363940238952637
15.317347526550293
15.240643501281738
15.448195457458496
15.086755752563477
14.93046760559082
15.273955345153809
15.293188095092773
15.316483497619629
15.292131423950195
15.227779388427734
15.180835723876953
15.329507827758789
14.9545316696167
14.640259742736816
15.307235717773438
15.05005168914795
15.232099533081055
15.332484245300293
14.940451622009277
14.234275817871094
14.967780113220215
15.195619583129883
15.293059349060059
15.099875450134277
15.127203941345215
15.47907543182373
15.073379516601562
14.832324028015137
14.579619407653809
15.209635734558105
14.877347946166992
15.143651962280273
15.127012252807617
15.174147605895996
15.235491752624512
14.400579452514648
14.893892288208008
14.65049934387207
15.141539573669434
15.437731742858887
14.877827644348145
14.37213134765625
14.165315628051758
15.394339561462402
15.515427589416504
14.847683906555176
15.424355506896973
15.290180206298828
15.129891395568848
14.939939498901367
15.327812194824219
15.317764282226562
15.087267875671387
15.344995498657227
15.057988166809082
14.749475479125977
15.076228141784668
15.3812837600708
15.038723945617676
14.576131820678711
14.544611930847168
14.573315620422363
14.443940162658691
15.446051597595215
15.050436019897461
15.093475341796875
15.035300254821777
15.030275344848633
15.105987548828125
15.144195556640625
15.428483963012695
15.3496675491333
14.368388175964355
14.29350757598877
14.05379581451416
13.800164222717285
14.994500160217285
14.902691841125488
