9.876351576561311e-42
13.980801582336426
14.111809730529785
12.58480167388916
12.912385940551758
12.797569274902344
12.72944164276123
14.719393730163574
13.462306022644043
12.362881660461426
14.161409378051758
11.573410034179688
13.090593338012695
14.267106056213379
12.1448974609375
13.797825813293457
13.593185424804688
12.81888198852539
14.638113975524902
13.548097610473633
13.043682098388672
13.153793334960938
14.0170259475708
14.03017807006836
13.210241317749023
13.335681915283203
12.60221004486084
13.926081657409668
13.487457275390625
13.335618019104004
13.351490020751953
12.390785217285156
13.508833885192871
13.02969741821289
13.810721397399902
13.304609298706055
13.021313667297363
13.134689331054688
13.655426025390625
13.256929397583008
13.300161361694336
13.164929389953613
13.921313285827637
12.644641876220703
13.276481628417969
13.316609382629395
14.417409896850586
12.332674026489258
13.505569458007812
14.837346076965332
11.181313514709473
14.610241889953613
13.047937393188477
13.480673789978027
14.52192211151123
12.710689544677734
14.068129539489746
13.688898086547852
13.26720142364502
13.314785957336426
13.103137969970703
11.962401390075684
13.881985664367676
14.429889678955078
15.236417770385742
14.046465873718262
14.094242095947266
12.525154113769531
13.836993217468262
13.261697769165039
13.52908992767334
12.976289749145508
13.325441360473633
12.675521850585938
13.587969779968262
14.879745483398438
14.61641788482666
13.553985595703125
13.836801528930664
13.201729774475098
13.694753646850586
13.12688159942627
13.414690017700195
12.634113311767578
14.419233322143555
14.818209648132324
13.267489433288574
12.928545951843262
12.154465675354004
13.404097557067871
12.655489921569824
14.760161399841309
14.438081741333008
12.685090065002441
13.323105812072754
11.950017929077148
12.59088134765625
13.453409194946289
13.334721565246582
13.656097412109375
13.599393844604492
12.963713645935059
13.6665620803833
13.573729515075684
13.005186080932617
11.332962036132812
13.395841598510742
13.843649864196777
13.561601638793945
13.863425254821777
12.240833282470703
11.179841995239258
13.14313793182373
13.862081527709961
11.657313346862793
13.046561241149902
13.538785934448242
14.239458084106445
13.267905235290527
14.269729614257812
12.719329833984375
13.666337966918945
13.742433547973633
13.500289916992188
13.988033294677734
12.605473518371582
13.861793518066406
12.412385940551758
14.016674041748047
13.858465194702148
13.3991060256958
14.797249794006348
13.140961647033691
12.99696159362793
13.181729316711426
12.674273490905762
13.9505615234375
12.123425483703613
12.008161544799805
13.154657363891602
12.434433937072754
12.649826049804688
12.229697227478027
11.80358600616455
12.198113441467285
12.87033748626709
12.854689598083496
12.617921829223633
12.923521995544434
12.60441780090332
14.451169967651367
14.869121551513672
14.933377265930176
13.86982536315918
10.176258087158203
12.21580982208252
13.5619535446167
13.795618057250977
14.03238582611084
13.341697692871094
14.143489837646484
14.144097328186035
13.677505493164062
14.88614559173584
13.388321876525879
15.234146118164062
13.002945899963379
14.382401466369629
14.296929359436035
13.599457740783691
14.572834014892578
14.558049201965332
10.693025588989258
13.644865989685059
14.96467399597168
10.026177406311035
14.318818092346191
13.533761978149414
14.874849319458008
13.17760181427002
10.381505966186523
13.837857246398926
12.82656192779541
10.32326602935791
11.729313850402832
12.316129684448242
12.227137565612793
12.349889755249023
12.947809219360352
12.737409591674805
12.91555404663086
14.213825225830078
13.374114036560059
12.706177711486816
13.218977928161621
13.30086612701416
13.81347370147705
14.861601829528809
12.794273376464844
14.883713722229004
14.614562034606934
10.886433601379395
14.393601417541504
14.73433780670166
13.884225845336914
14.118881225585938
14.973057746887207
11.994305610656738
14.2365140914917
11.616002082824707
12.083073616027832
13.727201461791992
11.635137557983398
14.550881385803223
13.197249412536621
13.030913352966309
13.373313903808594
11.326913833618164
12.043489456176758
13.730626106262207
12.655393600463867
14.475234031677246
13.676801681518555
13.328417778015137
14.21363353729248
12.419137954711914
14.248321533203125
14.374849319458008
12.954593658447266
13.805890083312988
12.756769180297852
14.432641983032227
14.400033950805664
14.432257652282715
13.710689544677734
14.058721542358398
12.82064151763916
14.109761238098145
14.021153450012207
13.317761421203613
13.6218900680542
14.142273902893066
13.647489547729492
14.323393821716309
13.507329940795898
13.85379409790039
13.029153823852539
13.790882110595703
13.726497650146484
12.845314025878906
13.588994026184082
13.42656135559082
13.685505867004395
12.351329803466797
11.924129486083984
13.010625839233398
13.444609642028809
13.641377449035645
3.500257730484009
4.748897552490234
5.757857799530029
11.622977256774902
13.74099349975586
13.397377967834473
13.81689739227295
13.00662612915039
13.158370018005371
13.725537300109863
14.514689445495605
12.288290023803711
12.424897193908691
11.90745735168457
13.625569343566895
14.09571361541748
13.59408187866211
13.819009780883789
13.80374526977539
14.322017669677734
13.945473670959473
12.488673210144043
13.441665649414062
14.584929466247559
14.263553619384766
13.647297859191895
14.328065872192383
4.258465766906738
11.729537963867188
7.455297470092773
11.13721752166748
15.01769733428955
14.694145202636719
9.361857414245605
13.827457427978516
14.006881713867188
14.616449356079102
14.025089263916016
14.210721969604492
13.817378044128418
11.080033302307129
5.048513889312744
13.764738082885742
14.226465225219727
13.960129737854004
13.935009956359863
7.647649765014648
14.340385437011719
14.93913745880127
8.886433601379395
13.725793838500977
14.875266075134277
5.090977668762207
13.946146011352539
9.178497314453125
14.887425422668457
13.274657249450684
14.13228988647461
14.764801979064941
14.44937801361084
13.750849723815918
14.956513404846191
12.671649932861328
14.346273422241211
15.220961570739746
14.312769889831543
14.916449546813965
12.704705238342285
14.364161491394043
13.132065773010254
13.908897399902344
14.508545875549316
14.686849594116211
14.587457656860352
14.960545539855957
14.189153671264648
13.370049476623535
12.91292953491211
11.277793884277344
8.50684928894043
4.9673614501953125
5.866017818450928
9.913217544555664
11.011393547058105
12.769441604614258
12.342849731445312
12.873025894165039
12.908897399902344
12.935969352722168
12.558561325073242
12.031553268432617
8.080321311950684
9.744513511657715
12.458498001098633
13.935297966003418
10.856193542480469
9.16121768951416
13.186594009399414
13.460001945495605
13.763361930847168
14.011553764343262
14.3358736038208
14.67820930480957
14.25833797454834
14.365793228149414
15.012961387634277
14.565473556518555
14.774465560913086
12.963489532470703
12.991137504577637
10.112001419067383
10.485121726989746
11.44947338104248
8.836161613464355
14.02924919128418
14.173377990722656
14.219457626342773
14.658977508544922
14.793441772460938
14.887266159057617
14.96409797668457
11.209185600280762
12.195873260498047
9.070785522460938
12.388289451599121
14.164865493774414
10.400065422058105
8.745153427124023
9.833953857421875
10.198145866394043
10.575553894042969
8.011777877807617
11.219681739807129
9.649121284484863
8.741313934326172
9.68691349029541
12.847970008850098
10.44192123413086
12.439233779907227
8.902305603027344
12.090465545654297
13.43305778503418
10.339457511901855
11.526561737060547
12.43468952178955
10.768193244934082
14.334881782531738
13.869793891906738
14.108577728271484
14.578849792480469
13.383041381835938
13.992321968078613
14.46579360961914
14.380321502685547
14.118913650512695
14.082881927490234
14.74480152130127
14.783617973327637
14.564321517944336
12.18470573425293
13.148545265197754
11.268129348754883
11.256513595581055
11.833345413208008
12.786401748657227
13.654210090637207
14.169185638427734
14.11811351776123
13.947298049926758
14.407425880432129
14.396577835083008
14.119489669799805
14.669825553894043
14.295330047607422
14.512929916381836
14.66393756866455
14.799233436584473
14.634017944335938
14.820449829101562
14.8392333984375
14.620001792907715
14.836865425109863
15.182945251464844
11.260577201843262
12.284865379333496
13.653153419494629
13.670273780822754
14.602689743041992
15.050498008728027
14.605633735656738
11.630657196044922
12.43913745880127
13.473313331604004
14.570849418640137
14.454689979553223
11.801921844482422
12.918721199035645
13.906689643859863
11.773473739624023
13.709473609924316
14.217793464660645
13.084385871887207
13.14371395111084
13.689953804016113
14.12790584564209
13.45984172821045
14.554081916809082
11.400129318237305
11.363041877746582
11.699681282043457
12.357185363769531
12.201345443725586
13.477826118469238
14.6033935546875
14.603009223937988
14.492609977722168
14.489409446716309
14.84953784942627
14.61488151550293
13.46035385131836
13.668545722961426
14.625889778137207
13.70710563659668
13.95334529876709
14.07388973236084
13.79881763458252
14.036897659301758
14.696161270141602
13.940258026123047
14.499841690063477
14.3709135055542
14.032097816467285
13.551681518554688
14.014625549316406
13.792929649353027
14.591010093688965
14.432065963745117
14.751457214355469
14.309345245361328
14.614274024963379
13.539841651916504
14.110817909240723
13.238689422607422
15.120609283447266
13.66780948638916
13.92492961883545
13.712321281433105
14.709057807922363
13.842113494873047
14.070657730102539
14.434913635253906
14.511553764343262
14.215553283691406
13.90313720703125
14.428577423095703
14.411009788513184
13.70544147491455
13.057665824890137
14.133505821228027
14.054306030273438
14.644129753112793
14.157697677612305
14.261921882629395
13.907713890075684
13.883073806762695
14.629537582397461
14.420737266540527
13.74144172668457
14.19619369506836
14.310401916503906
13.825825691223145
13.5204496383667
14.071233749389648
14.347553253173828
13.909441947937012
14.22672176361084
14.51123332977295
14.92816162109375
12.999201774597168
14.246881484985352
14.359009742736816
14.618401527404785
14.258625984191895
14.335489273071289
13.14861011505127
13.725505828857422
14.55587387084961
14.703553199768066
13.69027328491211
14.673026084899902
13.436769485473633
14.826305389404297
14.37523365020752
13.201409339904785
13.865537643432617
13.022274017333984
14.751649856567383
14.687137603759766
14.028162002563477
13.4025297164917
12.621057510375977
14.592450141906738
13.347777366638184
12.546914100646973
13.841665267944336
13.256897926330566
13.896738052368164
14.498785972595215
15.006978034973145
15.040353775024414
15.004193305969238
14.560770034790039
14.480705261230469
16.15968132019043
15.768481254577637
15.189345359802246
16.194305419921875
15.671777725219727
15.042818069458008
14.803457260131836
15.421249389648438
16.25804901123047
15.538593292236328
15.404449462890625
15.938817977905273
16.15763282775879
15.347042083740234
15.140481948852539
14.689313888549805
14.627745628356934
15.063074111938477
14.527745246887207
15.146018028259277
16.062145233154297
15.699585914611816
16.17424201965332
15.434273719787598
15.591201782226562
14.914177894592285
15.492385864257812
15.405153274536133
15.507617950439453
15.25117015838623
15.71971321105957
15.308001518249512
15.27043342590332
15.544705390930176
14.608098030090332
14.82121753692627
14.709281921386719
14.782881736755371
14.131457328796387
14.204065322875977
14.735010147094727
15.357314109802246
14.097505569458008
14.749313354492188
15.206881523132324
15.801377296447754
15.254817962646484
14.944066047668457
14.384289741516113
15.194849967956543
15.88944149017334
14.882594108581543
14.433154106140137
14.901025772094727
14.60601806640625
15.188801765441895
15.081921577453613
14.721473693847656
15.083073616027832
15.048001289367676
15.119617462158203
15.375554084777832
15.60278606414795
15.728161811828613
15.689826011657715
15.835041999816895
15.306145668029785
15.549633979797363
14.731585502624512
14.215042114257812
14.12249755859375
7.709345817565918
8.724738121032715
3.5820815563201904
3.72566556930542
3.7896337509155273
3.798433542251587
8.913857460021973
8.32825756072998
5.168641567230225
10.154786109924316
8.373793601989746
14.640130043029785
14.77363395690918
14.92822551727295
14.595553398132324
14.665505409240723
12.57120132446289
14.698753356933594
11.83980941772461
14.948193550109863
12.370882034301758
15.278785705566406
14.73280143737793
14.179265975952148
14.467105865478516
14.852673530578613
13.323137283325195
14.508065223693848
15.434913635253906
15.49689769744873
15.501090049743652
14.944897651672363
15.176929473876953
14.73552131652832
15.625601768493652
15.387906074523926
15.330081939697266
14.076225280761719
14.680865287780762
15.424545288085938
15.234273910522461
14.361665725708008
15.455361366271973
14.082337379455566
14.781121253967285
15.21641731262207
14.366113662719727
15.581954002380371
14.586177825927734
14.625057220458984
14.856353759765625
15.63180923461914
14.55257797241211
14.630337715148926
15.39324951171875
15.580001831054688
14.4920015335083
14.817954063415527
14.452513694763184
14.930689811706543
15.066401481628418
14.87955379486084
14.207457542419434
13.86873722076416
14.495041847229004
15.27862548828125
14.8327054977417
15.349889755249023
14.31955337524414
15.054689407348633
14.16390609741211
15.903202056884766
16.438722610473633
13.721665382385254
14.94169807434082
14.851778030395508
14.498977661132812
14.935745239257812
16.274690628051758
14.537313461303711
14.195969581604004
14.129281997680664
14.352545738220215
14.52595329284668
16.006145477294922
14.866913795471191
14.794402122497559
15.203425407409668
15.733345985412598
15.248833656311035
14.291617393493652
14.994081497192383
13.577569961547852
14.556577682495117
15.086050033569336
15.408769607543945
15.078753471374512
14.74809741973877
14.909729957580566
15.108193397521973
14.874177932739258
13.996833801269531
14.538849830627441
15.386529922485352
13.732577323913574
15.424993515014648
14.672801971435547
13.38387393951416
13.912001609802246
13.488865852355957
14.78953742980957
14.318625450134277
14.071330070495605
15.204194068908691
12.950689315795898
15.075809478759766
13.549185752868652
13.428321838378906
14.68361759185791
14.11385726928711
13.488386154174805
13.486689567565918
13.687297821044922
13.814305305480957
14.189377784729004
14.177857398986816
13.495329856872559
14.431489944458008
13.938593864440918
13.816450119018555
14.176673889160156
13.817697525024414
13.756705284118652
13.22403335571289
14.02755355834961
14.341665267944336
14.300065994262695
14.517345428466797
14.51107406616211
13.4539213180542
13.579937934875488
14.623457908630371
13.549793243408203
14.38124942779541
13.29875373840332
14.04278564453125
13.581026077270508
14.013121604919434
14.092738151550293
13.573441505432129
13.774081230163574
13.093793869018555
14.084929466247559
13.397249221801758
6.452961444854736
11.473185539245605
9.347457885742188
13.365409851074219
14.98768138885498
14.675106048583984
15.149313926696777
13.313345909118652
13.778242111206055
14.473793983459473
14.226465225219727
14.397793769836426
13.720993995666504
15.402017593383789
15.118753433227539
15.139521598815918
15.305281639099121
15.598081588745117
15.50669002532959
14.304386138916016
13.940417289733887
15.074274063110352
14.414690017700195
15.500738143920898
14.888801574707031
14.440641403198242
15.459650039672852
14.908129692077637
16.293506622314453
15.83372974395752
14.528833389282227
16.348161697387695
13.71142578125
14.92924976348877
14.621953964233398
14.08649730682373
15.241153717041016
13.059489250183105
12.264450073242188
14.258113861083984
13.398305892944336
13.775233268737793
14.092065811157227
13.878753662109375
13.762113571166992
12.746753692626953
13.798081398010254
14.320449829101562
14.53510570526123
13.991841316223145
13.557345390319824
4.816673755645752
12.920129776000977
14.970817565917969
14.469121932983398
14.368769645690918
14.470017433166504
14.386049270629883
14.948450088500977
14.569281578063965
14.441986083984375
15.28844928741455
15.406561851501465
15.507842063903809
13.915969848632812
14.733441352844238
13.855137825012207
14.688929557800293
15.372225761413574
13.688097953796387
14.489825248718262
14.679841995239258
15.032673835754395
14.93481731414795
14.829889297485352
15.267585754394531
13.885697364807129
13.843841552734375
14.330145835876465
14.329633712768555
13.86220932006836
7.160449504852295
12.806081771850586
10.115169525146484
14.61648178100586
14.779361724853516
14.368321418762207
15.51555347442627
15.207169532775879
13.800225257873535
14.615009307861328
15.413665771484375
14.378210067749023
14.97456169128418
13.222465515136719
15.196673393249512
13.984673500061035
14.617249488830566
15.30864143371582
12.738337516784668
14.077441215515137
14.141793251037598
14.189057350158691
14.297569274902344
13.265185356140137
13.831809997558594
14.866146087646484
14.67440128326416
14.6698579788208
15.320161819458008
14.891521453857422
14.183841705322266
15.232449531555176
14.527361869812012
14.44886589050293
15.668193817138672
15.02307415008545
14.492993354797363
13.657025337219238
5.343297481536865
14.88131332397461
15.1317777633667
14.667937278747559
14.447137832641602
15.167490005493164
15.242305755615234
14.799969673156738
15.210370063781738
15.057889938354492
15.354113578796387
13.9157133102417
13.72883415222168
13.9788818359375
14.106049537658691
15.361441612243652
15.311649322509766
14.781377792358398
15.046785354614258
14.636322021484375
14.021346092224121
15.172673225402832
14.708673477172852
15.39529800415039
14.184385299682617
15.041057586669922
13.718753814697266
13.33980941772461
13.520194053649902
13.92969799041748
14.528162002563477
14.205793380737305
4.882017612457275
15.052705764770508
15.038946151733398
13.253217697143555
13.324257850646973
14.774977684020996
14.390305519104004
14.410273551940918
15.683777809143066
14.287074089050293
13.554113388061523
14.111937522888184
14.70432186126709
14.133761405944824
4.449697494506836
15.290657997131348
14.242049217224121
14.60988998413086
4.331169605255127
15.294593811035156
15.107873916625977
4.036481857299805
14.294241905212402
15.895905494689941
14.738401412963867
7.176577568054199
8.325345993041992
14.139777183532715
9.051233291625977
14.619041442871094
14.696449279785156
14.789730072021484
9.91827392578125
14.528897285461426
14.308481216430664
14.618753433227539
14.95772933959961
14.010049819946289
12.040417671203613
14.668354034423828
15.6732816696167
14.40627384185791
15.209185600280762
15.263105392456055
13.87692928314209
11.198177337646484
14.401505470275879
14.494401931762695
14.997953414916992
14.570178031921387
14.440770149230957
15.082977294921875
15.890817642211914
