9.876351576561311e-42
12.069770812988281
11.230154991149902
11.29130744934082
10.578474998474121
11.060171127319336
9.956395149230957
10.53591537475586
10.54471492767334
7.443050861358643
10.255083084106445
7.528651237487793
8.813578605651855
8.585515022277832
7.762570858001709
8.88756275177002
10.977675437927246
8.107402801513672
10.117291450500488
10.227531433105469
9.114378929138184
11.097867012023926
11.12829875946045
10.880267143249512
10.760298728942871
11.172394752502441
11.155275344848633
10.249483108520508
9.727659225463867
11.352746963500977
9.566283226013184
11.363210678100586
9.284074783325195
10.314987182617188
9.132843017578125
9.635626792907715
9.171306610107422
9.353866577148438
11.121451377868652
9.199690818786621
9.648299217224121
9.363722801208496
11.567147254943848
10.329227447509766
11.221866607666016
10.419915199279785
9.537962913513184
6.266507148742676
7.973290920257568
9.518155097961426
8.523882865905762
9.608682632446289
7.769131183624268
10.905738830566406
11.415179252624512
9.257035255432129
10.673355102539062
9.515851020812988
11.385387420654297
9.779754638671875
10.333898544311523
9.660587310791016
10.995498657226562
8.587658882141113
10.522506713867188
8.106538772583008
10.591723442077637
7.800490856170654
11.000011444091797
8.875755310058594
9.845355033874512
9.203274726867676
10.334698677062988
8.088298797607422
10.762347221374512
9.561930656433105
8.764106750488281
10.969611167907715
11.063146591186523
8.882347106933594
9.151850700378418
9.406059265136719
7.250667095184326
7.357131004333496
8.638667106628418
9.455819129943848
11.071883201599121
11.212746620178223
8.540042877197266
9.339851379394531
6.4381232261657715
10.315082550048828
10.59661865234375
8.68714714050293
9.778091430664062
7.100042819976807
11.116907119750977
11.410890579223633
9.479755401611328
7.088778972625732
10.033035278320312
11.19857120513916
10.165770530700684
9.949898719787598
7.529867172241211
7.146635055541992
10.139691352844238
11.407499313354492
9.807819366455078
10.11783504486084
6.759403228759766
8.287275314331055
9.14461898803711
10.026859283447266
8.026474952697754
9.431211471557617
9.789931297302246
9.44049072265625
9.720714569091797
9.083690643310547
9.536203384399414
9.687723159790039
9.801962852478027
8.984331130981445
9.827691078186035
9.212235450744629
9.553515434265137
8.536843299865723
11.490346908569336
9.723594665527344
8.91969108581543
9.534858703613281
9.118699073791504
9.308490753173828
9.541707038879395
9.335562705993652
8.803050994873047
8.086411476135254
8.52020263671875
8.533259391784668
9.52333927154541
8.456107139587402
8.080170631408691
8.26356315612793
8.555530548095703
9.28369140625
9.368139266967773
9.250602722167969
9.346795082092285
8.922283172607422
8.895275115966797
9.697674751281738
10.13585090637207
10.994827270507812
11.191850662231445
11.396170616149902
11.493611335754395
11.532426834106445
11.547850608825684
11.44701862335205
11.233866691589355
11.10196304321289
11.318859100341797
11.263275146484375
10.922795295715332
11.315882682800293
10.874570846557617
10.900554656982422
10.542731285095215
10.60314655303955
10.525450706481934
10.384075164794922
9.598475456237793
9.172587394714355
8.09207534790039
9.773226737976074
8.074827194213867
10.176875114440918
9.54311466217041
6.485515117645264
10.188939094543457
6.908106803894043
7.061387062072754
10.29578685760498
11.815018653869629
7.527243137359619
7.6888108253479
8.353290557861328
10.503371238708496
9.424811363220215
9.21511459350586
11.680331230163574
8.754122734069824
9.861035346984863
9.90285873413086
10.483691215515137
11.094571113586426
11.095819473266602
10.946699142456055
10.831499099731445
10.71453857421875
9.817643165588379
9.177290916442871
8.562411308288574
6.104106903076172
9.65546703338623
8.907851219177246
10.10423469543457
7.503050804138184
9.109258651733398
6.5560431480407715
10.936715126037598
9.735851287841797
7.453098773956299
9.853259086608887
7.122058868408203
10.114699363708496
10.24938678741455
9.407594680786133
8.24065113067627
7.89236307144165
10.717706680297852
8.580554962158203
10.533066749572754
10.195627212524414
10.44372272491455
6.4005231857299805
10.882026672363281
9.910667419433594
6.128075122833252
10.182890892028809
10.725579261779785
10.399786949157715
10.358698844909668
10.131690979003906
9.8252592086792
10.28759479522705
9.547146797180176
7.820234775543213
10.22215461730957
10.07793140411377
9.375595092773438
9.627082824707031
9.753003120422363
9.13153076171875
8.50701904296875
8.38477897644043
8.191146850585938
6.9497389793396
6.631883144378662
6.576107025146484
6.404522895812988
5.944427013397217
6.390762805938721
6.799882888793945
7.887979030609131
8.475275039672852
9.017451286315918
3.230379104614258
3.371051073074341
4.6025071144104
8.194987297058105
9.56701946258545
9.275754928588867
10.146474838256836
11.298187255859375
11.473291397094727
11.712394714355469
11.925739288330078
4.823563098907471
7.249995231628418
5.691434860229492
7.98740291595459
10.357291221618652
11.408522605895996
11.650794982910156
11.68781852722168
11.610251426696777
11.170571327209473
6.730443000793457
7.888235092163086
11.462443351745605
10.731403350830078
7.774058818817139
10.876331329345703
3.5423150062561035
8.014571189880371
3.553739070892334
8.248682975769043
10.499306678771973
8.882314682006836
5.662858963012695
11.54362678527832
11.203115463256836
11.626187324523926
8.862410545349121
10.151371002197266
11.1822509765625
7.734539031982422
3.8697710037231445
8.281418800354004
11.555083274841309
10.815499305725098
11.535018920898438
5.6996588706970215
11.621418952941895
11.47261905670166
6.268523216247559
10.329867362976074
11.579818725585938
4.080970764160156
10.574251174926758
6.762731075286865
11.759275436401367
9.00314712524414
11.5861234664917
11.763147354125977
11.567914962768555
11.390666961669922
11.897579193115234
8.178539276123047
11.766698837280273
11.93713092803955
11.626763343811035
11.73802661895752
7.282987117767334
11.71284294128418
7.442315101623535
11.156139373779297
11.145195007324219
10.305418968200684
8.643882751464844
8.57677936553955
8.001834869384766
7.625002861022949
7.8451948165893555
7.382955074310303
7.151754856109619
5.074283123016357
4.185258865356445
4.685898780822754
4.069098949432373
4.3379950523376465
5.279338836669922
4.574827194213867
6.9302191734313965
5.463626861572266
4.713259220123291
5.0674028396606445
5.313579082489014
6.949131011962891
6.947978973388672
9.457002639770508
6.162858963012695
6.206891059875488
8.183370590209961
9.45885944366455
7.851243019104004
10.48308277130127
9.218475341796875
10.056970596313477
8.97863483428955
9.619754791259766
10.762283325195312
10.888811111450195
10.556459426879883
4.825738906860352
6.455243110656738
5.249642848968506
6.142090797424316
7.222731113433838
5.759082794189453
8.512715339660645
10.35249137878418
10.6408109664917
9.054186820983887
10.47108268737793
10.77937126159668
10.804810523986816
4.778730869293213
6.748363018035889
5.797611236572266
7.686827182769775
10.680010795593262
4.856362819671631
4.944651126861572
5.890027046203613
6.196394920349121
6.794699192047119
5.938187122344971
5.722699165344238
5.864202976226807
6.669130802154541
5.6162028312683105
7.4887471199035645
7.666347026824951
8.641995429992676
5.607018947601318
7.999979019165039
8.919851303100586
6.47697114944458
7.153258800506592
7.402698993682861
6.227755069732666
8.288043022155762
10.07905101776123
9.678315162658691
9.382859230041504
8.076810836791992
10.21233081817627
10.269099235534668
8.662955284118652
9.964587211608887
10.538283348083496
9.69140338897705
10.197195053100586
10.614603042602539
3.8273069858551025
4.257194995880127
6.093258857727051
6.869578838348389
8.29130744934082
8.887083053588867
9.404522895812988
9.702058792114258
9.981290817260742
9.851946830749512
10.471563339233398
10.554635047912598
10.413130760192871
10.648266792297363
10.611595153808594
10.762635231018066
10.896139144897461
10.866090774536133
10.768747329711914
10.911883354187012
10.882155418395996
9.392619132995605
10.191946983337402
11.356842994689941
8.34327507019043
7.2706990242004395
9.777738571166992
8.858955383300781
10.358186721801758
10.954667091369629
10.396363258361816
7.35908317565918
8.120715141296387
9.32535457611084
10.539754867553711
10.927434921264648
8.903210639953613
8.040106773376465
9.848490715026855
7.867595195770264
9.672203063964844
9.51901912689209
7.879691123962402
8.62385082244873
9.809930801391602
9.747434616088867
8.602187156677246
9.797994613647461
7.167819023132324
6.8221869468688965
6.864363193511963
7.1789870262146
6.9738030433654785
8.105450630187988
9.955562591552734
10.487051010131836
10.661706924438477
10.779114723205566
11.032074928283691
10.857131004333496
9.654282569885254
9.250059127807617
10.25428295135498
7.972170829772949
9.746954917907715
10.999563217163086
8.76465129852295
11.007946968078613
10.647435188293457
8.891082763671875
9.050987243652344
9.802186965942383
8.56273078918457
11.016266822814941
8.995850563049316
8.684651374816895
8.901482582092285
8.670635223388672
8.951274871826172
9.444267272949219
9.696106910705566
11.290250778198242
10.534123420715332
10.848490715026855
11.53658676147461
9.708043098449707
10.911114692687988
8.680971145629883
10.414091110229492
9.295146942138672
9.313931465148926
9.042474746704102
9.381322860717773
10.27930736541748
9.11073112487793
8.595595359802246
8.983563423156738
10.52122688293457
11.014538764953613
10.172906875610352
10.968586921691895
10.48189926147461
11.008874893188477
9.730058670043945
11.16474723815918
11.350346565246582
10.967243194580078
10.280523300170898
8.162507057189941
9.512939453125
9.399595260620117
10.482634544372559
11.338218688964844
11.494123458862305
11.000299453735352
8.435851097106934
9.693995475769043
10.77505111694336
9.996010780334473
11.349226951599121
9.062666893005371
9.123467445373535
9.25316333770752
10.295371055603027
10.972458839416504
11.023979187011719
11.043659210205078
10.276394844055176
9.458090782165527
11.4398193359375
10.366059303283691
11.112138748168945
11.082250595092773
10.829610824584961
11.189899444580078
10.9049711227417
11.247306823730469
9.772619247436523
9.310858726501465
10.534987449645996
10.875179290771484
11.104363441467285
11.16365909576416
11.271595001220703
11.351819038391113
11.308747291564941
11.289131164550781
11.220043182373047
10.868939399719238
10.53709888458252
9.938634872436523
11.327530860900879
11.128331184387207
11.1373872756958
11.519115447998047
11.363883018493652
11.05393123626709
11.610346794128418
11.556554794311523
11.550347328186035
11.696715354919434
12.348875045776367
11.472267150878906
11.086475372314453
11.66205883026123
12.171242713928223
11.45850658416748
11.617226600646973
11.279818534851074
11.631723403930664
11.756138801574707
11.545387268066406
11.670090675354004
11.563722610473633
11.203659057617188
11.430347442626953
11.119723320007324
11.06983470916748
11.407339096069336
11.075498580932617
11.415498733520508
12.006027221679688
11.591787338256836
11.590347290039062
11.757866859436035
12.022858619689941
12.154699325561523
11.82791519165039
12.1406831741333
11.946123123168945
12.361770629882812
12.172106742858887
11.951371192932129
12.309418678283691
12.414603233337402
12.373611450195312
12.164138793945312
12.533675193786621
11.872811317443848
11.974666595458984
12.017034530639648
12.306795120239258
12.116683006286621
11.877035140991211
11.834827423095703
12.010954856872559
12.064170837402344
12.240747451782227
12.254634857177734
11.734954833984375
12.14228343963623
12.195242881774902
11.916522979736328
12.0775146484375
11.59985065460205
11.3733549118042
11.61959457397461
11.838827133178711
11.998571395874023
11.992523193359375
12.103370666503906
12.05393123626709
12.03543472290039
12.061195373535156
11.992042541503906
2.754059076309204
7.090123176574707
3.5468909740448
3.231498956680298
3.140554904937744
3.0330989360809326
2.7088749408721924
2.937130928039551
3.038954973220825
2.806442975997925
3.1514029502868652
7.091178894042969
9.280202865600586
10.06324291229248
9.876714706420898
10.208203315734863
5.8425068855285645
8.128203392028809
6.785323143005371
9.86618709564209
7.629227161407471
10.135019302368164
10.057642936706543
10.052491188049316
10.296074867248535
9.916234970092773
8.992362976074219
10.163050651550293
10.261547088623047
10.595947265625
9.973067283630371
10.758922576904297
10.051851272583008
11.038923263549805
10.509450912475586
10.253451347351074
10.697386741638184
10.61725902557373
10.862698554992676
10.39181900024414
10.44749927520752
10.651947021484375
10.514571189880371
10.656394958496094
10.57354736328125
10.572907447814941
10.614954948425293
10.522475242614746
10.731467247009277
10.887019157409668
10.44209098815918
10.98689079284668
11.08497142791748
10.78426742553711
10.982827186584473
10.932843208312988
11.088203430175781
10.66650676727295
10.511722564697266
10.52823543548584
10.589162826538086
11.112842559814453
11.043947219848633
10.613642692565918
10.832554817199707
10.601323127746582
10.670571327209473
11.305706977844238
10.765355110168457
10.78049087524414
10.994346618652344
11.260971069335938
11.34929084777832
11.013962745666504
10.874603271484375
10.700746536254883
10.981451034545898
10.919563293457031
11.417226791381836
10.779690742492676
10.853578567504883
10.896299362182617
11.038987159729004
10.91581916809082
11.407018661499023
11.814026832580566
10.934795379638672
11.820138931274414
11.567083358764648
11.424906730651855
10.998475074768066
11.00701904296875
11.481739044189453
10.97700309753418
11.813386917114258
11.18327522277832
11.754507064819336
11.940011024475098
10.839851379394531
11.967658996582031
11.969611167907715
11.171018600463867
11.94378662109375
10.112714767456055
12.01201057434082
9.531210899353027
11.918283462524414
11.15991497039795
12.095050811767578
11.639755249023438
11.43281078338623
12.141866683959961
12.139307022094727
10.946602821350098
11.659754753112793
8.767210960388184
9.388650894165039
12.049642562866211
9.280106544494629
9.456138610839844
12.207498550415039
12.090187072753906
12.210890769958496
10.184330940246582
9.862091064453125
9.833770751953125
12.078666687011719
12.130602836608887
12.219531059265137
11.863755226135254
12.124714851379395
11.998859405517578
9.586698532104492
12.220170974731445
11.950538635253906
12.120139122009277
12.018027305603027
11.608490943908691
12.152619361877441
11.801483154296875
11.819402694702148
12.023755073547363
11.678315162658691
10.171530723571777
11.708234786987305
12.135595321655273
12.046634674072266
11.995850563049316
11.886762619018555
11.575594902038574
11.770698547363281
11.550475120544434
11.58337116241455
11.462026596069336
4.679243087768555
2.864362955093384
2.878251075744629
4.463050842285156
8.220874786376953
9.95687484741211
9.686667442321777
7.376874923706055
8.259627342224121
9.966794967651367
9.561162948608398
10.368651390075684
9.396842956542969
10.405035018920898
10.582826614379883
10.803882598876953
10.27124309539795
10.427659034729004
10.511818885803223
10.964459419250488
10.693771362304688
10.703786849975586
10.96660327911377
10.932394981384277
10.761835098266602
10.705802917480469
11.12010669708252
10.881450653076172
11.532235145568848
11.258218765258789
10.779595375061035
11.569034576416016
11.063915252685547
11.095243453979492
11.043371200561523
11.671978950500488
9.995243072509766
12.033482551574707
11.506634712219238
11.897579193115234
11.796490669250488
12.18497085571289
12.207498550415039
11.520490646362305
11.906571388244629
12.188075065612793
11.882954597473145
11.293099403381348
11.779402732849121
12.025162696838379
11.758411407470703
4.271595001220703
3.4131948947906494
9.067147254943848
10.257226943969727
7.863370895385742
9.932170867919922
9.8218994140625
10.132970809936523
9.968459129333496
10.371050834655762
10.378475189208984
10.125099182128906
10.349226951599121
10.696939468383789
10.771819114685059
10.9978666305542
10.476394653320312
10.944426536560059
11.017610549926758
10.970218658447266
11.027947425842285
11.217706680297852
11.861642837524414
12.033482551574707
10.540075302124023
12.16145133972168
11.915850639343262
11.757994651794434
11.770922660827637
11.345706939697266
2.476875066757202
5.6635308265686035
3.0621230602264404
10.374091148376465
10.114218711853027
10.117003440856934
10.170283317565918
10.489291191101074
10.721290588378906
10.662986755371094
10.426091194152832
10.833322525024414
10.560650825500488
11.045546531677246
11.241035461425781
11.030795097351074
12.014826774597168
9.222763061523438
12.044906616210938
12.140459060668945
12.16484260559082
12.052618980407715
11.30557918548584
11.865259170532227
11.12391471862793
9.896427154541016
10.053003311157227
10.193642616271973
10.144330978393555
10.449098587036133
11.015019416809082
10.534442901611328
10.532395362854004
10.906890869140625
10.944746971130371
10.767914772033691
12.163690567016602
11.926667213439941
2.750955104827881
10.557258605957031
10.264554977416992
8.716395378112793
10.273738861083984
10.23457145690918
10.282634735107422
11.066699028015137
10.444395065307617
10.581482887268066
11.305803298950195
11.097163200378418
12.078219413757324
12.048907279968262
12.056427001953125
10.32314682006836
9.5578031539917
10.49069881439209
10.435818672180176
11.191274642944336
11.152074813842773
10.461995124816895
10.275018692016602
11.04858684539795
10.52026653289795
11.102923393249512
11.257163047790527
12.076874732971191
12.037067413330078
12.047819137573242
12.11175537109375
12.025579452514648
2.852618932723999
10.969963073730469
10.74893856048584
12.037771224975586
11.873323440551758
11.98740291595459
10.302730560302734
10.556682586669922
11.009866714477539
10.58900260925293
12.004171371459961
11.930378913879395
11.863179206848145
11.594379425048828
3.128074884414673
10.830571174621582
11.121227264404297
11.938027381896973
3.3616108894348145
10.087339401245117
11.0927152633667
3.120266914367676
10.188682556152344
11.019819259643555
10.690475463867188
3.181994915008545
3.0742509365081787
11.20516300201416
2.8504750728607178
10.702570915222168
10.761674880981445
10.676554679870605
2.8449389934539795
10.756587028503418
10.888490676879883
10.99610710144043
9.884811401367188
11.095690727233887
3.209259033203125
10.743338584899902
11.34276294708252
10.348459243774414
10.827370643615723
11.599979400634766
10.77607536315918
3.1234030723571777
10.158987045288086
11.144075393676758
9.102635383605957
11.714282989501953
8.785195350646973
10.908330917358398
11.695530891418457
