9.876351576561311e-42
14.020773887634277
14.117029190063477
10.861445426940918
13.021637916564941
11.717445373535156
12.536325454711914
10.64685344696045
12.747621536254883
11.311237335205078
8.088709831237793
10.510885238647461
9.423205375671387
9.0195894241333
10.172325134277344
8.767749786376953
11.044325828552246
7.198118209838867
9.337957382202148
10.309541702270508
7.5161662101745605
10.937093734741211
11.891973495483398
11.445221900939941
11.352997779846191
11.556453704833984
11.374853134155273
8.874309539794922
8.983525276184082
13.835397720336914
7.799270153045654
10.126757621765137
10.465797424316406
6.070981979370117
9.163077354431152
8.137382507324219
7.601158142089844
7.723237991333008
13.08349323272705
7.761062145233154
8.093830108642578
7.130661964416504
13.69318962097168
14.667141914367676
10.230341911315918
13.24458122253418
12.928325653076172
11.77562141418457
9.080869674682617
11.957541465759277
10.103333473205566
8.93488597869873
7.654054164886475
10.40048599243164
12.096773147583008
7.282726287841797
10.178789138793945
7.652133941650391
13.529413223266602
8.376197814941406
13.742085456848145
14.169061660766602
12.151397705078125
10.881893157958984
11.029093742370605
8.75491714477539
9.645157814025879
7.220357894897461
11.039493560791016
8.381606101989746
8.24765396118164
7.886918067932129
13.398694038391113
14.72371768951416
11.977093696594238
12.392773628234863
8.909669876098633
10.465157508850098
9.830629348754883
8.165989875793457
8.970661163330078
7.680230140686035
14.248421669006348
12.930213928222656
9.760005950927734
9.945061683654785
11.120326042175293
11.3154935836792
8.006566047668457
8.0216064453125
12.384069442749023
12.94586181640625
9.829381942749023
7.876741886138916
7.806886196136475
11.289061546325684
12.137221336364746
11.361029624938965
7.967813968658447
13.539813995361328
8.905957221984863
12.730213165283203
8.15424633026123
8.63632583618164
13.139845848083496
10.916581153869629
9.88973331451416
13.046501159667969
8.404773712158203
8.568357467651367
11.425189971923828
10.6691255569458
8.934213638305664
8.22355842590332
10.928869247436523
8.981925964355469
8.139366149902344
12.091429710388184
7.862950325012207
10.892261505126953
8.068229675292969
8.10733413696289
7.887013912200928
8.20842170715332
7.470982074737549
8.186694145202637
6.986502170562744
8.113637924194336
13.224357604980469
6.223237991333008
7.480678081512451
11.621637344360352
7.692070007324219
7.626021862030029
7.00749397277832
7.0767741203308105
9.375109672546387
7.065254211425781
7.053222179412842
7.538534164428711
7.575590133666992
7.716422080993652
7.145989894866943
7.428934097290039
7.51568603515625
7.336006164550781
7.401989936828613
7.4368062019348145
7.525222301483154
7.868102073669434
10.229477882385254
10.612613677978516
10.199974060058594
10.125957489013672
11.154373168945312
11.136933326721191
12.155557632446289
12.946693420410156
13.25981330871582
13.307205200195312
13.166790008544922
13.370917320251465
13.920166015625
13.718405723571777
12.619077682495117
14.203493118286133
12.71990966796875
12.833381652832031
15.038405418395996
13.188005447387695
14.522661209106445
13.769221305847168
12.925029754638672
15.340421676635742
15.444005966186523
9.169317245483398
14.91366958618164
13.187589645385742
12.647653579711914
14.209670066833496
10.089829444885254
14.764453887939453
12.419685363769531
12.106437683105469
13.83622932434082
14.018597602844238
12.505605697631836
12.87933349609375
14.850341796875
13.906693458557129
12.242981910705566
13.597189903259277
12.31594181060791
12.727653503417969
12.571941375732422
14.122629165649414
13.338245391845703
12.688645362854004
12.454757690429688
14.265349388122559
13.664741516113281
12.531749725341797
14.91635799407959
15.724549293518066
14.437541961669922
13.25805377960205
12.659749984741211
10.013477325439453
15.126757621765137
12.750085830688477
13.03062915802002
12.300005912780762
13.185189247131348
13.518149375915527
11.129765510559082
14.49014949798584
14.892389297485352
12.178245544433594
11.379557609558105
14.698149681091309
12.95581340789795
13.650789260864258
12.529573440551758
13.81274127960205
14.457573890686035
12.742725372314453
14.001893997192383
12.470757484436035
13.398694038391113
13.706597328186035
13.048389434814453
13.039205551147461
13.825061798095703
13.629158020019531
13.571045875549316
14.638821601867676
13.980485916137695
14.416261672973633
12.338757514953613
13.179941177368164
13.328389167785645
14.520869255065918
12.832741737365723
14.29802131652832
14.204421997070312
14.527525901794434
13.51363754272461
15.772677421569824
12.371557235717773
12.373509407043457
14.698469161987305
14.359973907470703
14.320198059082031
13.272037506103516
13.682917594909668
14.587557792663574
13.953509330749512
14.274565696716309
11.012166023254395
12.014885902404785
11.584549903869629
14.579813957214355
14.344229698181152
12.388357162475586
11.190053939819336
11.821189880371094
13.566822052001953
13.731813430786133
15.063525199890137
16.202117919921875
15.124133110046387
16.767013549804688
13.538501739501953
13.499141693115234
12.774277687072754
14.135973930358887
14.77619743347168
14.450469970703125
16.187236785888672
15.433765411376953
16.157861709594727
14.264485359191895
14.883493423461914
16.776517868041992
12.727429389953613
10.528581619262695
14.714629173278809
13.42074203491211
13.89245319366455
9.618341445922852
11.372005462646484
16.16144561767578
13.405413627624512
14.204133987426758
14.645285606384277
16.746213912963867
16.17510986328125
13.853381156921387
14.308965682983398
11.504709243774414
12.577253341674805
13.475813865661621
16.58400535583496
14.573765754699707
12.15872573852539
13.762886047363281
14.292165756225586
13.0097017288208
16.726341247558594
14.492453575134277
10.69539737701416
14.125797271728516
13.838757514953613
14.51357364654541
14.406213760375977
14.38525390625
14.161093711853027
14.742469787597656
15.395237922668457
15.460965156555176
14.743237495422363
15.695013999938965
15.44256591796875
14.833157539367676
14.933349609375
14.574149131774902
15.067365646362305
14.274693489074707
14.446085929870605
13.172101974487305
11.241637229919434
12.727781295776367
11.702725410461426
13.116518020629883
14.26579761505127
14.246501922607422
15.644197463989258
14.315269470214844
11.477797508239746
12.006501197814941
14.554405212402344
14.167717933654785
15.576933860778809
16.64179801940918
16.689285278320312
14.347877502441406
16.12154197692871
15.959301948547363
15.594693183898926
16.035398483276367
15.894757270812988
16.372581481933594
16.868165969848633
15.913541793823242
15.437381744384766
15.329925537109375
15.178757667541504
14.135910034179688
14.996261596679688
15.165541648864746
15.009605407714844
14.715685844421387
14.327173233032227
13.74998950958252
14.656997680664062
14.783333778381348
16.95667839050293
14.183589935302734
16.089733123779297
15.865317344665527
15.153925895690918
15.502981185913086
15.810149192810059
13.840133666992188
14.471461296081543
14.754501342773438
14.943685531616211
13.906309127807617
15.166245460510254
16.5743408203125
16.06694984436035
15.676037788391113
14.15328598022461
14.3121337890625
16.495269775390625
15.260645866394043
14.225093841552734
14.702693939208984
13.841413497924805
16.40595817565918
14.858437538146973
14.212549209594727
15.92896556854248
15.543493270874023
14.052069664001465
15.804581642150879
15.499141693115234
15.171941757202148
15.380997657775879
15.306309700012207
15.15821361541748
14.413414001464844
15.0796537399292
14.652485847473145
14.469029426574707
14.04189395904541
14.914789199829102
14.935653686523438
14.686725616455078
13.868837356567383
15.145125389099121
14.704933166503906
14.777318000793457
14.017157554626465
14.834789276123047
14.706117630004883
15.0414457321167
15.695429801940918
15.948517799377441
16.268388748168945
16.131973266601562
15.676613807678223
15.736933708190918
15.449477195739746
14.972325325012207
14.687813758850098
14.735557556152344
14.404325485229492
14.005125999450684
13.581957817077637
13.480037689208984
13.021605491638184
14.492677688598633
14.258597373962402
14.177062034606934
14.137605667114258
14.372613906860352
14.704901695251465
14.633830070495605
12.929733276367188
15.365829467773438
14.43443775177002
14.948421478271484
15.320357322692871
16.068933486938477
14.790373802185059
14.705669403076172
13.880293846130371
14.74010181427002
15.314181327819824
15.996837615966797
15.421061515808105
14.158693313598633
14.590437889099121
14.902053833007812
15.086437225341797
14.241829872131348
15.831269264221191
12.862661361694336
14.352293968200684
15.74720573425293
15.55280590057373
14.962149620056152
12.925093650817871
14.330405235290527
13.746438026428223
14.810117721557617
15.008358001708984
14.814693450927734
14.884357452392578
14.244325637817383
14.323142051696777
15.180805206298828
15.379173278808594
15.573797225952148
15.525797843933105
14.34653377532959
15.931205749511719
15.99226188659668
15.338181495666504
15.71002197265625
15.741477966308594
14.02566909790039
15.800901412963867
13.7073335647583
15.810661315917969
15.545062065124512
15.329957962036133
14.781829833984375
14.931685447692871
12.716005325317383
14.712902069091797
14.109701156616211
15.362405776977539
15.30400562286377
15.724677085876465
15.229093551635742
15.693509101867676
13.216773986816406
15.076165199279785
15.771973609924316
15.461125373840332
15.799397468566895
13.335301399230957
16.042469024658203
15.826373100280762
15.82406997680664
15.585509300231934
15.445509910583496
15.623941421508789
14.856453895568848
14.2738618850708
15.397669792175293
15.560773849487305
15.69808578491211
15.986598014831543
15.465989112854004
13.676133155822754
15.600005149841309
13.727237701416016
14.754213333129883
15.63370132446289
15.53539752960205
14.122469902038574
15.802725791931152
15.562726020812988
15.475909233093262
14.780838012695312
14.515589714050293
15.510629653930664
15.21507740020752
14.464197158813477
15.436357498168945
15.674949645996094
14.794693946838379
15.667557716369629
15.021445274353027
15.64122200012207
15.307525634765625
15.464101791381836
14.704453468322754
13.61290168762207
14.186245918273926
14.331557273864746
15.65667724609375
15.762405395507812
14.837157249450684
14.635653495788574
14.612421989440918
14.871909141540527
14.422533988952637
13.730501174926758
14.264741897583008
13.961701393127441
15.87654972076416
15.952133178710938
15.791205406188965
15.374373435974121
14.97424602508545
14.633157730102539
14.20678997039795
13.959877967834473
13.313125610351562
13.764037132263184
14.276517868041992
13.567110061645508
13.85523796081543
11.58134937286377
16.292421340942383
15.667141914367676
15.329413414001465
16.23287010192871
16.251205444335938
15.833733558654785
17.525861740112305
17.359302520751953
17.2872371673584
17.273958206176758
17.710918426513672
16.02784538269043
16.16157341003418
17.193510055541992
17.77699851989746
17.8339900970459
17.283750534057617
15.834245681762695
17.195045471191406
17.168420791625977
17.352005004882812
17.014982223510742
17.31818199157715
16.852678298950195
17.845829010009766
17.882341384887695
17.489702224731445
17.67078971862793
16.99043846130371
17.57411766052246
16.894182205200195
17.655813217163086
16.59095001220703
16.753477096557617
16.668773651123047
17.334373474121094
17.195781707763672
17.308101654052734
16.513093948364258
17.45120620727539
16.341541290283203
15.039973258972168
16.533828735351562
16.562501907348633
15.325189590454102
15.390213966369629
16.581220626831055
16.236804962158203
17.333797454833984
16.739334106445312
15.559845924377441
16.16691780090332
16.640453338623047
17.430309295654297
16.536230087280273
16.345861434936523
16.244678497314453
15.289765357971191
16.764453887939453
16.773988723754883
15.946149826049805
16.418245315551758
17.128293991088867
16.972644805908203
17.360998153686523
17.49347686767578
16.567045211791992
15.727334022521973
16.64198875427246
16.84967041015625
17.201892852783203
16.998628616333008
16.437541961669922
15.827781677246094
10.745189666748047
13.345541954040527
9.259013175964355
9.673349380493164
10.79309368133545
12.148453712463379
15.252645492553711
15.005702018737793
12.924838066101074
15.623045921325684
14.613862037658691
15.669317245483398
16.422758102416992
15.7837495803833
14.07197380065918
15.567461967468262
16.459300994873047
16.204517364501953
16.11312484741211
14.967333793640137
16.301029205322266
14.662373542785645
15.128005981445312
15.501093864440918
16.985958099365234
16.027429580688477
15.862725257873535
16.31261444091797
15.397285461425781
16.105701446533203
14.532645225524902
16.0382137298584
14.180294036865234
15.753381729125977
15.243269920349121
15.712069511413574
15.394789695739746
14.375653266906738
15.252293586730957
15.167749404907227
15.16202163696289
15.426342010498047
14.96058177947998
14.313189506530762
15.275877952575684
14.920613288879395
14.885509490966797
14.641413688659668
13.054757118225098
14.851557731628418
14.684901237487793
17.110342025756836
15.364901542663574
13.493765830993652
16.62733268737793
17.26938247680664
15.303589820861816
15.625605583190918
14.9049654006958
14.625701904296875
14.951845169067383
15.611589431762695
14.433797836303711
15.111525535583496
13.477669715881348
14.650469779968262
13.985445976257324
16.766277313232422
14.138885498046875
13.504101753234863
12.427877426147461
15.299461364746094
16.48509407043457
11.732261657714844
13.557637214660645
15.446533203125
12.602469444274902
12.932677268981934
15.76317310333252
14.5545015335083
13.739173889160156
14.015141487121582
13.44102954864502
13.802149772644043
14.937093734741211
16.12746238708496
12.978021621704102
15.982501983642578
15.119109153747559
14.350341796875
12.675077438354492
13.58026123046875
14.658309936523438
12.80131721496582
15.370085716247559
15.120165824890137
14.828325271606445
14.482885360717773
13.305061340332031
14.911749839782715
14.458309173583984
13.13427734375
14.581637382507324
13.608197212219238
16.177125930786133
12.269317626953125
14.273317337036133
12.639301300048828
15.400613784790039
13.338277816772461
15.147429466247559
14.603878021240234
14.207429885864258
15.206341743469238
12.70630931854248
10.630725860595703
13.042245864868164
13.139813423156738
11.619589805603027
11.88262939453125
14.127525329589844
13.565189361572266
14.058725357055664
11.9650297164917
12.57206916809082
11.620773315429688
13.922181129455566
14.192869186401367
13.85904598236084
11.31718921661377
13.275877952575684
13.295621871948242
11.144037246704102
13.095749855041504
11.427813529968262
10.563590049743652
11.495525360107422
10.306981086730957
10.201669692993164
11.95779800415039
12.020613670349121
11.585062026977539
10.483173370361328
11.620901107788086
11.656261444091797
12.751909255981445
13.290661811828613
10.733125686645508
12.217413902282715
9.528837203979492
9.7074613571167
9.01037311553955
10.350214004516602
10.214341163635254
11.293317794799805
15.448517799377441
15.548389434814453
17.156644821166992
15.935493469238281
16.75990867614746
16.998470306396484
16.067270278930664
16.45450210571289
15.802757263183594
15.896933555603027
16.5313663482666
15.281349182128906
16.118501663208008
15.767717361450195
15.431589126586914
15.611173629760742
15.093669891357422
14.599333763122559
15.241477966308594
14.314469337463379
14.226533889770508
14.701701164245605
17.40890121459961
16.061861038208008
14.532901763916016
14.566693305969238
12.877093315124512
16.41216468811035
14.79251766204834
15.098885536193848
16.07082176208496
13.279717445373535
13.010629653930664
14.637125968933105
14.873126029968262
13.314021110534668
15.385605812072754
12.459141731262207
13.045637130737305
12.940773963928223
15.145541191101074
14.563493728637695
10.445573806762695
12.307845115661621
12.977733612060547
11.965221405029297
10.674341201782227
10.48845386505127
10.554245948791504
10.387301445007324
7.728070259094238
15.635557174682617
16.458852767944336
15.859013557434082
16.170085906982422
14.88592529296875
15.030117988586426
15.323973655700684
14.460229873657227
16.128549575805664
15.67306137084961
15.287205696105957
15.518437385559082
14.99286937713623
14.478789329528809
14.187333106994629
14.373509407043457
17.134469985961914
13.099141120910645
13.050821304321289
12.806917190551758
14.855013847351074
15.487557411193848
14.668453216552734
13.394725799560547
14.565061569213867
13.300773620605469
10.976037979125977
10.764517784118652
10.172325134277344
9.36672592163086
16.37322235107422
16.356069564819336
16.84669303894043
15.30291748046875
14.769861221313477
15.461989402770996
14.872517585754395
14.459013938903809
15.184229850769043
14.749573707580566
14.868069648742676
14.261829376220703
13.88256549835205
13.84550952911377
13.477190017700195
14.67190933227539
12.227461814880371
14.846277236938477
14.152165412902832
13.073029518127441
10.820805549621582
10.601637840270996
12.677221298217773
10.632261276245117
16.78960609436035
15.449541091918945
14.615942001342773
15.21712589263916
14.594470024108887
15.536965370178223
14.226021766662598
14.134405136108398
14.97367000579834
17.031749725341797
13.932165145874023
11.82032585144043
12.67299747467041
9.25277328491211
17.130212783813477
17.167781829833984
16.36896514892578
14.777606010437012
15.894181251525879
14.959781646728516
15.779525756835938
14.701221466064453
14.759653091430664
15.704710006713867
13.508837699890137
13.674181938171387
13.109285354614258
12.684869766235352
17.157989501953125
16.634214401245117
14.546533584594727
15.05997371673584
12.782565116882324
13.802821159362793
17.263845443725586
16.779558181762695
16.447301864624023
15.206149101257324
14.2106294631958
13.268613815307617
14.842373847961426
13.653925895690918
11.451237678527832
12.817061424255371
11.809829711914062
10.821861267089844
14.568902015686035
14.317349433898926
13.475173950195312
12.955397605895996
12.099237442016602
16.574853897094727
14.127685546875
17.253156661987305
14.879173278808594
13.092613220214844
13.684229850769043
11.244741439819336
11.402565956115723
12.477349281311035
14.33555793762207
12.811525344848633
14.37990951538086
12.422149658203125
15.795397758483887
13.979429244995117
12.29360580444336
16.62429428100586
17.27178192138672
15.33453369140625
14.387813568115234
14.896005630493164
10.589573860168457
15.352357864379883
13.584453582763672
15.188677787780762
13.95018196105957
15.8469820022583
13.831653594970703
13.281861305236816
14.200997352600098
13.290661811828613
12.378661155700684
16.315750122070312
14.033381462097168
15.548133850097656
11.037701606750488
13.339781761169434
15.754053115844727
12.320965766906738
16.652549743652344
16.844228744506836
13.26250171661377
11.84339714050293
14.568453788757324
11.509509086608887
12.530245780944824
16.356901168823242
