9.876351576561311e-42
6.565491199493408
5.249235153198242
10.013267517089844
5.479379177093506
7.589138984680176
6.844147205352783
9.037459373474121
10.147059440612793
4.4721150398254395
11.681554794311523
5.3813629150390625
7.33451509475708
6.7589311599731445
5.083346843719482
10.211603164672852
8.501203536987305
9.407315254211426
8.030962944030762
9.146066665649414
8.627603530883789
8.159154891967773
8.59221076965332
8.92414665222168
8.03211498260498
7.9820990562438965
8.393074989318848
8.74664306640625
7.311763286590576
7.803762912750244
9.070419311523438
8.377042770385742
6.366354942321777
9.646387100219727
5.9161152839660645
8.12593936920166
7.27336311340332
7.709970951080322
8.371283531188965
6.413907051086426
8.081074714660645
6.591091156005859
5.372979164123535
5.375859260559082
8.800947189331055
4.772147178649902
9.9468355178833
4.3219709396362305
6.1216511726379395
11.186514854431152
5.891219139099121
7.796243190765381
9.494803428649902
8.240882873535156
9.462738990783691
8.47435474395752
8.437267303466797
9.251699447631836
8.22645092010498
8.494291305541992
4.172370910644531
5.154130935668945
9.226354598999023
9.765074729919434
11.6347074508667
7.144466876983643
8.176275253295898
9.049554824829102
9.670547485351562
9.267794609069824
8.985939025878906
7.372786998748779
4.180499076843262
3.6904830932617188
8.035250663757324
8.986515045166016
7.470355033874512
8.419410705566406
10.416435241699219
9.247251510620117
6.362675189971924
7.7686591148376465
3.605458974838257
3.92238712310791
8.963090896606445
7.868499279022217
8.09227466583252
8.132434844970703
9.101042747497559
7.271539211273193
3.8282430171966553
7.934866905212402
8.266162872314453
8.966931343078613
8.10427474975586
4.395730972290039
7.9359869956970215
8.14731502532959
7.733842849731445
4.139762878417969
10.34046745300293
7.80293083190918
8.419474601745605
8.430387496948242
4.79685115814209
4.838706970214844
9.743507385253906
7.956211090087891
7.794066905975342
8.911827087402344
4.929811000823975
5.418003082275391
9.771219253540039
9.1029634475708
5.027410984039307
9.330802917480469
8.200370788574219
6.8317952156066895
8.581522941589355
7.061171054840088
6.88037109375
9.024307250976562
9.17579460144043
9.23617935180664
9.319730758666992
6.609363079071045
9.381747245788574
6.604498863220215
8.368051528930664
9.511795043945312
9.226707458496094
8.024114608764648
9.082738876342773
8.994098663330078
8.899635314941406
8.326770782470703
8.148818969726562
8.572402954101562
8.095251083374023
9.31982707977295
7.196178913116455
9.23515510559082
9.142354965209961
8.836466789245605
8.53109073638916
7.911890983581543
7.677618980407715
7.468338966369629
8.25595474243164
7.430227279663086
7.7055230140686035
8.266547203063965
8.266098976135254
8.51131534576416
8.803411483764648
8.736019134521484
8.538227081298828
8.951730728149414
8.80453109741211
8.67125129699707
8.861875534057617
8.697650909423828
5.195507049560547
3.7193470001220703
5.66917085647583
2.666835069656372
4.920146942138672
1.8431870937347412
1.3749951124191284
3.9864189624786377
1.2274430990219116
2.731027126312256
7.815603256225586
4.980051040649414
3.259827136993408
7.488914966583252
2.3227710723876953
8.3967866897583
8.131091117858887
3.7126271724700928
9.731571197509766
3.215731143951416
7.050803184509277
8.928754806518555
7.595283031463623
7.2185468673706055
7.282930850982666
7.299795150756836
7.376819133758545
7.33832311630249
7.138995170593262
6.325554847717285
7.423315048217773
6.879699230194092
7.043507099151611
5.997619152069092
4.376914978027344
3.0370430946350098
6.565747261047363
1.6090750694274902
1.4056830406188965
8.252851486206055
3.6323390007019043
4.616019248962402
2.3301949501037598
7.036850929260254
6.970195293426514
10.464082717895508
4.206611156463623
8.298355102539062
5.846259117126465
3.6244349479675293
5.562547206878662
4.41422700881958
9.297587394714355
4.722034931182861
1.0492030382156372
6.1502909660339355
8.810419082641602
6.858770847320557
7.6679229736328125
3.340147018432617
7.888754844665527
6.619891166687012
0.8505150675773621
4.923442840576172
3.1842751502990723
2.292915105819702
4.2744832038879395
3.676115036010742
6.520819187164307
1.7949310541152954
0.9739070534706116
1.3027390241622925
3.3308351039886475
0.7750590443611145
6.1619391441345215
1.0605310201644897
6.977363109588623
6.9480509757995605
7.764499187469482
2.681523084640503
7.593906879425049
2.1286590099334717
8.608467102050781
1.8053950071334839
7.9326910972595215
1.1657791137695312
4.728659152984619
5.212018966674805
1.852051019668579
2.422930955886841
2.907379150390625
4.378386974334717
5.268754959106445
7.162195205688477
8.13803482055664
9.044435501098633
11.889715194702148
12.116467475891113
11.661843299865723
9.803763389587402
9.130290985107422
9.161491394042969
8.390643119812012
7.1283392906188965
8.230738639831543
7.271059036254883
5.822931289672852
12.718674659729004
11.114194869995117
12.586419105529785
9.058355331420898
6.0266432762146
7.580114841461182
6.0165629386901855
5.261682987213135
5.219666957855225
3.551187038421631
9.701362609863281
8.541426658630371
4.466099262237549
3.1121151447296143
6.734227180480957
2.422675132751465
11.654610633850098
9.68545913696289
12.346355438232422
9.932307243347168
6.580179214477539
8.229907035827637
12.426802635192871
6.771923065185547
5.00104284286499
4.62331485748291
7.382035255432129
3.8244669437408447
2.876466989517212
9.599507331848145
11.925427436828613
9.169683456420898
7.49115514755249
4.298099040985107
2.8326590061187744
10.122771263122559
6.753842830657959
3.275731086730957
10.291923522949219
5.138963222503662
3.946355104446411
11.36235523223877
5.7464189529418945
10.49118709564209
5.927603244781494
7.849203109741211
3.427155017852783
6.593523025512695
4.026963233947754
3.3334591388702393
4.778323173522949
8.97048282623291
4.2667388916015625
5.289938926696777
4.357810974121094
5.225266933441162
10.091731071472168
4.791507244110107
10.125746726989746
5.35691499710083
5.7128190994262695
6.306323051452637
7.990450859069824
8.130642890930176
9.144146919250488
10.157683372497559
10.110003471374512
11.011091232299805
10.701139450073242
11.969427108764648
12.202483177185059
12.593586921691895
12.641363143920898
12.719250679016113
11.3803071975708
12.675283432006836
11.118387222290039
12.620403289794922
12.204499244689941
12.651283264160156
12.255090713500977
11.128307342529297
7.824467182159424
4.622771263122559
8.914738655090332
11.287762641906738
8.810386657714844
8.144307136535645
4.770899295806885
4.355762958526611
6.129011154174805
2.779987096786499
2.0646910667419434
1.5357310771942139
2.5378429889678955
1.7414590120315552
1.113779067993164
12.719155311584473
11.120979309082031
12.083187103271484
6.952147006988525
10.093043327331543
8.833619117736816
4.040467262268066
5.615731239318848
3.8162431716918945
3.7730751037597656
2.0234429836273193
2.5817151069641113
1.405331015586853
12.716530799865723
5.9592509269714355
7.945555210113525
3.4649791717529297
3.27669095993042
12.62872314453125
12.247379302978516
6.9168829917907715
5.156915187835693
2.3535549640655518
12.10040283203125
10.741715431213379
6.0368828773498535
11.457106590270996
9.889970779418945
4.1494269371032715
10.506962776184082
9.359442710876465
11.29365062713623
9.938131332397461
8.665779113769531
10.106739044189453
3.527475118637085
8.82971477508545
7.704275131225586
5.331058979034424
5.993747234344482
6.105715274810791
4.218003273010254
2.793971061706543
4.830770969390869
3.1101629734039307
3.283282995223999
4.85256290435791
3.58235502243042
2.4223551750183105
1.7798590660095215
2.256531000137329
12.332691192626953
12.323762893676758
11.100019454956055
10.81822681427002
9.987506866455078
9.095251083374023
8.055154800415039
7.329010963439941
6.336146831512451
6.97973108291626
4.796722888946533
4.442834854125977
4.7404351234436035
3.493875026702881
3.5631229877471924
2.5941309928894043
1.514451026916504
1.3743870258331299
1.244083046913147
1.5684350728988647
1.8950910568237305
3.312819004058838
2.6621310710906982
2.2966270446777344
1.056083083152771
0.9501950740814209
0.7276350855827332
0.9031230807304382
1.1028670072555542
2.1226110458374023
2.0125629901885986
1.2257790565490723
0.8081150650978088
0.8140990734100342
1.4558590650558472
2.5622589588165283
1.3066750764846802
0.8112190961837769
0.686547040939331
1.504499077796936
0.5974910855293274
2.2457470893859863
0.9533310532569885
0.7037630677223206
0.7758590579032898
0.8210110664367676
2.8219711780548096
0.8690430521965027
1.9055230617523193
1.883155107498169
1.5363070964813232
1.4169790744781494
1.1707390546798706
1.113011121749878
0.928307056427002
1.1699711084365845
1.551443099975586
2.0580990314483643
3.1722750663757324
1.7633790969848633
0.7245630621910095
1.2379070520401
1.0524671077728271
1.6835390329360962
1.5997951030731201
2.588435173034668
2.0404350757598877
3.5288829803466797
1.9154430627822876
2.858419179916382
4.104883193969727
2.8346431255340576
6.30827522277832
4.522706985473633
7.389938831329346
7.9572672843933105
4.915539264678955
4.310099124908447
5.696115016937256
3.8782269954681396
7.087059020996094
6.202610969543457
7.921811103820801
7.973074913024902
5.3416829109191895
1.0934910774230957
2.2030270099639893
1.3823550939559937
1.3855230808258057
1.8198590278625488
2.5441150665283203
3.597043037414551
6.162930965423584
3.2378430366516113
8.973747253417969
5.0058112144470215
5.7015228271484375
7.133331298828125
7.2204670906066895
1.033715009689331
1.9067070484161377
1.809683084487915
3.2012031078338623
4.401587009429932
6.467347145080566
6.459027290344238
1.7315070629119873
1.3938751220703125
2.39729905128479
3.355347156524658
8.396370887756348
4.230226993560791
5.159762859344482
5.250099182128906
2.349619150161743
3.285907030105591
2.2298431396484375
2.9291391372680664
8.011698722839355
4.928627014160156
5.182867050170898
4.612722873687744
5.521491050720215
3.734035015106201
2.8817150592803955
4.519826889038086
4.01406717300415
1.8443390130996704
6.386451244354248
5.003634929656982
2.7453629970550537
4.771186828613281
5.08721923828125
3.4621951580047607
5.487154960632324
3.991250991821289
5.0117950439453125
7.251410961151123
6.476211071014404
6.3443708419799805
4.988306999206543
4.775059223175049
3.7576510906219482
4.328627109527588
4.899570941925049
5.336338996887207
5.107154846191406
5.102386951446533
5.272626876831055
5.171411037445068
4.9387712478637695
6.838770866394043
6.149331092834473
6.530962944030762
9.180083274841309
7.935410976409912
7.451379299163818
10.314611434936523
10.149139404296875
10.592370986938477
11.086610794067383
11.786579132080078
8.96337890625
8.259698867797852
10.753331184387207
11.633074760437012
9.983186721801758
10.723027229309082
7.28206729888916
11.093490600585938
11.386610984802246
11.000146865844727
11.429299354553223
11.376242637634277
8.94814682006836
10.46117115020752
9.484498977661133
10.014354705810547
10.906803131103516
10.538803100585938
11.322674751281738
11.882675170898438
11.582259178161621
11.126898765563965
12.368659019470215
12.24165153503418
12.380531311035156
11.588114738464355
12.64942741394043
11.735091209411621
12.376914978027344
12.38520336151123
11.130035400390625
12.515923500061035
12.208659172058105
11.153970718383789
10.673331260681152
10.167155265808105
12.30513858795166
12.049363136291504
11.708978652954102
11.619667053222656
11.17454719543457
11.993618965148926
11.967795372009277
12.477298736572266
12.779475212097168
12.073970794677734
10.950611114501953
12.01848316192627
11.903635025024414
11.43432331085205
12.574067115783691
11.658994674682617
12.043890953063965
11.491827011108398
11.937395095825195
12.255538940429688
12.57419490814209
12.353842735290527
12.213907241821289
11.967123031616211
11.403027534484863
10.903027534484863
10.823186874389648
10.59585952758789
9.452723503112793
11.086163520812988
11.4000825881958
11.672562599182129
11.955538749694824
11.93051528930664
12.006195068359375
12.089395523071289
11.6511869430542
12.222515106201172
9.345938682556152
8.869267463684082
8.473138809204102
7.759475231170654
7.814195156097412
10.832818984985352
8.720754623413086
10.466835021972656
6.547730922698975
10.09931468963623
5.601810932159424
5.506515026092529
5.438418865203857
5.755187034606934
7.433171272277832
9.160658836364746
5.124275207519531
5.51029109954834
5.808178901672363
4.454610824584961
6.005843162536621
4.310834884643555
6.137299060821533
5.096147060394287
3.6311869621276855
5.277842998504639
2.932115077972412
5.462162971496582
3.5076990127563477
4.102450847625732
2.3247549533843994
2.5939390659332275
2.0370430946350098
1.976883053779602
3.5799551010131836
1.9951870441436768
2.8952829837799072
1.751987099647522
4.1758270263671875
2.562195062637329
8.821715354919434
5.60142707824707
2.3012990951538086
8.035731315612793
8.654130935668945
6.347187042236328
4.356114864349365
3.4561469554901123
3.328339099884033
4.471346855163574
7.186131000518799
6.5097150802612305
4.6937150955200195
4.223858833312988
4.425043106079102
4.353971004486084
11.066483497619629
6.929747104644775
6.808627128601074
5.543827056884766
8.305298805236816
8.849139213562012
5.031890869140625
6.625107288360596
6.837427139282227
6.585011005401611
7.8588032722473145
9.198323249816895
8.051539421081543
8.060466766357422
9.152883529663086
6.8523712158203125
9.081714630126953
9.553971290588379
11.198354721069336
8.687314987182617
11.048787117004395
10.382451057434082
10.202226638793945
10.287603378295898
8.479347229003906
10.352883338928223
8.346323013305664
10.393235206604004
6.51739501953125
10.234258651733398
9.85147476196289
7.858579158782959
9.847954750061035
10.061075210571289
5.366899013519287
9.036466598510742
7.0032830238342285
10.28654670715332
6.387955188751221
8.09550666809082
7.445778846740723
10.382866859436035
7.914578914642334
5.057714939117432
8.487218856811523
8.092883110046387
5.09275484085083
5.551059246063232
4.915410995483398
5.05944299697876
5.470579147338867
4.602035045623779
4.541619300842285
7.072978973388672
5.733842849731445
7.497011184692383
4.095827102661133
4.2886271476745605
5.081107139587402
4.931058883666992
5.259058952331543
6.030354976654053
3.3469631671905518
5.009395122528076
4.068403244018555
5.296370983123779
5.8140668869018555
3.6220669746398926
4.506034851074219
3.629138946533203
4.5670270919799805
5.166482925415039
4.577523231506348
4.436946868896484
4.95957088470459
5.399538993835449
6.737683296203613
5.284978866577148
5.531187057495117
5.271474838256836
6.281811237335205
6.592434883117676
6.294259071350098
6.277010917663574
8.395699501037598
8.389330863952637
9.2591552734375
9.787507057189941
11.467923164367676
11.940435409545898
11.576435089111328
9.03752326965332
8.701522827148438
7.695475101470947
9.793362617492676
9.34267520904541
6.527827262878418
8.30241870880127
5.557714939117432
8.304851531982422
5.537075042724609
5.663059234619141
5.6106109619140625
4.116562843322754
2.9124350547790527
2.471795082092285
5.778963088989258
2.148179054260254
3.391411066055298
4.829747200012207
9.395282745361328
5.36072301864624
6.881875038146973
7.76142692565918
8.064531326293945
9.671699523925781
8.725459098815918
8.065714836120605
9.9568510055542
10.239506721496582
7.723891258239746
10.334867477416992
9.856819152832031
6.038227081298828
9.724979400634766
7.822866916656494
5.818994998931885
5.679315090179443
7.358994960784912
6.694674968719482
3.6100990772247314
3.3712830543518066
5.956882953643799
3.6582911014556885
5.517235279083252
5.238419055938721
5.701138973236084
8.389618873596191
9.621362686157227
11.057010650634766
8.369235038757324
7.171730995178223
9.106290817260742
7.142867088317871
7.492146968841553
5.340178966522217
6.5922112464904785
4.91803503036499
5.317427158355713
4.134291172027588
3.1463229656219482
2.4650750160217285
4.0580668449401855
5.612658977508545
2.4292030334472656
9.980018615722656
5.980339050292969
9.179091453552246
7.916690826416016
10.0430908203125
10.55509090423584
9.087091445922852
4.975827217102051
7.698546886444092
3.4346749782562256
5.951602935791016
8.3837308883667
8.416818618774414
10.236498832702637
10.132243156433105
11.865330696105957
8.019474983215332
6.672050952911377
5.694899082183838
4.99067497253418
2.94913911819458
2.6244349479675293
4.264626979827881
2.0614590644836426
4.877651214599609
3.26737904548645
5.37601900100708
9.314291000366211
10.294195175170898
8.184691429138184
5.68549108505249
9.389394760131836
6.011667251586914
5.153842926025391
4.94257926940918
6.1858110427856445
5.262610912322998
8.44433879852295
8.194355010986328
5.195699214935303
5.8520188331604
3.759827136993408
3.3094911575317383
4.960211277008057
2.8412351608276367
2.3710591793060303
5.832787036895752
9.302675247192383
7.59816312789917
4.820786952972412
4.40766716003418
10.523219108581543
7.3443708419799805
7.519667148590088
8.57294750213623
5.054738998413086
5.280147075653076
3.3853631019592285
6.635890960693359
1.918803095817566
3.5099711418151855
10.53429126739502
6.169523239135742
4.6652350425720215
4.416243076324463
6.461362838745117
6.846066951751709
7.440178871154785
1.8027070760726929
2.720850944519043
6.963507175445557
10.36126708984375
6.6698431968688965
6.194098949432373
7.241426944732666
3.6060991287231445
7.217042922973633
9.814163208007812
9.053298950195312
4.339666843414307
4.247795104980469
4.733587265014648
5.717906951904297
10.870450973510742
7.401618957519531
6.9873151779174805
4.620211124420166
3.823923110961914
3.9925949573516846
5.189426898956299
1.7664830684661865
7.903475284576416
4.572978973388672
4.360371112823486
3.6159231662750244
4.251730918884277
6.762451171875
11.21393871307373
6.376467227935791
9.769522666931152
3.921619176864624
11.512179374694824
5.046195030212402
8.426386833190918
11.820691108703613
6.530323028564453
8.616114616394043
6.843667030334473
12.04571533203125
12.12264347076416
6.932466983795166
11.992051124572754
2.3068671226501465
8.049330711364746
3.1855549812316895
11.818578720092773
3.1646909713745117
9.114067077636719
9.051506996154785
6.520755290985107
10.178771018981934
11.351859092712402
4.329747200012207
9.991954803466797
7.3523712158203125
6.786611080169678
10.661650657653809
8.569107055664062
11.63144302368164
5.464242935180664
10.11189079284668
6.0364670753479
10.277555465698242
4.987411022186279
8.04638671875
10.36024284362793
