9.876351576561311e-42
11.291316986083984
10.62846851348877
6.576052665710449
8.258740425109863
7.395764350891113
7.346100330352783
5.266932487487793
4.009204387664795
8.119604110717773
3.734644651412964
7.2553486824035645
5.962420463562012
7.6431884765625
8.050676345825195
5.981044769287109
13.514164924621582
7.004596710205078
10.112052917480469
7.7832207679748535
8.908212661743164
12.624244689941406
8.343156814575195
8.143668174743652
10.07320499420166
13.222452163696289
10.894196510314941
9.007732391357422
11.205364227294922
13.286388397216797
9.382644653320312
12.329140663146973
9.953460693359375
9.599028587341309
9.104564666748047
10.526004791259766
10.838580131530762
10.633204460144043
14.335476875305176
10.043764114379883
10.130484580993652
9.607732772827148
10.347956657409668
10.600052833557129
6.985076427459717
8.81182861328125
4.462580680847168
7.278068542480469
7.69336462020874
4.451060771942139
7.5566606521606445
9.939956665039062
6.486708641052246
10.890420913696289
6.384500503540039
8.939828872680664
9.774068832397461
9.852532386779785
13.345268249511719
9.885876655578613
10.074804306030273
8.750580787658691
5.598004341125488
5.1533966064453125
3.8365964889526367
8.276084899902344
10.939444541931152
6.227828502655029
6.3205647468566895
8.872692108154297
9.69566822052002
10.090356826782227
9.422196388244629
8.826164245605469
6.790388584136963
5.150132656097412
8.984564781188965
12.760116577148438
4.471988677978516
9.619060516357422
10.167412757873535
9.823476791381836
8.035892486572266
8.3374605178833
5.247028350830078
9.416820526123047
13.40683650970459
12.45323657989502
8.546100616455078
11.233972549438477
7.689908504486084
6.541428565979004
10.25662899017334
8.825204849243164
9.307765007019043
7.871476650238037
13.71909236907959
12.684468269348145
11.059444427490234
7.521588325500488
5.151028633117676
13.518708229064941
8.791156768798828
9.561844825744629
7.271668434143066
7.578420639038086
6.469684600830078
13.004148483276367
10.997044563293457
9.578356742858887
7.090676784515381
8.013940811157227
6.676916599273682
10.091764450073242
8.190644264221191
7.394548416137695
10.359092712402344
7.150132656097412
9.603700637817383
6.475700378417969
8.686388969421387
8.14539623260498
10.091828346252441
8.126580238342285
10.475188255310059
8.732020378112793
10.314996719360352
8.358388900756836
12.902900695800781
10.328692436218262
9.815476417541504
5.895732402801514
9.198004722595215
9.086516380310059
9.197492599487305
9.012468338012695
5.4332685470581055
6.0696845054626465
6.483892440795898
7.5447564125061035
8.259636878967285
8.030708312988281
7.131124496459961
7.321972370147705
7.673332691192627
8.593076705932617
8.813108444213867
8.86328411102295
9.145844459533691
8.735028266906738
8.906100273132324
9.571828842163086
9.854836463928223
10.459060668945312
11.721780776977539
12.381300926208496
12.580276489257812
12.736756324768066
13.033780097961426
13.481460571289062
14.334324836730957
14.612468719482422
12.06904411315918
11.886900901794434
12.504180908203125
11.939956665039062
12.187828063964844
12.342900276184082
11.996596336364746
11.661044120788574
12.315380096435547
11.64165210723877
12.432052612304688
10.765748977661133
9.462580680847168
11.044468879699707
9.752692222595215
9.62731647491455
8.933812141418457
8.582324981689453
9.8659086227417
8.80530071258545
9.129972457885742
9.417524337768555
11.342260360717773
10.959476470947266
10.881204605102539
10.608884811401367
10.010740280151367
10.207412719726562
11.3441801071167
11.030708312988281
11.604148864746094
10.964980125427246
11.283060073852539
10.960052490234375
11.91122055053711
11.877684593200684
12.973620414733887
12.156596183776855
12.532980918884277
13.297012329101562
10.515252113342285
9.587636947631836
8.37515640258789
8.801204681396484
8.384116172790527
10.641460418701172
9.107124328613281
9.102516174316406
9.115636825561523
11.899956703186035
11.61317253112793
7.938804626464844
9.683124542236328
9.123956680297852
12.099956512451172
12.316596984863281
9.23269271850586
10.68747615814209
9.102964401245117
11.843700408935547
8.87851619720459
10.671412467956543
12.377012252807617
11.816116333007812
7.999732494354248
12.330676078796387
11.233652114868164
7.919924736022949
11.117940902709961
12.463540077209473
12.551156997680664
12.388340950012207
11.248820304870605
12.176116943359375
10.27902889251709
11.846388816833496
8.63717269897461
9.968052864074707
10.102836608886719
10.687156677246094
11.496244430541992
11.257268905639648
12.01605224609375
10.434484481811523
11.739316940307617
10.588724136352539
7.828596591949463
8.381556510925293
9.047476768493652
8.716276168823242
8.219700813293457
8.440244674682617
9.128820419311523
10.85214900970459
11.671860694885254
12.235380172729492
18.07986068725586
18.29374885559082
19.520565032958984
19.539636611938477
18.742324829101562
19.00286865234375
18.04005241394043
15.961076736450195
13.243124961853027
13.076916694641113
13.783476829528809
19.30648422241211
18.557811737060547
19.210100173950195
16.496885299682617
15.830132484436035
13.059188842773438
12.884404182434082
13.38232421875
12.287988662719727
15.241972923278809
12.638004302978516
13.688628196716309
12.04050064086914
14.449972152709961
12.870452880859375
13.30251693725586
18.549428939819336
18.910261154174805
18.659765243530273
19.86539649963379
15.686708450317383
17.05746078491211
20.03902816772461
12.776244163513184
15.800628662109375
12.807412147521973
14.491508483886719
14.492084503173828
14.078900337219238
18.13214874267578
18.791284561157227
17.905012130737305
12.93970012664795
15.445428848266602
12.46802043914795
18.70379638671875
12.82507610321045
12.126324653625488
19.43326759338379
15.410804748535156
12.45477294921875
19.139509201049805
15.983732223510742
20.041139602661133
13.087156295776367
15.952180862426758
13.00786018371582
12.969588279724121
13.51589298248291
14.786996841430664
14.33912467956543
15.740532875061035
14.726325035095215
13.993844985961914
15.409076690673828
14.772212982177734
15.332276344299316
15.119604110717773
16.739316940307617
15.575540542602539
15.30251693725586
15.69509220123291
16.24152374267578
16.579317092895508
17.198579788208008
17.913908004760742
18.842741012573242
19.622900009155273
20.40222930908203
19.881460189819336
19.136436462402344
19.817909240722656
19.616756439208984
19.34731674194336
19.215667724609375
18.332853317260742
16.980276107788086
17.559797286987305
18.57861328125
15.20818042755127
12.76498031616211
13.647540092468262
12.160116195678711
14.236148834228516
11.508980751037598
12.601972579956055
13.387892723083496
14.660788536071777
12.197172164916992
16.039093017578125
14.391988754272461
14.229684829711914
13.469172477722168
14.020020484924316
15.338420867919922
14.2478609085083
14.74962043762207
17.97125244140625
14.985396385192871
17.18091583251953
10.90296459197998
12.875508308410645
10.952756881713867
13.069236755371094
15.634612083435059
16.110069274902344
13.30251693725586
14.578036308288574
15.284340858459473
14.978740692138672
15.890164375305176
11.418996810913086
10.76651668548584
12.262836456298828
16.01490020751953
16.613300323486328
11.766196250915527
10.574644088745117
10.589428901672363
12.271028518676758
13.912948608398438
11.770036697387695
10.2861328125
14.880500793457031
11.122100830078125
11.615092277526855
14.533108711242676
14.478772163391113
11.64472484588623
13.745460510253906
14.082356452941895
12.024436950683594
11.525492668151855
12.655668258666992
11.203380584716797
12.99365234375
15.310260772705078
14.893876075744629
13.967284202575684
12.526388168334961
15.472180366516113
14.706676483154297
12.758196830749512
15.091188430786133
15.483508110046387
13.787956237792969
14.30744457244873
14.823476791381836
19.5284366607666
19.36638832092285
18.5866756439209
17.649524688720703
16.027507781982422
15.6497163772583
15.45163631439209
15.967092514038086
15.894964218139648
15.441972732543945
15.960244178771973
15.976948738098145
15.762612342834473
15.900660514831543
15.733108520507812
15.185652732849121
14.62085247039795
14.828596115112305
14.91115665435791
15.086132049560547
15.012916564941406
13.503220558166504
13.597748756408691
12.076020240783691
12.281268119812012
12.638004302978516
12.182516098022461
11.174772262573242
13.525748252868652
15.075380325317383
12.685236930847168
12.528372764587402
12.364916801452637
11.580596923828125
13.535861015319824
14.840564727783203
12.259444236755371
12.785908699035645
12.182772636413574
12.485172271728516
12.151476860046387
12.926068305969238
13.09400463104248
12.489972114562988
12.661044120788574
13.028468132019043
12.76549243927002
13.44709300994873
12.477428436279297
12.664180755615234
12.650420188903809
13.087796211242676
12.878196716308594
13.407540321350098
13.90149211883545
14.042484283447266
14.079412460327148
14.063796997070312
13.845492362976074
14.128308296203613
11.93362045288086
11.16837215423584
13.04664421081543
10.003188133239746
11.440629005432129
14.303220748901367
10.167604446411133
14.063796043395996
13.557812690734863
9.954164505004883
11.266740798950195
13.047476768493652
10.478004455566406
13.395508766174316
11.384820938110352
11.550260543823242
11.97778034210205
12.468148231506348
12.686388969421387
13.839924812316895
12.195444107055664
12.265204429626465
14.04818058013916
14.37522029876709
14.579252243041992
11.692788124084473
13.886900901794434
10.614516258239746
13.017396926879883
10.795700073242188
10.61419677734375
11.885940551757812
11.322420120239258
13.833524703979492
12.309876441955566
13.053108215332031
13.591668128967285
14.23262882232666
14.515188217163086
12.623412132263184
14.47614860534668
13.044788360595703
14.523828506469727
14.081972122192383
14.576884269714355
14.56626033782959
14.855284690856934
12.540660858154297
9.622772216796875
13.47461223602295
12.242420196533203
14.170164108276367
14.352628707885742
14.465204238891602
14.763188362121582
9.491636276245117
11.32824420928955
13.754932403564453
12.952180862426758
14.141108512878418
10.42418098449707
10.72011661529541
11.549300193786621
14.081268310546875
14.850932121276855
13.974900245666504
13.539124488830566
12.536948204040527
12.361908912658691
14.372724533081055
13.49586009979248
12.72222900390625
14.6431884765625
13.894132614135742
12.229557037353516
13.979252815246582
13.914484977722168
13.071732521057129
13.325748443603516
14.356340408325195
14.273588180541992
14.100404739379883
13.69771671295166
13.58859634399414
13.54597282409668
13.728500366210938
14.002164840698242
14.31461238861084
14.29323673248291
14.662644386291504
15.226228713989258
12.276597023010254
12.78731632232666
12.180084228515625
10.157556533813477
10.840436935424805
11.152948379516602
11.694836616516113
10.723508834838867
11.196020126342773
12.853300094604492
14.617524147033691
10.028852462768555
10.548596382141113
12.865972518920898
13.858932495117188
10.180276870727539
12.049652099609375
11.57598876953125
12.355636596679688
12.938804626464844
11.823540687561035
12.743156433105469
12.516660690307617
10.120756149291992
10.628340721130371
10.231860160827637
10.781556129455566
11.380148887634277
11.476212501525879
12.205556869506836
13.869876861572266
13.79870891571045
13.65893268585205
14.739572525024414
14.722676277160645
15.389492988586426
14.621492385864258
16.11384391784668
15.118644714355469
16.763893127441406
16.732725143432617
14.28952407836914
16.887475967407227
17.02130126953125
16.7197322845459
16.314355850219727
16.715316772460938
14.839156150817871
15.278644561767578
15.0950927734375
16.865907669067383
16.159860610961914
13.979764938354492
14.723828315734863
15.533044815063477
16.12510871887207
16.959924697875977
16.64933204650879
14.069748878479004
16.664949417114258
16.682100296020508
15.482292175292969
15.988788604736328
13.927604675292969
13.210676193237305
14.138740539550781
15.007732391357422
15.76811695098877
15.49093246459961
16.412981033325195
15.816308975219727
15.13118839263916
15.46853256225586
14.120628356933594
19.239028930664062
18.40472412109375
18.772275924682617
18.40472412109375
18.001333236694336
17.833717346191406
16.475317001342773
17.79659652709961
18.141300201416016
17.306228637695312
18.56926918029785
16.139381408691406
16.25835609436035
16.886899948120117
17.438261032104492
17.324724197387695
18.827123641967773
16.61656379699707
18.349428176879883
16.938291549682617
17.658676147460938
15.762356758117676
16.61534881591797
17.294004440307617
17.819637298583984
17.06526756286621
16.4456844329834
17.774707794189453
15.066548347473145
14.00293254852295
16.146100997924805
13.62680435180664
16.769460678100586
13.0701322555542
13.85867691040039
14.300724983215332
13.495348930358887
15.53010082244873
13.127540588378906
13.780596733093262
13.592948913574219
15.032180786132812
14.177332878112793
15.251060485839844
14.756980895996094
13.818548202514648
15.053556442260742
14.011188507080078
13.973876953125
13.65688419342041
13.506932258605957
10.413172721862793
12.537908554077148
13.634613037109375
10.817780494689941
10.770036697387695
11.675189018249512
12.88670825958252
13.036468505859375
13.049908638000488
12.774068832397461
11.18629264831543
11.54488468170166
12.711284637451172
13.37125301361084
12.884276390075684
13.216629028320312
12.795380592346191
13.007220268249512
12.754484176635742
13.257012367248535
12.669108390808105
12.479796409606934
13.326708793640137
12.946805000305176
12.651444435119629
12.855156898498535
12.799412727355957
13.934260368347168
13.239028930664062
13.587188720703125
13.068916320800781
12.246516227722168
13.813748359680176
14.903412818908691
14.63339614868164
12.972916603088379
15.04056453704834
15.290932655334473
15.37842082977295
12.9357328414917
12.767284393310547
15.324468612670898
13.72939682006836
15.679988861083984
13.45534896850586
16.133939743041992
16.58245277404785
14.305524826049805
16.482357025146484
15.71147632598877
13.936500549316406
16.39505958557129
14.727988243103027
14.588404655456543
15.166452407836914
15.788532257080078
15.122100830078125
15.840116500854492
14.349492073059082
14.617204666137695
16.079029083251953
15.884724617004395
14.974132537841797
14.64926815032959
15.618932723999023
15.823284149169922
15.791348457336426
16.118196487426758
16.194740295410156
15.889204025268555
15.965812683105469
16.113525390625
16.439220428466797
16.43589210510254
15.243892669677734
15.84683609008789
15.839156150817871
15.87800407409668
14.26366901397705
15.903924942016602
15.414772033691406
15.417972564697266
16.087221145629883
14.459508895874023
16.051956176757812
14.464244842529297
15.119668960571289
16.175540924072266
14.800116539001465
14.565364837646484
14.509492874145508
14.781172752380371
15.945076942443848
14.533876419067383
14.433652877807617
14.463988304138184
14.326132774353027
14.480820655822754
14.495732307434082
14.358644485473633
14.311668395996094
14.724084854125977
14.786932945251465
18.82763671875
16.070388793945312
18.580148696899414
19.51595687866211
16.0883731842041
16.45976448059082
17.053428649902344
17.985332489013672
17.55256462097168
17.46341323852539
16.794740676879883
17.801332473754883
16.14987564086914
14.381940841674805
13.801396369934082
13.47512435913086
14.026036262512207
13.960180282592773
14.166196823120117
12.702900886535645
15.370868682861328
13.946612358093262
13.00184440612793
10.688948631286621
12.431732177734375
12.819892883300781
12.920308113098145
12.577844619750977
13.824884414672852
14.03288459777832
12.743476867675781
14.859188079833984
13.712180137634277
12.340788841247559
13.932340621948242
15.881396293640137
14.402676582336426
15.150260925292969
14.273012161254883
14.296628952026367
14.276084899902344
15.637812614440918
15.730612754821777
15.07608413696289
14.3309326171875
16.705907821655273
14.5734281539917
14.972532272338867
14.601716995239258
15.734708786010742
14.265716552734375
19.595508575439453
16.674549102783203
16.60280418395996
17.654964447021484
17.524404525756836
17.600116729736328
16.652725219726562
15.800500869750977
16.545780181884766
17.890804290771484
14.23877239227295
14.639732360839844
14.587508201599121
15.497908592224121
13.367924690246582
12.09560489654541
13.441268920898438
11.162100791931152
12.63499641418457
12.62789249420166
13.568692207336426
14.954996109008789
15.061684608459473
16.628467559814453
15.071988105773926
15.718708038330078
14.5416841506958
14.464180946350098
14.498420715332031
14.9422607421875
19.51992416381836
17.393396377563477
19.22347640991211
16.944820404052734
17.152565002441406
16.43032455444336
14.832308769226074
14.865077018737793
15.816884994506836
13.544628143310547
14.123444557189941
12.530420303344727
13.11429214477539
12.508020401000977
14.849140167236328
13.010869026184082
16.301427841186523
14.731508255004883
15.143988609313965
15.873844146728516
16.51262855529785
15.753396034240723
14.821428298950195
14.447284698486328
15.037236213684082
16.7579402923584
16.501235961914062
17.1846923828125
15.062324523925781
15.820084571838379
13.212596893310547
14.0885648727417
13.425012588500977
12.00338077545166
10.979828834533691
14.225332260131836
16.349748611450195
14.498420715332031
18.99877166748047
17.435571670532227
17.24997329711914
17.34162139892578
17.04811668395996
14.94782829284668
15.4903564453125
11.86475658416748
14.050228118896484
13.59781265258789
12.540596961975098
11.987700462341309
15.831476211547852
14.534708976745605
14.398900032043457
17.656757354736328
17.160181045532227
13.990388870239258
13.617780685424805
12.061236381530762
14.209012985229492
17.83173179626465
17.52606773376465
11.364980697631836
13.074228286743164
13.450676918029785
14.601396560668945
15.340340614318848
15.658292770385742
15.671796798706055
14.537588119506836
14.38942813873291
18.78693199157715
13.125236511230469
14.141748428344727
15.683252334594727
14.818548202514648
14.690356254577637
17.885940551757812
13.954036712646484
10.976308822631836
12.715444564819336
15.402356147766113
14.806708335876465
14.877620697021484
14.635124206542969
18.43621253967285
14.05630874633789
14.29874038696289
14.660212516784668
17.99787712097168
15.611956596374512
14.045236587524414
17.644981384277344
17.766836166381836
10.903860092163086
12.702004432678223
16.976436614990234
16.364788055419922
14.913396835327148
17.3060359954834
13.543540954589844
12.95602035522461
13.371572494506836
18.178611755371094
13.47000503540039
13.41547679901123
14.24530029296875
14.533684730529785
14.137076377868652
17.97605323791504
13.314484596252441
12.403700828552246
15.620532989501953
12.844468116760254
13.6498441696167
14.990452766418457
18.863540649414062
17.982196807861328
14.56568431854248
14.886837005615234
16.078901290893555
15.752692222595215
12.650676727294922
14.788468360900879
