9.876351576561311e-42
15.973443984985352
14.97357177734375
15.022788047790527
14.82022762298584
14.777091979980469
13.764676094055176
13.8964204788208
14.17933177947998
10.689891815185547
14.259971618652344
11.303139686584473
10.992772102355957
11.149060249328613
10.919588088989258
11.903331756591797
10.889411926269531
9.13021183013916
10.969572067260742
11.034819602966309
10.048707962036133
11.158659934997559
12.825827598571777
12.399683952331543
12.234180450439453
11.569379806518555
11.133155822753906
10.134628295898438
9.638372421264648
12.40579605102539
9.05049991607666
11.888259887695312
9.75904369354248
10.922820091247559
9.432771682739258
8.843587875366211
8.277507781982422
8.622148513793945
12.657092094421387
8.658404350280762
9.291108131408691
8.374340057373047
15.321220397949219
13.048195838928223
14.834819793701172
14.62969970703125
13.437636375427246
11.412739753723145
11.070212364196777
13.78195571899414
10.808708190917969
11.122659683227539
10.328516006469727
11.028772354125977
13.114884376525879
10.13392448425293
11.578660011291504
9.729508399963379
12.533380508422852
9.130692481994629
13.787267684936523
11.060452461242676
14.46141242980957
12.566244125366211
14.184260368347168
11.150372505187988
10.98886775970459
9.93037223815918
13.048547744750977
8.502820014953613
9.922723770141602
8.505443572998047
14.289380073547363
11.371875762939453
14.150084495544434
12.940516471862793
11.16518783569336
10.883235931396484
13.549508094787598
9.445732116699219
9.154948234558105
9.156900405883789
11.838851928710938
10.605252265930176
11.916292190551758
10.882499694824219
11.228035926818848
11.446308135986328
9.328836441040039
8.655524253845215
10.965412139892578
13.501252174377441
10.883172035217285
9.735075950622559
10.138243675231934
10.839491844177246
11.394820213317871
12.033956527709961
8.664804458618164
12.333060264587402
12.95168399810791
11.714788436889648
11.105731964111328
10.0374755859375
12.834916114807129
11.046595573425293
11.988067626953125
12.207779884338379
9.361412048339844
10.783140182495117
11.92224407196045
10.825380325317383
10.562755584716797
10.803268432617188
10.86538028717041
9.404356002807617
8.971972465515137
13.02310848236084
8.628100395202637
11.984676361083984
10.411684036254883
8.530243873596191
10.372420310974121
7.758339881896973
10.775267601013184
10.663331985473633
10.429987907409668
10.881380081176758
12.332772254943848
10.808772087097168
9.972516059875488
12.423811912536621
10.187492370605469
10.188163757324219
10.179555892944336
10.203747749328613
11.341699600219727
9.73216438293457
9.725188255310059
8.238371849060059
10.144452095031738
8.67280387878418
9.16797161102295
9.426531791687012
9.647908210754395
10.037059783935547
10.218084335327148
10.38118839263916
10.26605224609375
10.522308349609375
10.775075912475586
10.489252090454102
10.6803560256958
10.89606761932373
11.616868019104004
12.042404174804688
12.1673002243042
12.187044143676758
12.305700302124023
12.461731910705566
12.444131851196289
12.538627624511719
15.193923950195312
15.674756050109863
14.211651802062988
16.22272491455078
14.255043983459473
14.628259658813477
15.584739685058594
12.07341194152832
14.87629222869873
11.374628067016602
14.883011817932129
11.829347610473633
9.638148307800293
14.815332412719727
9.203716278076172
14.50854778289795
13.549444198608398
9.839364051818848
14.996644020080566
10.459684371948242
10.172996520996094
15.471940040588379
16.600963592529297
10.558467864990234
10.75837230682373
11.860196113586426
15.41069221496582
13.68422794342041
12.689443588256836
15.900420188903809
11.939844131469727
13.79401969909668
13.188708305358887
14.07178020477295
15.133988380432129
15.51945972442627
14.260483741760254
15.340388298034668
14.181156158447266
14.912739753723145
10.276196479797363
11.38902759552002
8.82397174835205
13.897027969360352
12.715204238891602
14.381668090820312
10.782179832458496
13.54611587524414
9.605507850646973
14.905220031738281
12.473347663879395
10.642308235168457
13.976484298706055
10.47562026977539
15.184676170349121
13.187684059143066
13.719107627868652
11.08166790008545
11.500452041625977
12.376099586486816
12.362915992736816
14.849315643310547
14.564964294433594
12.349027633666992
9.083940505981445
13.821539878845215
11.253443717956543
9.194148063659668
13.63299560546875
13.283524513244629
13.890244483947754
12.905380249023438
10.880836486816406
13.995748519897461
13.04544448852539
12.913860321044922
11.231780052185059
13.071268081665039
12.93427562713623
9.83984375
12.776836395263672
10.54061222076416
12.014276504516602
10.106820106506348
11.405956268310547
12.807683944702148
10.177475929260254
9.770339965820312
9.875907897949219
10.067044258117676
9.157604217529297
9.60240364074707
10.071364402770996
11.015684127807617
11.386980056762695
11.626755714416504
10.077892303466797
10.09801959991455
13.35622787475586
16.96845245361328
17.068164825439453
16.729476928710938
16.742755889892578
16.90787696838379
16.10320472717285
16.315204620361328
16.76618003845215
15.308932304382324
14.630020141601562
15.098467826843262
13.530340194702148
15.88675594329834
15.943395614624023
16.21385955810547
16.587331771850586
15.608867645263672
16.200292587280273
10.373284339904785
11.54448413848877
15.6737642288208
14.204132080078125
11.505603790283203
14.19622802734375
11.36595630645752
16.982051849365234
10.814851760864258
16.743364334106445
16.033220291137695
15.192483901977539
15.238595962524414
15.807140350341797
16.884132385253906
16.16211700439453
12.678179740905762
13.211172103881836
15.410340309143066
16.828899383544922
11.334595680236816
15.145028114318848
16.220035552978516
15.570340156555176
16.57350730895996
16.225475311279297
16.263587951660156
16.344995498657227
16.416996002197266
14.765060424804688
16.295331954956055
13.32461166381836
16.05101203918457
16.493284225463867
16.5689640045166
13.775044441223145
16.622051239013672
16.469091415405273
16.588708877563477
16.6223087310791
17.14166831970215
12.842659950256348
17.28265953063965
16.924835205078125
17.3364200592041
16.934852600097656
12.109124183654785
17.16905975341797
13.286563873291016
16.695459365844727
16.507747650146484
15.818083763122559
14.064164161682129
14.52598762512207
14.307268142700195
14.390403747558594
15.3463716506958
15.562915802001953
16.430404663085938
13.69446849822998
11.878724098205566
14.841059684753418
14.563172340393066
15.424772262573242
14.968387603759766
15.057060241699219
13.28896427154541
13.977924346923828
15.23882007598877
11.9663724899292
9.873315811157227
10.638243675231934
10.92825984954834
12.429444313049316
10.16893196105957
9.95386028289795
11.034403800964355
11.754852294921875
11.772740364074707
13.429763793945312
12.038596153259277
12.650052070617676
12.693572044372559
12.256132125854492
13.69520378112793
13.888323783874512
11.371587753295898
14.5908842086792
11.666563987731934
13.839588165283203
10.5427885055542
10.430851936340332
10.033955574035645
10.240900039672852
12.916804313659668
13.336387634277344
12.319620132446289
12.447715759277344
13.614755630493164
11.362372398376465
12.700708389282227
10.517443656921387
10.268580436706543
8.973155975341797
13.765667915344238
13.408772468566895
9.176484107971191
10.580291748046875
10.085156440734863
10.326851844787598
10.736931800842285
9.479683876037598
10.52310848236084
11.461188316345215
9.575876235961914
11.758339881896973
11.287172317504883
11.420355796813965
9.422628402709961
10.899299621582031
11.352580070495605
10.080643653869629
11.382308006286621
10.79709243774414
10.59472370147705
11.766468048095703
12.66672420501709
12.34803581237793
12.276100158691406
12.209732055664062
12.926436424255371
12.678788185119629
12.381380081176758
12.570307731628418
13.055171966552734
12.686116218566895
12.20339584350586
12.829540252685547
14.44957160949707
15.417604446411133
14.714916229248047
13.796259880065918
12.361955642700195
12.387556076049805
12.581795692443848
13.207907676696777
13.371492385864258
12.81091594696045
13.214692115783691
13.435715675354004
13.257380485534668
13.676323890686035
13.393828392028809
13.450531959533691
12.930563926696777
12.022979736328125
11.33552360534668
11.402691841125488
11.716259956359863
10.972804069519043
12.281988143920898
16.39555549621582
13.906692504882812
13.671684265136719
14.916644096374512
13.818595886230469
13.145283699035645
11.873700141906738
13.374500274658203
12.757763862609863
14.354499816894531
14.32394027709961
12.340291976928711
12.04675579071045
13.475139617919922
14.165251731872559
14.658435821533203
11.781315803527832
14.983716011047363
11.078723907470703
13.604707717895508
14.692675590515137
14.521956443786621
14.208580017089844
9.625251770019531
13.646659851074219
10.741443634033203
11.673284530639648
12.016996383666992
12.792579650878906
13.147651672363281
13.050532341003418
12.904452323913574
12.578499794006348
12.140259742736816
11.749124526977539
11.366851806640625
13.775236129760742
14.542468070983887
13.562627792358398
13.542564392089844
12.460643768310547
12.385795593261719
13.00291633605957
12.279459953308105
13.072196006774902
11.622371673583984
11.34963607788086
9.965603828430176
10.426212310791016
10.732707977294922
12.66064453125
10.508004188537598
11.08877182006836
9.801604270935059
10.104355812072754
9.918851852416992
10.862372398376465
9.552900314331055
12.793731689453125
11.421443939208984
12.018819808959961
12.178948402404785
13.669764518737793
13.863204002380371
13.233732223510742
12.455395698547363
12.390436172485352
11.304163932800293
10.079236030578613
9.666563987731934
10.806500434875488
11.085572242736816
10.363619804382324
10.884932518005371
11.79673957824707
12.296675682067871
13.712867736816406
12.957444190979004
11.490852355957031
12.690276145935059
11.255204200744629
12.504227638244629
12.345572471618652
12.088452339172363
12.457283973693848
11.877028465270996
10.577123641967773
10.402948379516602
11.319684028625488
12.334500312805176
12.26393985748291
12.393411636352539
11.268803596496582
11.239204406738281
10.996611595153809
9.850308418273926
12.205284118652344
10.070276260375977
9.931139945983887
9.593988418579102
11.031492233276367
12.315203666687012
11.512900352478027
12.242691993713379
11.352259635925293
9.566916465759277
12.303651809692383
10.679364204406738
12.234244346618652
12.845476150512695
11.087940216064453
12.385924339294434
11.267364501953125
12.117156028747559
9.958308219909668
10.390467643737793
12.13123607635498
12.07450008392334
11.948676109313965
11.417635917663574
11.567587852478027
11.824899673461914
12.547236442565918
12.412323951721191
12.64169979095459
13.234787940979004
13.501636505126953
13.792003631591797
16.167556762695312
16.220163345336914
15.867620468139648
15.388004302978516
15.6192045211792
15.247812271118164
15.868579864501953
15.688996315002441
15.967204093933105
15.843908309936523
14.834692001342773
15.314851760864258
15.327812194824219
15.958244323730469
14.985828399658203
15.555811882019043
15.980132102966309
15.828740119934082
16.07136344909668
15.707491874694824
16.26707649230957
16.093732833862305
16.455236434936523
15.396036148071289
15.868515968322754
15.50461196899414
15.770179748535156
16.251331329345703
16.034788131713867
16.52656364440918
15.361348152160645
16.46483612060547
15.960772514343262
16.052356719970703
15.40528392791748
15.009316444396973
16.09786033630371
14.936579704284668
15.4413480758667
14.35462760925293
14.811907768249512
14.982500076293945
14.685443878173828
14.383556365966797
13.930084228515625
14.05715560913086
13.624580383300781
15.734851837158203
15.88390827178955
14.994436264038086
14.091139793395996
14.190436363220215
15.7536039352417
16.480836868286133
15.311652183532715
15.32397174835205
14.313220024108887
13.922947883605957
16.1574764251709
14.173027992248535
14.01053237915039
15.678531646728516
14.367843627929688
16.4042911529541
16.45526885986328
16.504419326782227
16.373027801513672
15.991811752319336
16.110851287841797
14.731428146362305
14.824676513671875
14.73114013671875
14.501700401306152
15.082595825195312
14.217251777648926
16.46790885925293
13.52377986907959
11.842884063720703
10.60883617401123
9.589699745178223
11.58269214630127
10.868131637573242
9.780420303344727
11.917508125305176
10.624675750732422
12.112259864807129
13.789795875549316
16.14278793334961
16.565988540649414
16.181699752807617
14.485444068908691
12.923748016357422
14.342211723327637
16.4914608001709
13.762980461120605
16.372739791870117
16.269155502319336
16.1825008392334
15.785796165466309
14.316484451293945
12.903428077697754
16.08698081970215
16.584131240844727
16.81565284729004
16.43094825744629
16.850595474243164
16.14982795715332
16.708547592163086
16.62733268737793
15.454948425292969
16.38633918762207
13.850339889526367
16.10186004638672
15.177251815795898
15.54617977142334
13.625380516052246
14.35878849029541
13.174147605895996
13.453348159790039
14.965539932250977
13.219460487365723
14.54982852935791
13.360515594482422
14.592900276184082
13.685892105102539
15.259012222290039
14.521028518676758
13.550084114074707
15.042756080627441
14.971684455871582
14.201508522033691
14.71475601196289
14.234211921691895
14.01184368133545
14.430500030517578
13.94998836517334
14.140835762023926
14.9413480758667
13.64819622039795
14.19565200805664
13.81795597076416
16.193092346191406
14.91120433807373
14.051203727722168
13.351364135742188
13.84797191619873
13.811107635498047
13.035843849182129
13.836356163024902
14.5559720993042
13.575331687927246
14.017827987670898
13.755012512207031
14.638564109802246
14.505444526672363
14.315620422363281
13.394468307495117
14.271812438964844
13.679043769836426
15.424867630004883
14.264420509338379
14.412675857543945
13.703876495361328
13.519331932067871
14.120067596435547
14.195843696594238
12.988036155700684
14.976836204528809
13.64426040649414
14.04448413848877
12.9314603805542
12.389156341552734
15.366596221923828
12.754276275634766
13.792739868164062
12.914595603942871
12.239235877990723
15.788260459899902
14.853476524353027
16.002788543701172
12.40966796875
15.410788536071777
14.261571884155273
13.590692520141602
12.389796257019043
13.860387802124023
13.941668510437012
12.791299819946289
14.15302848815918
15.166596412658691
15.619332313537598
13.188580513000488
14.867779731750488
15.076004028320312
13.63722038269043
13.343908309936523
13.593795776367188
14.498180389404297
14.456707954406738
13.42013168334961
13.643684387207031
13.50461196899414
13.230660438537598
12.408612251281738
13.401572227478027
13.556900024414062
13.503268241882324
12.753315925598145
12.859204292297363
13.40528392791748
12.729827880859375
12.356548309326172
13.004899978637695
13.33206844329834
13.226531982421875
11.91610050201416
13.220612525939941
12.699139595031738
13.171236038208008
11.941827774047852
12.646147727966309
12.212291717529297
11.433283805847168
12.812355995178223
12.558595657348633
11.397700309753418
11.174212455749512
11.461155891418457
15.8845796585083
11.413603782653809
11.59155559539795
14.564452171325684
12.810564041137695
14.701796531677246
14.2053804397583
13.966179847717285
13.789923667907715
16.305988311767578
13.54617977142334
15.630851745605469
13.008740425109863
16.797060012817383
16.916452407836914
16.74310874938965
15.821412086486816
14.772323608398438
14.124996185302734
15.786627769470215
13.253988265991211
14.314116477966309
14.425220489501953
15.36538028717041
14.999236106872559
14.887076377868652
14.201700210571289
14.070371627807617
13.921859741210938
13.87584400177002
14.50621223449707
13.78902816772461
13.944292068481445
13.804420471191406
14.168292045593262
12.611492156982422
14.960291862487793
14.53571605682373
14.243780136108398
13.178372383117676
13.62310791015625
14.006916046142578
13.65261173248291
13.051491737365723
12.286211967468262
11.779204368591309
12.991716384887695
12.024835586547852
11.77974796295166
12.755428314208984
11.070788383483887
15.765284538269043
11.471460342407227
13.505636215209961
16.16998863220215
13.673828125
16.447715759277344
13.690340042114258
16.51565170288086
13.849763870239258
15.566628456115723
16.900291442871094
16.094276428222656
15.055299758911133
13.353699684143066
14.364004135131836
14.278499603271484
13.528515815734863
15.547492027282715
13.15962028503418
14.049763679504395
14.892355918884277
13.614339828491211
14.171075820922852
12.330435752868652
13.189476013183594
14.02269172668457
12.310243606567383
11.45226001739502
10.966788291931152
11.408515930175781
14.761540412902832
12.65194034576416
12.4828519821167
15.046724319458008
14.435172080993652
13.928420066833496
16.817060470581055
14.634659767150879
13.297444343566895
15.323107719421387
13.517891883850098
14.501028060913086
13.831428527832031
12.685379981994629
13.725412368774414
13.983076095581055
12.24323558807373
15.177539825439453
14.517508506774902
13.47398853302002
12.514083862304688
13.258115768432617
11.659492492675781
12.9511079788208
11.462980270385742
14.308963775634766
16.44742774963379
14.490659713745117
15.740324020385742
14.91882038116455
14.831780433654785
14.02707576751709
13.426947593688965
14.57114028930664
15.010948181152344
15.391619682312012
13.088644027709961
13.053635597229004
14.314372062683105
15.343587875366211
14.801604270935059
13.943012237548828
14.460707664489746
16.755300521850586
15.348228454589844
15.151588439941406
13.318212509155273
14.294340133666992
15.602724075317383
12.864740371704102
13.783780097961426
12.8233642578125
11.625508308410645
15.226628303527832
14.495267868041992
13.219076156616211
13.90806770324707
13.301347732543945
13.776612281799316
15.567811965942383
15.535940170288086
14.844451904296875
14.490692138671875
14.594916343688965
13.690436363220215
14.395299911499023
13.801828384399414
13.507364273071289
12.222627639770508
11.611459732055664
13.397603988647461
14.634980201721191
15.169668197631836
13.560516357421875
13.161284446716309
12.469316482543945
15.919332504272461
13.194851875305176
14.601092338562012
14.686820030212402
13.326532363891602
12.54889965057373
12.360163688659668
11.367876052856445
12.432516098022461
14.605283737182617
14.197219848632812
12.628067970275879
11.440420150756836
16.6837158203125
14.131972312927246
9.926595687866211
16.1107234954834
14.474916458129883
14.75405216217041
10.30653190612793
10.784899711608887
11.505732536315918
11.361860275268555
13.408003807067871
14.623747825622559
13.616868019104004
12.015620231628418
13.624932289123535
14.345348358154297
14.059971809387207
15.53840446472168
13.88515567779541
12.353604316711426
13.711715698242188
14.84518814086914
12.150436401367188
13.90864372253418
15.195332527160645
11.306692123413086
12.73882007598877
15.99536418914795
13.778019905090332
15.7403564453125
12.746084213256836
15.548611640930176
13.99699592590332
14.116707801818848
