9.876351576561311e-42
10.028629302978516
6.377876281738281
11.215653419494629
9.44546127319336
10.210485458374023
5.4172682762146
5.933332443237305
7.339860439300537
3.967796564102173
6.754916667938232
2.9141485691070557
3.0439085960388184
7.254980564117432
5.272852420806885
3.8264524936676025
11.91763687133789
5.84349250793457
10.543364524841309
8.002452850341797
6.973076343536377
12.020021438598633
8.047796249389648
7.986196517944336
9.079605102539062
12.151812553405762
12.005972862243652
9.59947681427002
9.967573165893555
11.864212989807129
10.20533275604248
12.391700744628906
9.638260841369629
7.844292640686035
9.741588592529297
10.657060623168945
10.623269081115723
10.707268714904785
9.849268913269043
10.491588592529297
10.811797142028809
10.950660705566406
8.65621280670166
2.1038925647735596
10.620277404785156
8.349604606628418
5.105428695678711
2.4373645782470703
6.51875638961792
4.485908508300781
3.812340497970581
9.797669410705566
3.536020517349243
11.585908889770508
6.960372447967529
7.068228721618652
9.300564765930176
9.672292709350586
11.568421363830566
10.751701354980469
4.816100597381592
3.2932684421539307
7.758740425109863
3.3396685123443604
5.28618049621582
8.53886890411377
11.03880500793457
3.8278605937957764
6.5544047355651855
9.698164939880371
10.186948776245117
10.903332710266113
6.808468341827393
3.021028518676758
6.422916412353516
4.215028285980225
9.177172660827637
11.744484901428223
5.195844650268555
9.335892677307129
10.035988807678223
10.90296459197998
3.33586049079895
2.9199564456939697
3.020596504211426
9.948677062988281
12.050373077392578
12.225317001342773
7.994900703430176
10.305652618408203
2.5630924701690674
4.5684685707092285
11.180245399475098
7.712564468383789
10.928756713867188
3.4900684356689453
12.09560489654541
12.318660736083984
10.46886920928955
3.7264044284820557
4.463924407958984
12.117268562316895
10.925108909606934
10.843477249145508
4.179684638977051
3.1408843994140625
6.210404396057129
12.144628524780273
10.18838882446289
10.340821266174316
2.527268409729004
4.290436267852783
5.917972564697266
9.872629165649414
4.779204368591309
8.025412559509277
10.45142936706543
3.566436529159546
10.629461288452148
3.0171725749969482
6.221780300140381
9.864725112915039
9.607637405395508
9.909109115600586
9.032388687133789
6.765396595001221
9.095189094543457
7.321988582611084
11.97438907623291
8.55414867401123
8.75656509399414
3.461028575897217
7.449540615081787
7.420724391937256
7.832340717315674
7.489156723022461
2.9222285747528076
4.3074445724487305
4.756692409515381
8.066788673400879
5.6934123039245605
8.06682014465332
6.020580291748047
6.245556354522705
6.325988292694092
6.380612373352051
6.67648458480835
7.148900508880615
8.270532608032227
7.815620422363281
9.285780906677246
9.967205047607422
10.6300687789917
11.695220947265625
12.260052680969238
12.309844970703125
12.22053337097168
11.908485412597656
11.575157165527344
11.077237129211426
9.4630126953125
9.106644630432129
10.58299732208252
10.230085372924805
10.330004692077637
10.28488540649414
9.350869178771973
5.554596424102783
6.021700382232666
6.749444484710693
3.686596393585205
4.210548400878906
10.654581069946289
6.425332546234131
3.01493239402771
8.314164161682129
2.019540548324585
5.594228267669678
4.84184455871582
1.4473485946655273
9.546180725097656
1.8856046199798584
3.4300525188446045
9.67902946472168
9.859333038330078
2.5627405643463135
2.832388401031494
3.7421164512634277
6.861556529998779
5.201844692230225
2.6370766162872314
8.101028442382812
2.415860414505005
3.3802924156188965
2.065204620361328
2.8338444232940674
9.637476921081543
9.032308578491211
10.976244926452637
5.859524726867676
3.882004499435425
11.652676582336426
4.252660274505615
4.69666051864624
1.1338605880737305
4.127844333648682
3.22672438621521
8.974485397338867
2.757444381713867
7.483380317687988
1.6496846675872803
8.462308883666992
7.980628490447998
2.019732713699341
6.9105963706970215
2.032036542892456
3.4690604209899902
9.380708694458008
7.345428466796875
3.978180408477783
5.186052322387695
5.9936842918396
5.072596549987793
4.5646443367004395
2.0737006664276123
7.8890604972839355
1.4653326272964478
5.4504523277282715
5.998388290405273
1.145444631576538
2.157956600189209
3.995236396789551
2.528212547302246
2.7330284118652344
4.73219633102417
1.8989486694335938
1.9459726810455322
1.8978126049041748
3.3120205402374268
2.348916530609131
3.0804524421691895
2.991908550262451
2.425748586654663
2.6657164096832275
4.122340679168701
1.7248846292495728
3.261044502258301
1.5260685682296753
1.382996678352356
1.4091726541519165
1.019620656967163
1.2060365676879883
1.0916366577148438
1.280052661895752
1.651668667793274
3.1603405475616455
4.213476657867432
5.310388565063477
11.246356964111328
10.710453033447266
11.366101264953613
9.314708709716797
8.141156196594238
7.547412395477295
7.052068710327148
8.459236145019531
12.257044792175293
11.651412963867188
9.173909187316895
7.634180545806885
7.7019243240356445
8.198116302490234
4.350276470184326
4.0036845207214355
12.383316993713379
12.410100936889648
11.83134937286377
11.64853286743164
7.905140399932861
2.606276512145996
2.7556684017181396
11.083828926086426
8.104964256286621
2.718564510345459
10.17794132232666
11.550148963928223
9.751829147338867
10.01470947265625
8.784820556640625
5.413748264312744
5.03950834274292
9.398789405822754
12.275973320007324
5.387364387512207
12.075525283813477
3.1685805320739746
6.195972442626953
10.208821296691895
10.103109359741211
11.081829071044922
5.900948524475098
12.43174934387207
6.218868732452393
12.240837097167969
11.334293365478516
12.50390911102295
11.42048454284668
11.020293235778809
4.798980712890625
11.933076858520508
11.795141220092773
4.29382848739624
10.610740661621094
11.73046875
3.5567245483398438
12.413077354431152
11.664517402648926
12.122197151184082
9.809236526489258
8.410884857177734
3.7389965057373047
8.844261169433594
8.534388542175293
6.882484436035156
6.668084621429443
4.185028553009033
6.3874125480651855
5.320676326751709
4.957988262176514
5.32547664642334
4.4073486328125
3.742100477218628
4.2586445808410645
5.098532676696777
6.417508602142334
7.342708587646484
8.76914119720459
10.119940757751465
10.841508865356445
10.494964599609375
8.857572555541992
8.028948783874512
6.7818603515625
3.870180606842041
5.338948726654053
6.290500640869141
6.580196380615234
4.600564479827881
4.769444465637207
2.942244529724121
4.495060443878174
2.3685646057128906
4.56234073638916
2.4282124042510986
4.102212429046631
7.265652656555176
8.088180541992188
5.713844299316406
7.908084392547607
9.078084945678711
8.489428520202637
5.964676380157471
7.258756637573242
9.935461044311523
10.504036903381348
9.55962085723877
6.0637006759643555
4.708564281463623
3.718388557434082
2.2733325958251953
5.677028656005859
3.3868844509124756
4.267540454864502
10.308789253234863
9.201509475708008
7.144660472869873
9.53835678100586
10.541685104370117
10.385909080505371
4.399956703186035
2.4495725631713867
2.6438605785369873
3.867204427719116
10.490228652954102
3.983748435974121
2.8683085441589355
3.243124485015869
2.477332592010498
2.9100046157836914
3.1427245140075684
2.678276538848877
2.567828416824341
3.581012487411499
2.798260450363159
4.604356288909912
4.915684700012207
6.535412311553955
3.7002766132354736
6.212676525115967
7.875156402587891
4.990948677062988
3.7517805099487305
6.395620346069336
4.288420677185059
6.92539644241333
10.308357238769531
9.862980842590332
8.284820556640625
4.791572570800781
10.631253242492676
9.501860618591309
5.943604469299316
10.092693328857422
10.797861099243164
7.280772686004639
8.453076362609863
10.35317325592041
7.058340549468994
5.807188510894775
3.4094765186309814
3.8083884716033936
5.105332374572754
5.7789483070373535
6.496980667114258
6.449140548706055
6.874212265014648
7.283204555511475
8.878389358520508
10.685765266418457
10.837060928344727
10.849653244018555
10.975893020629883
10.903108596801758
11.383045196533203
11.014469146728516
10.291604995727539
10.893621444702148
10.809589385986328
5.969156265258789
7.968324661254883
11.19379711151123
2.6950924396514893
1.7789965867996216
1.6936845779418945
1.990148663520813
8.400116920471191
11.11470890045166
9.326581001281738
2.395892381668091
1.4914766550064087
2.5901005268096924
9.326708793640137
10.96728515625
4.786228656768799
2.9369006156921387
1.780612587928772
3.8101484775543213
1.769188642501831
7.235108375549316
3.759908437728882
2.3374764919281006
5.116852283477783
6.104004383087158
5.390100479125977
7.059828281402588
3.1819725036621094
2.8678765296936035
2.4619405269622803
3.325652599334717
2.4058926105499268
4.770852565765381
7.9739885330200195
9.240948677062988
10.067333221435547
10.666677474975586
10.974613189697266
9.186037063598633
3.3309805393218994
3.3965485095977783
7.419668674468994
2.09674072265625
5.154740333557129
11.484021186828613
3.8988044261932373
11.176629066467285
10.079317092895508
5.189812660217285
8.223092079162598
10.015460968017578
4.981316566467285
9.930021286010742
6.211620330810547
5.207268714904785
9.433940887451172
9.909269332885742
10.442916870117188
11.490324974060059
9.115188598632812
8.996036529541016
11.647493362426758
11.95154094696045
11.430245399475098
4.228244304656982
10.222212791442871
2.698484420776367
8.37738037109375
4.47454833984375
5.652980327606201
8.673765182495117
8.095892906188965
11.14525318145752
6.408852577209473
10.889908790588379
11.48202133178711
11.767061233520508
11.952516555786133
6.301220417022705
11.593125343322754
9.232437133789062
11.262372970581055
11.809812545776367
11.828181266784668
12.059764862060547
11.42371654510498
7.215700626373291
3.259188413619995
10.862565040588379
7.391604423522949
11.68504524230957
11.585956573486328
11.594388961791992
11.462565422058105
4.526724338531494
6.185380458831787
10.955429077148438
10.026037216186523
11.382325172424316
6.995700359344482
7.728212356567383
8.848388671875
11.500197410583496
11.074420928955078
11.288405418395996
10.195572853088379
8.116724967956543
9.839669227600098
11.204916954040527
10.646485328674316
9.520116806030273
10.251508712768555
11.109413146972656
9.060293197631836
11.208436965942383
11.21789264678955
10.654356956481934
11.15338134765625
11.748788833618164
11.697284698486328
11.547077178955078
10.800420761108398
10.666949272155762
10.670068740844727
10.739940643310547
11.047700881958008
10.720276832580566
10.170660972595215
9.627237319946289
8.212708473205566
6.99522066116333
6.465636730194092
6.522644519805908
7.281524658203125
6.928788661956787
6.6685004234313965
9.694692611694336
9.279861450195312
9.9008207321167
10.035972595214844
10.823620796203613
7.022180557250977
6.744036674499512
10.21574878692627
10.473893165588379
8.681685447692871
10.124388694763184
6.881988525390625
10.125221252441406
9.881381034851074
10.152036666870117
10.076181411743164
10.269092559814453
7.308692455291748
9.360197067260742
7.824804306030273
8.564740180969238
9.827284812927246
9.255476951599121
10.142212867736816
10.137925148010254
10.721317291259766
10.649125099182129
9.910004615783691
10.176468849182129
10.322853088378906
11.022836685180664
10.205060958862305
10.902244567871094
11.339188575744629
10.683700561523438
10.683156967163086
11.265541076660156
11.77346134185791
11.350564956665039
10.305092811584473
11.998932838439941
9.901684761047363
11.017509460449219
10.505476951599121
11.043012619018555
10.149701118469238
10.082053184509277
11.010212898254395
9.911588668823242
10.167749404907227
10.77419662475586
10.722004890441895
10.06405258178711
10.199572563171387
10.411413192749023
9.893173217773438
10.098692893981934
10.094660758972168
10.193140983581543
10.432453155517578
10.588916778564453
10.653365135192871
10.96507740020752
10.36426067352295
10.349268913269043
10.27470874786377
10.116852760314941
10.62283706665039
12.004244804382324
10.65461254119873
12.094452857971191
11.877636909484863
11.622244834899902
11.007157325744629
9.955573081970215
10.702372550964355
10.374100685119629
8.795733451843262
9.522116661071777
5.369444370269775
6.904564380645752
7.550980567932129
7.114724636077881
7.576532363891602
3.4322445392608643
5.344196319580078
3.2615725994110107
5.920436382293701
4.044564723968506
4.899460315704346
5.11424446105957
5.289396286010742
5.967876434326172
6.20379638671875
5.698980331420898
4.9401326179504395
4.218484401702881
4.0667243003845215
2.691972494125366
4.180036544799805
3.4206924438476562
5.393636703491211
3.768228530883789
2.592372417449951
4.673828601837158
5.482948303222656
5.50835657119751
3.033076524734497
3.5949485301971436
5.095588684082031
2.9977805614471436
6.801748275756836
4.774628639221191
4.184500694274902
5.80802059173584
3.695908546447754
6.6456522941589355
6.589060306549072
5.2013163566589355
7.130788326263428
7.690324306488037
7.033172607421875
7.06182861328125
7.7398762702941895
8.034516334533691
7.110020637512207
6.121812343597412
5.841220378875732
6.65410041809082
8.355860710144043
8.247748374938965
7.358804702758789
7.964212417602539
6.213476657867432
5.739428520202637
10.194469451904297
8.634820938110352
6.691652297973633
9.799332618713379
9.020085334777832
9.186660766601562
9.90115737915039
7.794228553771973
7.620340347290039
8.957669258117676
7.891380310058594
9.380885124206543
8.902836799621582
8.943029403686523
8.742773056030273
8.361188888549805
9.147333145141602
9.438468933105469
10.781156539916992
8.182564735412598
10.394004821777344
9.702421188354492
9.384469032287598
8.352676391601562
8.088788032531738
8.918581008911133
8.452628135681152
9.773957252502441
9.472148895263672
9.198004722595215
9.098357200622559
8.710212707519531
9.370197296142578
10.015413284301758
10.605940818786621
9.506484985351562
8.772324562072754
10.27619743347168
8.721844673156738
10.019044876098633
9.767524719238281
10.038196563720703
10.120565414428711
10.863365173339844
9.857460975646973
9.924485206604004
9.062548637390137
10.431461334228516
8.067716598510742
8.890085220336914
11.244836807250977
8.131284713745117
8.636197090148926
10.014101028442383
11.135732650756836
10.029989242553711
9.022068977355957
8.324212074279785
6.700100421905518
11.252997398376465
10.705093383789062
9.871989250183105
10.632405281066895
10.696261405944824
11.601412773132324
6.08971643447876
9.7587890625
11.460372924804688
11.782293319702148
11.396644592285156
10.64138126373291
11.86085319519043
11.95698070526123
11.907156944274902
11.514389038085938
12.272772789001465
8.71011734008789
12.224564552307129
11.867988586425781
11.948724746704102
12.018917083740234
12.067109107971191
12.414116859436035
12.23422908782959
12.172757148742676
11.990981101989746
11.743925094604492
11.54982852935791
8.171652793884277
9.795125007629395
5.017684459686279
6.151300430297852
7.401156425476074
6.505924701690674
3.429300546646118
4.366900444030762
6.339412689208984
6.096916675567627
6.176516532897949
6.0956525802612305
3.7564685344696045
3.743908405303955
4.73544454574585
2.8732686042785645
2.775540590286255
3.54166841506958
5.979332447052002
7.718308448791504
5.924660682678223
7.395012378692627
7.904708385467529
7.884132385253906
8.491732597351074
8.917301177978516
7.423620700836182
9.646100997924805
9.18555736541748
8.27043628692627
9.725061416625977
8.931173324584961
8.161700248718262
8.952005386352539
9.049653053283691
9.086548805236816
9.942005157470703
10.076932907104492
10.560260772705078
10.471893310546875
10.517012596130371
10.147380828857422
10.323044776916504
10.639188766479492
10.555460929870605
11.504596710205078
10.356277465820312
11.184341430664062
12.111717224121094
11.822277069091797
11.534005165100098
6.847796440124512
6.399892330169678
7.369220733642578
3.9114766120910645
6.776420593261719
6.3304524421691895
4.17814826965332
6.457700729370117
6.076004505157471
3.229764461517334
2.444420576095581
2.7284204959869385
6.559812545776367
6.825860500335693
7.847860336303711
5.11538028717041
8.711812973022461
9.003508567810059
8.07046890258789
8.632308959960938
9.186148643493652
10.166805267333984
9.617029190063477
8.639892578125
10.182741165161133
10.662069320678711
11.656580924987793
11.758052825927734
12.138853073120117
12.033141136169434
4.36365270614624
8.54056453704834
7.867588520050049
6.455684661865234
6.590420722961426
2.728820562362671
3.3041324615478516
7.870196342468262
4.753268718719482
4.8269805908203125
7.494020462036133
5.606452465057373
9.105461120605469
9.214804649353027
8.52795696258545
10.053749084472656
8.625141143798828
10.108100891113281
10.787700653076172
11.252212524414062
11.946996688842773
10.946276664733887
12.105940818786621
11.98643684387207
7.344308376312256
4.14915657043457
6.553556442260742
2.5449163913726807
3.996516466140747
6.992260456085205
5.289940357208252
5.1514763832092285
8.080388069152832
8.470004081726074
8.834565162658691
11.60261344909668
11.834085464477539
12.1615571975708
7.88392448425293
7.421412467956543
4.716228485107422
6.500276565551758
3.4522764682769775
3.111844539642334
6.867316722869873
4.893172264099121
6.230868339538574
10.014421463012695
8.53824520111084
11.353397369384766
11.727557182312012
11.967589378356934
7.015316486358643
5.691012382507324
5.111380577087402
5.416484355926514
8.422964096069336
9.062821388244629
7.303604602813721
6.109316349029541
7.345060348510742
6.4068684577941895
8.971829414367676
9.348709106445312
10.371637344360352
11.627461433410645
11.83077335357666
11.599445343017578
11.877108573913574
12.055109024047852
8.831588745117188
9.10653305053711
11.46290111541748
11.590741157531738
11.217653274536133
5.57987642288208
5.449316501617432
7.8589324951171875
7.064340591430664
11.4105806350708
10.847732543945312
11.05091667175293
11.978277206420898
11.927108764648438
9.520933151245117
9.281061172485352
10.696037292480469
11.858660697937012
3.195908546447754
9.040533065795898
11.445253372192383
6.838900566101074
8.407684326171875
8.11856460571289
11.317364692687988
11.153589248657227
11.4423246383667
10.386565208435059
5.864884376525879
8.651684761047363
5.680500507354736
9.346437454223633
6.692564487457275
8.999893188476562
9.133125305175781
8.806180953979492
9.080740928649902
7.409876346588135
6.5481486320495605
9.730149269104004
9.595172882080078
7.005540370941162
10.357220649719238
11.111764907836914
7.986660480499268
5.598884582519531
9.172261238098145
8.504532814025879
8.996085166931152
8.348148345947266
7.498468399047852
10.055429458618164
