9.876351576561311e-42
13.224363327026367
10.985163688659668
11.08708381652832
11.567691802978516
10.742859840393066
6.07185173034668
6.91079568862915
8.90593147277832
9.145899772644043
10.957131385803223
7.696171760559082
8.127595901489258
9.945899963378906
9.305195808410645
9.186508178710938
11.826059341430664
9.66087532043457
10.406124114990234
9.478475570678711
12.764875411987305
11.600875854492188
10.225227355957031
9.793516159057617
9.7869873046875
12.204236030578613
10.612524032592773
9.506635665893555
10.674955368041992
13.029451370239258
11.514348030090332
12.357932090759277
11.078060150146484
12.567500114440918
11.367819786071777
11.197099685668945
11.42385196685791
11.459083557128906
11.96484375
11.322795867919922
11.477131843566895
11.319787979125977
12.166155815124512
8.31850814819336
10.685356140136719
11.490379333496094
8.64013957977295
7.830699920654297
9.522859573364258
10.150956153869629
8.966732025146484
10.693867683410645
9.129196166992188
10.699851989746094
10.952075958251953
12.349164009094238
9.543339729309082
11.978987693786621
12.872940063476562
11.292555809020996
10.091531753540039
9.134156227111816
7.8189239501953125
8.613036155700684
11.185675621032715
9.433772087097168
10.930283546447754
9.845580101013184
10.327947616577148
11.539083480834961
11.732075691223145
11.469195365905762
11.01447582244873
9.281387329101562
6.375403881072998
7.356171607971191
9.968619346618652
11.607819557189941
11.058411598205566
12.272651672363281
11.233548164367676
11.501227378845215
9.1110200881958
9.11284351348877
8.166155815124512
9.794763565063477
11.988299369812012
11.68641185760498
11.907787322998047
11.145356178283691
8.622187614440918
5.350059986114502
10.198379516601562
12.465099334716797
11.501675605773926
8.873067855834961
12.369035720825195
12.765932083129883
11.156523704528809
8.578060150146484
10.081483840942383
12.63729190826416
11.510700225830078
11.522699356079102
7.772459983825684
8.371051788330078
9.685004234313965
12.991755485534668
10.624043464660645
11.766763687133789
6.8308916091918945
9.239275932312012
9.189867973327637
11.937163352966309
9.358827590942383
9.355788230895996
10.67175579071045
5.002731800079346
10.825867652893066
6.320043563842773
11.091531753540039
9.68049144744873
12.030508041381836
10.757259368896484
12.273131370544434
10.59191608428955
12.384907722473145
9.909996032714844
12.972683906555176
12.61386775970459
12.783403396606445
6.440299987792969
13.090859413146973
12.676300048828125
11.970059394836426
11.64490795135498
7.994027614593506
10.680811882019043
11.181707382202148
10.213644027709961
11.392587661743164
11.06247615814209
10.494507789611816
11.3818998336792
11.93533992767334
12.189452171325684
11.809067726135254
11.174444198608398
10.664555549621582
10.300715446472168
9.428491592407227
9.516012191772461
9.71706771850586
10.143595695495605
11.390283584594727
12.533707618713379
12.859275817871094
12.6875
12.712875366210938
12.526827812194824
11.490796089172363
11.338571548461914
15.757259368896484
16.01943588256836
15.241995811462402
15.546635627746582
15.369163513183594
12.56042766571045
12.142443656921387
14.746411323547363
10.54228401184082
13.089067459106445
14.545291900634766
13.833868026733398
11.466187477111816
12.936811447143555
10.855819702148438
11.016940116882324
10.04945182800293
7.57668399810791
13.968939781188965
8.251883506774902
7.501291751861572
13.588811874389648
13.594443321228027
8.154923439025879
7.281131744384766
7.994539737701416
11.273163795471191
9.553068161010742
7.5910515785217285
12.205900192260742
7.457675933837891
8.513803482055664
7.434603691101074
8.67549991607666
15.884267807006836
15.56637954711914
15.089131355285645
12.293228149414062
10.84157943725586
15.153324127197266
13.47076416015625
11.848267555236816
7.739339828491211
9.670027732849121
8.518315315246582
14.104299545288086
9.25309944152832
11.336907386779785
6.8174519538879395
15.530027389526367
14.763947486877441
8.16349983215332
12.109355926513672
8.283659934997559
10.505291938781738
15.15860366821289
11.772011756896973
10.521931648254395
9.02266788482666
14.16180419921875
9.500811576843262
9.75674819946289
9.190763473510742
15.079435348510742
7.931883811950684
12.987339973449707
14.525835990905762
7.043083667755127
7.851691722869873
11.41133975982666
9.384683609008789
9.932811737060547
13.965291976928711
8.645451545715332
7.781675815582275
8.816555976867676
7.906603813171387
7.620363712310791
8.117196083068848
12.7770357131958
7.741387844085693
11.760491371154785
10.056395530700684
10.02157974243164
9.181419372558594
8.006827354431152
7.061771869659424
6.760779857635498
7.5798516273498535
7.4486517906188965
7.178187847137451
7.0686516761779785
7.457035541534424
9.382187843322754
10.589707374572754
11.548108100891113
10.354859352111816
10.83111572265625
12.238187789916992
13.891595840454102
14.47626781463623
14.247307777404785
14.49258804321289
14.97201156616211
15.056652069091797
15.324235916137695
15.54279613494873
13.051980018615723
14.129803657531738
13.823371887207031
12.918091773986816
14.21159553527832
15.033452033996582
15.352715492248535
15.4812593460083
15.530667304992676
15.352299690246582
11.669739723205566
12.579788208007812
15.912012100219727
14.720011711120605
12.080843925476074
14.837067604064941
11.107019424438477
13.6941556930542
11.332364082336426
14.004812240600586
14.092299461364746
13.103947639465332
14.036299705505371
15.157451629638672
15.30337142944336
15.575819969177246
13.388971328735352
14.13188362121582
15.25037956237793
13.436907768249512
11.717100143432617
13.248075485229492
15.222155570983887
15.072555541992188
15.908011436462402
12.30711555480957
15.323468208312988
16.050092697143555
12.765292167663574
14.668620109558105
15.948235511779785
11.583115577697754
14.705483436584473
13.228588104248047
15.523116111755371
13.457419395446777
15.872907638549805
15.467499732971191
15.566667556762695
15.503179550170898
15.753963470458984
13.076075553894043
15.745227813720703
15.667787551879883
15.687051773071289
15.459916114807129
12.819211959838867
15.595372200012207
13.242987632751465
15.021547317504883
14.827916145324707
13.9714994430542
12.949580192565918
12.799307823181152
12.949771881103516
13.558028221130371
13.798476219177246
14.299883842468262
13.683371543884277
12.920907974243164
12.344459533691406
13.315499305725098
12.102731704711914
11.865707397460938
7.270635604858398
11.03210735321045
13.535019874572754
12.879531860351562
9.934860229492188
11.287243843078613
8.678731918334961
9.447595596313477
11.416075706481934
13.494028091430664
10.824939727783203
9.416748046875
11.304811477661133
11.75959587097168
11.331819534301758
12.718219757080078
11.94301986694336
12.972043991088867
13.273675918579102
13.5347318649292
12.956587791442871
13.253387451171875
13.50145149230957
12.073867797851562
12.52750015258789
9.238603591918945
10.373323440551758
10.43863582611084
10.179339408874512
12.31850814819336
12.336748123168945
12.88234806060791
12.238924026489258
13.168651580810547
12.881003379821777
13.245036125183105
10.494059562683105
10.831788063049316
10.18049144744873
11.60244369506836
12.601995468139648
9.742475509643555
9.217483520507812
9.985196113586426
10.176427841186523
12.194124221801758
8.504524230957031
10.768779754638672
9.888748168945312
8.866667747497559
10.338443756103516
11.228267669677734
9.805163383483887
10.8950834274292
9.623211860656738
10.626091957092285
11.572555541992188
10.329771995544434
11.398283958435059
11.011787414550781
10.314348220825195
11.558059692382812
12.206379890441895
12.069707870483398
12.267051696777344
12.420875549316406
12.27262020111084
12.829644203186035
12.257291793823242
12.283211708068848
12.584747314453125
13.108907699584961
13.365643501281738
12.982699394226074
10.472939491271973
10.388619422912598
8.136555671691895
9.279755592346191
11.13188362121582
11.4614839553833
11.675819396972656
12.093292236328125
12.093708038330078
11.912139892578125
12.57390022277832
12.430347442626953
12.311532020568848
12.496684074401855
12.50788402557373
12.82788372039795
13.09850788116455
13.205707550048828
13.35342025756836
13.148459434509277
12.89121150970459
13.162283897399902
14.009163856506348
15.358156204223633
11.473291397094727
12.133099555969238
9.34042739868164
8.60340404510498
13.403435707092285
12.876555442810059
14.206795692443848
12.206507682800293
10.984491348266602
9.45994758605957
13.348299980163574
12.645227432250977
12.286283493041992
12.33332347869873
8.843212127685547
12.435115814208984
9.314924240112305
13.352011680603027
13.125227928161621
11.213611602783203
12.176331520080566
12.892491340637207
12.473420143127441
13.370475769042969
12.397835731506348
12.853355407714844
12.662923812866211
13.418315887451172
12.942411422729492
13.602412223815918
13.633803367614746
13.494763374328613
13.25959587097168
13.056331634521484
12.9583158493042
13.51345157623291
10.403371810913086
10.384779930114746
13.15367603302002
8.626059532165527
12.334732055664062
13.320812225341797
10.821867942810059
13.4069242477417
13.263564109802246
12.075211524963379
13.305611610412598
13.10180377960205
11.523499488830566
12.988683700561523
12.48225212097168
11.704939842224121
12.977387428283691
12.690571784973145
12.566187858581543
12.346539497375488
13.138635635375977
13.639403343200684
11.024235725402832
10.785483360290527
13.669995307922363
11.324427604675293
13.501708030700684
9.444299697875977
13.331371307373047
11.625835418701172
12.677483558654785
13.196268081665039
13.239531517028809
12.760332107543945
12.556843757629395
12.255467414855957
12.019083976745605
11.552363395690918
11.57508373260498
12.719307899475098
13.197068214416504
13.411819458007812
13.019083976745605
12.4133882522583
12.456748008728027
12.949227333068848
13.145963668823242
13.179595947265625
9.961356163024902
12.629227638244629
13.044715881347656
12.78573989868164
13.536908149719238
13.663020133972168
13.066636085510254
11.265259742736816
13.1143798828125
13.009003639221191
12.566060066223145
13.76071548461914
12.978668212890625
13.297195434570312
13.232267379760742
12.629515647888184
12.698699951171875
13.114059448242188
12.910475730895996
13.471595764160156
12.916267395019531
13.679627418518066
13.059115409851074
13.287819862365723
13.376235961914062
12.905227661132812
13.562379837036133
12.918251991271973
13.690507888793945
12.314443588256836
12.12689208984375
12.186603546142578
13.196844100952148
13.522699356079102
13.052971839904785
13.193612098693848
13.386635780334473
13.72087574005127
13.822539329528809
13.629323959350586
13.532843589782715
13.28295612335205
13.089227676391602
13.450891494750977
13.057228088378906
13.423083305358887
13.708587646484375
13.987659454345703
13.961771965026855
13.1842041015625
13.590476036071777
13.62865161895752
13.038731575012207
13.871691703796387
13.812044143676758
14.553611755371094
12.831724166870117
13.862251281738281
13.996108055114746
13.169675827026367
13.902763366699219
13.323820114135742
13.28522777557373
13.725451469421387
13.49258804321289
13.803852081298828
14.577099800109863
14.085676193237305
14.749547958374023
14.775755882263184
14.141131401062012
14.696235656738281
14.14490795135498
13.76340389251709
13.674571990966797
13.721291542053223
13.70449161529541
13.85732364654541
13.94676399230957
13.546187400817871
13.947628021240234
13.67236328125
14.21114730834961
14.162123680114746
13.21428394317627
14.275659561157227
14.229867935180664
13.573324203491211
13.8949556350708
12.820843696594238
13.762700080871582
13.52318000793457
13.52164363861084
13.969036102294922
13.909547805786133
13.762475967407227
13.42494010925293
13.796491622924805
13.82673168182373
14.277644157409668
13.908683776855469
13.800044059753418
14.1722993850708
14.074667930603027
13.656651496887207
13.882027626037598
13.883307456970215
14.0728759765625
13.670859336853027
13.45620346069336
13.556267738342285
13.458476066589355
13.99655532836914
13.771371841430664
13.499499320983887
13.591883659362793
13.018956184387207
10.21921157836914
13.090667724609375
10.96257209777832
10.52772331237793
9.92545223236084
9.314507484436035
5.8394036293029785
6.7704758644104
9.586604118347168
5.68314790725708
9.906091690063477
10.505131721496582
11.814667701721191
12.76897144317627
12.622732162475586
12.364843368530273
6.938475608825684
11.146251678466797
8.181163787841797
12.134156227111816
9.787787437438965
11.405035972595215
10.904203414916992
10.627180099487305
12.087723731994629
13.056619644165039
12.11988353729248
11.51220417022705
11.192523956298828
12.093644142150879
11.267372131347656
12.200876235961914
11.813291549682617
12.252459526062012
11.618507385253906
12.063307762145996
12.122699737548828
13.177964210510254
12.547051429748535
12.034540176391602
11.934891700744629
13.245579719543457
12.761963844299316
13.255596160888672
13.131307601928711
11.86814022064209
13.2356595993042
12.217100143432617
13.728043556213379
11.71985149383545
12.672459602355957
14.755084037780762
11.878955841064453
13.865291595458984
14.167563438415527
14.285707473754883
12.2158842086792
12.938603401184082
12.558956146240234
12.598827362060547
12.486187934875488
12.590700149536133
12.5663480758667
12.779403686523438
13.87092399597168
12.67997932434082
13.495019912719727
14.09373950958252
12.775115966796875
13.44193172454834
13.373931884765625
13.28801155090332
13.402763366699219
13.167980194091797
13.675819396972656
12.801387786865234
13.277835845947266
13.487531661987305
13.56753158569336
12.771180152893066
12.815564155578613
13.315083503723145
13.373963356018066
13.042156219482422
13.401323318481445
13.74276351928711
13.119659423828125
13.800875663757324
13.43585205078125
13.226539611816406
13.438539505004883
13.041644096374512
14.044876098632812
12.913355827331543
13.612203598022461
13.392971992492676
14.056395530700684
14.422091484069824
12.98388385772705
14.254059791564941
13.698827743530273
13.750924110412598
14.15764331817627
13.250539779663086
13.099563598632812
13.45834732055664
13.415691375732422
13.116523742675781
13.673004150390625
12.287211418151855
13.509227752685547
13.331403732299805
13.15089225769043
13.022540092468262
12.043787956237793
13.375467300415039
13.406859397888184
11.818955421447754
13.440107345581055
13.349771499633789
12.87041187286377
12.041611671447754
13.05860424041748
13.195947647094727
13.419563293457031
12.889803886413574
11.438732147216797
11.806283950805664
12.499499320983887
10.854412078857422
11.580587387084961
10.785676002502441
12.774091720581055
12.410379409790039
10.593963623046875
11.648523330688477
10.694859504699707
12.18429946899414
12.00737190246582
10.676619529724121
10.465131759643555
11.328299522399902
10.701004028320312
11.525291442871094
10.348363876342773
10.26999568939209
9.968939781188965
9.33879566192627
9.824843406677246
10.287851333618164
9.761931419372559
9.562091827392578
8.763691902160645
8.894636154174805
11.821003913879395
6.281803607940674
6.536811828613281
6.717163562774658
11.260075569152832
12.24929141998291
11.739212036132812
8.849579811096191
10.520236015319824
11.718635559082031
12.824267387390137
12.867659568786621
12.200555801391602
11.137164115905762
11.277068138122559
11.865355491638184
11.859660148620605
12.363051414489746
12.65969181060791
12.740267753601074
13.224235534667969
12.106924057006836
11.866923332214355
14.805451393127441
13.115052223205566
12.593868255615234
13.22257137298584
13.508939743041992
13.733003616333008
13.328011512756348
13.040107727050781
13.716107368469238
13.619531631469727
13.310283660888672
13.194443702697754
14.073259353637695
13.263051986694336
13.208203315734863
12.275979995727539
11.541163444519043
11.643692016601562
12.893739700317383
12.666635513305664
11.623147964477539
10.89450740814209
12.629963874816895
10.617355346679688
11.873675346374512
11.658860206604004
11.653419494628906
8.859660148620605
11.749067306518555
6.565771579742432
11.530508041381836
11.890571594238281
10.014379501342773
12.21489143371582
12.765547752380371
10.695371627807617
12.501580238342285
12.937483787536621
10.8305082321167
11.699275970458984
12.441900253295898
13.353548049926758
12.248651504516602
12.202123641967773
12.776619911193848
14.737323760986328
13.308812141418457
13.567564010620117
13.037995338439941
13.295851707458496
13.399948120117188
14.294923782348633
13.027179718017578
13.008044242858887
11.005452156066895
11.004491806030273
8.49162769317627
9.14330768585205
10.43754768371582
7.876907825469971
6.425195693969727
11.8917236328125
13.051371574401855
12.374347686767578
10.716812133789062
12.843852043151855
13.291563987731934
11.815499305725098
12.85191535949707
12.540939331054688
12.82628345489502
13.330987930297852
13.096524238586426
13.604331970214844
13.823596000671387
13.2638521194458
13.157931327819824
12.257707595825195
12.390443801879883
11.550443649291992
11.26845932006836
10.094667434692383
9.370508193969727
11.705419540405273
10.493995666503906
12.871915817260742
12.02653980255127
12.909099578857422
11.722636222839355
12.603947639465332
13.033867835998535
12.827659606933594
14.315340042114258
13.017067909240723
12.027755737304688
10.409932136535645
10.430027961730957
11.534795761108398
11.582603454589844
11.302763938903809
12.768843650817871
10.6625394821167
12.485291481018066
13.060651779174805
12.845963478088379
12.724907875061035
13.982955932617188
13.554475784301758
11.112907409667969
10.489547729492188
9.409387588500977
11.46695613861084
12.122475624084473
12.969612121582031
12.780107498168945
13.562731742858887
13.444235801696777
11.224492073059082
12.717643737792969
13.254380226135254
12.774219512939453
13.204267501831055
13.213995933532715
13.23009204864502
10.865387916564941
11.291275978088379
10.98071575164795
10.6275634765625
10.125740051269531
13.1592435836792
13.096524238586426
11.210795402526855
10.741835594177246
11.321611404418945
12.241643905639648
13.185996055603027
13.46257209777832
12.49588394165039
11.094667434692383
11.022123336791992
11.773836135864258
10.305771827697754
9.830796241760254
13.278796195983887
12.982828140258789
11.17278003692627
9.474507331848145
10.526124000549316
13.091819763183594
9.117835998535156
11.381867408752441
13.635787963867188
12.6242036819458
7.151179790496826
6.524587631225586
10.635436058044434
6.073547840118408
13.792588233947754
12.863947868347168
13.641483306884766
5.799339771270752
13.824108123779297
13.16890811920166
12.97025203704834
13.20382022857666
13.548075675964355
5.708459854125977
13.751115798950195
13.7923002243042
10.972427368164062
13.617708206176758
13.782187461853027
9.5695161819458
5.679915904998779
10.869739532470703
13.437580108642578
13.32458782196045
14.221003532409668
13.435148239135742
13.56029987335205
13.893707275390625
