9.876351576561311e-42
9.113511085510254
8.368551254272461
8.081094741821289
7.753927230834961
7.88445520401001
6.671014785766602
6.500327110290527
6.7327752113342285
5.325894832611084
6.796166896820068
5.259718894958496
5.030599117279053
5.617158889770508
4.759271144866943
5.660070896148682
5.5259270668029785
4.605831146240234
4.2235589027404785
5.635847091674805
3.153383255004883
4.579655170440674
6.893478870391846
6.225350856781006
6.688262939453125
4.705735206604004
3.842567205429077
5.460391044616699
6.211558818817139
5.530919075012207
4.133447170257568
4.540486812591553
7.239015102386475
3.271303176879883
7.070215225219727
5.163719177246094
5.659238815307617
5.394086837768555
7.164935111999512
6.168423175811768
5.148582935333252
5.66231107711792
8.420358657836914
7.96794319152832
7.982790946960449
7.733159065246582
6.245638847351074
5.7899909019470215
5.28407096862793
6.396039009094238
4.721063137054443
4.726119041442871
4.92922306060791
3.993223190307617
7.038855075836182
3.0814473628997803
6.034983158111572
3.884359359741211
5.988583087921143
4.817670822143555
7.770854949951172
7.049383163452148
7.02090311050415
5.776295185089111
6.753639221191406
4.171751022338867
4.528903007507324
4.620678901672363
6.430343151092529
3.8500232696533203
4.314406871795654
5.440039157867432
7.727175235748291
6.5283589363098145
6.845959186553955
5.988615036010742
4.448935031890869
5.174407005310059
6.63555908203125
3.614119291305542
6.698439121246338
5.322535037994385
6.40301513671875
5.9204230308532715
5.497542858123779
3.9846792221069336
4.907975196838379
4.393607139587402
3.715623140335083
5.925286769866943
5.78403902053833
6.299271106719971
3.7209672927856445
3.4657351970672607
5.201542854309082
5.198759078979492
5.245670795440674
4.831239223480225
5.523654937744141
6.40471076965332
6.138918876647949
5.042983055114746
5.078918933868408
4.90957498550415
6.435431003570557
5.212839126586914
5.887526988983154
5.161542892456055
5.678791046142578
4.5337347984313965
5.828262805938721
4.665863037109375
5.366279125213623
4.373734951019287
4.644039154052734
5.072742938995361
5.208806991577148
6.098503112792969
4.759366989135742
5.551686763763428
3.726919174194336
4.911686897277832
4.109191417694092
4.15187931060791
3.9483273029327393
3.6911752223968506
3.690983295440674
3.768583297729492
5.636582851409912
3.497863292694092
3.3779592514038086
5.770022869110107
3.088135242462158
3.022599220275879
2.9839112758636475
3.037543296813965
5.264070987701416
4.370055198669434
4.119175434112549
4.282439231872559
3.794631242752075
3.965543270111084
4.293095111846924
4.042855262756348
3.7925832271575928
3.473863363265991
3.4041993618011475
3.3642313480377197
3.071911334991455
3.4203591346740723
3.745511293411255
3.319559335708618
3.5203912258148193
3.5892553329467773
4.026951313018799
5.024870872497559
5.315238952636719
5.8402628898620605
6.150630950927734
6.48218297958374
7.677990913391113
7.990951061248779
11.062823295593262
9.866599082946777
10.87351131439209
8.796902656555176
10.470438957214355
7.599335193634033
7.48983097076416
8.259687423706055
6.898534774780273
6.793959140777588
7.781383037567139
6.427367210388184
4.660998821258545
7.059943199157715
4.347943305969238
7.253383159637451
7.210247039794922
3.750535249710083
9.202598571777344
4.015207290649414
6.6899590492248535
9.039399147033691
9.51712703704834
6.677831172943115
7.3961992263793945
7.791814804077148
8.66666316986084
8.229095458984375
7.975399017333984
8.966503143310547
7.765926837921143
8.220358848571777
8.108230590820312
8.216614723205566
10.424871444702148
9.19786262512207
11.067399024963379
7.544582843780518
6.773478984832764
8.588006973266602
5.829958915710449
5.390151023864746
3.0441672801971436
6.184422969818115
6.195239067077637
9.359207153320312
4.803623199462891
8.238662719726562
5.312870979309082
9.629222869873047
7.607142925262451
4.206919193267822
8.284838676452637
4.553894996643066
7.023591041564941
8.790183067321777
8.239143371582031
6.332743167877197
7.437894821166992
8.052806854248047
7.275687217712402
8.46531867980957
6.254758834838867
8.505382537841797
3.3513991832733154
7.731782913208008
7.165767192840576
3.509383201599121
8.162439346313477
6.7490949630737305
5.950663089752197
5.769414901733398
6.894791126251221
5.252551078796387
8.104743003845215
4.9310150146484375
6.369479179382324
8.241318702697754
8.400647163391113
5.533702850341797
8.083431243896484
5.538887023925781
8.058279037475586
4.451463222503662
7.3959431648254395
4.089127063751221
4.319142818450928
4.6972551345825195
3.2849671840667725
3.498375177383423
3.2358791828155518
3.977703332901001
4.723622798919678
6.379366874694824
7.251335144042969
8.066407203674316
10.29111099243164
10.179815292358398
10.369094848632812
9.26541519165039
8.708710670471191
8.607719421386719
8.081287384033203
6.98551082611084
6.559270858764648
6.383975028991699
6.282054901123047
10.003878593444824
9.209510803222656
9.876583099365234
8.310951232910156
7.216903209686279
8.452390670776367
8.738919258117676
8.176902770996094
10.648199081420898
7.49258279800415
8.529479026794434
8.2093505859375
10.39978313446045
7.567687034606934
7.9713029861450195
7.827527046203613
10.454791069030762
9.391558647155762
10.124198913574219
9.134182929992676
7.080807209014893
7.9731268882751465
9.981671333312988
9.3009672164917
7.158662796020508
9.903782844543457
7.889255046844482
7.538567066192627
7.872167110443115
9.503462791442871
10.312294960021973
8.43792724609375
7.292934894561768
7.450279235839844
8.767847061157227
10.040294647216797
8.016806602478027
9.317222595214844
9.88515853881836
7.470631122589111
9.727590560913086
10.536455154418945
7.292966842651367
9.73546314239502
7.581254959106445
7.8834309577941895
9.055367469787598
6.984103202819824
9.159111022949219
7.838119029998779
6.9320387840271
8.25728702545166
7.259527206420898
6.604071140289307
7.077927112579346
6.634023189544678
8.631399154663086
6.855943202972412
8.714950561523438
7.013094902038574
6.867302894592285
7.141127109527588
7.906950950622559
7.930758953094482
8.36487102508545
8.799015045166016
8.902727127075195
9.326790809631348
9.587591171264648
10.223654747009277
10.208263397216797
10.060198783874512
10.086023330688477
10.086215019226074
9.887943267822266
10.108454704284668
9.112807273864746
9.793830871582031
10.137799263000488
9.711526870727539
9.90967082977295
10.205638885498047
8.276230812072754
7.56733512878418
8.581382751464844
9.915143013000488
9.937799453735352
10.414694786071777
8.986119270324707
10.745414733886719
9.754470825195312
9.208870887756348
8.718599319458008
8.839399337768555
10.031526565551758
9.74368667602539
9.00285530090332
9.969414710998535
9.016359329223633
10.2410306930542
8.371302604675293
9.926470756530762
8.991174697875977
7.666598796844482
10.309414863586426
10.46480655670166
9.097766876220703
9.30208683013916
9.941478729248047
9.02247142791748
9.935174942016602
8.077543258666992
8.665287017822266
7.768647193908691
10.167815208435059
10.13066291809082
9.605734825134277
8.763175010681152
8.195687294006348
7.978470802307129
10.1993989944458
8.891046524047852
8.47943115234375
10.447014808654785
8.92592716217041
8.720327377319336
10.460775375366211
10.446919441223145
9.613478660583496
10.2028226852417
10.191815376281738
9.639463424682617
8.454822540283203
9.673479080200195
9.069927215576172
9.252551078796387
10.150727272033691
9.958342552185059
9.342823028564453
8.586727142333984
9.959782600402832
9.432806968688965
8.842119216918945
9.790343284606934
9.825414657592773
8.963590621948242
9.070758819580078
9.502119064331055
9.953254699707031
10.03453540802002
10.155623435974121
10.42330265045166
10.91063117980957
10.942054748535156
10.907590866088867
11.12413501739502
11.031686782836914
10.834630966186523
10.6066312789917
10.238726615905762
10.117383003234863
10.083526611328125
9.96093463897705
9.838183403015137
9.515686988830566
9.370598793029785
9.186598777770996
9.167303085327148
9.022982597351074
7.60935115814209
7.601991176605225
8.395942687988281
7.404839038848877
7.620326995849609
6.558887004852295
4.587782859802246
8.32125473022461
9.124231338500977
7.747910976409912
7.620007038116455
7.2887749671936035
5.239047050476074
8.47891902923584
9.006567001342773
7.521606922149658
7.642023086547852
5.714694976806641
7.620166778564453
6.1768388748168945
7.618727207183838
7.97997522354126
7.210439205169678
7.2754950523376465
7.8090949058532715
7.67376708984375
8.177414894104004
7.7908549308776855
8.085447311401367
7.850246906280518
8.192614555358887
7.9098310470581055
8.3008394241333
8.51491928100586
8.619559288024902
8.722919464111328
8.825286865234375
9.016295433044434
9.802566528320312
5.890310764312744
5.47888708114624
7.9904069900512695
4.3274312019348145
6.498950958251953
9.30199146270752
5.29549503326416
9.153511047363281
8.649223327636719
5.951910972595215
7.7069830894470215
8.718599319458008
6.537927150726318
8.930150985717773
7.447175025939941
7.268423080444336
8.3423433303833
8.586727142333984
8.92051887512207
9.314631462097168
8.611143112182617
8.910022735595703
9.625062942504883
9.405350685119629
9.057575225830078
6.124582767486572
9.601286888122559
4.83319091796875
8.20327091217041
5.897222995758057
6.47511100769043
8.04883861541748
7.8683271408081055
9.147238731384277
8.146183013916016
9.069670677185059
9.552903175354004
9.641190528869629
9.443527221679688
7.482919216156006
9.423974990844727
8.444551467895508
9.113190650939941
9.588519096374512
9.481447219848633
9.155142784118652
9.312167167663574
7.750854969024658
4.815014839172363
9.040487289428711
8.297159194946289
9.527366638183594
9.476518630981445
9.254182815551758
9.225510597229004
5.524838924407959
6.998342990875244
8.976806640625
9.353671073913574
9.418278694152832
7.065895080566406
7.365127086639404
8.09792709350586
9.337286949157715
9.060007095336914
9.392391204833984
8.967719078063965
8.072550773620605
8.771367073059082
9.247751235961914
8.916070938110352
8.946662902832031
9.08426284790039
9.13613510131836
8.928326606750488
9.264135360717773
9.383814811706543
9.44503116607666
9.498950958251953
9.657319068908691
9.60666275024414
9.522054672241211
9.107366561889648
9.178278923034668
9.248903274536133
9.23994255065918
9.31021499633789
9.190727233886719
9.127334594726562
9.058375358581543
8.922886848449707
11.510790824890137
11.364679336547852
11.418983459472656
12.602087020874023
11.829607009887695
11.59194278717041
13.14749526977539
12.899879455566406
13.015110969543457
13.462119102478027
13.543783187866211
12.313671112060547
11.859590530395508
13.432903289794922
13.602407455444336
12.652262687683105
13.230791091918945
11.614375114440918
13.296038627624512
13.474055290222168
13.114694595336914
13.345575332641602
13.200614929199219
12.125959396362305
12.799175262451172
12.28560733795166
12.44554328918457
12.93309497833252
12.606279373168945
13.055623054504395
13.486886978149414
12.83319091796875
12.57443904876709
13.368646621704102
13.462791442871094
13.488390922546387
12.732007026672363
13.510342597961426
12.661606788635254
13.534439086914062
13.325383186340332
12.529158592224121
13.499430656433105
13.456646919250488
13.16842269897461
13.116774559020996
13.01610279083252
13.415846824645996
12.889830589294434
12.900262832641602
13.234695434570312
13.110791206359863
13.427303314208984
12.970566749572754
13.463207244873047
13.506951332092285
13.296838760375977
13.13072681427002
13.348966598510742
13.203527450561523
13.169702529907227
13.437799453735352
13.098503112792969
13.270663261413574
12.906695365905762
13.050150871276855
13.165766716003418
13.281414985656738
13.108199119567871
13.204583168029785
13.057254791259766
12.98493480682373
13.04554271697998
12.707879066467285
11.699462890625
9.741382598876953
10.770151138305664
10.71469497680664
10.573511123657227
9.881446838378906
8.125863075256348
9.010375022888184
9.820038795471191
8.270439147949219
9.83479118347168
9.070215225219727
9.338918685913086
10.072774887084961
10.496134757995605
10.282279014587402
9.79277515411377
9.58365535736084
10.144135475158691
10.829670906066895
10.4951753616333
10.95264720916748
11.03735065460205
11.131271362304688
11.601638793945312
11.477703094482422
11.126630783081055
11.565862655639648
11.020007133483887
11.09523868560791
11.393383026123047
11.195399284362793
11.466694831848145
11.327399253845215
11.24087142944336
11.046951293945312
11.233095169067383
10.762022972106934
11.225127220153809
10.888550758361816
10.985831260681152
10.533095359802246
10.70048713684082
10.214982986450195
10.30867862701416
10.742151260375977
10.260839462280273
10.597382545471191
9.871174812316895
10.601447105407715
9.886663436889648
12.012358665466309
10.900871276855469
9.701894760131836
11.728902816772461
11.88448715209961
11.021926879882812
10.272615432739258
9.855399131774902
9.77315902709961
9.736998558044434
11.182950973510742
10.89971923828125
9.987430572509766
9.295974731445312
9.6329345703125
9.444967269897461
12.67274284362793
10.146055221557617
9.194087028503418
8.865638732910156
11.24586296081543
11.544519424438477
8.892582893371582
8.945862770080566
9.534982681274414
8.725415229797363
8.780038833618164
11.43405532836914
9.98771858215332
10.247142791748047
9.525286674499512
8.69997501373291
10.095847129821777
11.34746265411377
12.485095024108887
8.563430786132812
12.144103050231934
11.563494682312012
11.234471321105957
8.705926895141602
8.511239051818848
9.932710647583008
8.585894584655762
11.775623321533203
8.918407440185547
11.082919120788574
11.002246856689453
8.7125825881958
11.402054786682129
12.07107925415039
9.196391105651855
10.95168685913086
8.84019947052002
12.87571907043457
8.962055206298828
10.885063171386719
9.154630661010742
13.098215103149414
10.083462715148926
9.1097993850708
13.298375129699707
13.326823234558105
8.78019905090332
9.986471176147461
9.08000659942627
9.247239112854004
12.264582633972168
9.14375114440918
9.275175094604492
13.517094612121582
12.636007308959961
13.449191093444824
9.386727333068848
9.207239151000977
8.620870590209961
12.905831336975098
13.246471405029297
13.609159469604492
10.433191299438477
13.277767181396484
12.270918846130371
8.659975051879883
13.604199409484863
11.06778335571289
12.572038650512695
10.78179931640625
9.868358612060547
12.346343040466309
11.621511459350586
11.368518829345703
10.270023345947266
11.55095100402832
9.654118537902832
11.360135078430176
10.624007225036621
10.984870910644531
11.048295021057129
10.601383209228516
11.31511116027832
11.182502746582031
11.157479286193848
10.871271133422852
10.899303436279297
10.385927200317383
7.908263206481934
9.052199363708496
9.642119407653809
9.134086608886719
9.543719291687012
10.153607368469238
10.122631072998047
10.547879219055176
10.770342826843262
11.308038711547852
11.684263229370117
11.167718887329102
11.089191436767578
11.164198875427246
11.280390739440918
11.097606658935547
10.791271209716797
10.48483943939209
11.229927062988281
10.174534797668457
10.377799034118652
10.650951385498047
12.17434310913086
10.380998611450195
9.931366920471191
10.9472074508667
9.081927299499512
11.736710548400879
11.131430625915527
9.502662658691406
11.643878936767578
9.54765510559082
8.615623474121094
8.912999153137207
10.211783409118652
8.962662696838379
13.0335111618042
9.694535255432129
10.733255386352539
10.319622993469238
13.219687461853027
13.414311408996582
9.947430610656738
10.767334938049316
13.351078987121582
11.360871315002441
9.859143257141113
10.064455032348633
11.922246932983398
11.124359130859375
10.576455116271973
8.255943298339844
9.63335132598877
10.501670837402344
10.098182678222656
10.633222579956055
11.359943389892578
11.107431411743164
11.310439109802246
11.63709545135498
11.202054977416992
11.209671020507812
10.99632740020752
10.463367462158203
10.401062965393066
10.752359390258789
9.835015296936035
12.344263076782227
8.784038543701172
9.024679183959961
8.65146255493164
10.54883861541748
12.080678939819336
11.353158950805664
8.875462532043457
13.35549545288086
11.116070747375488
10.256038665771484
10.968902587890625
10.758023262023926
11.706599235534668
9.128167152404785
9.207494735717773
9.911174774169922
11.540806770324707
11.203591346740723
11.24864673614502
10.925735473632812
10.39319133758545
10.886886596679688
9.994406700134277
10.48279094696045
9.708263397216797
8.865479469299316
11.031814575195312
8.967719078063965
11.297447204589844
8.993830680847168
12.961127281188965
12.995527267456055
13.07107925415039
12.110406875610352
10.068806648254395
11.17207145690918
10.645030975341797
9.772134780883789
11.203719139099121
11.487014770507812
11.205702781677246
11.151079177856445
10.824838638305664
10.218854904174805
9.799430847167969
10.616455078125
12.05642318725586
8.726631164550781
12.827590942382812
11.127270698547363
11.35507869720459
10.295079231262207
10.224358558654785
10.594343185424805
11.367142677307129
11.157798767089844
11.201958656311035
11.328166961669922
9.957862854003906
10.216550827026367
12.401830673217773
8.8140230178833
12.966087341308594
10.890118598937988
10.755207061767578
10.67603874206543
10.654438972473145
9.925894737243652
9.943879127502441
8.762823104858398
9.235718727111816
10.678470611572266
11.607590675354004
11.447942733764648
9.943175315856934
8.785062789916992
9.471206665039062
12.888774871826172
12.640007019042969
12.280742645263672
10.471430778503418
10.443558692932129
11.33706283569336
10.666247367858887
8.831335067749023
12.551111221313477
11.675174713134766
10.309383392333984
11.681831359863281
9.908358573913574
11.595367431640625
9.8589506149292
12.153799057006836
11.508838653564453
10.089350700378418
10.437703132629395
11.181414604187012
8.936071395874023
9.123015403747559
11.33978271484375
10.84672737121582
11.235111236572266
10.829415321350098
10.17427921295166
10.720550537109375
11.767462730407715
9.723302841186523
9.31306266784668
8.85111141204834
10.273767471313477
8.548998832702637
9.732871055603027
9.735047340393066
9.590726852416992
8.643878936767578
9.537798881530762
9.800422668457031
10.39811897277832
8.90141487121582
9.865574836730957
8.558215141296387
9.361287117004395
12.125926971435547
9.902791023254395
9.041767120361328
12.308807373046875
10.36919116973877
8.869574546813965
11.37344741821289
10.204007148742676
8.977927207946777
10.69287109375
9.163622856140137
8.893031120300293
11.940519332885742
