9.876351576561311e-42
12.152392387390137
12.43716049194336
10.454024314880371
11.028008460998535
11.137289047241211
13.247753143310547
10.120777130126953
7.9328413009643555
14.191240310668945
9.353192329406738
14.739656448364258
13.9741849899292
12.601737022399902
13.919880867004395
13.420808792114258
12.369512557983398
13.08503246307373
13.117640495300293
12.749384880065918
13.108872413635254
12.472360610961914
13.235944747924805
13.04410457611084
13.100809097290039
11.861032485961914
13.246728897094727
12.375336647033691
12.889161109924316
9.39501667022705
12.406344413757324
11.542888641357422
13.434728622436523
12.853736877441406
13.433609008789062
12.71104907989502
12.62768840789795
12.637001037597656
8.062601089477539
12.932136535644531
12.73735237121582
12.635144233703613
11.545256614685059
13.293641090393066
10.951688766479492
11.32516098022461
9.608104705810547
14.9939603805542
13.2066011428833
11.371816635131836
14.204712867736816
12.768392562866211
13.395560264587402
13.08941650390625
13.367016792297363
13.065096855163574
12.74884033203125
12.364424705505371
8.857576370239258
12.736872673034668
12.685736656188965
13.07741641998291
9.857129096984863
11.448104858398438
12.32071304321289
13.52324104309082
12.832616806030273
13.58282470703125
13.385672569274902
12.775368690490723
12.407977104187012
12.446568489074707
11.87479305267334
13.945448875427246
11.96496868133545
11.224265098571777
13.173672676086426
12.468680381774902
13.710664749145508
13.212040901184082
13.201224327087402
12.507976531982422
14.036136627197266
14.355049133300781
12.376360893249512
13.45296859741211
12.166056632995605
12.366728782653809
13.480328559875488
12.765352249145508
14.76288890838623
12.554280281066895
13.393864631652832
13.548169136047363
12.653544425964355
14.500744819641113
11.857032775878906
10.702120780944824
12.693832397460938
14.060809135437012
13.631048202514648
11.350312232971191
12.756744384765625
12.821992874145508
14.005800247192383
14.686057090759277
13.205384254455566
9.978952407836914
12.711752891540527
12.284521102905273
15.034504890441895
14.152456283569336
12.9774169921875
11.757384300231934
14.056008338928223
12.480232238769531
12.603177070617676
14.071208953857422
12.528680801391602
14.105704307556152
13.2996244430542
12.079272270202637
12.106088638305664
12.321800231933594
11.917800903320312
13.357096672058105
12.391432762145996
13.544361114501953
9.446473121643066
12.490824699401855
13.334824562072754
13.011784553527832
13.016456604003906
13.01572036743164
13.164456367492676
13.188488960266113
13.38951301574707
13.753353118896484
13.740168571472168
12.687880516052246
13.361001014709473
13.097512245178223
13.38637638092041
13.662217140197754
13.677032470703125
13.218696594238281
13.156296730041504
13.250248908996582
13.499113082885742
13.517224311828613
13.694920539855957
13.81213665008545
13.664168357849121
13.575112342834473
12.979433059692383
11.125032424926758
10.209736824035645
9.898184776306152
9.1565523147583
8.566824913024902
7.91680908203125
7.900745391845703
14.885224342346191
14.605833053588867
13.711304664611816
14.235177040100098
13.990792274475098
13.914888381958008
14.591401100158691
13.843240737915039
14.370121002197266
13.943432807922363
11.228936195373535
12.59146499633789
14.563080787658691
11.689096450805664
15.04580020904541
12.402568817138672
12.719528198242188
16.347368240356445
12.355144500732422
16.324359893798828
13.993577003479004
12.583176612854004
13.247272491455078
14.625032424926758
13.467592239379883
13.128776550292969
13.045225143432617
13.0123929977417
12.774249076843262
12.68432903289795
12.902600288391113
12.990696907043457
12.398728370666504
13.316936492919922
14.640104293823242
14.34544849395752
13.50048828125
14.2830810546875
13.814728736877441
11.342440605163574
13.92772102355957
13.312457084655762
16.04122543334961
12.911816596984863
13.452872276306152
12.216744422912598
16.38836097717285
12.774088859558105
15.359752655029297
14.338216781616211
12.442728996276855
14.786760330200195
12.231369018554688
16.272296905517578
14.86119270324707
12.578536987304688
12.503144264221191
15.790568351745605
13.330248832702637
13.838376998901367
13.082504272460938
13.218568801879883
14.431817054748535
13.416616439819336
15.705161094665527
13.735976219177246
13.59044075012207
16.010313034057617
12.893128395080566
13.588040351867676
13.810632705688477
13.603592872619629
14.099336624145508
13.982216835021973
12.68324089050293
13.944169044494629
13.8126802444458
12.022120475769043
11.922056198120117
14.47258472442627
12.366825103759766
14.196712493896484
13.550792694091797
14.735400199890137
14.048552513122559
14.866408348083496
15.245576858520508
15.385448455810547
15.784456253051758
16.1564884185791
16.316808700561523
16.03152847290039
15.926217079162598
15.268104553222656
14.817800521850586
14.444040298461914
8.599560737609863
9.502248764038086
11.108712196350098
12.808296203613281
13.086280822753906
13.129384994506836
13.486088752746582
14.431817054748535
14.58772087097168
15.078568458557129
15.240713119506836
11.3443603515625
12.886696815490723
11.9622163772583
13.212489128112793
13.981032371520996
13.697928428649902
14.61773681640625
14.771528244018555
14.982632637023926
14.42948055267334
12.997385025024414
13.682408332824707
14.849096298217773
14.207464218139648
14.01402473449707
13.99821662902832
9.531944274902344
12.751752853393555
10.162088394165039
12.857129096984863
14.143560409545898
13.315689086914062
11.904616355895996
14.242664337158203
14.37108039855957
14.810665130615234
14.099017143249512
14.201065063476562
14.204360961914062
12.631528854370117
10.310920715332031
13.11223316192627
14.396872520446777
14.40480899810791
14.150920867919922
12.041160583496094
14.40656852722168
14.387240409851074
12.242088317871094
14.365385055541992
14.612136840820312
10.561800956726074
14.180968284606934
12.39076042175293
14.776968955993652
13.732040405273438
14.360264778137207
14.882536888122559
14.608872413635254
14.45296859741211
14.80506420135498
13.368712425231934
14.723912239074707
14.98458480834961
14.549832344055176
14.701032638549805
12.839272499084473
14.54352855682373
12.956169128417969
14.268649101257324
14.35568904876709
13.973384857177734
13.44682502746582
13.306408882141113
13.130440711975098
13.042024612426758
13.048968315124512
12.911209106445312
12.538952827453613
11.537736892700195
10.88240909576416
11.151816368103027
10.463464736938477
10.82400894165039
9.798312187194824
11.482536315917969
12.663496971130371
11.94733715057373
11.29092025756836
11.936777114868164
13.233512878417969
13.991816520690918
13.809096336364746
14.177801132202148
13.488584518432617
13.771912574768066
14.651976585388184
13.460776329040527
14.88365650177002
12.145769119262695
15.506824493408203
15.069160461425781
14.40372085571289
14.598280906677246
15.65703296661377
16.019304275512695
14.801864624023438
11.679400444030762
12.328232765197754
12.425576210021973
13.932872772216797
14.255400657653809
14.095528602600098
13.974088668823242
14.069512367248535
14.042248725891113
14.984393119812012
15.164104461669922
15.849896430969238
14.735496520996094
12.180968284606934
13.906376838684082
14.016584396362305
13.827336311340332
15.027176856994629
12.410504341125488
12.488104820251465
14.454729080200195
13.857224464416504
13.836392402648926
13.825032234191895
12.388968467712402
14.065960884094238
13.930856704711914
13.204904556274414
14.37488842010498
13.8093843460083
13.558856964111328
13.358569145202637
14.04564094543457
14.128488540649414
14.252456665039062
14.046504974365234
14.96058464050293
14.807944297790527
15.345608711242676
14.550792694091797
15.105608940124512
15.397736549377441
14.2166166305542
15.276392936706543
15.433128356933594
14.530888557434082
15.584264755249023
15.675976753234863
14.678248405456543
14.807145118713379
15.523880958557129
9.914376258850098
10.431624412536621
10.585480690002441
11.391912460327148
12.25373649597168
11.939752578735352
11.611433029174805
10.347208976745605
10.501352310180664
11.636649131774902
13.161417007446289
14.545672416687012
14.853544235229492
15.206472396850586
15.489256858825684
15.903976440429688
15.50151252746582
15.179496765136719
14.902824401855469
14.846632957458496
14.534089088439941
13.997832298278809
14.006312370300293
14.096713066101074
14.755592346191406
14.600360870361328
15.002472877502441
14.593960762023926
14.786376953125
14.689736366271973
13.945992469787598
14.378984451293945
14.971753120422363
14.531272888183594
14.409481048583984
14.308456420898438
14.449288368225098
14.77824878692627
14.398984909057617
14.156840324401855
14.820904731750488
13.908553123474121
14.637704849243164
14.943944931030273
14.761672973632812
14.895720481872559
13.86666488647461
14.950952529907227
13.948136329650879
13.97428035736084
14.114216804504395
14.190600395202637
14.33556079864502
14.53808879852295
14.938440322875977
14.78365707397461
14.387784957885742
14.029129028320312
13.730568885803223
16.131689071655273
14.555656433105469
14.821416854858398
14.750473022460938
15.358312606811523
14.999016761779785
15.098920822143555
15.510152816772461
14.797192573547363
14.084904670715332
15.922280311584473
16.12775230407715
14.788840293884277
16.176105499267578
13.952776908874512
15.918313026428223
15.44852066040039
16.169193267822266
15.862664222717285
16.093544006347656
15.078824996948242
16.145383834838867
13.415816307067871
15.031880378723145
14.663336753845215
13.457032203674316
14.677577018737793
15.819720268249512
15.031464576721191
14.481704711914062
15.252296447753906
15.644840240478516
15.777800559997559
16.34573745727539
14.437448501586914
15.151369094848633
15.854216575622559
15.729352951049805
15.122281074523926
14.756488800048828
14.671049118041992
15.3594970703125
14.26685619354248
14.662920951843262
15.15924072265625
14.799272537231445
14.460264205932617
15.088200569152832
14.607976913452148
15.795336723327637
14.948841094970703
15.647624969482422
14.768776893615723
14.676616668701172
14.121896743774414
14.898792266845703
16.146217346191406
15.317193031311035
13.921928405761719
15.82138442993164
14.486152648925781
16.435081481933594
16.357032775878906
16.338985443115234
14.609416961669922
14.489224433898926
14.383464813232422
13.846281051635742
14.588072776794434
16.193992614746094
13.854984283447266
14.270984649658203
13.644329071044922
12.847112655639648
14.048168182373047
13.491592407226562
14.205224990844727
14.449832916259766
15.896072387695312
15.875432968139648
15.145320892333984
14.96711254119873
14.746088981628418
13.776808738708496
13.871176719665527
14.014152526855469
14.095880508422852
14.222728729248047
13.589800834655762
13.329800605773926
12.645833015441895
11.166024208068848
8.543400764465332
7.81088924407959
8.609256744384766
11.158536911010742
9.485928535461426
9.617960929870605
11.978728294372559
11.570024490356445
11.831432342529297
11.397480964660645
9.838088989257812
10.644840240478516
9.406249046325684
12.012200355529785
10.137128829956055
11.003880500793457
11.973736763000488
8.961417198181152
11.738760948181152
10.796873092651367
12.023624420166016
11.444072723388672
12.077448844909668
9.784233093261719
11.352008819580078
9.933096885681152
10.029129028320312
11.709257125854492
10.045768737792969
11.906952857971191
10.026056289672852
8.541929244995117
8.046953201293945
10.79136848449707
10.352264404296875
9.82144832611084
8.015625
9.022440910339355
7.869193077087402
7.162505149841309
7.338281154632568
8.468905448913574
6.908297061920166
6.494857311248779
7.0090651512146
6.6680731773376465
7.8361053466796875
10.879880905151367
8.045289039611816
8.124073028564453
6.8933210372924805
7.193577289581299
10.768552780151367
8.417417526245117
10.064329147338867
8.854888916015625
6.958121299743652
6.652841091156006
11.511368751525879
7.471113204956055
6.998761177062988
9.941608428955078
7.8005852699279785
11.445033073425293
9.732680320739746
9.412968635559082
8.995720863342285
8.450824737548828
8.26404094696045
7.797673225402832
8.020553588867188
8.025800704956055
7.453577041625977
8.395849227905273
6.258761405944824
11.387880325317383
9.914216995239258
8.615273475646973
7.553481101989746
7.815561294555664
7.622537136077881
6.9363932609558105
8.721065521240234
7.415465354919434
9.417512893676758
4.625385284423828
2.8398489952087402
2.055145025253296
2.510921001434326
2.1452889442443848
9.015913009643555
3.9037528038024902
9.596168518066406
4.7966814041137695
10.150888442993164
6.42442512512207
5.390665054321289
4.289352893829346
2.545928955078125
6.721321105957031
10.740872383117676
2.999464988708496
6.416073322296143
7.950376987457275
3.8058969974517822
8.19357681274414
4.094089031219482
7.3360090255737305
5.287785053253174
4.911016941070557
6.123081207275391
9.36074447631836
7.127753257751465
5.89165735244751
6.144489288330078
9.976680755615234
6.368617057800293
13.977672576904297
10.7547607421875
7.898633003234863
12.623080253601074
7.70061731338501
15.717801094055176
11.247496604919434
12.050728797912598
9.387944221496582
11.543176651000977
15.803913116455078
9.579720497131348
9.135848999023438
10.894120216369629
11.898024559020996
11.232904434204102
11.580008506774902
10.788552284240723
10.13792896270752
10.833800315856934
11.210312843322754
14.886344909667969
11.46439266204834
13.88797664642334
8.65044116973877
11.638632774353027
12.96871280670166
14.111784934997559
9.88791275024414
8.93421745300293
14.04996109008789
13.856200218200684
11.356744766235352
13.752392768859863
13.38855266571045
9.557865142822266
11.785224914550781
12.108137130737305
12.264265060424805
13.407689094543457
12.270888328552246
10.495881080627441
7.787272930145264
13.197608947753906
8.337512969970703
10.117128372192383
11.11437702178955
12.349608421325684
13.109416961669922
11.696008682250977
12.476968765258789
9.663272857666016
13.289833068847656
10.795400619506836
10.742408752441406
12.0986967086792
10.12330436706543
8.990569114685059
13.901448249816895
10.589736938476562
12.047657012939453
8.006473541259766
11.581768989562988
10.137384414672852
10.272360801696777
6.922152996063232
9.915369033813477
13.114696502685547
7.132745265960693
7.576169013977051
11.50538444519043
8.122184753417969
10.939656257629395
10.079656600952148
8.195561408996582
10.034472465515137
9.646280288696289
8.437256813049316
8.691241264343262
7.705865383148193
8.84708023071289
9.284072875976562
10.143848419189453
8.480488777160645
9.172232627868652
9.530728340148926
6.266057014465332
9.197160720825195
6.692361354827881
9.739624977111816
9.76999282836914
7.230504989624023
7.969161033630371
7.254857063293457
8.685193061828613
8.115592956542969
8.059369087219238
7.970249176025391
8.50368881225586
7.993801116943359
9.669000625610352
7.98173713684082
8.362313270568848
8.007113456726074
8.022440910339355
8.681192398071289
7.503401279449463
7.725257396697998
7.335657119750977
8.855656623840332
9.409992218017578
10.718056678771973
7.727753162384033
7.453896999359131
9.12096881866455
3.638216972351074
2.306344985961914
2.3802649974823
8.18477725982666
8.476201057434082
4.115016937255859
8.889193534851074
4.114248752593994
10.52442455291748
6.312617301940918
6.3762969970703125
6.193609237670898
5.050185203552246
5.8380889892578125
7.938665390014648
8.388809204101562
14.887880325317383
11.031145095825195
11.78698444366455
9.187816619873047
11.96007251739502
11.060712814331055
11.04308032989502
12.73236083984375
8.587529182434082
10.799752235412598
11.879560470581055
9.285737037658691
12.346504211425781
13.16253662109375
11.602025032043457
11.23901653289795
12.80439281463623
7.616681098937988
9.924680709838867
7.958089351654053
7.9388251304626465
8.500937461853027
9.076616287231445
7.292745113372803
5.817737102508545
8.820392608642578
7.3050971031188965
9.21712875366211
8.907240867614746
7.983880996704102
8.00253677368164
9.7362642288208
7.197097301483154
2.913321018218994
2.541769027709961
6.398473262786865
3.183656930923462
8.894664764404297
5.255241394042969
8.970601081848145
5.014345169067383
5.120361328125
4.389193058013916
5.050409317016602
12.239944458007812
11.767624855041504
11.375720977783203
12.636137008666992
8.96973705291748
13.712104797363281
12.498120307922363
12.697833061218262
12.115592956542969
9.193864822387695
10.251848220825195
11.331400871276855
8.052937507629395
5.576521396636963
8.945960998535156
8.755752563476562
8.955560684204102
7.504297256469727
6.656297206878662
7.9989213943481445
1.8877850770950317
7.082089424133301
9.268104553222656
4.282888889312744
5.782217025756836
13.77943229675293
8.105545043945312
11.820616722106934
11.705672264099121
12.337480545043945
13.660648345947266
11.63143253326416
12.23776912689209
10.050728797912598
12.359368324279785
7.847721099853516
9.069960594177246
8.638280868530273
8.079561233520508
9.230729103088379
7.966921329498291
9.296104431152344
2.2391769886016846
4.22957706451416
7.515561103820801
4.42391300201416
5.637385368347168
11.201544761657715
10.90167236328125
13.444136619567871
11.503497123718262
8.686120986938477
12.413928985595703
8.283625602722168
7.839977264404297
8.329161643981934
1.756777048110962
1.8882970809936523
6.406633377075195
7.955593109130859
5.083209037780762
4.76448917388916
10.182184219360352
12.602472305297852
11.712424278259277
8.133705139160156
13.41191291809082
8.336648941040039
7.76448917388916
8.505897521972656
1.893833041191101
3.0067930221557617
13.4490327835083
11.824360847473145
13.237800598144531
11.536776542663574
1.9891290664672852
3.2833688259124756
10.21764087677002
11.470632553100586
12.954760551452637
11.10295295715332
8.003976821899414
7.473161220550537
7.713160991668701
8.119945526123047
8.645160675048828
6.930473327636719
11.995176315307617
12.759048461914062
7.732361316680908
7.41076135635376
7.782889366149902
3.279240846633911
14.288712501525879
9.581896781921387
10.640584945678711
7.0206170082092285
5.6269850730896
8.227849006652832
8.865160942077637
5.938569068908691
13.131592750549316
11.154728889465332
5.970473289489746
5.42986536026001
4.17661714553833
11.904264450073242
6.800617218017578
3.23888897895813
8.918761253356934
11.003816604614258
6.4770331382751465
7.006953239440918
9.150856971740723
7.10455322265625
15.342248916625977
11.720040321350098
14.604552268981934
7.28848934173584
15.213960647583008
12.240168571472168
12.324840545654297
12.463561058044434
12.359848976135254
7.318089008331299
14.59101676940918
8.021961212158203
9.77540111541748
13.524904251098633
7.846665382385254
10.24714469909668
7.5659613609313965
2.704936981201172
12.306120872497559
12.054952621459961
11.319144248962402
10.616105079650879
13.098184585571289
8.373416900634766
