9.876351576561311e-42
11.78641128540039
12.029195785522461
11.145707130432129
11.521323204040527
11.953099250793457
11.774059295654297
11.453611373901367
10.489835739135742
11.092683792114258
8.738219261169434
10.215210914611816
10.90548324584961
10.99610710144043
11.279627799987793
9.590059280395508
11.786763191223145
11.058155059814453
10.990283012390137
10.93828296661377
11.243979454040527
11.623883247375488
11.353131294250488
11.015595436096191
11.611403465270996
10.47153091430664
11.311882972717285
11.676074981689453
11.48023509979248
11.192075729370117
12.235563278198242
8.722859382629395
11.930699348449707
12.57303524017334
12.576075553894043
12.134315490722656
11.8667631149292
11.966379165649414
11.843307495117188
12.350123405456543
11.954571723937988
12.43543529510498
12.867051124572754
10.251371383666992
11.114507675170898
12.025643348693848
11.572811126708984
9.371243476867676
11.058123588562012
10.295947074890137
10.845611572265625
11.37978744506836
10.434539794921875
11.262250900268555
10.969419479370117
11.622891426086426
11.440267562866211
12.318987846374512
11.629483222961426
11.924875259399414
9.686187744140625
10.278059005737305
11.705995559692383
10.620363235473633
9.484299659729004
11.551371574401855
11.216523170471191
10.528266906738281
10.223179817199707
12.26458740234375
12.213130950927734
12.014827728271484
11.02545166015625
8.879851341247559
11.572139739990234
10.935755729675293
11.539531707763672
11.67770767211914
9.446731567382812
12.226987838745117
12.22916316986084
12.180203437805176
7.862635612487793
10.288267135620117
10.37767505645752
11.06423568725586
11.366059303283691
10.674891471862793
12.078155517578125
11.660523414611816
9.946635246276855
10.953995704650879
10.997579574584961
11.61943531036377
12.27124309539795
11.130699157714844
11.012970924377441
9.45898723602295
11.929963111877441
7.429739475250244
9.109419822692871
10.50906753540039
12.27226734161377
11.70129108428955
8.88353157043457
10.678539276123047
9.998635292053223
10.622603416442871
11.909643173217773
12.355019569396973
9.4615478515625
11.085387229919434
10.211243629455566
12.79677963256836
11.313386917114258
11.059211730957031
12.505227088928223
10.51031494140625
12.41469955444336
10.280779838562012
11.155595779418945
12.007307052612305
12.637643814086914
12.383787155151367
12.464395523071289
10.956395149230957
12.006891250610352
11.182027816772461
11.544875144958496
11.801547050476074
12.163755416870117
10.542475700378418
11.670635223388672
11.528619766235352
11.503691673278809
12.140619277954102
10.617931365966797
10.563530921936035
10.976171493530273
11.886507034301758
11.672971725463867
12.11453914642334
11.36068344116211
11.402315139770508
11.221386909484863
11.373675346374512
11.46756362915039
11.79620361328125
12.341771125793457
12.02061939239502
11.349611282348633
11.527915000915527
11.11937141418457
11.500779151916504
10.252202987670898
9.900331497192383
10.666027069091797
12.119595527648926
12.217387199401855
11.909099578857422
11.890891075134277
12.074443817138672
14.571083068847656
14.401419639587402
13.861835479736328
14.844939231872559
14.126827239990234
14.133099555969238
13.808043479919434
14.435211181640625
13.942155838012695
13.822443008422852
14.333963394165039
13.337162971496582
13.125003814697266
13.44362735748291
12.914827346801758
11.725227355957031
11.978187561035156
9.07514762878418
13.410795211791992
8.934859275817871
8.290155410766602
12.93441104888916
10.74388313293457
9.642699241638184
11.320843696594238
10.607115745544434
11.590315818786621
10.396811485290527
11.155435562133789
10.948331832885742
12.561579704284668
9.939339637756348
11.641098976135254
10.726123809814453
14.659371376037598
14.748747825622559
13.74058723449707
14.57457160949707
13.854315757751465
13.802955627441406
13.521162986755371
13.566635131835938
11.946219444274902
12.01025104522705
10.71489143371582
13.57844352722168
9.19585132598877
11.13137149810791
7.569547176361084
14.646379470825195
13.360747337341309
11.736970901489258
12.452875137329102
8.51514720916748
12.497515678405762
14.495243072509766
11.962251663208008
10.462986946105957
9.290667533874512
14.232683181762695
10.051883697509766
11.04961109161377
12.915595054626465
14.695818901062012
12.181323051452637
14.148075103759766
14.382251739501953
11.021195411682129
10.303690910339355
13.495691299438477
13.461067199707031
13.273323059082031
13.957451820373535
13.177323341369629
11.074378967285156
13.034795761108398
8.676203727722168
11.875179290771484
12.226346969604492
13.19687557220459
12.592330932617188
13.23946762084961
11.099883079528809
12.724811553955078
9.911211013793945
10.958219528198242
9.950987815856934
7.987403392791748
10.914987564086914
9.38785171508789
10.764107704162598
8.548619270324707
7.7608113288879395
9.86449146270752
10.328235626220703
11.219531059265137
11.610795021057129
12.505899429321289
11.741451263427734
14.28580379486084
14.341898918151855
14.364331245422363
13.98404312133789
14.122859001159668
14.382923126220703
14.256267547607422
14.171595573425293
13.745803833007812
11.864171028137207
13.556459426879883
13.182538986206055
14.517451286315918
14.210859298706055
14.38257122039795
14.197131156921387
14.565387725830078
14.441707611083984
8.28749942779541
10.579307556152344
14.315947532653809
14.045195579528809
9.629611015319824
14.669515609741211
10.779850959777832
14.346443176269531
12.870635032653809
14.339947700500488
14.416107177734375
14.214155197143555
13.726987838745117
14.19476318359375
14.347786903381348
14.564875602722168
12.310859680175781
12.396331787109375
14.318827629089355
14.361163139343262
11.55165958404541
12.706666946411133
14.689675331115723
14.225227355957031
14.311531066894531
14.251883506774902
14.442987442016602
14.411723136901855
14.284299850463867
13.380459785461426
14.357643127441406
11.825643539428711
14.12436294555664
14.177035331726074
14.522859573364258
13.545835494995117
14.211371421813965
14.583627700805664
14.5162353515625
14.184715270996094
14.676843643188477
13.210699081420898
14.459787368774414
14.652203559875488
14.560874938964844
14.621163368225098
12.622379302978516
14.630699157714844
12.520683288574219
14.616299629211426
14.50100326538086
14.488395690917969
13.99985122680664
14.045899391174316
13.01242733001709
11.980459213256836
11.894474983215332
12.108875274658203
13.916267395019531
11.641355514526367
12.053323745727539
13.32746696472168
13.072619438171387
13.383115768432617
12.210123062133789
13.656587600708008
11.9234037399292
12.89559555053711
12.924619674682617
12.604427337646484
8.759531021118164
7.897643566131592
8.541739463806152
10.542922973632812
7.125675201416016
7.75313138961792
8.433579444885254
9.232331275939941
9.602507591247559
12.423307418823242
10.544907569885254
10.335979461669922
10.4583158493042
10.66196346282959
12.883691787719727
12.781387329101562
11.62164306640625
13.660171508789062
11.989899635314941
12.61066722869873
7.1589555740356445
8.182955741882324
8.250539779663086
7.596075534820557
11.33940315246582
12.586859703063965
9.664395332336426
11.493995666503906
12.713739395141602
12.110347747802734
13.424139022827148
7.032107353210449
7.485035419464111
7.0382513999938965
12.389195442199707
13.460683822631836
8.004683494567871
8.509515762329102
7.475019454956055
8.504075050354004
9.22250747680664
6.9676594734191895
7.877931594848633
8.947659492492676
6.763947486877441
9.680843353271484
7.8899312019348145
8.032299041748047
7.7002034187316895
7.927147388458252
8.743339538574219
8.724459648132324
9.827339172363281
8.663434982299805
9.137611389160156
9.686283111572266
10.836811065673828
10.715786933898926
10.011499404907227
10.146059036254883
11.835787773132324
10.902730941772461
9.913866996765137
11.866347312927246
12.30052375793457
10.430251121520996
11.233003616333008
11.781739234924316
13.187019348144531
13.149003028869629
11.420011520385742
10.510475158691406
8.839147567749023
8.8949556350708
9.46881103515625
10.336907386779785
10.935371398925781
10.367499351501465
12.186859130859375
12.050923347473145
11.786347389221191
12.476139068603516
12.213483810424805
12.60948371887207
13.014571189880371
13.091979026794434
12.449291229248047
12.681098937988281
12.437067031860352
10.09857177734375
13.307435035705566
14.603883743286133
9.0892915725708
8.935883522033691
11.102827072143555
11.243915557861328
10.821067810058594
12.872747421264648
12.98394775390625
8.041515350341797
8.936043739318848
11.136907577514648
11.117867469787598
12.522923469543457
9.536523818969727
9.705931663513184
12.5991792678833
7.833451271057129
11.156843185424805
11.0095796585083
9.9082670211792
9.553643226623535
10.760971069335938
10.7520112991333
8.391019821166992
10.975179672241211
7.448427200317383
9.043947219848633
8.069355010986328
9.191819190979004
8.845547676086426
9.982731819152832
10.961834907531738
10.972715377807617
11.705547332763672
12.309803009033203
12.600203514099121
12.757707595825195
11.095019340515137
9.786571502685547
10.881867408752441
9.42721176147461
9.260235786437988
12.515083312988281
8.915531158447266
12.422155380249023
11.560203552246094
9.044235229492188
10.807595252990723
11.305963516235352
10.642571449279785
12.545259475708008
11.545387268066406
11.197163581848145
10.668363571166992
10.803947448730469
11.284043312072754
12.290571212768555
11.055211067199707
12.686827659606934
12.056939125061035
12.700651168823242
13.63569164276123
9.915019035339355
12.661259651184082
9.81261920928955
10.770987510681152
8.86925983428955
9.130411148071289
10.728363037109375
11.172747611999512
12.351819038391113
11.562411308288574
11.487883567810059
12.374699592590332
12.616619110107422
12.864299774169922
10.751338958740234
12.670571327209473
10.789803504943848
12.344139099121094
12.337355613708496
12.646475791931152
12.85191535949707
12.937259674072266
10.457515716552734
8.872011184692383
12.001355171203613
11.521899223327637
12.396971702575684
12.706155776977539
12.944043159484863
12.504555702209473
9.0444917678833
9.482635498046875
12.113259315490723
10.78977108001709
12.885579109191895
10.433931350708008
10.634891510009766
10.79511547088623
12.425419807434082
12.429771423339844
12.369707107543945
12.532299041748047
10.366955757141113
10.941675186157227
12.928107261657715
11.839627265930176
12.43601131439209
12.914315223693848
12.489643096923828
12.491979598999023
12.519083023071289
12.690315246582031
11.169963836669922
12.012139320373535
12.647979736328125
12.584235191345215
12.637899398803711
12.711978912353516
12.532491683959961
12.507370948791504
12.808267593383789
12.95284366607666
13.035723686218262
13.144267082214355
12.848235130310059
12.096107482910156
12.722763061523438
12.833867073059082
12.665323257446289
12.714699745178223
12.557387351989746
12.90922737121582
12.84269905090332
12.518699645996094
12.431371688842773
12.234731674194336
14.59537124633789
12.706059455871582
12.923371315002441
12.423307418823242
14.565195083618164
12.710027694702148
12.543883323669434
12.645995140075684
12.238763809204102
12.405067443847656
12.325355529785156
12.305994987487793
12.469291687011719
12.941963195800781
12.551307678222656
12.911691665649414
12.199371337890625
12.350027084350586
11.688491821289062
12.407243728637695
13.755467414855957
12.942475318908691
12.822219848632812
13.501995086669922
13.680331230163574
13.639755249023438
13.508331298828125
13.016875267028809
13.85140323638916
14.335275650024414
12.391115188598633
13.021515846252441
13.475947380065918
13.897387504577637
13.473419189453125
12.06103515625
14.601419448852539
13.127882957458496
13.921579360961914
13.850443840026855
12.761675834655762
11.91405963897705
13.391563415527344
13.555819511413574
12.824299812316895
12.686539649963379
12.555115699768066
12.633099555969238
13.126283645629883
12.344427108764648
12.245099067687988
12.996331214904785
12.478570938110352
12.96324348449707
12.454571723937988
13.194123268127441
13.507883071899414
13.442763328552246
13.532811164855957
12.720651626586914
13.424459457397461
12.584139823913574
11.908523559570312
12.391242980957031
8.09322738647461
14.301003456115723
11.773771286010742
10.07082748413086
10.118315696716309
12.447019577026367
8.56746768951416
10.623435020446777
13.073163032531738
9.610635757446289
12.92122745513916
11.403594970703125
12.285643577575684
13.19351577758789
13.22797966003418
12.992171287536621
11.643115043640137
11.661931037902832
10.926251411437988
13.398571014404297
10.20458698272705
13.398411750793457
13.366731643676758
13.257963180541992
13.182795524597168
11.18493938446045
9.346603393554688
13.349035263061523
13.526603698730469
13.562539100646973
13.425642967224121
13.531659126281738
13.333515167236328
13.174763679504395
13.4114990234375
13.440203666687012
13.214091300964355
13.299083709716797
12.895659446716309
13.232011795043945
13.109515190124512
13.3001070022583
13.39985179901123
12.750635147094727
13.132906913757324
13.116971015930176
12.967883110046387
13.241451263427734
12.735466957092285
12.760363578796387
13.176971435546875
12.898987770080566
12.695979118347168
12.824810981750488
12.925003051757812
12.587435722351074
12.887146949768066
12.601387023925781
13.082091331481934
13.127179145812988
12.940011024475098
12.8153076171875
12.709707260131836
12.767627716064453
12.954283714294434
12.973258972167969
12.94961166381836
12.20193099975586
12.389195442199707
12.718795776367188
12.608139038085938
12.006251335144043
11.716139793395996
12.551115036010742
12.953835487365723
12.565899848937988
12.601259231567383
12.813098907470703
11.431595802307129
12.448779106140137
12.261259078979492
12.608683586120605
12.698539733886719
12.457643508911133
11.81370735168457
13.26237964630127
12.687627792358398
12.48951530456543
11.87927532196045
12.044811248779297
12.6822509765625
12.84817123413086
12.287787437438965
12.784619331359863
12.644715309143066
13.234923362731934
13.087979316711426
13.324331283569336
12.95460319519043
13.636811256408691
12.93549919128418
13.054698944091797
13.337450981140137
12.91514778137207
12.206155776977539
12.450443267822266
13.475179672241211
12.741003036499023
11.836043357849121
13.81041145324707
13.124811172485352
11.981547355651855
11.96938705444336
12.575979232788086
12.873739242553711
12.515499114990234
12.161771774291992
11.299915313720703
12.658474922180176
12.111499786376953
12.751019477844238
11.83549976348877
12.057771682739258
11.993578910827637
12.613035202026367
11.890987396240234
12.177931785583496
12.7388277053833
13.175371170043945
10.60458755493164
12.66356372833252
12.548810958862305
12.174955368041992
13.184235572814941
12.19959545135498
11.925259590148926
11.655915260314941
11.065611839294434
11.996075630187988
12.601675033569336
12.733291625976562
10.942123413085938
12.469771385192871
12.319403648376465
12.56381893157959
11.509450912475586
12.024619102478027
13.055499076843262
12.386091232299805
12.849291801452637
13.18378734588623
13.221163749694824
12.894186973571777
12.61498737335205
13.595179557800293
9.965354919433594
11.096875190734863
12.688043594360352
11.861578941345215
12.683563232421875
12.792523384094238
10.806827545166016
10.367178916931152
13.277739524841309
10.113035202026367
12.935371398925781
9.569835662841797
13.52999496459961
13.510763168334961
13.326443672180176
13.332619667053223
13.393163681030273
13.209675788879395
12.715051651000977
12.588234901428223
12.869163513183594
12.648587226867676
12.422795295715332
12.38522720336914
12.490155220031738
12.326507568359375
12.701611518859863
11.287755012512207
11.88199520111084
12.552555084228516
11.511147499084473
12.522347450256348
12.769163131713867
12.881035804748535
12.635819435119629
12.849835395812988
12.354411125183105
13.393835067749023
12.835051536560059
13.054187774658203
12.839691162109375
13.156394958496094
10.853931427001953
10.746827125549316
13.184555053710938
12.596843719482422
11.522795677185059
11.147467613220215
12.198859214782715
13.376779556274414
12.360971450805664
11.078186988830566
12.297547340393066
12.890539169311523
10.998059272766113
13.232522964477539
10.501579284667969
13.369643211364746
11.119659423828125
12.990987777709961
13.507307052612305
13.450379371643066
13.476971626281738
13.08548355102539
12.782187461853027
12.711050987243652
13.164491653442383
11.887115478515625
12.579211235046387
12.677451133728027
12.785323143005371
12.371787071228027
12.239339828491211
13.433963775634766
12.0894193649292
12.387627601623535
11.154539108276367
11.660523414611816
13.287435531616211
12.498411178588867
9.693611145019531
10.909131050109863
11.531179428100586
12.669931411743164
11.489483833312988
11.530635833740234
13.520331382751465
13.427434921264648
13.014859199523926
12.924843788146973
13.121675491333008
12.583179473876953
13.114187240600586
12.477195739746094
12.030570983886719
12.51463508605957
13.477131843566895
12.512587547302246
12.402411460876465
12.465291023254395
13.186251640319824
11.991883277893066
11.780939102172852
12.460939407348633
12.263531684875488
12.713835716247559
13.369771003723145
11.829387664794922
13.496363639831543
13.363627433776855
12.692971229553223
12.916234970092773
13.054027557373047
12.534090995788574
12.182635307312012
13.016939163208008
12.582475662231445
12.439531326293945
10.22036361694336
12.830122947692871
13.14116382598877
10.977418899536133
12.118123054504395
13.371659278869629
13.46557903289795
12.870923042297363
13.208075523376465
12.90330696105957
12.126635551452637
12.553387641906738
12.321227073669434
11.84708309173584
12.492267608642578
13.072331428527832
12.398187637329102
12.934891700744629
13.114666938781738
12.775211334228516
12.675691604614258
12.846443176269531
12.878987312316895
13.018218994140625
12.959178924560547
13.057195663452148
12.870859146118164
12.046699523925781
12.276395797729492
11.98353099822998
10.947851181030273
11.558218955993652
8.001995086669922
12.368171691894531
12.994635581970215
11.774155616760254
12.513419151306152
10.742827415466309
13.245515823364258
12.604907035827637
12.853899002075195
12.898219108581543
11.474987030029297
11.822731018066406
10.750859260559082
12.32343578338623
6.403243541717529
13.108043670654297
12.755915641784668
10.849963188171387
6.29133939743042
13.47364330291748
12.12148380279541
10.991019248962402
12.983723640441895
12.515435218811035
12.581483840942383
9.756587028503418
8.760971069335938
12.201803207397461
9.224299430847168
12.839787483215332
12.570475578308105
13.053291320800781
10.103339195251465
12.905195236206055
12.645963668823242
12.28164291381836
12.672587394714355
12.638635635375977
11.078987121582031
12.986059188842773
12.09418773651123
11.897706985473633
12.970219612121582
12.620171546936035
11.557515144348145
11.241419792175293
13.301963806152344
12.517387390136719
12.3054838180542
12.830315589904785
12.25799560546875
12.823563575744629
11.798090934753418
