9.876351576561311e-42
7.745748519897461
6.2325005531311035
6.686132431030273
8.256628036499023
6.927252292633057
5.911316394805908
4.270196437835693
4.240596294403076
6.402004241943359
5.534036636352539
5.6284685134887695
3.740692377090454
4.200564384460449
5.397268295288086
5.65518856048584
7.550292491912842
5.09250020980835
4.623796463012695
9.093204498291016
4.601972579956055
6.94018030166626
10.596084594726562
9.86533260345459
10.855412483215332
7.43410062789917
6.191060543060303
9.919605255126953
12.61960506439209
9.080757141113281
9.627764701843262
6.621812343597412
13.562356948852539
6.3280205726623535
13.269429206848145
12.23541259765625
13.442612648010254
12.881844520568848
12.598388671875
13.2314453125
11.941972732543945
12.409492492675781
7.632916450500488
4.713940620422363
6.575348377227783
8.230548858642578
3.174964427947998
7.070388317108154
4.859028339385986
5.044980525970459
4.738356590270996
4.1626763343811035
3.3478925228118896
5.698740482330322
10.595252990722656
4.339412212371826
10.256820678710938
8.517044067382812
9.273908615112305
11.50162124633789
6.5702924728393555
5.9052042961120605
5.096980571746826
2.4876363277435303
7.713844299316406
3.9988043308258057
5.17320442199707
3.2555723190307617
9.72654914855957
7.622132301330566
9.595349311828613
13.117173194885254
7.685300350189209
7.378260612487793
5.388500213623047
3.269524335861206
4.006676197052002
6.696084499359131
9.782709121704102
6.844756603240967
13.634100914001465
12.416532516479492
7.680532455444336
7.327796459197998
2.598644495010376
4.26213264465332
7.568788528442383
7.039924621582031
5.823380470275879
13.26213264465332
7.326452255249023
4.7376203536987305
5.130356311798096
5.3757004737854
11.07547664642334
6.335572242736816
8.080340385437012
6.723348617553711
12.80421257019043
7.629108428955078
7.862548351287842
7.893588542938232
9.536564826965332
10.810612678527832
7.281076431274414
6.0632524490356445
8.406003952026367
7.55147647857666
12.164180755615234
8.866229057312012
6.614388465881348
5.099796295166016
6.916084289550781
8.13016414642334
5.3298444747924805
8.254228591918945
11.806004524230957
5.312116622924805
11.328628540039062
4.435060501098633
3.987412452697754
9.582709312438965
8.53720474243164
8.414388656616211
7.648884296417236
4.027444362640381
7.529812335968018
4.022036552429199
7.36482048034668
6.87624454498291
6.1725006103515625
3.8435723781585693
5.140948295593262
4.790548324584961
4.530996322631836
4.145844459533691
3.1937804222106934
3.5315723419189453
3.7048845291137695
6.835796356201172
3.909844398498535
6.278740406036377
4.771892547607422
4.678260326385498
4.522324562072754
4.178868293762207
4.0662922859191895
3.9775564670562744
4.0314764976501465
3.9149324893951416
4.048980236053467
4.271284580230713
4.631796360015869
5.674356460571289
6.863284587860107
6.366292476654053
6.3846282958984375
6.156500339508057
7.192276477813721
9.200981140136719
12.209844589233398
12.847925186157227
10.28014850616455
10.926612854003906
9.479316711425781
10.569588661193848
10.297844886779785
11.093428611755371
9.76981258392334
9.46677303314209
9.757044792175293
9.75874137878418
11.930420875549316
10.45646858215332
9.810933113098145
11.08251667022705
9.149652481079102
8.838805198669434
7.874324321746826
4.522772312164307
6.931380271911621
3.1060683727264404
6.592340469360352
6.053972244262695
6.501620292663574
3.6486284732818604
5.4903883934021
5.576404571533203
4.693876266479492
5.040436267852783
5.1237006187438965
6.229332447052002
5.049716472625732
4.63499641418457
4.70712423324585
4.317268371582031
10.998356819152832
11.33474063873291
9.171092987060547
10.434325218200684
10.238740921020508
11.895829200744629
9.76651668548584
10.310293197631836
7.813652515411377
8.974644660949707
8.037812232971191
7.923252582550049
2.0083723068237305
6.233620643615723
5.136500358581543
11.500372886657715
10.241460800170898
9.144372940063477
7.6936845779418945
2.981940507888794
9.268404960632324
9.8875732421875
6.920724391937256
1.9277963638305664
6.641332626342773
10.137141227722168
7.2262282371521
4.345748424530029
8.479028701782227
9.377556800842285
8.843924522399902
11.219861030578613
9.591317176818848
7.495508193969727
4.417332649230957
10.365525245666504
8.817940711975098
9.037013053894043
9.433173179626465
6.348052501678467
4.438900470733643
6.884500503540039
7.279860496520996
4.314484596252441
3.974100351333618
9.3461332321167
4.563700199127197
9.197461128234863
3.1883723735809326
8.336180686950684
3.4253644943237305
2.9154763221740723
7.962836265563965
6.469716548919678
6.080308437347412
4.595316410064697
6.361588478088379
5.6574602127075195
4.039700508117676
2.5123724937438965
2.521972417831421
2.5690762996673584
9.186837196350098
9.312661170959473
11.667445182800293
13.087733268737793
12.810805320739746
12.795732498168945
12.395284652709961
11.739380836486816
10.68232536315918
10.278228759765625
10.458196640014648
10.86414909362793
13.078836441040039
12.018516540527344
12.12773323059082
10.881556510925293
11.124980926513672
10.298676490783691
10.362005233764648
9.809748649597168
10.298933029174805
10.948308944702148
10.705684661865234
10.346997261047363
10.524340629577637
9.054773330688477
10.29477310180664
10.233972549438477
12.859861373901367
9.417525291442871
13.21506118774414
11.309684753417969
11.86642074584961
12.076533317565918
10.444340705871582
10.485685348510742
10.059157371520996
10.518900871276855
10.426005363464355
10.358901023864746
12.57099723815918
10.497204780578613
12.358100891113281
10.685492515563965
10.272661209106445
9.939925193786621
12.285013198852539
10.549684524536133
10.427637100219727
12.701876640319824
10.293205261230469
10.245556831359863
11.30523681640625
10.683764457702637
13.06712532043457
10.33480453491211
11.570900917053223
10.130484580993652
10.301908493041992
10.293333053588867
10.367700576782227
10.367060661315918
12.02958869934082
10.367541313171387
10.399540901184082
10.390100479125977
10.728277206420898
12.40178108215332
10.560628890991211
12.635285377502441
10.712372779846191
10.934292793273926
11.090453147888184
11.625332832336426
11.683476448059082
12.186901092529297
12.7761812210083
12.95317268371582
13.244373321533203
13.327508926391602
11.953781127929688
10.71506118774414
10.860468864440918
9.481589317321777
9.529172897338867
5.867252349853516
9.593749046325684
12.871477127075195
11.896788597106934
8.342004776000977
11.67090129852295
10.625781059265137
10.629109382629395
8.936884880065918
10.103508949279785
9.247060775756836
10.631381034851074
11.302325248718262
12.055989265441895
8.547348022460938
10.46130084991455
12.821781158447266
11.17304515838623
8.690133094787598
9.579412460327148
15.022900581359863
14.413108825683594
11.088052749633789
10.827893257141113
12.531989097595215
8.713205337524414
7.305780410766602
10.794740676879883
8.568819999694824
9.892885208129883
13.575892448425293
11.768660545349121
9.911989212036133
11.921204566955566
15.303988456726074
11.563860893249512
10.751444816589355
7.673076629638672
7.745876312255859
9.593621253967285
14.44168472290039
9.720149040222168
10.987284660339355
6.988148212432861
6.766612529754639
8.711541175842285
10.201557159423828
11.118292808532715
6.3413004875183105
9.765909194946289
9.718484878540039
7.286900520324707
10.481013298034668
11.258069038391113
10.485268592834473
11.173845291137695
11.886100769042969
10.194005012512207
7.071636199951172
10.422996520996094
8.14478874206543
10.184436798095703
13.796789169311523
13.531732559204102
11.631765365600586
7.818996429443359
14.595477104187012
12.85163688659668
8.43413257598877
14.120884895324707
15.068244934082031
9.609396934509277
10.5338773727417
13.334933280944824
8.073012351989746
8.153076171875
6.340948581695557
7.23384428024292
9.09662914276123
9.874869346618652
10.553812980651855
10.208564758300781
10.4738130569458
11.092500686645508
11.64261245727539
14.11573314666748
14.589140892028809
15.099637031555176
15.32645320892334
15.14251708984375
13.472052574157715
12.739668846130371
11.880436897277832
12.20142936706543
11.698325157165527
10.526932716369629
10.685397148132324
9.830901145935059
8.90683650970459
8.145716667175293
8.192404747009277
2.062100410461426
8.539316177368164
12.132020950317383
10.157844543457031
8.903093338012695
8.041364669799805
1.8974604606628418
9.106197357177734
11.574517250061035
9.521332740783691
7.400468349456787
6.003380298614502
9.62773323059082
5.935284614562988
10.632372856140137
8.018996238708496
6.692948341369629
4.84901237487793
6.629332542419434
10.413429260253906
8.162004470825195
9.335092544555664
8.387380599975586
8.71506118774414
8.260948181152344
8.210932731628418
8.55698013305664
9.437076568603516
9.905716896057129
10.319572448730469
10.614581108093262
10.552788734436035
14.519444465637207
2.3310604095458984
1.1545164585113525
6.874164581298828
1.6363403797149658
2.695380449295044
12.615252494812012
1.0758603811264038
11.945013046264648
9.62840461730957
1.5641803741455078
4.853748321533203
8.44994068145752
1.9280524253845215
10.068660736083984
2.7306764125823975
2.283156394958496
6.16613245010376
7.050068378448486
7.275028228759766
9.433140754699707
5.723636627197266
9.818068504333496
8.505844116210938
8.984148979187012
11.498004913330078
1.9010124206542969
13.837717056274414
1.010452389717102
7.602964401245117
1.6428043842315674
2.470132350921631
6.013012409210205
4.440500259399414
9.894453048706055
2.671668529510498
7.888916492462158
8.412372589111328
8.805269241333008
9.256660461425781
4.920372486114502
13.181653022766113
8.354644775390625
11.909749031066895
9.56610107421875
9.389717102050781
10.19726848602295
12.759988784790039
5.8095245361328125
1.2027404308319092
9.034740447998047
3.504340410232544
10.11141300201416
9.85163688659668
10.699508666992188
12.425972938537598
1.2271244525909424
3.735508441925049
10.22216510772705
6.646644592285156
10.255637168884277
3.001396417617798
3.8381004333496094
5.324148654937744
10.105588912963867
11.805845260620117
10.375028610229492
10.175285339355469
6.784116268157959
6.618356227874756
11.045941352844238
9.533429145812988
9.370420455932617
12.248469352722168
10.3112211227417
9.13931655883789
10.359508514404297
10.580724716186523
7.525204658508301
8.015636444091797
8.969429016113281
9.575828552246094
10.019316673278809
10.335956573486328
10.247636795043945
10.390100479125977
11.234132766723633
10.900437355041504
11.587157249450684
12.290804862976074
12.769620895385742
13.298420906066895
11.754740715026855
10.90462875366211
10.403828620910645
10.806709289550781
11.003252983093262
9.97506046295166
12.527668952941895
11.671732902526855
12.083573341369629
13.891348838806152
12.545269012451172
10.52475643157959
10.575221061706543
13.68181324005127
12.809941291809082
11.14962100982666
12.913172721862793
11.19333267211914
13.183220863342285
13.864789009094238
12.390260696411133
13.242293357849121
12.529428482055664
10.740372657775879
11.592469215393066
11.280308723449707
12.20050048828125
12.039508819580078
12.874005317687988
12.320084571838379
12.577844619750977
11.931412696838379
12.206805229187012
11.385812759399414
11.325780868530273
10.40395736694336
11.965044975280762
9.767701148986816
12.552724838256836
8.941940307617188
12.401556968688965
11.695381164550781
9.782452583312988
10.096148490905762
11.354677200317383
11.288788795471191
10.991765022277832
11.29534912109375
12.313076972961426
12.869173049926758
12.001973152160645
12.482324600219727
12.230293273925781
11.532853126525879
10.574453353881836
10.234644889831543
12.595956802368164
11.00338077545166
11.932021141052246
13.697173118591309
12.390132904052734
10.806164741516113
13.60590934753418
11.936884880065918
12.477588653564453
11.716404914855957
11.257044792175293
11.363157272338867
11.930517196655273
13.568500518798828
13.560276985168457
12.834388732910156
12.421621322631836
11.736084938049316
10.28123664855957
12.430676460266113
10.910356521606445
9.960628509521484
9.068853378295898
8.261812210083008
7.35387659072876
7.129972457885742
8.227348327636719
7.131284236907959
8.183764457702637
10.13915729522705
11.504565238952637
8.92306137084961
6.807284355163574
7.935316562652588
5.792372226715088
10.291316986083984
6.335156440734863
6.762516498565674
7.326260566711426
7.8757004737854
7.678676605224609
8.30472469329834
11.473876953125
10.469141006469727
9.199156761169434
10.307668685913086
8.382804870605469
9.294100761413574
8.629236221313477
9.480308532714844
8.55698013305664
11.128052711486816
9.387252807617188
5.907412528991699
9.392885208129883
7.823668479919434
9.31189250946045
5.587252616882324
6.2856526374816895
7.641140460968018
5.8464202880859375
10.534836769104004
7.936468601226807
5.963284492492676
9.162900924682617
5.846132278442383
13.897333145141602
7.457204341888428
10.956661224365234
11.165141105651855
8.524564743041992
13.997204780578613
10.610357284545898
11.770005226135254
9.410261154174805
9.998101234436035
11.82587718963623
12.414133071899414
12.824725151062012
10.286453247070312
10.132181167602539
11.92594051361084
12.5885009765625
13.051733016967773
13.047764778137207
12.772180557250977
11.83349323272705
10.43339729309082
10.304308891296387
11.525556564331055
11.86853313446045
10.182772636413574
10.161300659179688
11.883732795715332
9.728917121887207
9.075348854064941
11.977333068847656
11.784213066101074
11.329461097717285
10.54750919342041
9.354389190673828
11.545524597167969
11.46078872680664
12.443093299865723
9.50344467163086
12.47928524017334
11.688820838928223
11.285813331604004
9.09669303894043
10.72018051147461
12.673973083496094
13.962068557739258
13.22875690460205
12.659924507141113
13.345812797546387
13.593076705932617
15.165396690368652
14.044532775878906
14.104660987854004
11.74242115020752
13.25224494934082
15.113556861877441
12.684372901916504
14.942036628723145
12.786165237426758
14.669268608093262
11.968052864074707
12.857748985290527
11.818676948547363
14.1082124710083
14.6964693069458
12.678805351257324
12.60920524597168
13.713876724243164
14.429268836975098
13.603445053100586
13.541364669799805
13.781781196594238
14.034005165100098
14.23154067993164
13.85275650024414
13.557205200195312
13.351733207702637
12.730709075927734
14.436820983886719
14.274229049682617
13.471412658691406
12.329140663146973
14.15678882598877
12.502388954162598
12.503765106201172
12.986644744873047
10.31342887878418
12.268660545349121
11.834452629089355
13.025428771972656
11.439764976501465
8.56837272644043
8.931957244873047
13.150740623474121
8.248692512512207
12.740693092346191
8.619828224182129
12.743828773498535
11.036116600036621
10.458996772766113
12.908469200134277
8.262612342834473
9.21243667602539
8.46744441986084
12.328021049499512
12.483957290649414
12.014932632446289
8.021748542785645
6.769620418548584
5.759956359863281
11.048437118530273
11.250452995300293
11.247797012329102
7.012340545654297
7.993076324462891
6.592852592468262
9.629173278808594
10.876980781555176
9.778804779052734
8.95800495147705
9.622357368469238
10.575860977172852
6.562708377838135
5.446004390716553
6.225268363952637
9.05410099029541
11.928340911865234
7.464788436889648
8.339444160461426
12.303508758544922
10.86363697052002
12.290164947509766
11.226516723632812
8.978612899780273
12.42635726928711
11.327829360961914
10.990069389343262
12.213748931884766
10.854996681213379
10.292757034301758
12.855669021606445
13.295028686523438
14.001300811767578
13.599349021911621
13.31291675567627
11.294580459594727
11.659893035888672
14.636884689331055
14.043861389160156
13.83963680267334
10.724660873413086
12.708852767944336
9.11579704284668
12.816916465759277
12.976629257202148
9.764436721801758
9.38274097442627
12.182165145874023
7.927476406097412
11.043892860412598
7.472020626068115
8.354260444641113
6.295348644256592
9.890517234802246
8.244532585144043
9.971924781799316
9.880084991455078
9.468852996826172
7.110356330871582
5.772148609161377
8.930869102478027
8.458356857299805
9.258708953857422
11.768756866455078
13.161269187927246
9.43515682220459
8.368436813354492
13.709012985229492
11.558357238769531
12.547221183776855
13.613396644592285
12.967988967895508
14.814101219177246
9.503284454345703
13.08251667022705
11.373876571655273
13.109396934509277
11.017781257629395
7.5735883712768555
6.385492324829102
10.797141075134277
10.310036659240723
9.89358901977539
9.155060768127441
6.138548374176025
10.38011646270752
6.54437255859375
9.207924842834473
9.481524467468262
12.920724868774414
9.186388969421387
10.787124633789062
9.087700843811035
13.086676597595215
13.984116554260254
14.237236976623535
14.294997215270996
13.452468872070312
10.390676498413086
13.054132461547852
9.683253288269043
13.61243724822998
11.29330062866211
8.603156089782715
9.942612648010254
6.583700180053711
6.784308433532715
7.736052513122559
7.812692642211914
12.541300773620605
10.366389274597168
12.697237014770508
14.979604721069336
13.146132469177246
10.07870864868164
10.767189025878906
10.560884475708008
11.252084732055664
9.255892753601074
9.44987678527832
8.854677200317383
6.47781229019165
9.139509201049805
10.161909103393555
8.889717102050781
12.763317108154297
8.987700462341309
14.418229103088379
11.513749122619629
12.350740432739258
11.313108444213867
11.311060905456543
11.18082046508789
10.155220985412598
9.851188659667969
12.580053329467773
10.521589279174805
11.629204750061035
9.817204475402832
11.1715726852417
13.244085311889648
13.778549194335938
14.711444854736328
13.74734878540039
11.109333038330078
13.06779670715332
13.039669036865234
9.992789268493652
11.108724594116211
14.523252487182617
13.7960205078125
8.81944465637207
13.356245040893555
10.686356544494629
12.189108848571777
10.880916595458984
12.457941055297852
12.665972709655762
9.379700660705566
13.322164535522461
13.230388641357422
9.23541259765625
13.776405334472656
14.158613204956055
9.929396629333496
8.543092727661133
8.908596992492676
10.804181098937988
8.31131649017334
7.640724182128906
11.80734920501709
12.261940956115723
7.466292381286621
7.398036479949951
13.394292831420898
7.0810441970825195
13.749844551086426
11.610357284545898
13.546293258666992
6.729140281677246
13.554740905761719
11.276981353759766
11.151956558227539
14.660884857177734
11.499860763549805
6.855668544769287
12.859540939331055
12.556853294372559
13.266613006591797
10.138388633728027
12.47877311706543
13.907764434814453
6.339636325836182
10.249140739440918
11.792244911193848
14.505269050598145
13.102389335632324
14.004308700561523
8.757332801818848
12.675189018249512
