9.876351576561311e-42
14.584357261657715
13.755812644958496
13.610532760620117
13.859076499938965
13.815044403076172
13.017892837524414
12.58634090423584
12.550244331359863
11.04045295715332
12.15955638885498
11.942116737365723
11.690820693969727
8.708900451660156
10.524229049682617
11.181157112121582
5.218820571899414
10.664548873901367
6.916868686676025
10.655172348022461
9.689732551574707
5.297092914581299
11.01811695098877
10.823684692382812
10.704645156860352
4.945412635803223
6.03664493560791
10.315716743469238
10.008484840393066
5.457572937011719
9.33462905883789
5.398916721343994
10.448164939880371
9.070948600769043
10.24899673461914
9.252549171447754
9.215108871459961
9.022820472717285
7.055109024047852
9.616292953491211
8.900836944580078
9.188932418823242
14.081028938293457
12.080389022827148
13.712804794311523
13.741828918457031
12.182661056518555
12.2369966506958
9.322340965270996
11.846436500549316
11.453925132751465
7.232548713684082
11.042084693908691
6.1291890144348145
11.272933006286621
9.457636833190918
10.493252754211426
9.300708770751953
5.797796726226807
9.124324798583984
13.215076446533203
10.909284591674805
12.955620765686035
11.810532569885254
11.88710880279541
8.407204627990723
6.424901008605957
10.977701187133789
11.111332893371582
9.869572639465332
9.075748443603516
8.829188346862793
13.578245162963867
12.11363697052002
12.986756324768066
12.189796447753906
7.820132732391357
5.556740760803223
11.398468971252441
9.777572631835938
10.03443717956543
8.66326904296875
12.523653030395508
11.572836875915527
11.790276527404785
7.484516620635986
4.97549295425415
5.2471089363098145
10.091780662536621
9.610084533691406
11.99581241607666
12.587301254272461
6.601700782775879
9.986692428588867
8.57536506652832
11.470149040222168
4.946564674377441
5.140420913696289
9.40080451965332
12.74400520324707
11.286788940429688
4.9297966957092285
8.51379680633545
8.802821159362793
12.921476364135742
11.725668907165527
10.970980644226074
5.160484790802002
9.786437034606934
8.834020614624023
12.436644554138184
11.224292755126953
10.838212966918945
8.887812614440918
10.95702838897705
10.495780944824219
9.615044593811035
12.588229179382324
9.460165023803711
12.138948440551758
10.272420883178711
10.149349212646484
9.084612846374512
9.950693130493164
9.090468406677246
9.997636795043945
9.260772705078125
9.570341110229492
5.476452827453613
9.220836639404297
9.686117172241211
12.164612770080566
9.42304515838623
9.210597038269043
8.971332550048828
9.197444915771484
11.740549087524414
10.890116691589355
10.803044319152832
10.287013053894043
10.513957023620605
10.196356773376465
10.586756706237793
10.490693092346191
10.394597053527832
10.101861000061035
9.865028381347656
9.597796440124512
8.793444633483887
9.181892395019531
8.052165031433105
7.69712495803833
7.149412631988525
6.487172603607178
6.098244667053223
5.666884899139404
5.432644844055176
5.755716800689697
5.82323694229126
6.168932914733887
7.541156768798828
8.062532424926758
11.889252662658691
11.723044395446777
12.460868835449219
11.373092651367188
12.215652465820312
11.208324432373047
10.475172996520996
12.841572761535645
10.586020469665527
12.473669052124023
14.922500610351562
14.065284729003906
13.650020599365234
15.035877227783203
13.101604461669922
15.374213218688965
15.061092376708984
12.096388816833496
15.451045036315918
11.583909034729004
13.575716972351074
14.974757194519043
14.783012390136719
11.305253028869629
12.334948539733887
12.867012977600098
13.896613121032715
13.381796836853027
12.225541114807129
14.29709243774414
11.680581092834473
12.77306079864502
11.550885200500488
12.700485229492188
11.835172653198242
11.557796478271484
12.759077072143555
10.841988563537598
11.029220581054688
14.680964469909668
13.60282039642334
14.139908790588379
12.85818099975586
14.919140815734863
14.589028358459473
15.824836730957031
11.15939712524414
14.527556419372559
12.561476707458496
11.768324851989746
13.863844871520996
13.957188606262207
15.442692756652832
11.582693099975586
10.142788887023926
13.659333229064941
15.03824520111084
10.463909149169922
14.079876899719238
12.420644760131836
14.624964714050293
13.320612907409668
10.331076622009277
13.254117012023926
13.432708740234375
11.607076644897461
13.430276870727539
13.077924728393555
12.125956535339355
11.506789207458496
10.850149154663086
11.406021118164062
12.966532707214355
10.677349090576172
11.47830867767334
11.28288459777832
14.136356353759766
10.876228332519531
10.314276695251465
13.089445114135742
10.997445106506348
12.524612426757812
9.962693214416504
12.494725227355957
10.645317077636719
10.988452911376953
13.60384464263916
13.134629249572754
12.233668327331543
11.944581031799316
12.524484634399414
12.612933158874512
12.050244331359863
10.819236755371094
10.173060417175293
9.505252838134766
9.281668663024902
9.546501159667969
9.769637107849121
11.350692749023438
12.005125045776367
12.235268592834473
12.839941024780273
13.935844421386719
12.925061225891113
13.397253036499023
14.180548667907715
10.229220390319824
11.562949180603027
10.672196388244629
12.344932556152344
13.344356536865234
12.304516792297363
12.502084732055664
12.781668663024902
12.02032470703125
12.403268814086914
11.578021049499512
11.785892486572266
11.87795639038086
11.856548309326172
11.481732368469238
11.367749214172363
9.258373260498047
10.9248046875
9.695301055908203
11.630084991455078
13.787013053894043
12.9248046875
10.528996467590332
12.222980499267578
13.20653247833252
12.122180938720703
11.993220329284668
11.792325019836426
11.890244483947754
10.05200481414795
9.619685173034668
12.430085182189941
12.808100700378418
12.346565246582031
11.542532920837402
9.426436424255371
12.655620574951172
11.633028984069824
10.287620544433594
12.269796371459961
11.885028839111328
9.326885223388672
13.063460350036621
10.739588737487793
13.006213188171387
12.563972473144531
11.891589164733887
13.230692863464355
12.224004745483398
12.390789031982422
13.595269203186035
12.24474048614502
13.252996444702148
13.936452865600586
13.314212799072266
14.021124839782715
11.925477027893066
13.667941093444824
11.966980934143066
13.527397155761719
13.847172737121582
13.623652458190918
12.723397254943848
12.881284713745117
12.444644927978516
12.006980895996094
11.935333251953125
11.447332382202148
11.057765007019043
10.098084449768066
9.865860939025879
10.150724411010742
9.8035888671875
9.802372932434082
8.78778076171875
9.733284950256348
11.568613052368164
10.714756965637207
9.252740859985352
10.756324768066406
10.018596649169922
9.231908798217773
11.311653137207031
11.714276313781738
11.14154052734375
9.786500930786133
9.229252815246582
8.435364723205566
8.929060935974121
8.134724617004395
8.782501220703125
7.871940612792969
7.910884857177734
7.488196849822998
8.254884719848633
7.752420902252197
7.179556846618652
10.222628593444824
11.57274055480957
9.080389022827148
10.762116432189941
9.512965202331543
10.452997207641602
11.110756874084473
8.383588790893555
8.517284393310547
8.398948669433594
7.484004974365234
8.02355670928955
7.448421001434326
10.215076446533203
10.900516510009766
10.623748779296875
10.493188858032227
8.445924758911133
9.663172721862793
10.600869178771973
10.074501037597656
10.294565200805664
9.25008487701416
9.40621280670166
11.314980506896973
10.184548377990723
8.703524589538574
10.924004554748535
8.990180969238281
8.588996887207031
8.497028350830078
10.312005043029785
9.043269157409668
8.861061096191406
9.95811653137207
9.051332473754883
9.578052520751953
9.94880485534668
8.891044616699219
8.523844718933105
8.654820442199707
8.401156425476074
8.479300498962402
8.408548355102539
7.913796901702881
8.439140319824219
8.419748306274414
8.060036659240723
7.891140937805176
7.486372947692871
7.5593647956848145
9.549445152282715
9.424644470214844
8.404708862304688
8.022244453430176
7.396164894104004
7.399844646453857
7.501220703125
7.051204681396484
7.344228744506836
7.6769328117370605
8.1890287399292
8.413764953613281
8.402853012084961
8.283332824707031
8.164260864257812
7.814820766448975
7.356324672698975
7.2359089851379395
7.207460880279541
7.488516807556152
7.880260944366455
11.199045181274414
11.282341003417969
11.187845230102539
9.349252700805664
8.547780990600586
9.811492919921875
10.367588996887207
7.786628723144531
7.930340766906738
10.844772338867188
9.055845260620117
8.88762092590332
9.790692329406738
8.128517150878906
8.457572937011719
9.813508987426758
8.170980453491211
10.110692977905273
9.567045211791992
9.543493270874023
10.706180572509766
7.922180652618408
8.541348457336426
8.20982837677002
7.838340759277344
10.598244667053223
7.587428569793701
9.400228500366211
8.685508728027344
8.858917236328125
8.12403678894043
8.320709228515625
7.70752477645874
7.374884605407715
7.604004859924316
7.986148834228516
8.504644393920898
9.623172760009766
8.090852737426758
9.213765144348145
9.72614860534668
8.004997253417969
10.804740905761719
9.271141052246094
8.106500625610352
10.120356559753418
8.69613265991211
8.597380638122559
10.006020545959473
9.703908920288086
9.609637260437012
10.239269256591797
9.773764610290527
9.758916854858398
9.877764701843262
9.709317207336426
9.77453327178955
9.692357063293457
10.32592487335205
9.391237258911133
11.545125007629395
8.76326847076416
8.395685195922852
9.808452606201172
9.211780548095703
8.058820724487305
10.240516662597656
8.30080509185791
9.695748329162598
9.695748329162598
9.640388488769531
9.65574836730957
10.07280445098877
9.270853042602539
9.88227653503418
9.990500450134277
9.221220970153809
8.894116401672363
8.329124450683594
7.654308795928955
8.713668823242188
8.575396537780762
10.667780876159668
9.393060684204102
9.022149085998535
7.528132915496826
8.560164451599121
10.600132942199707
9.984548568725586
9.260517120361328
10.931140899658203
10.431748390197754
10.105348587036133
7.9804205894470215
10.377573013305664
9.38598918914795
9.611236572265625
9.12726879119873
10.837221145629883
9.902660369873047
9.767460823059082
9.644580841064453
10.501956939697266
8.516485214233398
11.116132736206055
9.697348594665527
8.890852928161621
9.502436637878418
10.532100677490234
9.607524871826172
10.33958911895752
10.58742904663086
10.137989044189453
10.942116737365723
10.627044677734375
11.267909049987793
9.360773086547852
9.675909042358398
9.6791410446167
10.634916305541992
11.006404876708984
10.204005241394043
10.745573043823242
11.287140846252441
11.509221076965332
11.126213073730469
10.841029167175293
11.128005027770996
10.851301193237305
10.24730110168457
14.57053279876709
14.024036407470703
14.329412460327148
15.712100982666016
15.129348754882812
14.660837173461914
15.684548377990723
15.597732543945312
15.45034122467041
15.47018051147461
14.993988990783691
15.648228645324707
14.931172370910645
15.619109153747559
15.1638765335083
15.510404586791992
15.554276466369629
14.767364501953125
15.383588790893555
15.28557300567627
15.2620849609375
15.176421165466309
15.036356925964355
15.16048526763916
15.346405029296875
15.028644561767578
14.837348937988281
15.140548706054688
14.59117317199707
14.896772384643555
14.880196571350098
13.63818073272705
13.49734878540039
14.112645149230957
14.493700981140137
14.263652801513672
13.247780799865723
13.816580772399902
12.881156921386719
13.486597061157227
12.98922061920166
12.753413200378418
13.259941101074219
13.147236824035645
12.931108474731445
13.074661254882812
13.021188735961914
14.303428649902344
12.998212814331055
12.806020736694336
12.923012733459473
12.969764709472656
14.727621078491211
13.37898063659668
14.059748649597168
13.599556922912598
12.930021286010742
12.973093032836914
14.553348541259766
12.88170051574707
12.920389175415039
13.855844497680664
12.8767728805542
14.379620552062988
14.062468528747559
13.787972450256348
13.524517059326172
13.26157283782959
13.119780540466309
12.902372360229492
12.851268768310547
12.878437042236328
13.024517059326172
12.918597221374512
6.024837017059326
8.172965049743652
8.535460472106934
8.54931640625
8.6640043258667
9.579461097717285
11.143268585205078
10.292452812194824
9.705604553222656
10.726564407348633
9.71027660369873
9.271876335144043
9.973605155944824
11.361380577087402
11.743077278137207
11.132580757141113
8.528676986694336
8.518341064453125
8.037700653076172
12.482276916503906
7.547396659851074
12.691429138183594
11.632452964782715
10.572100639343262
6.5945329666137695
5.946564674377441
6.791492938995361
7.777540683746338
12.9214448928833
14.019588470458984
9.667396545410156
14.243748664855957
8.802852630615234
14.044709205627441
12.518692970275879
10.931684494018555
12.99293327331543
8.990341186523438
13.46563720703125
11.679365158081055
12.274468421936035
9.717828750610352
10.584356307983398
9.58854866027832
10.441573143005371
12.38170051574707
10.006820678710938
11.867844581604004
8.928548812866211
13.350756645202637
11.280900955200195
14.832164764404297
13.814692497253418
8.774820327758789
14.606340408325195
14.464964866638184
13.780837059020996
12.854724884033203
11.502212524414062
11.002532958984375
11.227300643920898
13.636580467224121
13.3931245803833
12.101540565490723
9.335748672485352
10.813764572143555
10.022340774536133
13.908356666564941
12.221476554870605
10.87789249420166
9.95693302154541
13.097156524658203
13.272869110107422
9.850213050842285
10.425637245178223
11.3865966796875
10.609061241149902
10.985093116760254
12.927044868469238
12.05574893951416
12.26269245147705
11.934980392456055
11.131012916564941
12.165764808654785
12.64483642578125
13.118597030639648
11.413604736328125
12.675108909606934
12.506372451782227
12.44163703918457
12.094757080078125
11.839268684387207
12.649380683898926
12.195877075195312
12.725605010986328
11.868132591247559
12.70698070526123
12.935909271240234
12.191876411437988
12.977477073669434
12.988932609558105
11.393572807312012
13.132196426391602
11.942020416259766
13.168356895446777
11.75066089630127
13.212261199951172
12.310276985168457
13.181412696838379
12.876260757446289
10.291876792907715
13.972101211547852
14.152740478515625
9.818596839904785
12.334020614624023
10.79818058013916
11.298340797424316
13.97603702545166
10.563204765319824
10.829156875610352
14.63882064819336
14.249444961547852
14.434724807739258
10.61027717590332
10.32819652557373
9.382757186889648
14.46893310546875
14.760453224182129
14.969892501831055
11.829988479614258
14.88432502746582
13.878597259521484
9.403844833374023
15.10698127746582
12.511332511901855
14.391972541809082
12.1475248336792
11.028388977050781
14.385765075683594
13.455365180969238
13.116484642028809
11.726948738098145
13.623493194580078
11.133380889892578
13.34890079498291
12.37846851348877
12.822213172912598
13.177796363830566
12.62515640258789
13.583076477050781
13.380708694458008
13.94230842590332
13.517156600952148
13.804292678833008
7.543108940124512
11.046501159667969
10.141093254089355
9.161892890930176
9.542244911193848
10.404932975769043
8.163108825683594
7.789540767669678
7.209924697875977
11.619621276855469
6.342916965484619
6.393092632293701
6.853604793548584
13.190308570861816
13.470468521118164
13.286404609680176
11.601861000061035
11.0842924118042
11.379396438598633
13.878628730773926
9.220708847045898
12.9761323928833
13.4913969039917
14.661092758178711
12.832868576049805
11.932900428771973
12.921476364135742
11.312548637390137
13.070277214050293
12.783332824707031
11.670180320739746
12.7587890625
12.199268341064453
11.752100944519043
12.568868637084961
12.85066032409668
11.572452545166016
13.425349235534668
12.6921968460083
12.944293022155762
12.633380889892578
14.37283706665039
14.67162036895752
11.211268424987793
12.222309112548828
15.173829078674316
12.884613037109375
11.215269088745117
11.471364974975586
14.131876945495605
13.858372688293457
6.520452976226807
10.379013061523438
8.821028709411621
10.944068908691406
7.58147668838501
11.681093215942383
6.458596706390381
11.872644424438477
6.743844985961914
6.8516845703125
12.532452583312988
10.928709030151367
10.26150894165039
9.3899564743042
13.167556762695312
13.500516891479492
10.74144458770752
14.424644470214844
10.50941276550293
11.722245216369629
12.147364616394043
12.32826042175293
12.732260704040527
13.218756675720215
10.096900939941406
14.333349227905273
12.625188827514648
11.926788330078125
13.644804954528809
13.348836898803711
5.693700790405273
8.956740379333496
9.859428405761719
9.908580780029297
6.114212989807129
7.142980575561523
11.58854866027832
9.760068893432617
9.084452629089355
12.895045280456543
11.546149253845215
13.220196723937988
10.52355670928955
10.4247407913208
12.530981063842773
12.131428718566895
13.36419677734375
11.334660530090332
13.535941123962402
14.50554084777832
14.959461212158203
14.090276718139648
11.690244674682617
13.084100723266602
13.181028366088867
9.364548683166504
10.821925163269043
6.4844207763671875
10.183428764343262
8.93571662902832
13.725348472595215
12.529956817626953
10.224740982055664
13.149701118469238
14.246021270751953
12.119268417358398
14.685796737670898
12.79590892791748
6.719108581542969
9.464932441711426
8.814021110534668
6.917892932891846
6.985860824584961
12.1856689453125
9.437668800354004
14.376581192016602
10.98819637298584
12.758116722106934
13.756548881530762
11.036293029785156
14.585540771484375
12.481252670288086
12.811044692993164
8.265636444091797
7.13600492477417
10.439748764038086
11.827716827392578
11.648356437683105
12.602021217346191
9.023428916931152
6.158052921295166
14.367140769958496
12.00934886932373
12.008005142211914
12.7403564453125
13.646500587463379
14.264452934265137
14.038692474365234
11.968900680541992
12.162820816040039
6.932548999786377
12.706852912902832
11.958404541015625
14.155908584594727
13.284740447998047
11.569380760192871
6.8505330085754395
9.91718864440918
14.257956504821777
11.661189079284668
13.780421257019043
13.059205055236816
11.302885055541992
12.411076545715332
7.322052955627441
11.797028541564941
12.673380851745605
12.982916831970215
7.940676689147949
11.177668571472168
12.620325088500977
9.082660675048828
10.75610065460205
14.059012413024902
11.650277137756348
10.048260688781738
10.595236778259277
12.196996688842773
10.708196640014648
9.241668701171875
11.85424518585205
9.608004570007324
10.416964530944824
9.171908378601074
12.041860580444336
12.295717239379883
11.757221221923828
12.22995662689209
10.177892684936523
9.644420623779297
13.601284980773926
11.668581008911133
10.63283634185791
13.355525016784668
12.715300559997559
9.993668556213379
8.443365097045898
12.276325225830078
11.542917251586914
12.684677124023438
11.048517227172852
11.139012336730957
12.872709274291992
