9.876351576561311e-42
11.950018882751465
10.533027648925781
10.4544677734375
10.792131423950195
8.66585922241211
8.217251777648926
6.990179538726807
9.311331748962402
7.753955364227295
10.891427040100098
5.719011306762695
6.369699478149414
8.076387405395508
8.86070728302002
4.887683391571045
14.544835090637207
5.674819469451904
9.220803260803223
9.045987129211426
9.946722984313965
15.163203239440918
10.29520320892334
10.232803344726562
10.112739562988281
15.108867645263672
13.239715576171875
9.877667427062988
9.788675308227539
12.572355270385742
10.067010879516602
13.616739273071289
10.762275695800781
11.235267639160156
10.293635368347168
8.971587181091309
9.099811553955078
9.671523094177246
13.924643516540527
9.591267585754395
10.162147521972656
9.119555473327637
11.604995727539062
8.433603286743164
9.700611114501953
10.168931007385254
8.801379203796387
6.198019504547119
8.694659233093262
8.321603775024414
5.85405158996582
8.509763717651367
5.512611389160156
12.743459701538086
9.913826942443848
10.29190731048584
10.26461124420166
10.947074890136719
12.912195205688477
9.122275352478027
8.628643035888672
9.346083641052246
8.112643241882324
6.523651123046875
9.481795310974121
7.777027130126953
10.982563018798828
6.383651256561279
9.50035572052002
8.338179588317871
10.615267753601074
9.26569938659668
9.308963775634766
7.031843185424805
7.735363483428955
7.524515151977539
7.787395477294922
13.588899612426758
8.889379501342773
8.591107368469238
10.387459754943848
9.236227035522461
6.556835174560547
6.993475437164307
6.031267166137695
8.245347023010254
15.08125114440918
14.960675239562988
8.2034912109375
9.477571487426758
6.38742733001709
7.459427356719971
10.9360990524292
8.719587326049805
9.167555809020996
6.777475357055664
14.920035362243652
13.927203178405762
9.198115348815918
6.725411415100098
7.067107200622559
14.573539733886719
9.03645133972168
10.275971412658691
7.738147258758545
6.136195182800293
7.827779293060303
13.887139320373535
8.873443603515625
11.277955055236816
6.382787227630615
6.402435302734375
5.77171516418457
11.81321907043457
7.456771373748779
7.5656352043151855
8.002947807312012
6.9165472984313965
8.014595031738281
6.130627155303955
8.031523704528809
9.205763816833496
11.355203628540039
8.087939262390137
10.679363250732422
8.125186920166016
9.031651496887207
8.35245132446289
12.968707084655762
7.21549129486084
8.564803123474121
6.688675403594971
9.965859413146973
10.26029109954834
9.377571105957031
8.822179794311523
6.171331405639648
6.747331142425537
7.173635482788086
6.5831074714660645
7.990787506103516
7.259043216705322
6.623907566070557
7.542851448059082
8.175971031188965
9.26681900024414
9.353923797607422
8.47693157196045
7.646883487701416
7.561347484588623
7.759331226348877
8.907299041748047
9.779011726379395
12.809571266174316
13.766594886779785
13.62157154083252
12.91136360168457
12.300930976867676
12.35529899597168
13.83721923828125
13.917795181274414
12.773058891296387
8.872547149658203
9.120515823364258
9.682243347167969
7.3114914894104
11.019107818603516
8.598851203918457
6.75315523147583
11.157347679138184
7.835331439971924
9.752450942993164
9.151491165161133
9.22038745880127
8.758307456970215
9.387715339660645
8.837539672851562
10.074787139892578
9.721315383911133
5.1412835121154785
8.758979797363281
4.980835437774658
6.13526725769043
7.648355484008789
11.904706954956055
6.93328332901001
7.055907249450684
7.444803237915039
9.939682960510254
8.445155143737793
9.756643295288086
10.953731536865234
9.108803749084473
10.13299560546875
10.220547676086426
9.534595489501953
10.731459617614746
8.501123428344727
9.869091033935547
8.188899040222168
8.773219108581543
8.835747718811035
9.695267677307129
8.871203422546387
6.021411418914795
9.689699172973633
8.844131469726562
11.190531730651855
5.815939426422119
6.897731304168701
5.807779312133789
10.258659362792969
10.35193920135498
8.243395805358887
10.670787811279297
5.741987228393555
6.11997127532959
11.507843017578125
8.478787422180176
7.113443374633789
6.469443321228027
10.246403694152832
7.990371227264404
10.52057933807373
6.063843250274658
11.932995796203613
7.0548834800720215
9.16256332397461
11.661283493041992
5.94198751449585
9.688355445861816
9.25523567199707
7.599811553955078
9.386691093444824
10.841794967651367
6.540099143981934
9.018339157104492
8.26797103881836
7.33824348449707
9.944963455200195
10.355427742004395
9.844355583190918
10.097955703735352
9.9840669631958
8.16089916229248
9.086338996887207
6.644931316375732
5.080419540405273
6.996931552886963
5.827619552612305
5.32297945022583
4.190275192260742
4.993667125701904
5.172291278839111
5.602403163909912
7.18105936050415
7.002371311187744
8.020771026611328
4.530531406402588
4.571651458740234
4.927971363067627
6.754467487335205
5.927587509155273
5.23561954498291
4.131139278411865
2.7864034175872803
4.41088342666626
4.532707214355469
3.3992674350738525
3.531235456466675
3.7690913677215576
2.707331418991089
4.29520320892334
3.159747362136841
6.27766752243042
7.190211296081543
6.718115329742432
7.657763481140137
6.437379360198975
4.958435535430908
5.883747577667236
8.447331428527832
7.408899307250977
7.45945930480957
7.641059398651123
4.009859561920166
6.378531455993652
4.617891311645508
5.961731433868408
3.693411350250244
4.502691268920898
2.96713924407959
6.808483123779297
2.881667375564575
7.978147506713867
6.601539134979248
7.421731472015381
7.471043586730957
5.089859485626221
3.997283458709717
5.095875263214111
5.338019371032715
6.488419532775879
7.134467124938965
5.316323280334473
6.171107292175293
7.889155387878418
7.0528035163879395
6.674691200256348
8.02342700958252
4.90928316116333
3.042051315307617
7.46713924407959
5.8408355712890625
3.2875874042510986
7.496931552886963
5.065187454223633
7.777187347412109
6.696707248687744
2.733123302459717
3.2271714210510254
4.180195331573486
2.6516833305358887
3.2227232456207275
2.3437154293060303
3.0891873836517334
2.2960352897644043
4.031011581420898
2.634371280670166
2.868483304977417
3.543363332748413
4.068227291107178
4.539011478424072
4.9726433753967285
4.850915431976318
5.3604512214660645
4.558243274688721
6.280515193939209
4.845795154571533
4.484387397766113
3.5266592502593994
3.993539333343506
4.2163872718811035
5.243907451629639
4.760355472564697
3.2389473915100098
3.7692832946777344
4.884355545043945
6.010819435119629
5.652771472930908
6.887267589569092
6.508035182952881
7.452131271362305
5.528963565826416
6.408195495605469
6.812963485717773
7.463747501373291
6.19309139251709
6.884867191314697
5.979363441467285
6.435619354248047
5.87158727645874
6.095331192016602
10.316003799438477
9.027843475341797
8.550275802612305
4.461219310760498
3.150947332382202
4.781347274780273
6.103267192840576
7.742947578430176
5.79901123046875
6.717987537384033
6.801987171173096
7.663459300994873
6.166787147521973
6.731971263885498
9.107139587402344
9.625251770019531
6.271107196807861
6.881283283233643
5.457955360412598
4.637251377105713
10.026275634765625
5.390979290008545
5.2570271492004395
5.904931545257568
5.597923278808594
4.896035194396973
5.7043232917785645
4.457379341125488
5.993987560272217
5.512355327606201
5.333763122558594
7.08176326751709
6.961955547332764
8.198531150817871
5.885603427886963
8.140931129455566
7.081507205963135
7.159619331359863
6.321251392364502
6.25424337387085
5.607011318206787
5.175299167633057
6.5351715087890625
6.435171127319336
5.507107257843018
6.747555255889893
7.621187210083008
6.3546271324157715
6.992387294769287
6.938723564147949
7.407331466674805
6.4086432456970215
6.4159393310546875
6.957475185394287
4.015907287597656
4.494019508361816
4.764771461486816
4.371939182281494
5.0093793869018555
6.182563304901123
7.3604512214660645
7.424739360809326
7.593027591705322
7.921475410461426
7.288963317871094
8.317955017089844
8.066595077514648
9.797507286071777
8.633475303649902
7.856515407562256
8.226851463317871
8.715619087219238
9.040003776550293
10.44201946258545
10.49392318725586
7.0845794677734375
7.443907260894775
7.024323463439941
3.92016339302063
3.975395441055298
5.291555404663086
4.784419536590576
7.199555397033691
10.723139762878418
6.626019477844238
5.03315544128418
4.096003532409668
4.1652512550354
9.085123062133789
11.688483238220215
4.1648993492126465
3.8987233638763428
5.220515251159668
4.934147357940674
4.848387241363525
5.964931488037109
4.424227237701416
4.0091233253479
5.489091396331787
5.9389472007751465
5.045219421386719
6.537379264831543
5.249059200286865
5.4228835105896
5.636963367462158
4.261155128479004
4.066275596618652
5.065347194671631
7.010019302368164
7.614403247833252
10.264707565307617
12.094691276550293
12.822659492492676
9.909507751464844
4.098403453826904
3.8604514598846436
7.319619178771973
4.15869140625
6.230499267578125
10.089827537536621
4.1703715324401855
11.201987266540527
10.824355125427246
4.851299285888672
8.580387115478516
12.770371437072754
7.320611476898193
14.235459327697754
9.772259712219238
8.108067512512207
9.659139633178711
11.898371696472168
10.554627418518066
14.267523765563965
10.616227149963379
15.394627571105957
14.322114944458008
15.34153938293457
17.230499267578125
4.300131320953369
9.765283584594727
4.184675216674805
8.594915390014648
4.8414435386657715
6.184963226318359
10.735331535339355
9.705859184265137
13.899811744689941
9.016098976135254
12.2219877243042
12.872579574584961
15.35472297668457
15.770339012145996
7.225379467010498
8.881763458251953
10.10790729522705
10.854595184326172
14.577570915222168
15.277411460876465
16.041059494018555
9.962594985961914
8.846979141235352
3.8612194061279297
13.71600341796875
10.916259765625
15.01837158203125
15.044451713562012
15.739522933959961
10.214179039001465
4.3796515464782715
8.139107704162598
12.69849967956543
11.077315330505371
15.604866981506348
7.454979419708252
7.261475563049316
8.530659675598145
14.504451751708984
10.923075675964355
15.134979248046875
14.468419075012207
10.335747718811035
9.442914962768555
15.665923118591309
13.154403686523438
14.827075004577637
15.74557113647461
14.153475761413574
15.20291519165039
14.967939376831055
15.074019432067871
10.984387397766113
11.907011032104492
15.254627227783203
15.000483512878418
15.477314949035645
14.17011547088623
15.199971199035645
15.294754981994629
14.409955024719238
15.930307388305664
16.1837158203125
16.276290893554688
15.648707389831543
16.169187545776367
13.021827697753906
13.583043098449707
13.58989143371582
9.996387481689453
12.069955825805664
12.39510726928711
10.127107620239258
10.026339530944824
10.038851737976074
11.372867584228516
10.940483093261719
11.009859085083008
11.735331535339355
10.816707611083984
11.592835426330566
10.864899635314941
10.442147254943848
12.930723190307617
10.823139190673828
12.02115535736084
10.134787559509277
11.504643440246582
10.625667572021484
11.76781177520752
10.799331665039062
11.357763290405273
10.190467834472656
9.951619148254395
9.705891609191895
9.645699501037598
13.300419807434082
11.885955810546875
12.896547317504883
9.84819507598877
12.852195739746094
12.504131317138672
11.609635353088379
11.538243293762207
10.802434921264648
10.417699813842773
9.005250930786133
8.927971839904785
9.836995124816895
10.542882919311523
6.827235221862793
6.981507301330566
7.775427341461182
11.623651504516602
10.211139678955078
9.480899810791016
8.178050994873047
7.208067417144775
13.09968376159668
10.806083679199219
11.651971817016602
10.674595832824707
9.304483413696289
6.829251289367676
11.932707786560059
8.25478744506836
7.404387474060059
10.350147247314453
8.136322975158691
10.12317180633545
10.313507080078125
9.864771842956543
9.516963005065918
9.211075782775879
9.528162956237793
9.036418914794922
9.483587265014648
8.12547492980957
7.157763481140137
7.386019229888916
2.7226274013519287
4.794787406921387
4.961507320404053
4.725827217102051
4.424675464630127
4.967523574829102
3.957923412322998
4.7104034423828125
5.279043197631836
4.273635387420654
4.610755443572998
3.8640992641448975
6.268387317657471
12.244579315185547
12.193731307983398
11.745475769042969
6.265571594238281
4.489635467529297
5.426563262939453
11.015107154846191
4.151459217071533
11.647331237792969
12.102691650390625
12.007011413574219
9.240643501281738
3.9369633197784424
4.4468512535095215
9.87440299987793
11.56982707977295
11.51501178741455
9.954275131225586
12.034083366394043
9.596419334411621
13.002306938171387
14.122051239013672
14.667202949523926
14.474211692810059
8.434082984924316
13.732131004333496
14.506851196289062
14.912483215332031
9.25097942352295
8.987683296203613
11.863842964172363
11.471875190734863
13.633923530578613
11.934915542602539
11.45952320098877
11.488003730773926
11.994338989257812
9.994723320007324
11.099363327026367
12.396323204040527
11.556355476379395
11.588643074035645
12.19859504699707
11.675651550292969
12.298914909362793
9.275171279907227
9.826851844787598
11.809091567993164
11.668323516845703
12.269059181213379
10.36889934539795
10.848258972167969
12.24771499633789
11.320483207702637
11.722819328308105
12.832131385803223
13.778371810913086
13.384003639221191
12.986146926879883
12.787235260009766
13.733443260192871
13.666851043701172
13.894179344177246
14.346883773803711
14.596227645874023
12.494787216186523
12.456355094909668
12.291971206665039
11.829123497009277
15.344419479370117
12.319107055664062
12.235811233520508
12.123011589050293
14.187555313110352
12.221763610839844
12.092835426330566
11.717923164367676
14.480387687683105
15.109827041625977
11.123011589050293
15.191139221191406
12.370051383972168
15.231619834899902
12.907747268676758
8.637507438659668
15.377187728881836
9.609475135803223
10.355843544006348
15.953763008117676
10.340835571289062
15.51347541809082
6.899843215942383
15.363203048706055
12.57686710357666
15.363139152526855
6.46329927444458
13.99062728881836
16.215394973754883
4.291843414306641
6.153027534484863
15.251043319702148
11.776931762695312
15.578083038330078
14.473987579345703
9.932003021240234
15.229347229003906
14.100482940673828
6.091491222381592
9.715970993041992
5.348099231719971
13.871810913085938
15.044963836669922
14.949155807495117
9.61507511138916
8.784707069396973
6.936643600463867
9.766019821166992
8.872931480407715
8.900898933410645
15.525794982910156
8.648483276367188
11.445155143737793
9.856003761291504
11.543683052062988
8.948739051818848
10.674211502075195
12.032931327819824
12.287171363830566
9.013283729553223
13.4458589553833
8.158370971679688
13.0756196975708
11.5123872756958
13.784643173217773
13.716451644897461
10.20173168182373
12.793987274169922
13.265954971313477
9.384483337402344
11.848771095275879
12.070755004882812
4.326179504394531
4.01837158203125
4.988099575042725
5.465251445770264
4.613603115081787
8.427459716796875
6.351907253265381
6.393795490264893
4.156067371368408
10.939011573791504
3.909731388092041
8.662275314331055
5.934947490692139
11.410755157470703
12.162083625793457
13.767746925354004
15.75142765045166
11.729155540466309
9.951363563537598
13.882883071899414
11.788866996765137
11.194595336914062
11.921667098999023
11.258914947509766
12.725507736206055
13.988003730773926
12.61558723449707
14.188674926757812
12.675427436828613
12.366339683532715
11.82067584991455
12.703970909118652
12.310403823852539
15.208930969238281
14.955363273620605
11.278691291809082
15.393731117248535
6.68384313583374
14.487586975097656
10.639171600341797
10.67456340789795
6.530019283294678
6.255555152893066
10.94253158569336
9.345059394836426
8.189603805541992
10.862435340881348
9.566595077514648
8.677635192871094
12.21373176574707
11.162883758544922
3.7908194065093994
4.23078727722168
5.506211280822754
10.875267028808594
6.142467498779297
11.136451721191406
6.0560994148254395
11.608451843261719
8.021251678466797
8.244003295898438
11.87155532836914
14.07670783996582
12.015203475952148
9.222467422485352
11.456995010375977
11.816035270690918
9.919299125671387
11.59369945526123
14.873795509338379
14.089667320251465
15.25693130493164
13.159971237182617
11.387651443481445
9.340899467468262
15.150723457336426
6.812195301055908
8.519107818603516
9.443171501159668
11.55168342590332
11.412867546081543
2.9341793060302734
5.0390753746032715
4.364131450653076
8.791971206665039
6.321827411651611
7.535811424255371
11.254499435424805
9.681859016418457
9.065827369689941
14.296579360961914
12.769539833068848
12.285058975219727
10.502371788024902
15.153027534484863
11.791651725769043
13.616707801818848
12.725635528564453
15.64941120147705
6.919363498687744
8.558115005493164
7.16253137588501
11.799299240112305
8.967235565185547
13.004739761352539
9.783939361572266
7.107715606689453
11.359651565551758
8.232931137084961
12.678339004516602
9.49165153503418
13.331522941589355
11.689187049865723
10.40169906616211
12.882787704467773
12.75261116027832
15.433603286743164
8.2634916305542
12.389219284057617
4.064739227294922
9.432547569274902
8.069091796875
3.9036834239959717
7.821219444274902
10.879714965820312
10.82512378692627
13.334787368774414
12.586563110351562
11.415651321411133
12.929763793945312
15.45952320098877
9.212995529174805
12.879523277282715
11.806499481201172
9.377731323242188
5.076963424682617
12.428291320800781
10.695107460021973
15.189027786254883
13.880707740783691
10.900643348693848
8.022051811218262
12.309443473815918
9.631203651428223
15.411491394042969
14.93433952331543
6.733475208282471
9.108643531799316
10.123075485229492
10.787555694580078
9.829827308654785
3.6149473190307617
11.511043548583984
15.245379447937012
9.588130950927734
9.87219524383545
10.366083145141602
9.731139183044434
12.18320369720459
12.004131317138672
10.909539222717285
9.247395515441895
8.438403129577637
9.364482879638672
9.05981159210205
3.2494113445281982
15.268099784851074
15.238051414489746
9.296163558959961
3.5262112617492676
10.525859832763672
12.114755630493164
3.989539384841919
11.059042930603027
12.314851760864258
14.252035140991211
3.7244513034820557
3.7793314456939697
7.662275314331055
4.328355312347412
11.708099365234375
12.206307411193848
11.168387413024902
4.647907257080078
10.594179153442383
12.04509162902832
12.407779693603516
15.051523208618164
12.604451179504395
4.596323490142822
10.644002914428711
13.320707321166992
5.184643268585205
13.990083694458008
13.22861099243164
7.714083194732666
4.621923446655273
10.02064323425293
13.023619651794434
15.056771278381348
11.967363357543945
14.738306999206543
15.029155731201172
12.791139602661133
