9.876351576561311e-42
10.216724395751953
7.773843765258789
11.228019714355469
11.055155754089355
10.583124160766602
7.825732231140137
8.914916038513184
10.518068313598633
10.565363883972168
11.424515724182129
9.555379867553711
10.007156372070312
10.847908020019531
10.60885238647461
9.009364128112793
11.644692420959473
10.019988059997559
11.436355590820312
8.941492080688477
11.397011756896973
11.700227737426758
8.512627601623535
8.618756294250488
8.321988105773926
11.769091606140137
11.700900077819824
9.080628395080566
10.112531661987305
11.812627792358398
10.817412376403809
11.921956062316895
9.87141227722168
11.469475746154785
10.081988334655762
10.957316398620605
10.928132057189941
11.02440357208252
11.733059883117676
10.594756126403809
11.081252098083496
10.616499900817871
9.681427955627441
6.296291828155518
10.665475845336914
10.538660049438477
10.057412147521973
9.63994026184082
10.731300354003906
10.29344367980957
10.381443977355957
11.277219772338867
9.645059585571289
11.631219863891602
9.117972373962402
11.32670783996582
8.538851737976074
10.868820190429688
11.881524085998535
10.951299667358398
7.912980079650879
9.402580261230469
9.425667762756348
9.698787689208984
10.890195846557617
10.866355895996094
11.546276092529297
10.551300048828125
9.075763702392578
10.997635841369629
10.908659934997559
10.59421157836914
9.498419761657715
9.69685173034668
8.113395690917969
9.229284286499023
11.052692413330078
11.64590835571289
9.819171905517578
11.17485237121582
10.359731674194336
10.707956314086914
9.918724060058594
10.43859577178955
9.713443756103516
11.288884162902832
11.703827857971191
11.755220413208008
11.343188285827637
10.816740036010742
10.186484336853027
7.611043930053711
11.576308250427246
11.524948120117188
10.910324096679688
10.382116317749023
11.688579559326172
11.976116180419922
10.922980308532715
9.742724418640137
9.39709186553955
11.749987602233887
11.13675594329834
11.113380432128906
9.239972114562988
10.032035827636719
9.056883811950684
11.939652442932129
10.257796287536621
11.113619804382324
8.87526798248291
10.505060195922852
9.117059707641602
11.099796295166016
10.581844329833984
9.372883796691895
10.432787895202637
7.334787845611572
10.605219841003418
8.55715560913086
11.17342758178711
9.738548278808594
10.895859718322754
10.712980270385742
10.930068016052246
10.970884323120117
10.93046760559082
10.845620155334473
12.026787757873535
11.06899642944336
11.286084175109863
8.615683555603027
11.352771759033203
11.391796112060547
11.457300186157227
11.300275802612305
9.842676162719727
11.425251960754395
11.775555610656738
10.393444061279297
11.421875953674316
10.91899585723877
10.768819808959961
11.443172454833984
11.710915565490723
11.433427810668945
11.261300086975098
11.139572143554688
11.333507537841797
11.092803955078125
11.158964157104492
11.442452430725098
11.509843826293945
11.692516326904297
11.800580024719238
11.974692344665527
12.058196067810059
12.109891891479492
12.103316307067871
11.9685640335083
11.846579551696777
11.850068092346191
10.111780166625977
9.04931640625
8.229107856750488
7.734340190887451
8.15699577331543
6.4076361656188965
4.0207719802856445
5.482644081115723
4.344659805297852
4.943012237548828
10.335395812988281
5.852931976318359
3.1598596572875977
8.423988342285156
2.760995864868164
6.1698760986328125
4.995652198791504
5.5924201011657715
9.140963554382324
6.044851779937744
3.4855077266693115
8.839427947998047
9.66126823425293
6.665060043334961
5.226292133331299
5.281219959259033
7.006388187408447
5.9658122062683105
6.111331939697266
8.464035987854004
6.585236072540283
5.821028232574463
7.041860103607178
5.618003845214844
9.087315559387207
8.024835586547852
8.576563835144043
5.261988162994385
5.781651973724365
10.996356010437012
3.8018436431884766
4.682243824005127
3.1787877082824707
4.755588054656982
3.642195701599121
9.284835815429688
7.512660026550293
6.571139812469482
4.533875942230225
8.152948379516602
6.815636157989502
3.182499647140503
7.122756004333496
6.96373176574707
2.8978757858276367
7.682643890380859
6.806868076324463
8.727459907531738
4.466708183288574
5.944948196411133
4.573763847351074
5.9781317710876465
3.770563840866089
6.060947895050049
3.047027826309204
6.824932098388672
4.841507911682129
3.678067684173584
6.092596054077148
6.268819808959961
5.229219913482666
5.673923969268799
4.219139575958252
4.76008415222168
6.963267803192139
4.923235893249512
3.359891653060913
8.034660339355469
8.842147827148438
3.213139772415161
7.8440680503845215
4.0778117179870605
8.815299987792969
3.4714598655700684
7.8157639503479
4.5643720626831055
3.1266276836395264
3.7236838340759277
3.5541157722473145
4.493715763092041
4.1448516845703125
4.804324150085449
5.9546918869018555
7.833620071411133
8.524067878723145
9.141956329345703
1.7268837690353394
1.7841317653656006
1.5636357069015503
3.049219846725464
4.238451957702637
3.3635878562927246
4.498323917388916
7.412660121917725
12.022195816040039
11.599508285522461
9.592947959899902
1.5683077573776245
1.6914597749710083
1.5618597269058228
1.8643877506256104
4.687300205230713
11.903940200805664
11.882244110107422
11.424099922180176
11.069731712341309
7.6015238761901855
1.623363733291626
1.7859877347946167
10.125716209411621
6.26386022567749
2.1260197162628174
6.315331935882568
1.6335397958755493
3.7070436477661133
1.7836357355117798
2.4750757217407227
5.374420166015625
3.1377158164978027
1.5555877685546875
11.84859561920166
6.425603866577148
11.003844261169434
2.4312198162078857
4.912499904632568
7.7109479904174805
4.354963779449463
1.682531714439392
2.428227663040161
12.011795997619629
6.21592378616333
8.586531639099121
2.833171844482422
12.002900123596191
8.945588111877441
2.496339797973633
4.81798791885376
10.064468383789062
1.559443712234497
4.986708164215088
2.1678757667541504
11.471331596374512
2.4929797649383545
9.756963729858398
11.49209976196289
10.686564445495605
8.918244361877441
9.127572059631348
1.7632837295532227
9.355555534362793
9.170692443847656
7.884324073791504
7.591156005859375
1.4414597749710083
7.528739929199219
1.571171760559082
6.057092189788818
6.139828205108643
4.799203872680664
2.4881796836853027
2.7141478061676025
2.10947585105896
1.779539704322815
1.9700196981430054
1.7645477056503296
1.9001637697219849
1.5598597526550293
1.6888678073883057
1.5701637268066406
1.6009477376937866
1.6228837966918945
2.2108356952667236
1.740771770477295
1.5571717023849487
1.540611743927002
1.9868037700653076
1.6384197473526
3.357891798019409
6.072916030883789
1.8615397214889526
3.700739860534668
2.005603790283203
5.079539775848389
8.37753963470459
10.095428466796875
7.577939987182617
9.672867774963379
9.60456371307373
10.870579719543457
8.670275688171387
9.604931831359863
10.294052124023438
11.264100074768066
10.856419563293457
1.5964677333831787
1.4633477926254272
2.6108357906341553
2.2570278644561768
6.867812156677246
3.477491855621338
2.663043737411499
10.287012100219727
9.552164077758789
9.415780067443848
11.421540260314941
10.801828384399414
11.249011993408203
1.8238117694854736
2.0898277759552
2.7115237712860107
2.0725157260894775
9.706275939941406
2.140387773513794
2.734755754470825
3.849907636642456
2.564659833908081
2.911939859390259
4.1000518798828125
1.8540517091751099
3.1414437294006348
4.903140068054199
2.5179078578948975
6.633604049682617
6.898707866668701
8.78406810760498
4.078195571899414
8.012707710266113
9.472195625305176
5.590291976928711
5.449203968048096
7.073731899261475
4.7701640129089355
8.366483688354492
10.258115768432617
10.013731956481934
10.019940376281738
7.153907775878906
10.401379585266113
11.270660400390625
8.484292030334473
10.517044067382812
11.154979705810547
10.031412124633789
10.796436309814453
11.62470817565918
1.5998437404632568
1.7075397968292236
2.9900996685028076
4.139875888824463
6.688739776611328
8.022436141967773
9.159795761108398
9.40966796875
9.857316017150879
9.887060165405273
9.781523704528809
9.936227798461914
10.176467895507812
10.107684135437012
10.659219741821289
11.293268203735352
11.711507797241211
11.789203643798828
11.556404113769531
11.727587699890137
11.453523635864258
3.586627721786499
4.811011791229248
7.201747894287109
1.7040677070617676
2.4036996364593506
2.361891746520996
4.940996170043945
8.878292083740234
11.747907638549805
4.879556179046631
1.9749317169189453
1.7147717475891113
5.191492080688477
10.027347564697266
11.600724220275879
2.321699857711792
3.6373636722564697
3.8616037368774414
2.024003744125366
3.005427837371826
3.520035743713379
4.7697319984436035
2.9092676639556885
6.178756237030029
6.731636047363281
2.5865478515625
7.540435791015625
2.2442116737365723
3.9195237159729004
2.7445638179779053
5.055476188659668
3.552339792251587
6.215012073516846
8.553075790405273
9.623348236083984
10.499876022338867
11.203940391540527
11.867779731750488
10.966531753540039
5.460371971130371
6.431012153625488
8.262003898620605
5.393395900726318
8.470724105834961
11.844260215759277
7.413571834564209
11.81038761138916
10.964052200317383
8.83438777923584
10.941827774047852
11.628275871276855
9.3157958984375
11.739748001098633
9.692403793334961
9.153940200805664
11.214916229248047
11.425060272216797
11.411972045898438
11.72686767578125
10.88283634185791
11.194804191589355
11.72784423828125
11.798195838928223
12.09257984161377
6.964612007141113
11.385636329650879
5.898099899291992
9.605684280395508
7.953683853149414
9.329155921936035
11.228019714355469
10.578692436218262
11.746611595153809
9.546212196350098
11.554612159729004
11.676803588867188
11.822819709777832
11.878596305847168
7.809219837188721
11.782004356384277
10.71475601196289
11.814516067504883
11.814308166503906
11.918771743774414
11.938916206359863
11.87918758392334
9.250435829162598
6.9197001457214355
11.692660331726074
10.028772354125977
11.802483558654785
12.10451602935791
12.127220153808594
11.878771781921387
8.375411987304688
9.780916213989258
11.811827659606934
11.159875869750977
12.05760383605957
10.200836181640625
10.587699890136719
10.93195629119873
11.74142837524414
11.73006820678711
11.737396240234375
11.854771614074707
10.456452369689941
11.196195602416992
12.049860000610352
11.732596397399902
11.858484268188477
11.47778034210205
11.802740097045898
11.66398811340332
11.75621223449707
11.72232437133789
11.426420211791992
11.586868286132812
11.86709213256836
12.039923667907715
12.006148338317871
11.857283592224121
11.766484260559082
11.623364448547363
11.22624397277832
11.673604011535645
11.580244064331055
10.783220291137695
10.610803604125977
10.573636054992676
11.918067932128906
11.9652681350708
11.871859550476074
11.875572204589844
11.830756187438965
11.715412139892578
11.665140151977539
11.651508331298828
11.5242919921875
11.631651878356934
12.669588088989258
11.871859550476074
11.66574764251709
11.635811805725098
12.423795700073242
11.647939682006836
11.568659782409668
11.812851905822754
11.511987686157227
11.686787605285645
11.422820091247559
11.51837158203125
11.384931564331055
11.652596473693848
11.529315948486328
11.621764183044434
11.655156135559082
11.440276145935059
11.714132308959961
11.406547546386719
12.073012351989746
12.178868293762207
12.158931732177734
11.79880428314209
12.083395957946777
12.263555526733398
12.243043899536133
12.061683654785156
12.164372444152832
11.99200439453125
12.19077205657959
11.718708038330078
11.932244300842285
11.937188148498535
12.081955909729004
12.104355812072754
12.206611633300781
11.852004051208496
12.295763969421387
12.084148406982422
12.114452362060547
12.171812057495117
11.838388442993164
12.25841999053955
12.012324333190918
11.983267784118652
12.168964385986328
12.1116361618042
11.632196426391602
12.320276260375977
12.21045207977295
11.936371803283691
12.248627662658691
11.613539695739746
11.912083625793457
12.024948120117188
12.118003845214844
12.1770601272583
12.32285213470459
12.356131553649902
12.288211822509766
12.048419952392578
12.054227828979492
11.700772285461426
1.6103878021240234
3.9982757568359375
1.554467797279358
1.5640517473220825
1.6400357484817505
1.7206437587738037
1.4349637031555176
1.4694597721099854
1.7697317600250244
1.6667397022247314
1.7639718055725098
7.18861198425293
9.359188079833984
10.874436378479004
11.166563987731934
11.073955535888672
3.0186758041381836
8.339203834533691
3.9855237007141113
11.57773208618164
5.246275901794434
11.814835548400879
11.679699897766113
11.509812355041504
11.368468284606934
9.761475563049316
7.680819988250732
11.441652297973633
11.866419792175293
11.966148376464844
11.563972473144531
11.988947868347168
11.523395538330078
11.966852188110352
11.938739776611328
11.501172065734863
12.008356094360352
9.87197208404541
12.02974796295166
11.495444297790527
11.8408203125
9.862019538879395
10.517556190490723
10.143956184387207
10.29277229309082
11.525172233581543
10.226484298706055
11.098292350769043
10.647204399108887
11.50904369354248
11.35622787475586
11.679491996765137
11.562771797180176
10.961700439453125
11.708003997802734
11.767332077026367
11.415284156799316
11.080820083618164
11.194611549377441
11.194915771484375
11.019747734069824
11.327668190002441
11.206644058227539
11.02486801147461
11.431652069091797
11.026371955871582
11.117156028747559
12.087907791137695
11.02754020690918
10.821971893310547
11.315075874328613
11.413716316223145
11.520259857177734
11.541924476623535
10.912099838256836
10.759971618652344
10.875907897949219
10.446516036987305
11.627107620239258
10.907059669494629
11.11281967163086
10.602148056030273
10.87408447265625
10.913315773010254
11.716371536254883
12.1323881149292
9.944419860839844
11.878228187561035
11.780387878417969
11.70816421508789
10.29992389678955
9.803651809692383
10.704771995544434
8.769315719604492
11.74149227142334
9.769268035888672
11.159923553466797
10.811331748962402
8.415987968444824
11.17331600189209
11.746259689331055
11.005043983459473
10.808547973632812
7.972211837768555
11.835667610168457
7.871444225311279
10.763587951660156
9.458308219909668
12.073683738708496
10.60246753692627
11.99592399597168
12.212132453918457
12.11224365234375
11.705107688903809
10.032132148742676
8.614179611206055
8.478083610534668
10.158116340637207
9.346819877624512
9.063748359680176
11.914852142333984
10.383636474609375
12.128660202026367
9.937060356140137
10.122723579406738
11.257987976074219
10.074979782104492
10.558387756347656
11.553108215332031
10.846068382263184
10.420116424560547
9.736483573913574
11.329412460327148
11.516180038452148
11.355267524719238
10.276692390441895
11.482004165649414
11.857924461364746
10.693827629089355
11.287220001220703
11.489188194274902
12.066083908081055
11.622291564941406
12.017332077026367
11.774435997009277
12.0700044631958
11.947044372558594
12.078180313110352
11.966724395751953
12.023059844970703
12.068803787231445
12.3474760055542
11.296996116638184
10.232356071472168
2.678051710128784
2.056323766708374
1.4951237440109253
1.7420676946640015
8.365604400634766
10.116900444030762
10.070340156555176
5.279252052307129
6.537092208862305
11.469524383544922
8.715539932250977
11.423476219177246
8.65374755859375
11.894867897033691
11.920147895812988
11.950963973999023
11.80595588684082
11.015667915344238
10.676068305969238
11.955940246582031
10.053892135620117
11.252836227416992
11.41451644897461
11.771251678466797
11.084356307983398
10.883299827575684
11.358404159545898
10.580995559692383
11.726227760314941
11.56187629699707
10.662692070007324
11.776740074157715
10.596708297729492
10.26997184753418
10.646196365356445
10.75745964050293
8.579044342041016
11.98835563659668
10.325907707214355
10.235219955444336
10.146484375
11.689364433288574
11.61384391784668
10.838292121887207
10.767556190490723
11.608579635620117
11.19344425201416
12.141555786132812
12.14499568939209
11.224340438842773
12.232195854187012
2.2533798217773438
2.6525156497955322
9.288244247436523
11.240739822387695
6.810259819030762
11.32938003540039
9.375076293945312
11.741315841674805
9.813460350036621
11.450276374816895
11.831268310546875
11.742772102355957
11.084531784057617
9.669779777526855
11.236388206481934
11.282628059387207
11.34469223022461
11.87633991241455
11.28078842163086
10.459555625915527
8.85992431640625
11.192852020263672
11.740099906921387
10.94849967956543
11.29617977142334
11.935571670532227
10.623284339904785
12.175556182861328
11.681123733520508
11.012084007263184
1.5553317070007324
4.562404155731201
1.5258437395095825
10.532868385314941
10.217204093933105
10.025812149047852
11.730228424072266
10.625395774841309
9.562004089355469
11.827363967895508
11.109235763549805
11.163603782653809
11.155444145202637
11.658884048461914
11.621603965759277
10.542132377624512
10.876243591308594
8.270179748535156
11.938515663146973
10.790515899658203
10.747444152832031
10.774596214294434
12.156820297241211
11.874932289123535
10.996899604797363
9.997267723083496
11.586148262023926
10.457508087158203
11.516132354736328
10.84683609008789
11.69469165802002
11.036179542541504
11.24098014831543
11.13181209564209
11.845315933227539
8.288771629333496
10.38283634185791
11.629524230957031
1.5525476932525635
10.853012084960938
10.51393985748291
7.946963787078857
10.510820388793945
11.783683776855469
11.21470832824707
11.773588180541992
11.221076011657715
11.101635932922363
12.054147720336914
11.377267837524414
9.896947860717773
11.745444297790527
12.020564079284668
10.853907585144043
10.142244338989258
11.18701171875
11.233316421508789
10.808467864990234
10.976324081420898
11.038931846618652
11.218932151794434
11.708900451660156
11.127699851989746
9.211091995239258
11.061603546142578
11.878851890563965
9.697347640991211
10.356404304504395
11.956804275512695
12.129907608032227
1.5556037425994873
11.301203727722168
8.487460136413574
9.856435775756836
10.956467628479004
11.681971549987793
11.520771980285645
11.051475524902344
11.684707641601562
11.022611618041992
9.833651542663574
10.380180358886719
11.77763557434082
11.936163902282715
1.6230117082595825
9.090676307678223
10.716340065002441
10.254531860351562
1.6337637901306152
11.651412010192871
11.47693157196045
1.6465797424316406
11.34917163848877
11.695331573486328
10.797812461853027
1.4634597301483154
1.3809638023376465
11.911476135253906
1.4165637493133545
10.91193962097168
10.762707710266113
11.059060096740723
1.514243721961975
11.160723686218262
10.730788230895996
11.175827980041504
7.9916839599609375
10.694323539733887
2.0210278034210205
11.252036094665527
11.892740249633789
11.910947799682617
10.865843772888184
12.032675743103027
11.516083717346191
1.6703557968139648
11.296899795532227
10.879108428955078
7.729844093322754
10.792435646057129
8.228436470031738
10.519492149353027
11.86424446105957
