9.876351576561311e-42
13.068748474121094
13.030635833740234
12.560651779174805
12.970027923583984
12.770155906677246
12.446379661560059
12.146284103393555
12.116204261779785
12.261451721191406
12.061291694641113
12.076972007751465
11.7770357131958
12.365900039672852
11.947979927062988
11.867307662963867
12.929067611694336
11.4583158493042
11.939403533935547
11.840204238891602
10.62205982208252
12.588939666748047
12.157387733459473
12.005291938781738
11.921420097351074
12.767051696777344
11.926252365112305
11.64327621459961
11.265068054199219
12.765483856201172
10.787755966186523
12.346156120300293
11.38388442993164
10.301996231079102
10.8305082321167
10.764107704162598
10.330699920654297
10.378315925598145
12.561196327209473
10.249259948730469
10.409708023071289
9.67329216003418
13.081611633300781
12.943052291870117
12.665515899658203
13.037772178649902
11.996684074401855
12.435755729675293
12.218955993652344
12.00625228881836
11.78132438659668
12.134892463684082
11.604140281677246
12.032139778137207
12.238475799560547
10.595532417297363
11.790860176086426
10.660491943359375
12.670731544494629
10.731340408325195
13.088044166564941
12.857516288757324
12.293835639953613
11.873100280761719
12.115147590637207
11.689931869506836
12.19722843170166
11.485068321228027
12.084748268127441
10.972043991088867
10.597131729125977
9.861836433410645
13.094508171081543
12.81127643585205
12.370092391967773
11.988876342773438
11.912267684936523
12.694891929626465
12.164427757263184
10.819755554199219
10.818251609802246
9.9681396484375
12.76289176940918
12.570283889770508
11.827436447143555
11.68852424621582
12.850540161132812
12.498412132263184
10.98285961151123
10.798027992248535
12.503851890563965
12.194828033447266
11.743947982788086
10.82890796661377
10.061036109924316
12.183243751525879
12.991403579711914
12.602731704711914
10.790539741516113
12.690699577331543
12.01505184173584
12.912748336791992
10.149100303649902
10.435308456420898
12.615531921386719
12.127180099487305
11.927627563476562
12.742507934570312
11.203563690185547
10.414571762084961
12.369068145751953
11.815052032470703
11.769291877746582
10.394827842712402
11.859020233154297
11.670988082885742
11.12081241607666
12.243083953857422
11.031275749206543
12.012011528015137
11.175308227539062
11.489835739135742
10.52273178100586
11.14439582824707
10.46045970916748
11.193803787231445
10.549132347106934
11.299116134643555
12.652620315551758
10.438028335571289
10.667723655700684
12.000459671020508
10.464364051818848
10.440587997436523
10.443147659301758
10.594380378723145
11.802220344543457
11.387596130371094
11.290092468261719
11.312459945678711
11.175468444824219
11.136812210083008
11.310956001281738
11.185099601745605
11.059499740600586
10.898892402648926
10.885292053222656
10.894220352172852
10.710091590881348
11.00458812713623
11.437932014465332
11.185932159423828
11.464812278747559
11.629739761352539
11.796268463134766
12.297355651855469
12.52817153930664
12.453643798828125
12.562060356140137
12.57556438446045
12.460619926452637
12.439979553222656
12.651820182800293
12.701740264892578
11.021995544433594
12.739755630493164
11.340171813964844
11.759692192077637
12.5630521774292
10.276907920837402
11.881547927856445
10.267372131347656
10.435500144958496
9.808172225952148
9.337995529174805
10.261292457580566
9.369195938110352
10.573036193847656
10.73178768157959
9.742219924926758
11.751788139343262
9.988364219665527
10.940939903259277
11.963467597961426
12.867691993713379
11.21540355682373
11.64001178741455
11.8753080368042
12.388172149658203
12.131595611572266
12.191083908081055
12.97297191619873
11.999788284301758
12.395500183105469
12.476683616638184
12.771211624145508
12.356907844543457
12.402795791625977
10.942859649658203
12.161355972290039
11.452779769897461
10.686827659606934
9.563531875610352
9.597003936767578
9.235116004943848
10.182700157165527
10.356107711791992
11.581707954406738
10.36164379119873
11.610316276550293
10.37693977355957
12.036523818969727
10.112651824951172
9.491915702819824
11.156875610351562
10.146699905395508
12.310059547424316
10.419212341308594
11.357068061828613
11.02967643737793
11.257196426391602
10.604043960571289
10.962347984313965
12.599628448486328
11.602795600891113
10.215211868286133
9.221932411193848
11.355179786682129
9.88833236694336
9.428587913513184
12.623948097229004
11.035211563110352
11.147467613220215
10.716588020324707
9.939915657043457
10.908235549926758
12.852396011352539
10.474284172058105
10.611692428588867
12.761996269226074
12.668780326843262
9.604971885681152
12.33441162109375
9.93249225616455
12.072651863098145
9.690604209899902
11.651851654052734
10.274155616760254
9.690155982971191
9.988652229309082
9.531468391418457
9.708075523376465
9.434539794921875
9.742316246032715
10.151692390441895
11.041932106018066
11.506507873535156
11.96103572845459
13.407052040100098
12.975915908813477
13.035083770751953
13.30702018737793
13.378731727600098
13.016619682312012
13.172619819641113
13.452715873718262
13.14769172668457
13.36061954498291
13.671212196350098
10.481803894042969
11.020427703857422
10.46871566772461
11.462796211242676
12.975275993347168
13.077644348144531
13.370796203613281
13.60010814666748
13.178059577941895
13.737292289733887
9.750763893127441
10.484395980834961
12.974379539489746
13.671916007995605
11.239339828491211
13.712747573852539
13.450732231140137
13.65089225769043
12.408300399780273
12.860363960266113
13.214475631713867
12.570796012878418
11.127307891845703
13.141772270202637
13.31134033203125
13.423436164855957
11.21802806854248
13.179787635803223
13.844331741333008
13.682731628417969
12.999788284301758
12.232620239257812
13.230795860290527
13.22029972076416
13.309995651245117
13.638092041015625
13.301196098327637
13.005867958068848
13.605772018432617
12.652972221374512
13.246027946472168
13.497099876403809
12.85716438293457
13.210348129272461
13.524492263793945
11.699660301208496
13.517931938171387
13.448107719421387
13.668556213378906
13.936747550964355
13.806187629699707
11.088396072387695
13.869771957397461
13.742316246032715
13.723947525024414
13.674251556396484
10.477131843566895
13.699372291564941
10.941579818725586
13.356300354003906
13.401291847229004
13.093644142150879
11.983756065368652
12.26823616027832
11.83764362335205
11.407340049743652
11.894475936889648
11.582316398620605
12.695723533630371
12.432747840881348
12.408395767211914
11.12791633605957
11.179019927978516
10.559020042419434
11.441388130187988
9.9680757522583
10.4832124710083
9.839883804321289
10.299659729003906
9.212876319885254
8.308812141418457
8.579755783081055
10.525484085083008
12.63620376586914
9.811595916748047
8.410572052001953
9.078124046325684
9.661452293395996
10.980843544006348
11.733003616333008
10.026732444763184
11.78302001953125
12.356428146362305
12.579564094543457
11.847627639770508
12.515660285949707
12.878636360168457
9.865836143493652
9.947531700134277
9.773260116577148
10.672619819641113
8.689643859863281
9.42266845703125
12.645644187927246
10.547916412353516
11.696395874023438
11.382027626037598
12.171916007995605
11.767596244812012
12.912267684936523
9.251212120056152
11.342060089111328
10.003179550170898
12.676972389221191
11.550251960754395
9.378731727600098
8.247980117797852
10.274476051330566
11.493195533752441
12.778059959411621
8.477835655212402
9.117484092712402
10.883724212646484
8.97127628326416
9.194091796875
11.438156127929688
9.067276000976562
9.31684398651123
8.347756385803223
8.852428436279297
9.230923652648926
8.627211570739746
11.895467758178711
9.01767635345459
9.743915557861328
10.577484130859375
10.206348419189453
10.08049201965332
11.050636291503906
12.126059532165527
10.648364067077637
11.522988319396973
11.75418758392334
10.598347663879395
11.169451713562012
12.069707870483398
12.375884056091309
11.981931686401367
11.38132381439209
10.827340126037598
11.054380416870117
10.66839599609375
10.084236145019531
10.16510009765625
10.360907554626465
10.940812110900879
11.164684295654297
10.628459930419922
11.311147689819336
11.049324035644531
10.758540153503418
11.310188293457031
11.215499877929688
11.724652290344238
12.625419616699219
12.711339950561523
12.794987678527832
12.852363586425781
12.901612281799316
13.141068458557129
13.584460258483887
13.076428413391113
13.045707702636719
13.040940284729004
12.057900428771973
10.690540313720703
12.879788398742676
12.851980209350586
13.561324119567871
13.15527629852295
12.8718843460083
11.156747817993164
12.86660385131836
12.851852416992188
13.220108032226562
12.938252449035645
11.378636360168457
13.270188331604004
11.84903621673584
13.486700057983398
12.948716163635254
12.717964172363281
12.519020080566406
12.793643951416016
13.108491897583008
12.897740364074707
13.051916122436523
12.823468208312988
13.01562786102295
12.86916446685791
12.979339599609375
12.914859771728516
12.9647798538208
12.956875801086426
12.936171531677246
12.903947830200195
12.833259582519531
12.55597972869873
11.622956275939941
11.224780082702637
12.769964218139648
10.399084091186523
11.75953197479248
12.753676414489746
10.965612411499023
12.702571868896484
12.857356071472168
11.215948104858398
12.008811950683594
12.703211784362793
11.178571701049805
12.659308433532715
11.60676383972168
11.49156379699707
12.244972229003906
12.427244186401367
12.479692459106445
12.83213996887207
12.235883712768555
12.505419731140137
12.956939697265625
13.037996292114258
12.896876335144043
11.661964416503906
12.65860366821289
10.787595748901367
12.768044471740723
11.362443923950195
11.562636375427246
12.247340202331543
11.898411750793457
12.842156410217285
11.946220397949219
12.60669994354248
12.786412239074707
12.972107887268066
13.033164024353027
12.505195617675781
12.730731964111328
12.786124229431152
12.748556137084961
12.89758014678955
13.02858829498291
13.027627944946289
12.792203903198242
12.527724266052246
10.613388061523438
12.766444206237793
12.02874755859375
12.885516166687012
12.939948081970215
12.915404319763184
12.8021240234375
10.907947540283203
11.909099578857422
12.836587905883789
12.573324203491211
12.86881160736084
11.557164192199707
11.770540237426758
12.062700271606445
12.863851547241211
12.80007553100586
12.807660102844238
12.724492073059082
12.582796096801758
12.352396011352539
12.844267845153809
12.82334041595459
12.653132438659668
12.747659683227539
12.825931549072266
12.5794038772583
12.816811561584473
12.788395881652832
12.641836166381836
12.714123725891113
12.987051963806152
12.94455623626709
12.883660316467285
12.796011924743652
12.759147644042969
12.722284317016602
12.69018840789795
12.776652336120605
12.763212203979492
12.682539939880371
12.681612014770508
12.679916381835938
13.727660179138184
13.728331565856934
13.733996391296387
13.722187995910645
13.729995727539062
13.743244171142578
13.731884002685547
13.728524208068848
13.737420082092285
13.80314826965332
14.162347793579102
13.720492362976074
13.7388277053833
13.7672119140625
14.088011741638184
13.725164413452148
13.749515533447266
13.733227729797363
13.773003578186035
13.846283912658691
13.749484062194824
13.80154800415039
13.764459609985352
13.734060287475586
13.725292205810547
13.73069953918457
13.725932121276855
13.725963592529297
13.720044136047363
13.727115631103516
13.937932014465332
13.72301959991455
13.751948356628418
13.744396209716797
13.897419929504395
13.93358039855957
13.759756088256836
13.873547554016113
13.797707557678223
13.97956371307373
13.837324142456055
13.91834831237793
13.889739990234375
13.96359634399414
14.093868255615234
14.084555625915527
14.264300346374512
13.820907592773438
13.767563819885254
13.88353157043457
14.00465202331543
14.007116317749023
13.864299774169922
13.729900360107422
13.847339630126953
13.777323722839355
13.913867950439453
14.085740089416504
13.80058765411377
13.913100242614746
14.000204086303711
13.760875701904297
13.92868423461914
13.73713207244873
13.713644027709961
13.712076187133789
13.72020435333252
13.728331565856934
13.736811637878418
13.840044021606445
13.862252235412598
13.942604064941406
14.012140274047852
13.961132049560547
13.21210765838623
13.630315780639648
13.531180381774902
13.475372314453125
13.421547889709473
13.370251655578613
13.236492156982422
13.29985237121582
12.98730754852295
13.079788208007812
12.480172157287598
13.070444107055664
13.2671480178833
13.363019943237305
13.423979759216309
13.416108131408691
11.78682804107666
13.03575611114502
11.477259635925293
13.522348403930664
11.168747901916504
13.60558032989502
13.607436180114746
13.59681224822998
13.255499839782715
11.993195533752441
10.703756332397461
13.409164428710938
13.633771896362305
13.65697193145752
13.584620475769043
13.676267623901367
13.476107597351074
13.70762825012207
13.70058822631836
13.5794677734375
13.711724281311035
12.785067558288574
13.722891807556152
13.613548278808594
13.674860000610352
12.967020034790039
13.396683692932129
12.6842041015625
13.144428253173828
13.644940376281738
12.913931846618652
13.59681224822998
12.739148139953613
13.704651832580566
13.358028411865234
13.737611770629883
13.751436233520508
12.759916305541992
13.746540069580078
13.74817180633545
13.769515991210938
13.686444282531738
13.401100158691406
13.279532432556152
13.280460357666016
13.785772323608398
13.776652336120605
13.539276123046875
12.71261978149414
13.146763801574707
12.896492004394531
13.724331855773926
13.554220199584961
12.792491912841797
12.543724060058594
13.812140464782715
13.813739776611328
12.594123840332031
12.571244239807129
13.089612007141113
12.448076248168945
12.481291770935059
13.828076362609863
13.389739990234375
13.556172370910645
12.999755859375
12.407276153564453
13.370315551757812
13.846540451049805
13.788716316223145
12.300492286682129
13.852523803710938
13.863595962524414
13.791467666625977
12.38621997833252
12.240460395812988
12.977228164672852
12.250860214233398
13.831436157226562
12.474603652954102
13.578091621398926
13.415275573730469
12.313484191894531
13.605228424072266
13.855595588684082
12.683371543884277
13.283947944641113
12.404204368591309
14.010027885437012
12.478732109069824
13.176172256469727
12.493836402893066
14.080907821655273
12.849676132202148
12.821131706237793
14.150347709655762
14.099756240844727
12.718219757080078
12.840076446533203
12.643755912780762
12.645611763000488
13.55597972869873
12.684556007385254
12.707243919372559
14.075435638427734
13.677419662475586
14.132235527038574
12.769804000854492
12.725580215454102
12.666443824768066
13.734124183654785
13.839788436889648
14.021836280822754
13.108491897583008
13.889548301696777
13.596940040588379
12.62858772277832
14.056940078735352
13.373324394226074
13.837451934814453
13.271851539611816
12.844747543334961
13.904972076416016
13.632012367248535
13.53575611114502
12.952939987182617
13.691723823547363
12.478859901428223
13.591819763183594
13.094891548156738
13.36266803741455
13.388299942016602
12.956171989440918
13.632204055786133
13.512747764587402
13.551403999328613
12.946027755737305
12.783211708068848
13.563883781433105
13.111851692199707
13.023980140686035
11.847691535949707
13.214475631713867
13.319787979125977
13.230411529541016
11.917132377624512
11.688043594360352
13.523340225219727
11.345004081726074
12.95882797241211
10.77540397644043
13.657547950744629
13.677227973937988
13.708428382873535
13.653772354125977
13.552268028259277
13.476619720458984
13.729964256286621
12.457036018371582
13.67821979522705
13.732011795043945
13.734476089477539
13.711339950561523
13.401867866516113
13.810571670532227
12.724492073059082
13.826412200927734
13.829708099365234
13.048972129821777
13.842924118041992
12.950284004211426
12.311019897460938
12.406027793884277
13.026508331298828
12.524076461791992
14.05815601348877
12.693708419799805
13.072460174560547
12.941036224365234
13.965483665466309
13.993643760681152
12.944459915161133
13.200843811035156
14.134987831115723
13.472811698913574
12.722124099731445
12.837420463562012
13.88014030456543
13.413100242614746
13.457324028015137
12.974860191345215
13.22359561920166
13.465100288391113
12.362828254699707
13.473772048950195
11.406379699707031
13.635403633117676
11.539852142333984
13.013580322265625
13.678571701049805
13.632683753967285
13.505419731140137
12.668716430664062
13.71261978149414
13.75578784942627
13.23434829711914
13.729900360107422
12.503532409667969
12.645739555358887
12.293771743774414
13.546699523925781
13.909963607788086
13.462827682495117
12.692044258117676
14.049163818359375
13.2954683303833
12.828875541687012
13.103852272033691
12.794316291809082
13.28193187713623
12.668363571166992
12.653067588806152
13.361291885375977
12.044331550598145
11.717964172363281
13.66890811920166
13.314091682434082
12.372491836547852
13.692811965942383
13.41402816772461
13.74202823638916
13.15479564666748
12.578315734863281
13.779115676879883
12.566987991333008
13.346668243408203
12.560811996459961
14.02586841583252
13.797676086425781
13.997132301330566
13.816652297973633
12.699724197387695
13.479499816894531
12.6426362991333
13.292460441589355
13.624812126159668
12.145068168640137
13.545388221740723
13.231499671936035
13.730828285217285
13.608683586120605
13.108236312866211
13.7672758102417
13.748364448547363
12.332876205444336
13.91850757598877
13.429964065551758
13.423563957214355
13.39940357208252
13.314764022827148
12.213644027709961
12.276652336120605
13.65902042388916
13.458348274230957
13.744939804077148
13.277132034301758
13.6526517868042
13.75037956237793
12.493324279785156
13.794283866882324
13.32071590423584
13.102507591247559
13.337355613708496
12.967020034790039
13.139787673950195
13.48071575164795
12.408364295959473
12.589644432067871
13.437228202819824
12.922123908996582
13.75300407409668
13.521707534790039
12.384172439575195
12.65198040008545
13.993548393249512
13.697868347167969
13.748523712158203
13.076651573181152
12.957803726196289
13.35607624053955
13.750187873840332
12.411211967468262
13.627019882202148
13.5662202835083
13.053580284118652
13.286988258361816
13.000652313232422
13.759659767150879
13.410475730895996
13.516683578491211
13.395724296569824
12.944811820983887
12.817035675048828
13.29239559173584
12.489547729492188
12.474315643310547
13.298988342285156
13.237835884094238
13.648748397827148
13.766508102416992
13.374507904052734
13.514348030090332
13.764876365661621
13.248011589050293
13.286924362182617
13.246636390686035
12.67812442779541
13.266539573669434
12.871020317077637
13.221772193908691
12.920652389526367
13.049227714538574
12.810956001281738
13.1874361038208
13.551436424255371
12.464012145996094
13.153067588806152
12.863468170166016
12.779627799987793
13.774795532226562
12.437131881713867
12.653739929199219
13.779500007629395
12.375147819519043
12.754316329956055
13.502411842346191
13.350892066955566
12.519756317138672
13.380780220031738
12.644683837890625
12.572587966918945
13.839595794677734
