9.876351576561311e-42
11.94858169555664
11.759621620178223
11.87155818939209
9.865830421447754
10.57139778137207
7.688261985778809
9.08829402923584
10.58227825164795
10.198278427124023
11.938469886779785
8.944421768188477
10.158822059631348
10.5281982421875
10.342021942138672
11.251429557800293
12.174694061279297
11.538822174072266
11.42887020111084
13.210246086120605
11.872358322143555
11.832998275756836
13.947334289550781
13.910566329956055
13.912934303283691
11.42499828338623
11.896326065063477
13.485349655151367
12.428742408752441
11.631205558776855
12.328038215637207
11.849477767944336
11.681894302368164
12.362502098083496
11.20461368560791
12.322502136230469
11.00573444366455
11.196645736694336
11.759366035461426
11.341445922851562
11.64077377319336
11.052486419677734
11.185669898986816
12.18493366241455
11.158949851989746
10.000262260437012
10.43984603881836
8.443526268005371
10.393542289733887
11.389253616333008
10.33936595916748
11.125541687011719
11.033638000488281
11.823430061340332
13.716485977172852
11.40640640258789
13.999622344970703
11.81469440460205
11.835526466369629
12.659173965454102
11.117509841918945
11.527717590332031
9.664454460144043
10.464677810668945
12.06259822845459
10.436453819274902
11.71536636352539
11.699910163879395
13.559045791625977
12.657414436340332
12.119813919067383
10.548806190490723
10.415526390075684
10.344998359680176
8.354022026062012
9.552453994750977
10.707365989685059
12.110950469970703
13.029829978942871
12.933061599731445
11.551046371459961
10.619141578674316
9.375526428222656
10.154501914978027
10.256901741027832
11.105830192565918
11.733637809753418
11.637701988220215
13.064133644104004
11.641477584838867
9.266854286193848
7.786501884460449
11.6809663772583
13.020358085632324
10.922661781311035
9.776198387145996
11.616518020629883
11.721061706542969
11.903493881225586
8.551493644714355
12.211653709411621
11.27991008758545
11.242278099060059
12.05008602142334
7.911749839782715
9.34858226776123
12.759750366210938
11.64736557006836
12.673797607421875
11.730022430419922
7.733766078948975
10.389958381652832
11.775174140930176
11.117030143737793
10.392614364624023
12.294757843017578
12.856645584106445
7.207653999328613
12.903909683227539
8.532294273376465
11.561158180236816
12.748069763183594
11.386918067932129
12.347142219543457
10.805190086364746
11.115878105163574
11.417158126831055
10.69690227508545
11.833733558654785
11.481413841247559
12.81651782989502
8.823973655700684
11.838501930236816
11.465253829956055
11.249637603759766
11.111494064331055
10.163142204284668
12.400070190429688
12.601349830627441
11.991301536560059
12.001254081726074
12.543558120727539
12.21207046508789
12.879141807556152
12.951109886169434
11.956294059753418
11.468485832214355
11.088678359985352
11.03210163116455
10.858085632324219
10.860774040222168
11.229829788208008
11.445509910583496
11.849222183227539
11.844389915466309
11.916261672973633
11.861222267150879
11.879622459411621
11.895013809204102
11.9169340133667
11.723750114440918
11.534150123596191
17.494598388671875
16.32576560974121
16.41152572631836
15.225797653198242
16.35216522216797
14.633414268493652
14.674309730529785
14.786853790283203
14.75488567352295
14.00374984741211
11.769893646240234
11.714597702026367
11.402886390686035
11.927909851074219
11.768901824951172
12.42227840423584
12.315717697143555
10.933094024658203
13.047526359558105
11.15162181854248
11.625094413757324
13.68227767944336
13.335014343261719
11.9517822265625
11.975910186767578
12.402917861938477
13.693670272827148
13.11347770690918
12.563590049743652
12.523174285888672
12.328997611999512
12.920293807983398
12.543334007263184
12.623397827148438
16.551525115966797
15.440006256103516
15.845157623291016
14.711941719055176
14.498373985290527
11.980230331420898
12.28534984588623
11.308806419372559
10.483750343322754
12.241990089416504
12.112101554870605
12.311654090881348
11.35421371459961
12.942757606506348
11.316805839538574
15.712965965270996
12.387109756469727
10.94899845123291
12.220806121826172
11.43869400024414
14.908326148986816
13.174885749816895
12.595653533935547
12.170470237731934
12.155302047729492
14.825446128845215
12.204710006713867
13.15542984008789
14.828997611999512
14.224102020263672
10.382885932922363
14.633990287780762
13.250853538513184
10.431814193725586
12.64179801940918
14.288326263427734
14.42778205871582
14.009318351745605
13.801094055175781
14.401670455932617
12.274917602539062
13.807589530944824
11.815237998962402
12.238630294799805
12.227461814880371
12.784709930419922
12.462566375732422
13.185029983520508
12.411173820495605
12.389158248901367
12.254469871520996
13.247941970825195
10.93757438659668
11.091270446777344
11.254054069519043
11.045062065124512
10.466086387634277
10.913477897644043
11.425765991210938
12.157318115234375
12.334150314331055
12.431621551513672
17.09222984313965
17.24106216430664
18.318662643432617
19.07050132751465
19.17680549621582
18.949382781982422
19.01680564880371
19.1660213470459
19.110374450683594
19.281478881835938
19.334117889404297
17.6165828704834
17.114086151123047
17.360197067260742
16.26563835144043
18.196006774902344
19.004037857055664
19.243749618530273
19.262022018432617
18.425926208496094
17.216421127319336
10.186214447021484
11.804838180541992
17.4071102142334
15.326534271240234
11.883429527282715
14.437253952026367
17.76983070373535
19.23514175415039
17.505062103271484
18.88864517211914
18.798309326171875
18.397382736206055
18.405029296875
19.06720542907715
18.364837646484375
18.38186264038086
13.240389823913574
14.556517601013184
16.010854721069336
19.362022399902344
17.881893157958984
18.288166046142578
19.191301345825195
16.524486541748047
15.743461608886719
19.070566177368164
19.276870727539062
16.104774475097656
18.996742248535156
15.635622024536133
17.254085540771484
18.275718688964844
17.669893264770508
18.890565872192383
19.38490104675293
15.7641019821167
16.961509704589844
19.347814559936523
18.20192527770996
17.68682289123535
19.33261489868164
14.656902313232422
19.137798309326172
19.34544563293457
18.86570167541504
19.165830612182617
13.42499828338623
19.107622146606445
15.594118118286133
18.715526580810547
18.88115882873535
18.52765464782715
16.919334411621094
17.786405563354492
17.487621307373047
17.242053985595703
18.249893188476562
18.265125274658203
18.78029441833496
18.408390045166016
18.072134017944336
18.394245147705078
18.15546226501465
17.69523811340332
16.569446563720703
16.460678100585938
15.12371826171875
15.318918228149414
16.7291259765625
12.487077713012695
10.108677864074707
11.529541969299316
10.909093856811523
13.717413902282715
9.881349563598633
10.320294380187988
11.788997650146484
12.770757675170898
12.966181755065918
15.339781761169434
13.212517738342285
14.58726978302002
14.80275821685791
14.521382331848145
13.692870140075684
13.420390129089355
13.50208568572998
15.93062973022461
12.488005638122559
15.291013717651367
10.469989776611328
11.020261764526367
9.97968578338623
12.055813789367676
13.339845657348633
14.849989891052246
13.972293853759766
14.275589942932129
13.814149856567383
13.204582214355469
13.476005554199219
10.909926414489746
10.112325668334961
11.217574119567871
13.765830039978027
14.524550437927246
8.814053535461426
10.726725578308105
10.647237777709961
12.828133583068848
11.64333438873291
8.94262981414795
10.606406211853027
12.96717357635498
9.166150093078613
12.807589530944824
12.669349670410156
12.646566390991211
9.32355785369873
11.793702125549316
12.177605628967285
10.407398223876953
12.728261947631836
11.524581909179688
10.99386215209961
13.166181564331055
13.041830062866211
13.060325622558594
13.985573768615723
13.973381996154785
13.506917953491211
14.4681978225708
13.962309837341309
13.743526458740234
14.064581871032715
14.694917678833008
14.363654136657715
14.225542068481445
17.697093963623047
17.538949966430664
16.410085678100586
15.762725830078125
14.62861442565918
14.470662117004395
14.433414459228516
15.129542350769043
15.168357849121094
14.494277954101562
14.82896614074707
13.603781700134277
13.405158042907715
13.666757583618164
13.807589530944824
13.994662284851074
13.229381561279297
13.171077728271484
13.237381935119629
12.870854377746582
13.047045707702637
12.791910171508789
13.58983039855957
14.873734474182129
14.724262237548828
15.231718063354492
15.129446029663086
14.037382125854492
14.615174293518066
12.65110969543457
13.458534240722656
14.45955753326416
15.316357612609863
14.580069541931152
14.406758308410645
12.727877616882324
14.007814407348633
15.329669952392578
14.855781555175781
13.500550270080566
15.167269706726074
12.568774223327637
15.17517375946045
15.414310455322266
15.209861755371094
15.074053764343262
11.8186616897583
14.793702125549316
13.105542182922363
14.08119010925293
14.24323844909668
15.01626205444336
15.128166198730469
14.972357749938965
14.407398223876953
14.20451831817627
14.02871036529541
13.702054023742676
12.216485977172852
13.513254165649414
14.939685821533203
14.154629707336426
14.90435791015625
12.729158401489258
14.182246208190918
12.258822441101074
12.784197807312012
11.822278022766113
14.0545015335083
12.190022468566895
12.197381973266602
12.844614028930664
11.986501693725586
10.776421546936035
12.333574295043945
12.36234188079834
12.006438255310059
11.906213760375977
11.841414451599121
11.257765769958496
12.540741920471191
9.897157669067383
12.082118034362793
11.975813865661621
11.504325866699219
14.641477584838867
13.005253791809082
13.506693840026855
14.657925605773926
13.536293983459473
12.9551420211792
12.480070114135742
12.210822105407715
11.993029594421387
12.49936580657959
11.432709693908691
11.112166404724121
11.491654396057129
11.457221984863281
15.03091812133789
12.716358184814453
14.272102355957031
11.970246315002441
10.79638957977295
11.010501861572266
11.157414436340332
12.715558052062988
14.743173599243164
12.117542266845703
11.975334167480469
12.607622146606445
10.858566284179688
10.788421630859375
11.126629829406738
12.368293762207031
11.671046257019043
13.665862083435059
12.624197959899902
12.676934242248535
10.97645378112793
11.794693946838379
11.914854049682617
12.118565559387207
11.29523754119873
12.305126190185547
10.759590148925781
11.076390266418457
14.318502426147461
12.273446083068848
11.367941856384277
12.847302436828613
10.124485969543457
12.062277793884277
11.76134967803955
9.641573905944824
11.096774101257324
10.979942321777344
12.299077987670898
11.687270164489746
10.961030006408691
10.649638175964355
10.791142463684082
11.32253360748291
10.701798439025879
10.52448558807373
11.201638221740723
11.265893936157227
11.663749694824219
11.991877555847168
12.309701919555664
12.711846351623535
16.17190933227539
16.199941635131836
16.297189712524414
15.846630096435547
16.127525329589844
16.432741165161133
16.122278213500977
15.710246086120605
15.868709564208984
15.917318344116211
15.882246017456055
15.782502174377441
16.61370277404785
16.334758758544922
15.696069717407227
15.68211841583252
16.0665340423584
16.349349975585938
16.009990692138672
15.586629867553711
16.178693771362305
15.978885650634766
16.449094772338867
16.288198471069336
15.89997386932373
16.312517166137695
16.299365997314453
16.290725708007812
16.31222915649414
16.629413604736328
15.557510375976562
16.408933639526367
16.119653701782227
16.73232650756836
16.067365646362305
15.913957595825195
16.24400520324707
15.731590270996094
15.79245376586914
14.633990287780762
15.326662063598633
15.091814041137695
14.886821746826172
14.544198036193848
14.77830982208252
14.916197776794434
14.471077919006348
16.500837326049805
16.13475799560547
15.37053394317627
14.8404541015625
15.061349868774414
16.053510665893555
16.509254455566406
16.216934204101562
15.969734191894531
14.939173698425293
14.776421546936035
16.632646560668945
15.084549903869629
14.930341720581055
16.444486618041992
15.170661926269531
16.871366500854492
16.553157806396484
16.66397476196289
16.612197875976562
16.31395721435547
16.334693908691406
15.463685989379883
15.463494300842285
15.210213661193848
15.208133697509766
15.204549789428711
18.211301803588867
19.333925247192383
18.251270294189453
17.712133407592773
17.032869338989258
16.286502838134766
14.324934005737305
14.615750312805176
16.4321346282959
14.110790252685547
16.733861923217773
15.447525978088379
16.855398178100586
18.535430908203125
18.585798263549805
18.320133209228516
16.089637756347656
15.590886116027832
16.150821685791016
18.33831024169922
15.828774452209473
17.962661743164062
17.741222381591797
17.508773803710938
16.638534545898438
16.004581451416016
15.221701622009277
17.135013580322266
17.761734008789062
17.207910537719727
17.772422790527344
16.769573211669922
17.405414581298828
16.550758361816406
17.034469604492188
16.009349822998047
16.547622680664062
15.229605674743652
16.166629791259766
15.569990158081055
15.853797912597656
15.001445770263672
14.951333999633789
14.243045806884766
14.800454139709473
15.428582191467285
14.51341438293457
15.353413581848145
13.476134300231934
15.256806373596191
13.579717636108398
16.479589462280273
15.123014450073242
13.472293853759766
16.260709762573242
15.937478065490723
15.083846092224121
14.785318374633789
13.819334030151367
13.636261940002441
13.898214340209961
15.058053970336914
14.783845901489258
13.965605735778809
12.778566360473633
13.880838394165039
13.713990211486816
16.146278381347656
13.116869926452637
13.670085906982422
11.008934020996094
14.582725524902344
15.011238098144531
10.76902961730957
12.759557723999023
13.284806251525879
10.787398338317871
12.90595817565918
14.554278373718262
12.250853538513184
12.629478454589844
12.002982139587402
10.105669975280762
11.685733795166016
14.180870056152344
15.868453979492188
12.409350395202637
14.993029594421387
14.3436861038208
13.929222106933594
13.483366012573242
11.33446979522705
11.67175006866455
12.764486312866211
14.537894248962402
11.731718063354492
12.831206321716309
12.188582420349121
13.160453796386719
13.161381721496582
14.860037803649902
11.631622314453125
11.81533432006836
12.88794231414795
15.432997703552246
12.58493423461914
11.516229629516602
12.036005973815918
15.132165908813477
11.458118438720703
11.789573669433594
14.700838088989258
14.89111042022705
12.558405876159668
11.302501678466797
12.371589660644531
12.022693634033203
12.92573356628418
12.164870262145996
11.958534240722656
14.165958404541016
13.384550094604492
13.937414169311523
11.767142295837402
11.956294059753418
12.69642162322998
13.459589958190918
13.575462341308594
13.50851821899414
12.21213436126709
13.168261528015137
13.282662391662598
12.476710319519043
12.639814376831055
13.121445655822754
12.728582382202148
12.61347770690918
11.564454078674316
12.236486434936523
13.64010238647461
13.568229675292969
11.67392635345459
12.975653648376465
10.415109634399414
13.059526443481445
11.989286422729492
12.667078018188477
12.441253662109375
11.502885818481445
12.115781784057617
12.332165718078613
10.818597793579102
10.797222137451172
9.618789672851562
18.96448516845703
14.457894325256348
14.620326042175293
16.264869689941406
16.093093872070312
17.541702270507812
16.185861587524414
15.887173652648926
15.842182159423828
18.094406127929688
15.68864631652832
16.52442169189453
15.14672565460205
17.534854888916016
17.255813598632812
16.820037841796875
16.365093231201172
15.231942176818848
15.263205528259277
16.07709312438965
14.000326156616211
15.514501571655273
15.119558334350586
16.17408561706543
14.225605964660645
13.017541885375977
14.096006393432617
13.542949676513672
14.992165565490723
14.101222038269043
12.57680606842041
14.573446273803711
11.694182395935059
10.57949447631836
13.208197593688965
11.676325798034668
12.639078140258789
15.52506160736084
11.601094245910645
11.277478218078613
11.21280574798584
14.954950332641602
14.287205696105957
11.843013763427734
12.397638320922852
10.886469841003418
13.52067756652832
11.263174057006836
11.476998329162598
12.144262313842773
11.394725799560547
18.835237503051758
14.342309951782227
16.112646102905273
18.060518264770508
15.686182022094727
18.35354232788086
15.6691255569458
17.76301383972168
15.651333808898926
16.495590209960938
17.611526489257812
16.940645217895508
15.526885986328125
15.107558250427246
15.301701545715332
14.94256591796875
13.207205772399902
15.95238971710205
10.235941886901855
13.40755844116211
12.423622131347656
12.276293754577637
14.846373558044434
12.413798332214355
12.6658935546875
15.01955795288086
12.59709358215332
11.2891263961792
11.343270301818848
10.187237739562988
18.445669174194336
15.050886154174805
14.85853385925293
17.37082290649414
15.99488639831543
15.640901565551758
17.852998733520508
15.104069709777832
14.967845916748047
15.572549819946289
14.442726135253906
14.875845909118652
13.570054054260254
9.957958221435547
13.728006362915039
13.278085708618164
11.94426155090332
12.629542350769043
15.612709999084473
13.812870025634766
11.641189575195312
12.82026195526123
10.958501815795898
12.934342384338379
9.788229942321777
16.76439094543457
17.714309692382812
15.936422348022461
16.549413681030273
15.459941864013672
15.219109535217285
15.651557922363281
13.106982231140137
14.487494468688965
15.700262069702148
13.040581703186035
12.20570182800293
13.207269668579102
18.332582473754883
17.179685592651367
16.684965133666992
15.840069770812988
15.831653594970703
17.753894805908203
15.98742961883545
15.962406158447266
13.600966453552246
15.387078285217285
15.861029624938965
9.618213653564453
13.35239028930664
12.70019817352295
11.990438461303711
16.647205352783203
16.04877471923828
13.153958320617676
14.307270050048828
10.021222114562988
12.872965812683105
17.0084228515625
16.448102951049805
15.822278022766113
14.17078971862793
12.056870460510254
12.527910232543945
15.602725982666016
13.374502182006836
13.175973892211914
11.917254447937012
11.632805824279785
17.946725845336914
13.63587760925293
12.820389747619629
13.228358268737793
13.68118953704834
11.8853178024292
16.840774536132812
13.017510414123535
15.633221626281738
13.916613578796387
12.932357788085938
12.821541786193848
11.689126014709473
10.990373611450195
17.23968505859375
12.486565589904785
12.865030288696289
12.25152587890625
16.227237701416016
17.878694534301758
13.63206958770752
16.25482177734375
17.777957916259766
15.503525733947754
13.101958274841309
14.737381935119629
14.517093658447266
10.575845718383789
14.2837495803833
13.502885818481445
12.28211784362793
13.622406005859375
14.183589935302734
13.390181541442871
11.644966125488281
12.315974235534668
12.832198143005371
11.348806381225586
14.138854026794434
13.33066177368164
15.63031005859375
10.053733825683594
13.371461868286133
15.793510437011719
9.524166107177734
14.331398010253906
17.0214786529541
11.474534034729004
12.66310977935791
11.901094436645508
12.182565689086914
13.431333541870117
14.984518051147461
