9.876351576561311e-42
11.690384864807129
10.230769157409668
10.730672836303711
10.187920570373535
9.817008972167969
6.314001083374023
7.925840854644775
9.596656799316406
7.791409015655518
10.57358455657959
6.302416801452637
7.801456928253174
8.648401260375977
7.732400894165039
8.99428939819336
9.885936737060547
9.037680625915527
9.44308853149414
9.88561725616455
9.826416969299316
10.134288787841797
10.63032054901123
10.255473136901855
10.155120849609375
10.421040534973145
10.179121017456055
9.832720756530762
10.071952819824219
11.491728782653809
9.753584861755371
10.693585395812988
10.50859260559082
10.092369079589844
10.484688758850098
9.617521286010742
9.9595365524292
9.740401268005371
11.682001113891602
10.322160720825195
9.519569396972656
10.292560577392578
11.046320915222168
8.8765287399292
10.046289443969727
10.183313369750977
8.962000846862793
5.990673065185547
8.254993438720703
9.71483325958252
7.577456951141357
9.101104736328125
8.490704536437988
10.00257682800293
11.210577011108398
9.61652946472168
9.933968544006348
9.986513137817383
11.686833381652832
9.451889038085938
9.545329093933105
9.553585052490234
8.640464782714844
8.482608795166016
10.610672950744629
7.975889205932617
9.770641326904297
8.94408130645752
10.655536651611328
10.046865463256836
9.627793312072754
9.807440757751465
9.979409217834473
8.425681114196777
7.1252970695495605
7.930033206939697
8.481392860412598
9.920624732971191
11.09041690826416
10.134897232055664
10.385584831237793
9.59320068359375
7.583473205566406
8.009520530700684
8.160177230834961
8.941137313842773
10.142353057861328
10.34587287902832
10.002385139465332
10.052400588989258
6.878544807434082
6.376561164855957
9.762832641601562
10.063344955444336
9.419857025146484
7.122832775115967
10.275856971740723
10.993680953979492
9.83883285522461
6.879120826721191
10.042673110961914
10.598960876464844
9.32302474975586
9.362417221069336
6.349360942840576
6.622929096221924
9.951216697692871
11.262321472167969
9.865937232971191
9.564048767089844
5.376881122589111
7.568177223205566
9.279632568359375
9.863536834716797
7.617041110992432
9.575665473937988
9.692944526672363
5.490417003631592
9.581936836242676
6.482097148895264
9.089552879333496
9.809489250183105
9.91348934173584
9.935665130615234
10.184144973754883
8.659120559692383
10.203633308410645
8.171377182006836
11.508464813232422
10.27099323272705
10.129968643188477
7.030097007751465
9.918737411499023
9.785680770874023
9.662545204162598
9.382768630981445
7.971185207366943
9.492944717407227
9.709233283996582
9.545777320861816
9.440049171447754
9.769744873046875
9.391377449035645
9.79505729675293
9.938481330871582
9.680785179138184
9.391953468322754
9.046960830688477
9.14120101928711
8.664464950561523
8.528624534606934
9.100400924682617
9.400016784667969
10.015440940856934
10.169169425964355
10.875536918640137
11.235217094421387
11.425329208374023
11.644177436828613
11.747505187988281
11.506864547729492
11.379857063293457
12.34030532836914
12.502640724182129
11.772912979125977
12.235729217529297
12.023536682128906
11.330192565917969
10.954833030700684
11.997328758239746
10.606033325195312
11.410321235656738
11.33768081665039
11.204816818237305
9.955312728881836
11.142929077148438
9.627217292785645
10.738064765930176
9.715888977050781
7.857745170593262
11.414705276489258
8.024529457092285
6.487697124481201
11.126705169677734
11.673712730407715
7.890705108642578
6.738673210144043
7.224273204803467
9.936177253723145
8.520273208618164
7.8292012214660645
10.954257011413574
7.711504936218262
8.440977096557617
8.437872886657715
8.835664749145508
12.426448822021484
12.365392684936523
11.524369239807129
11.243952751159668
10.618321418762207
11.35611343383789
11.247696876525879
10.294960975646973
7.362672805786133
10.033232688903809
8.87585735321045
11.603632926940918
8.800497055053711
9.28424072265625
7.01784086227417
12.336785316467285
11.546001434326172
8.40580940246582
10.680816650390625
8.579184532165527
10.510289192199707
11.608817100524902
9.939088821411133
9.651921272277832
7.440816879272461
11.846257209777832
8.438833236694336
9.245777130126953
9.976625442504883
11.915088653564453
7.728656768798828
11.45112133026123
11.77326488494873
7.324112892150879
8.532401084899902
10.763856887817383
9.877232551574707
9.97419261932373
11.73006534576416
9.154289245605469
8.840017318725586
9.046289443969727
7.49704122543335
8.933424949645996
9.10833740234375
11.067984580993652
8.570769309997559
10.66302490234375
9.32302474975586
9.313521385192871
8.697616577148438
7.820624828338623
7.6423211097717285
7.194800853729248
7.314640998840332
7.2820329666137695
7.205424785614014
7.5731048583984375
7.97195291519165
8.994096755981445
9.461297035217285
9.770320892333984
6.961777210235596
7.428208827972412
5.51179313659668
6.4214887619018555
8.025169372558594
7.8349928855896
9.085553169250488
10.965105056762695
11.989521026611328
12.136689186096191
11.992720603942871
5.680656909942627
5.887088775634766
5.589681148529053
6.96971321105957
10.108241081237793
11.878544807434082
12.169169425964355
12.21880054473877
12.26894474029541
11.540976524353027
7.285616874694824
7.679089069366455
12.446001052856445
9.7553129196167
7.269009113311768
9.56625747680664
6.023313045501709
6.275664806365967
7.509969234466553
6.457489013671875
9.91518497467041
7.8764967918396
5.562224864959717
12.007024765014648
11.635985374450684
12.26241683959961
8.36219310760498
8.908753395080566
10.714385032653809
6.04184103012085
6.565585136413574
6.976177215576172
12.055185317993164
10.988017082214355
11.959920883178711
4.517488956451416
12.120848655700684
12.394225120544434
4.878864765167236
10.240848541259766
12.378832817077637
4.989968776702881
10.706417083740234
5.189905166625977
12.208721160888672
8.28907299041748
12.097841262817383
12.172784805297852
12.159408569335938
11.863248825073242
12.178417205810547
7.403504848480225
12.37214469909668
12.011505126953125
12.223793029785156
11.593809127807617
6.842288970947266
11.865456581115723
6.451793193817139
11.133936882019043
10.806512832641602
9.781777381896973
7.785137176513672
7.622673034667969
6.81640100479126
6.23281717300415
6.195312976837158
5.683248996734619
5.432592868804932
5.813169002532959
6.764593124389648
5.867376804351807
6.265425205230713
5.969425201416016
7.511984825134277
6.132017135620117
6.179440975189209
5.827376842498779
6.585905075073242
6.316464900970459
7.561360836029053
8.056465148925781
7.073169231414795
8.182801246643066
7.0692009925842285
7.8232808113098145
8.322769165039062
8.427633285522461
7.730928897857666
9.24104118347168
8.839056968688965
8.798417091369629
8.79556941986084
9.05771255493164
10.064176559448242
10.356881141662598
9.4080171585083
5.862064838409424
6.553744792938232
7.249232769012451
6.5139689445495605
8.0575532913208
7.340721130371094
6.20664119720459
9.193968772888184
9.481649398803711
8.294160842895508
9.07950496673584
9.949936866760254
9.672529220581055
6.458224773406982
6.234800815582275
6.888017177581787
5.095760822296143
9.978288650512695
6.793041229248047
7.2793450355529785
6.896529197692871
5.72955322265625
6.608432769775391
7.92385721206665
7.143441200256348
6.300240993499756
8.301968574523926
7.237648963928223
7.342161178588867
8.327441215515137
8.317360877990723
7.622257232666016
8.157264709472656
8.34696102142334
7.945137023925781
6.977969169616699
8.253841400146484
7.512401103973389
8.170865058898926
9.133872985839844
9.017072677612305
8.576528549194336
7.968432903289795
9.375248908996582
8.978705406188965
8.092753410339355
9.137168884277344
9.448272705078125
8.721968650817871
8.946001052856445
9.330192565917969
6.66459321975708
6.397233009338379
7.882960796356201
8.383152961730957
9.03691291809082
8.957680702209473
8.83723258972168
9.064593315124512
8.98011302947998
8.804753303527832
9.185264587402344
9.62692928314209
9.554449081420898
9.901841163635254
9.701777458190918
9.790128707885742
9.915312767028809
9.557424545288086
9.313937187194824
9.62363338470459
10.00200080871582
6.908369064331055
8.02424144744873
11.731409072875977
9.558833122253418
9.781617164611816
10.081681251525879
8.225072860717773
10.297425270080566
10.014833450317383
8.818800926208496
8.892912864685059
9.967633247375488
8.70401668548584
10.078801155090332
10.290864944458008
9.090353012084961
10.135345458984375
9.432945251464844
7.884881019592285
9.718544960021973
6.982576847076416
10.014033317565918
10.092208862304688
10.066704750061035
10.342033386230469
5.748240947723389
10.367377281188965
7.060273170471191
8.037552833557129
8.384368896484375
9.279280662536621
9.546032905578613
9.76081657409668
10.184881210327148
10.212401390075684
10.13124942779541
10.044208526611328
9.990288734436035
10.379888534545898
9.194032669067383
8.643889427185059
10.206960678100586
7.848625183105469
9.087569236755371
10.296209335327148
8.588528633117676
10.414129257202148
9.870704650878906
8.97966480255127
9.362545013427734
9.282929420471191
9.828465461730957
10.736017227172852
10.018545150756836
9.909200668334961
9.44907283782959
9.288593292236328
9.498992919921875
9.410833358764648
9.865361213684082
10.51620864868164
9.40648078918457
9.396753311157227
10.681456565856934
9.077616691589355
10.550929069519043
8.224305152893066
9.929585456848145
8.828657150268555
9.041905403137207
9.228720664978027
9.832016944885254
9.48990535736084
10.023665428161621
9.353873252868652
9.421393394470215
9.500048637390137
9.58228874206543
9.908624649047852
10.139505386352539
9.675440788269043
10.380721092224121
9.566640853881836
9.800464630126953
10.049137115478516
9.835888862609863
9.669649124145508
8.378384590148926
9.319697380065918
10.071409225463867
9.75633716583252
10.261873245239258
10.477424621582031
10.130577087402344
8.932848930358887
9.12708854675293
9.692880630493164
9.75467300415039
10.450064659118652
9.68696117401123
9.533584594726562
9.653616905212402
9.588785171508789
10.358769416809082
9.961424827575684
10.620784759521484
9.461169242858887
9.692752838134766
10.628240585327148
9.450481414794922
10.651505470275879
10.809617042541504
9.734704971313477
10.620113372802734
9.822096824645996
10.3383207321167
9.625649452209473
9.498416900634766
9.635345458984375
10.025040626525879
10.223984718322754
10.032304763793945
10.092241287231445
10.170064926147461
10.377616882324219
10.522832870483398
10.674800872802734
10.633233070373535
10.762832641601562
10.990321159362793
11.885872840881348
11.607121467590332
11.705937385559082
11.673681259155273
12.02497673034668
11.702512741088867
10.920048713684082
11.362929344177246
11.143536567687988
10.576912879943848
11.370064735412598
11.86174488067627
11.827536582946777
10.458704948425293
11.168464660644531
11.666096687316895
10.76513671875
11.957040786743164
10.732752799987793
10.746736526489258
10.936529159545898
10.774065017700195
10.825713157653809
11.88459300994873
11.407280921936035
11.621360778808594
11.246161460876465
11.087345123291016
10.922033309936523
10.864209175109863
11.173969268798828
10.458704948425293
10.469841003417969
11.340657234191895
11.454289436340332
11.702129364013672
10.432881355285645
11.958672523498535
10.747505187988281
12.04788875579834
11.506576538085938
11.4496488571167
11.950064659118652
11.982353210449219
11.489521026611328
11.144145011901855
11.420305252075195
11.489200592041016
10.630385398864746
11.472593307495117
11.57240104675293
11.343856811523438
11.164401054382324
10.495888710021973
11.780784606933594
11.808977127075195
11.631953239440918
11.26878547668457
11.145072937011719
11.475249290466309
11.388785362243652
11.61828899383545
11.513616561889648
11.031057357788086
10.668176651000977
10.737809181213379
10.872016906738281
11.0740966796875
10.698225021362305
11.294384956359863
11.322608947753906
11.644305229187012
11.375152587890625
11.54408073425293
2.8012969493865967
5.173137187957764
4.318385124206543
5.233169078826904
6.203280925750732
7.571920871734619
6.213840961456299
7.548209190368652
7.885552883148193
6.002161026000977
7.868113040924072
7.378993034362793
8.571569442749023
10.13886547088623
10.445873260498047
10.235665321350098
7.858097076416016
8.298896789550781
8.349617004394531
10.181361198425293
8.81483268737793
10.096144676208496
10.029424667358398
10.1887845993042
10.340176582336426
9.797073364257812
9.34916877746582
10.388880729675293
10.305200576782227
10.934768676757812
10.346000671386719
11.14824104309082
10.115281105041504
11.471217155456543
10.918672561645508
10.284209251403809
11.065457344055176
9.826001167297363
11.209649085998535
10.42388916015625
10.539984703063965
10.091377258300781
10.455536842346191
10.063056945800781
10.288976669311523
10.584720611572266
10.134576797485352
10.557489395141602
10.408336639404297
10.979952812194824
10.916561126708984
11.608592987060547
11.388816833496094
10.649105072021484
11.592208862304688
11.398417472839355
11.602065086364746
11.090608596801758
11.113009452819824
11.152721405029297
11.32136058807373
11.716913223266602
11.646161079406738
11.206096649169922
10.93713665008545
11.363633155822754
11.32897663116455
10.543088912963867
11.385457038879395
11.183313369750977
10.513745307922363
11.496721267700195
11.416497230529785
10.644465446472168
10.778480529785156
11.340624809265137
10.515344619750977
10.587505340576172
11.263601303100586
11.29732894897461
11.337137222290039
10.849489212036133
10.638736724853516
11.011569023132324
11.140273094177246
10.563153266906738
10.420496940612793
11.014192581176758
10.889361381530762
10.740241050720215
10.646897315979004
10.500560760498047
9.846928596496582
10.52049732208252
9.946320533752441
10.271793365478516
9.338032722473145
9.085744857788086
10.562353134155273
9.204049110412598
9.931408882141113
10.497488975524902
9.692976951599121
10.478257179260254
11.341424942016602
10.61771297454834
10.216144561767578
10.874160766601562
11.087281227111816
10.611440658569336
10.787153244018555
11.085137367248535
11.201041221618652
11.053712844848633
10.664849281311035
10.871344566345215
10.886800765991211
11.455952644348145
11.004817008972168
10.985616683959961
10.978129386901855
11.418128967285156
11.18600082397461
11.080720901489258
11.106449127197266
11.127248764038086
11.45163345336914
10.916976928710938
10.334864616394043
10.687216758728027
10.780689239501953
11.727920532226562
11.117680549621582
10.115377426147461
10.550416946411133
11.38033676147461
10.2967529296875
10.982096672058105
11.274896621704102
11.057232856750488
10.816912651062012
10.456464767456055
10.947729110717773
10.471729278564453
10.708752632141113
10.02100944519043
10.114480972290039
10.185873031616211
9.900016784667969
10.592529296875
10.375664710998535
10.567025184631348
9.514385223388672
9.148689270019531
3.6695849895477295
5.1963372230529785
7.417969226837158
7.317201137542725
7.917360782623291
9.181328773498535
9.304272651672363
8.651888847351074
9.124785423278809
10.196081161499023
9.610864639282227
9.934097290039062
9.230032920837402
10.581296920776367
10.879472732543945
11.22472095489502
10.427024841308594
10.434033393859863
10.553393363952637
11.34923267364502
10.04782485961914
10.843025207519531
11.235760688781738
11.293553352355957
11.252881050109863
11.389201164245605
11.47470474243164
10.889201164245605
11.124016761779785
11.33387279510498
11.13243293762207
11.079825401306152
10.484145164489746
10.55931282043457
11.055825233459473
9.721233367919922
10.36225700378418
11.133776664733887
10.754129409790039
10.575921058654785
10.563600540161133
11.459601402282715
10.826353073120117
10.857584953308105
10.703152656555176
11.454448699951172
10.847121238708496
10.87704086303711
10.762640953063965
11.185200691223145
10.496048927307129
3.225008964538574
5.4269609451293945
8.641680717468262
10.260497093200684
8.794257164001465
10.379729270935059
9.456464767456055
10.212368965148926
9.250640869140625
9.684017181396484
10.719057083129883
10.354416847229004
10.243281364440918
9.864816665649414
11.05505657196045
11.484369277954102
10.921072959899902
10.98990535736084
10.66472053527832
10.68043327331543
10.382928848266602
10.521361351013184
10.518065452575684
9.664145469665527
11.033520698547363
11.344432830810547
10.796721458435059
10.380593299865723
9.944433212280273
9.186321258544922
2.36059308052063
7.178672790527344
7.309873104095459
9.456785202026367
9.611473083496094
9.132048606872559
10.617552757263184
10.213072776794434
9.773585319519043
10.719505310058594
10.671696662902832
11.284497261047363
11.166577339172363
10.760433197021484
11.154449462890625
10.644272804260254
10.207569122314453
10.528465270996094
11.20452880859375
11.155600547790527
11.343344688415527
11.179793357849121
10.472688674926758
10.399216651916504
9.13192081451416
9.041200637817383
10.315184593200684
9.375824928283691
10.169585227966309
9.928528785705566
11.143505096435547
10.741329193115234
10.887024879455566
11.456016540527344
11.178608894348145
10.364209175109863
11.383152961730957
10.472657203674316
2.971985101699829
9.775729179382324
9.528368949890137
9.306097030639648
9.251152992248535
10.458032608032227
10.042448997497559
11.53150463104248
10.669392585754395
10.899825096130371
10.664464950561523
10.713905334472656
11.440080642700195
10.15592098236084
9.949840545654297
9.978928565979004
9.629009246826172
10.641456604003906
10.872273445129395
10.585296630859375
10.861425399780273
10.105712890625
10.133617401123047
11.5642728805542
11.054640769958496
10.284337043762207
10.902193069458008
11.28417682647705
11.732752799987793
11.333329200744629
10.17291259765625
10.179888725280762
3.5658090114593506
11.414512634277344
10.225648880004883
11.653328895568848
11.089264869689941
10.389328956604004
10.177265167236328
10.585201263427734
11.525904655456543
11.264081001281738
11.592400550842285
11.021456718444824
10.682544708251953
9.915857315063477
4.504912853240967
10.233809471130371
11.144753456115723
10.88408088684082
5.591761112213135
10.464177131652832
11.358800888061523
6.9943528175354
10.20942497253418
11.426321029663086
11.37486457824707
7.674353122711182
7.3466410636901855
9.958832740783691
7.0151848793029785
10.709649085998535
11.225905418395996
11.0741605758667
6.790832996368408
10.95931339263916
10.932336807250977
11.081072807312012
10.34814453125
10.443536758422852
6.060816764831543
11.170352935791016
10.928497314453125
10.128785133361816
11.005936622619629
10.657745361328125
9.598000526428223
6.734097003936768
10.515825271606445
10.448305130004883
10.51291275024414
9.266609191894531
10.854416847229004
10.74216079711914
10.957680702209473
