9.876351576561311e-42
18.30004119873047
17.10260009765625
16.07303237915039
16.80909538269043
16.508935928344727
15.441096305847168
14.712136268615723
14.56160831451416
14.463943481445312
14.1316556930542
14.914631843566895
14.426887512207031
12.538439750671387
14.166983604431152
13.390600204467773
10.518407821655273
13.412679672241211
11.855751991271973
13.014535903930664
13.661255836486816
10.986311912536621
12.957320213317871
12.975560188293457
12.828167915344238
11.043784141540527
11.642824172973633
12.943559646606445
12.786375999450684
12.116231918334961
13.127304077148438
11.607687950134277
12.614343643188477
13.192967414855957
12.69760799407959
13.06336784362793
13.089479446411133
13.144647598266602
13.345288276672363
12.959112167358398
13.189447402954102
13.182087898254395
17.499080657958984
14.915975570678711
16.290952682495117
16.782791137695312
14.275015830993652
15.211400032043457
13.120136260986328
13.855112075805664
14.598664283752441
11.84071159362793
13.56826400756836
11.546183586120605
13.267656326293945
13.623175621032715
12.883399963378906
13.16826343536377
12.340871810913086
13.120967864990234
16.31341552734375
13.935111999511719
15.086600303649902
14.007431983947754
13.959624290466309
12.80301570892334
11.470536231994629
13.694151878356934
13.222087860107422
13.27578353881836
13.165319442749023
13.286855697631836
16.697927474975586
15.201416015625
15.264007568359375
14.418888092041016
12.321991920471191
10.787400245666504
13.468615531921387
13.351816177368164
12.777544021606445
13.326407432556152
15.555848121643066
14.785096168518066
14.144904136657715
12.284104347229004
10.780807495117188
11.194439888000488
13.46515941619873
12.929736137390137
15.12288761138916
14.874759674072266
11.8707275390625
13.561543464660645
13.347911834716797
14.784008026123047
10.842056274414062
11.555079460144043
13.001928329467773
15.643912315368652
13.419783592224121
11.150471687316895
13.363719940185547
13.23098373413086
15.68019962310791
14.872391700744629
13.21716022491455
11.7244234085083
12.875911712646484
13.211527824401855
15.251143455505371
14.554887771606445
13.225287437438965
13.179143905639648
14.46784782409668
13.060232162475586
12.950984001159668
15.037447929382324
13.021191596984863
14.722375869750977
14.028488159179688
13.005191802978516
13.169927597045898
13.183431625366211
13.156999588012695
13.950151443481445
13.190983772277832
13.691463470458984
11.969799995422363
13.213768005371094
13.42752742767334
14.570631980895996
13.493255615234375
13.450504302978516
13.382599830627441
13.555527687072754
14.285896301269531
13.814279556274414
13.93447208404541
13.257351875305176
14.070023536682129
13.36851978302002
13.531335830688477
13.639623641967773
13.748167991638184
13.865799903869629
13.825799942016602
13.752967834472656
13.342663764953613
13.517191886901855
12.712712287902832
12.622152328491211
12.246407508850098
11.911111831665039
11.848775863647461
11.80359172821045
11.790663719177246
12.027079582214355
12.212871551513672
12.559687614440918
13.4688720703125
13.842887878417969
18.294601440429688
18.08896827697754
16.87392807006836
17.694150924682617
17.009735107421875
16.35207176208496
16.484487533569336
16.19482421875
15.744967460632324
15.742535591125488
18.37370491027832
16.708999633789062
15.546631813049316
18.17722511291504
15.018183708190918
18.519432067871094
18.01095199584961
12.871687889099121
19.30695343017578
12.52186393737793
15.746888160705566
18.612424850463867
18.67949676513672
12.57376766204834
14.403016090393066
15.344264030456543
17.145160675048828
16.244552612304688
14.639240264892578
17.891849517822266
13.728903770446777
15.51476001739502
13.97715950012207
15.652872085571289
17.84333610534668
17.54208755493164
17.069063186645508
16.41837501525879
15.721223831176758
18.481929779052734
15.90951156616211
16.40109634399414
14.053447723388672
17.53152847290039
17.008712768554688
19.897672653198242
11.891079902648926
17.674184799194336
13.81824779510498
17.350727081298828
16.953672409057617
15.598152160644531
18.954313278198242
12.25338363647461
15.768455505371094
17.19674301147461
18.360328674316406
11.08525562286377
16.736007690429688
16.1895751953125
17.41338348388672
16.390024185180664
15.071368217468262
16.530376434326172
14.66759204864502
16.278087615966797
16.220552444458008
14.10759162902832
14.814984321594238
15.705927848815918
15.090184211730957
15.133575439453125
15.816967964172363
14.451399803161621
14.11520767211914
14.546183586120605
16.41107940673828
13.314760208129883
12.491591453552246
15.43834400177002
13.11028003692627
15.294983863830566
11.430407524108887
14.816391944885254
11.96186351776123
13.311495780944824
15.049351692199707
14.454279899597168
13.755592346191406
13.143495559692383
13.472264289855957
13.515848159790039
12.895624160766602
11.703368186950684
11.123784065246582
10.635208129882812
17.479496002197266
16.952199935913086
17.62771987915039
19.112585067749023
19.632904052734375
19.171785354614258
19.757896423339844
20.795337677001953
20.409929275512695
20.74861717224121
21.183881759643555
14.324615478515625
15.967751502990723
14.677383422851562
16.904775619506836
19.402441024780273
19.722633361816406
19.85402488708496
20.185033798217773
19.03085708618164
19.54554557800293
13.988103866577148
15.018759727478027
18.5899600982666
18.96455192565918
15.445511817932129
18.64832878112793
17.805448532104492
19.546184539794922
16.293832778930664
18.58599281311035
20.162824630737305
18.82708168029785
15.466567993164062
19.522953033447266
19.67597770690918
19.319753646850586
16.049415588378906
18.238536834716797
19.28672981262207
19.6969051361084
17.2725830078125
18.099143981933594
20.25748062133789
18.831113815307617
18.48423194885254
19.211528778076172
20.056072235107422
18.28647232055664
19.06439208984375
18.046024322509766
18.83642578125
18.159687042236328
18.99482536315918
18.59021759033203
20.38951301574707
17.218568801879883
19.083080291748047
20.59271240234375
19.6086483001709
19.853321075439453
20.760520935058594
16.28602409362793
20.52154541015625
20.99866485595703
20.288009643554688
20.847240447998047
15.352904319763184
20.568008422851562
16.038663864135742
20.01844024658203
20.360200881958008
19.809288024902344
17.770566940307617
18.32231330871582
17.523271560668945
16.724424362182617
17.371463775634766
16.674760818481445
18.008392333984375
16.96704864501953
16.6086483001709
15.10970401763916
14.815879821777344
14.044872283935547
14.005512237548828
13.257672309875488
15.225607872009277
13.860743522644043
13.247112274169922
13.044679641723633
11.208392143249512
10.572615623474121
14.423303604125977
17.444360733032227
13.400839805603027
10.71731948852539
9.976455688476562
10.205512046813965
11.371399879455566
11.357192039489746
9.566535949707031
10.571527481079102
11.945032119750977
11.473159790039062
9.464712142944336
9.212935447692871
10.636743545532227
13.517576217651367
14.483528137207031
12.510472297668457
13.839495658874512
10.307015419006348
11.939720153808594
16.803462982177734
9.914952278137207
10.859591484069824
10.970248222351074
10.277192115783691
9.269448280334473
10.303303718566895
12.7113037109375
14.835592269897461
12.843208312988281
16.13965606689453
9.854151725769043
12.471240043640137
11.502087593078613
12.322311401367188
14.231687545776367
14.77133560180664
11.024264335632324
13.036680221557617
13.276999473571777
11.170184135437012
12.464776039123535
12.209480285644531
10.76640796661377
10.445063591003418
10.974663734436035
10.205063819885254
9.9208402633667
10.522631645202637
13.04755973815918
10.14535140991211
11.46567153930664
10.640968322753906
9.544967651367188
9.501383781433105
10.317959785461426
12.495431900024414
9.379655838012695
9.9972562789917
11.732808113098145
9.389384269714355
9.21517562866211
11.258312225341797
10.875207901000977
9.791239738464355
14.711688041687012
13.98477554321289
13.37658405303955
12.74848747253418
11.631303787231445
11.325767517089844
11.098119735717773
11.511624336242676
11.404935836791992
10.947336196899414
10.821127891540527
9.883208274841309
9.474632263183594
9.407303810119629
9.261192321777344
9.168583869934082
9.510663986206055
9.813767433166504
10.22535228729248
9.991944313049316
10.040136337280273
17.593416213989258
18.31866455078125
17.845895767211914
15.730631828308105
14.64410400390625
15.052552223205566
13.135111808776855
11.431112289428711
9.830215454101562
17.963144302368164
15.401288032531738
14.96608829498291
13.023303985595703
10.887495994567871
9.839752197265625
16.49504852294922
13.891911506652832
14.395272254943848
16.158599853515625
14.339079856872559
17.6284236907959
13.353544235229492
14.197447776794434
12.70317554473877
12.44640827178955
16.9140567779541
12.035847663879395
15.488967895507812
14.092743873596191
14.767687797546387
13.415304183959961
14.046919822692871
12.785799980163574
11.606599807739258
11.07968807220459
10.618184089660645
10.214599609375
9.59507942199707
9.417608261108398
12.911687850952148
12.32211971282959
11.769800186157227
12.646663665771484
11.51866340637207
9.509960174560547
11.776007652282715
9.609864234924316
10.398599624633789
11.121288299560547
9.851975440979004
9.67623233795166
10.719816207885742
9.70682430267334
10.163527488708496
10.524295806884766
9.330632209777832
9.241288185119629
8.987207412719727
8.973383903503418
9.240327835083008
9.762184143066406
8.799112319946289
9.098440170288086
11.085512161254883
12.197639465332031
9.343303680419922
12.446599960327148
11.150152206420898
11.647175788879395
10.995847702026367
9.747528076171875
9.630343437194824
9.244744300842285
10.068552017211914
8.923399925231934
8.605575561523438
8.8641357421875
9.227080345153809
11.989768028259277
9.474184036254883
10.581640243530273
9.624648094177246
8.724040031433105
9.355527877807617
9.9590482711792
9.680583953857422
11.327048301696777
11.990856170654297
9.222984313964844
9.730183601379395
8.849224090576172
9.778696060180664
10.497608184814453
9.620295524597168
11.342855453491211
10.870599746704102
9.615943908691406
8.850312232971191
10.026311874389648
10.173768043518066
9.95635986328125
9.420231819152832
9.047111511230469
9.732359886169434
9.02669620513916
9.619848251342773
10.710023880004883
9.051271438598633
10.777223587036133
9.647624015808105
9.565959930419922
11.795144081115723
9.286151885986328
9.664072036743164
9.156423568725586
9.706503868103027
8.68231201171875
8.64404010772705
8.929224014282227
9.24352741241455
9.45466423034668
9.344903945922852
9.285767555236816
9.226696014404297
9.977224349975586
10.298376083374023
11.05728816986084
11.344072341918945
12.123208045959473
13.771528244018555
16.720327377319336
16.44896697998047
16.78407096862793
16.98259925842285
17.217735290527344
17.24903106689453
16.852231979370117
17.200008392333984
17.24340057373047
16.661832809448242
17.22663116455078
17.240007400512695
17.505224227905273
16.54836082458496
16.91111183166504
17.54804039001465
16.915016174316406
17.05677604675293
16.983367919921875
16.803144454956055
17.267208099365234
17.05632781982422
17.27373504638672
17.633800506591797
17.572040557861328
17.665224075317383
17.63341522216797
17.55130386352539
17.5451602935791
17.490951538085938
17.119688034057617
17.18797492980957
17.109447479248047
17.301511764526367
17.312328338623047
17.416967391967773
17.053319931030273
17.37447166442871
16.954696655273438
17.759111404418945
17.38861656188965
16.987272262573242
17.59290313720703
17.877704620361328
18.31648826599121
17.960968017578125
18.90381622314453
17.306888580322266
16.997255325317383
17.174983978271484
17.99175262451172
17.712520599365234
17.222728729248047
17.109127044677734
17.340679168701172
17.227079391479492
17.654727935791016
18.153799057006836
17.293895721435547
17.552072525024414
17.858440399169922
17.264455795288086
17.453575134277344
17.364999771118164
17.347463607788086
17.24359130859375
17.161096572875977
17.078855514526367
17.0302791595459
17.31021499633789
17.246471405029297
17.347270965576172
17.557832717895508
17.088327407836914
17.927688598632812
19.844615936279297
18.299335479736328
17.938695907592773
17.60634422302246
17.238344192504883
16.565959930419922
16.832712173461914
16.737031936645508
16.204103469848633
16.110471725463867
15.201864242553711
15.589896202087402
16.309127807617188
16.21722412109375
15.93504810333252
14.086407661437988
14.822279930114746
13.516679763793945
15.666952133178711
12.947463989257812
14.92628002166748
14.696647644042969
14.474503517150879
13.706376075744629
12.748552322387695
11.946951866149902
13.875783920288086
14.96954345703125
15.399432182312012
14.368776321411133
15.627464294433594
14.0867280960083
16.01376724243164
15.480263710021973
14.74560832977295
15.81779956817627
12.699912071228027
16.155271530151367
14.999879837036133
15.433223724365234
12.824392318725586
14.025415420532227
11.660360336303711
13.014727592468262
15.273479461669922
12.3291597366333
14.814727783203125
10.230599403381348
15.741767883300781
12.990216255187988
17.551944732666016
16.35847282409668
9.92020034790039
17.319303512573242
17.330183029174805
16.4687442779541
15.126983642578125
13.267720222473145
12.598343849182129
12.920647621154785
16.546823501586914
16.184648513793945
14.223048210144043
10.14074420928955
12.2843599319458
11.090824127197266
17.282760620117188
14.788999557495117
11.851655960083008
9.95629596710205
16.40826416015625
16.674440383911133
9.793479919433594
10.8510160446167
13.005895614624023
10.173895835876465
11.238151550292969
16.51207160949707
14.518599510192871
15.073800086975098
13.768455505371094
10.17799186706543
14.830151557922363
16.42349624633789
16.984840393066406
11.219016075134277
16.813703536987305
16.552263259887695
16.293319702148438
12.606023788452148
10.808839797973633
14.744967460632324
11.554183959960938
16.47341537475586
10.631048202514648
15.903304100036621
15.66707992553711
12.284232139587402
15.985799789428711
16.51584815979004
10.583944320678711
15.48365592956543
12.635591506958008
17.19700050354004
13.303048133850098
15.391176223754883
14.189703941345215
17.75885581970215
14.930503845214844
11.421575546264648
17.457992553710938
17.118215560913086
13.504008293151855
15.308615684509277
14.213447570800781
14.645319938659668
15.945544242858887
14.915719985961914
15.07098388671875
16.772294998168945
16.02676010131836
17.1368408203125
15.712519645690918
15.617735862731934
15.14682388305664
16.082439422607422
16.133512496948242
16.499080657958984
16.222408294677734
16.230024337768555
16.158855438232422
15.56711196899414
16.5583438873291
16.35808753967285
16.426759719848633
16.366086959838867
16.374343872070312
16.585800170898438
16.373064041137695
16.30579948425293
16.2279109954834
16.368200302124023
16.019399642944336
16.243080139160156
16.046279907226562
16.079879760742188
15.866695404052734
15.812359809875488
16.14797592163086
16.000776290893555
15.69703197479248
15.312647819519043
15.04749584197998
19.33184814453125
16.164552688598633
16.39360809326172
14.632071495056152
15.383431434631348
15.796168327331543
14.668423652648926
13.73319149017334
13.223560333251953
15.40461540222168
12.335559844970703
13.349319458007812
11.691399574279785
15.14074420928955
15.38330364227295
15.753607749938965
15.143048286437988
14.566535949707031
14.252552032470703
16.485383987426758
11.040328025817871
15.271368026733398
15.91316032409668
17.534536361694336
15.33786392211914
14.197896003723145
16.142087936401367
12.25652027130127
16.729480743408203
16.29466438293457
13.382599830627441
16.597576141357422
14.154312133789062
10.42906379699707
13.478087425231934
14.987143516540527
11.956168174743652
17.297672271728516
14.697992324829102
15.530823707580566
15.429320335388184
16.515016555786133
16.5072078704834
16.161928176879883
16.210247039794922
16.760135650634766
16.35482406616211
16.239368438720703
16.233671188354492
16.615751266479492
15.46125602722168
19.305225372314453
15.76320743560791
15.026375770568848
15.543111801147461
13.975239753723145
15.810503959655762
12.129223823547363
14.738632202148438
11.996232032775879
13.349255561828613
15.138376235961914
14.852871894836426
14.348360061645508
12.15290355682373
15.468103408813477
16.06016731262207
12.30842399597168
17.459144592285156
9.92685604095459
12.690887451171875
11.380487442016602
15.607879638671875
16.70195960998535
15.75712776184082
13.668295860290527
16.778182983398438
16.196231842041016
16.063175201416016
15.322311401367188
15.315848350524902
18.27962303161621
14.879752159118652
15.845319747924805
15.437128067016602
12.591048240661621
11.931719779968262
14.889991760253906
13.840328216552734
11.49940013885498
15.732232093811035
13.437383651733398
15.651335716247559
11.951111793518066
9.746439933776855
16.118663787841797
13.125319480895996
15.619336128234863
12.688199996948242
17.03776741027832
16.11475944519043
16.520008087158203
16.513031005859375
16.075143814086914
16.15514373779297
15.319111824035645
15.231751441955566
14.51213550567627
12.504648208618164
14.491720199584961
13.655943870544434
16.21184730529785
14.697799682617188
11.656968116760254
15.822407722473145
17.28749656677246
11.970760345458984
16.47034454345703
16.266183853149414
18.359304428100586
15.069576263427734
14.868871688842773
13.525192260742188
12.481415748596191
14.903240203857422
14.13056755065918
16.96295166015625
12.739591598510742
14.913928031921387
17.173831939697266
9.921031951904297
16.189767837524414
16.23552703857422
15.8062162399292
14.506759643554688
14.066567420959473
12.05415153503418
13.681927680969238
10.095623970031738
13.906311988830566
14.70259952545166
13.424967765808105
17.05735206604004
13.944456100463867
11.005767822265625
14.265992164611816
16.77792739868164
16.15955924987793
16.40186309814453
16.22439193725586
16.051271438598633
17.999814987182617
15.74503231048584
11.604104042053223
16.041095733642578
16.365896224975586
16.375560760498047
13.665607452392578
11.406023979187012
17.09805679321289
13.569671630859375
16.029830932617188
16.177350997924805
16.377607345581055
15.824456214904785
17.68128776550293
11.23751163482666
13.897159576416016
16.025800704956055
17.42483901977539
14.666183471679688
15.944007873535156
17.35879135131836
15.151495933532715
17.090824127197266
13.604935646057129
16.938823699951172
16.766664505004883
15.836551666259766
16.668231964111328
10.46285629272461
13.95847225189209
10.751431465148926
16.265928268432617
10.198984146118164
14.311431884765625
15.340999603271484
12.296008110046387
14.664327621459961
15.751943588256836
10.533255577087402
17.04576873779297
15.803143501281738
11.296391487121582
17.01479148864746
15.312071800231934
15.763655662536621
14.07648754119873
15.141639709472656
12.99559211730957
15.534343719482422
14.429384231567383
11.706055641174316
16.771718978881836
