9.876351576561311e-42
7.894628524780273
6.150116920471191
11.488292694091797
7.389476776123047
9.398244857788086
9.04592514038086
10.936548233032227
11.767524719238281
6.5468525886535645
12.851236343383789
8.223268508911133
10.026597023010254
6.900260925292969
7.630884647369385
11.73104476928711
10.997540473937988
11.596708297729492
11.053284645080566
10.72938060760498
12.357988357543945
12.420004844665527
9.862116813659668
10.319524765014648
9.533732414245605
13.329764366149902
13.35606861114502
10.516644477844238
9.346341133117676
14.46410083770752
11.682916641235352
14.520548820495605
8.392356872558594
13.279268264770508
8.362789154052734
10.547812461853027
9.932517051696777
10.348068237304688
14.67798900604248
9.165604591369629
10.736804962158203
9.696548461914062
6.775396823883057
4.017444610595703
10.443492889404297
6.503460884094238
11.68195629119873
6.79594087600708
7.078564643859863
12.463397026062012
8.956068992614746
9.608996391296387
11.573540687561035
12.468708992004395
10.564260482788086
12.43907642364502
10.042724609375
12.038372993469238
14.615396499633789
10.992485046386719
4.979620933532715
4.038564682006836
10.992485046386719
11.615204811096191
12.671332359313965
9.794084548950195
11.018917083740234
11.422948837280273
10.905572891235352
11.921764373779297
11.692580223083496
10.337700843811035
5.656164646148682
4.920740604400635
10.018980979919434
11.010149002075195
9.70154094696045
10.985124588012695
11.491684913635254
12.170788764953613
8.75286865234375
10.67747688293457
5.549156665802002
5.522212505340576
11.108452796936035
11.104676246643066
12.403684616088867
13.344164848327637
11.966180801391602
9.619236946105957
6.086244583129883
10.072356224060059
12.497572898864746
12.123557090759277
10.986404418945312
7.019428730010986
12.424996376037598
14.545764923095703
10.095588684082031
6.341860771179199
11.626340866088867
13.320804595947266
11.284772872924805
11.116836547851562
7.170916557312012
7.608996868133545
11.177892684936523
14.526948928833008
9.876260757446289
11.70486831665039
7.537444591522217
8.473828315734863
11.42749309539795
11.964644432067871
8.008740425109863
11.123940467834473
10.38506031036377
9.2086763381958
10.886948585510254
9.59952449798584
10.455717086791992
10.979684829711914
12.003748893737793
11.642916679382324
12.293477058410645
10.262564659118652
12.368612289428711
10.088228225708008
14.653348922729492
12.6988525390625
12.419748306274414
10.305124282836914
12.83082103729248
12.99242115020752
13.138724327087402
12.508196830749512
10.567524909973145
11.23926830291748
11.056100845336914
11.619428634643555
10.651236534118652
11.808228492736816
11.61533260345459
11.602980613708496
11.590052604675293
11.504612922668457
11.447652816772461
11.385380744934082
12.538021087646484
11.313124656677246
11.156068801879883
12.518564224243164
12.5078125
13.356772422790527
14.411748886108398
14.565605163574219
14.637092590332031
14.667620658874512
14.722021102905273
14.71472454071045
14.734436988830566
14.746404647827148
9.78448486328125
10.019493103027344
9.821413040161133
9.937189102172852
9.826468467712402
9.606308937072754
9.060452461242676
10.919589042663574
9.021221160888672
10.903268814086914
12.932836532592773
12.53994083404541
12.684772491455078
13.488420486450195
12.152548789978027
13.776228904724121
12.901988983154297
10.165220260620117
12.237284660339355
9.576676368713379
10.011237144470215
10.806244850158691
8.693668365478516
6.830500602722168
7.127396583557129
7.316004753112793
7.910180568695068
7.612836837768555
5.849956512451172
7.320612907409668
5.691300868988037
6.1550445556640625
4.627620697021484
5.2387566566467285
9.826532363891602
9.894628524780273
9.78294849395752
9.33360481262207
9.440485000610352
12.141412734985352
12.313764572143555
12.982244491577148
11.902436256408691
13.492324829101562
12.619812965393066
13.386341094970703
8.602276802062988
10.53123664855957
9.537508964538574
9.866148948669434
11.870244979858398
12.864293098449707
13.144420623779297
9.002469062805176
8.601892471313477
11.195301055908203
11.977444648742676
6.708580493927002
10.25616455078125
10.582693099975586
11.718052864074707
6.460068702697754
8.709796905517578
11.123684883117676
12.500004768371582
9.9281005859375
11.721572875976562
11.67536449432373
4.933156490325928
9.925540924072266
9.27408504486084
9.9214448928833
11.399076461791992
9.089892387390137
3.7113327980041504
9.855204582214355
11.448868751525879
3.405796766281128
3.3119726181030273
11.873892784118652
4.501860618591309
11.220772743225098
4.390564918518066
11.386148452758789
5.488100528717041
9.421796798706055
12.013476371765137
10.895012855529785
11.07222843170166
10.405797004699707
11.139812469482422
10.605220794677734
9.314340591430664
6.749860763549805
5.480484485626221
4.4521965980529785
10.816996574401855
10.571812629699707
9.614948272705078
9.418532371520996
9.544612884521484
9.739428520202637
9.931492805480957
10.444068908691406
10.606308937072754
10.902308464050293
11.435812950134277
9.572260856628418
9.693924903869629
9.430116653442383
10.396452903747559
11.414756774902344
10.332196235656738
10.742180824279785
11.162468910217285
10.219941139221191
11.887396812438965
10.365348815917969
10.693604469299316
10.125988960266113
11.402276992797852
10.786661148071289
10.721892356872559
10.222692489624023
9.277668952941895
10.344932556152344
9.547364234924316
11.022500991821289
10.384356498718262
9.45699691772461
10.322468757629395
11.787812232971191
10.647268295288086
11.02186107635498
11.319140434265137
11.313380241394043
9.097701072692871
10.057252883911133
10.09782886505127
10.690468788146973
11.765732765197754
10.399076461791992
9.25110912322998
10.716836929321289
10.20925235748291
9.322724342346191
11.602020263671875
10.451364517211914
9.69994068145752
11.567716598510742
9.389092445373535
11.101476669311523
10.884068489074707
10.776677131652832
11.039012908935547
11.075044631958008
11.77795696258545
11.769637107849121
10.530084609985352
11.88118839263916
11.656484603881836
11.96688461303711
11.70493221282959
10.176676750183105
11.837156295776367
10.058917045593262
11.64426040649414
11.49968433380127
11.260836601257324
10.733476638793945
10.582436561584473
10.261860847473145
9.941285133361816
9.81187629699707
9.610724449157715
9.454501152038574
9.54653263092041
9.910181045532227
9.669412612915039
9.949541091918945
9.778852462768555
11.081060409545898
9.65904426574707
9.779492378234863
9.430500984191895
9.980709075927734
9.432100296020508
9.516068458557129
9.721508979797363
10.550564765930176
11.204516410827637
10.314468383789062
9.723237037658691
10.301669120788574
10.511076927185059
9.931620597839355
11.919140815734863
10.834148406982422
9.828068733215332
8.661796569824219
8.445348739624023
12.71414852142334
12.70602035522461
8.48483657836914
9.515172958374023
9.864740371704102
9.783717155456543
10.337764739990234
9.985572814941406
10.116772651672363
10.679332733154297
11.422308921813965
12.282917022705078
9.878820419311523
9.862820625305176
12.333989143371582
8.877540588378906
9.459237098693848
10.457316398620605
10.218724250793457
10.102564811706543
12.423524856567383
9.540389060974121
9.576356887817383
10.120037078857422
10.098724365234375
8.864420890808105
9.498340606689453
10.057316780090332
10.109668731689453
9.610852241516113
10.095973014831543
9.635172843933105
9.824804306030273
10.131620407104492
9.75946044921875
10.019620895385742
10.384292602539062
9.977316856384277
9.339301109313965
10.2338285446167
10.148388862609863
10.246180534362793
11.2522611618042
11.049124717712402
10.336997032165527
8.99901294708252
11.469412803649902
10.428836822509766
9.438884735107422
11.178340911865234
11.52355670928955
9.244709014892578
9.154085159301758
10.588581085205078
10.43197250366211
10.178853034973145
10.728036880493164
10.377124786376953
9.940964698791504
10.118756294250488
10.41872501373291
10.593829154968262
10.970980644226074
10.804901123046875
11.7554931640625
11.92259693145752
11.734628677368164
12.217508316040039
11.890725135803223
11.901860237121582
11.124900817871094
10.240164756774902
9.362468719482422
9.775012969970703
9.417892456054688
10.737893104553223
10.779556274414062
9.979748725891113
7.975268840789795
7.201188564300537
8.144932746887207
8.599908828735352
6.771108627319336
10.306405067443848
10.069732666015625
7.907556533813477
7.295140743255615
7.894180774688721
7.226916790008545
10.089828491210938
8.658980369567871
6.646884918212891
8.421476364135742
8.616996765136719
7.7524847984313965
10.094436645507812
6.918692588806152
6.749476909637451
6.169060707092285
6.12189245223999
10.099300384521484
6.509988784790039
8.724644660949707
8.281060218811035
8.069540977478027
7.701284885406494
7.418468475341797
7.269732475280762
6.987684726715088
7.305636882781982
7.811492919921875
8.48483657836914
9.96835708618164
13.205924987792969
7.188388824462891
7.66986083984375
6.320612907409668
8.968740463256836
7.065508842468262
12.065508842468262
7.91005277633667
12.619812965393066
7.8559088706970215
7.553508758544922
7.187044620513916
8.084324836730957
6.707364559173584
12.278436660766602
5.783076763153076
5.578660488128662
7.151524543762207
7.604196548461914
7.245348930358887
9.312932968139648
6.047204494476318
13.679460525512695
7.175972938537598
7.771684646606445
12.02141284942627
7.080868721008301
13.14467716217041
8.259300231933594
6.7150444984436035
7.487524509429932
7.342756748199463
7.415780544281006
6.360100746154785
9.301156997680664
4.679012775421143
7.898340702056885
8.192484855651855
8.116260528564453
8.668132781982422
6.281380653381348
11.56502914428711
7.2842607498168945
11.799844741821289
9.956708908081055
9.565093040466309
10.123428344726562
10.671972274780273
6.570596694946289
8.45430850982666
8.669669151306152
5.071908473968506
10.787492752075195
11.383332252502441
11.745509147644043
11.195428848266602
7.886180877685547
7.131556510925293
9.269668579101562
5.734884738922119
12.186980247497559
6.846244812011719
6.958308696746826
6.698916912078857
10.044068336486816
10.944805145263672
11.562725067138672
11.518500328063965
7.016612529754639
6.5923566818237305
12.471332550048828
8.595748901367188
12.25622844696045
13.325860977172852
10.020964622497559
12.968100547790527
10.791844367980957
12.549797058105469
6.486308574676514
7.339108467102051
9.057125091552734
10.963364601135254
11.810596466064453
10.748900413513184
11.532133102416992
12.314852714538574
13.25610065460205
12.883109092712402
13.108580589294434
13.720036506652832
13.868260383605957
14.047396659851074
15.429221153259277
15.21078872680664
15.19050121307373
15.580132484436035
15.450469017028809
14.920741081237793
15.136100769042969
15.079397201538086
14.74627685546875
14.727140426635742
14.595940589904785
15.589988708496094
14.93840503692627
14.944676399230957
14.706340789794922
15.022756576538086
14.865700721740723
15.337124824523926
14.572260856628418
14.494820594787598
14.382821083068848
14.257316589355469
13.992164611816406
14.960612297058105
14.626852989196777
14.562276840209961
14.11197280883789
14.193892478942871
13.615013122558594
13.726564407348633
14.0045166015625
12.233572959899902
12.466917037963867
12.339492797851562
13.283812522888184
12.961124420166016
12.075492858886719
12.072676658630371
12.001253128051758
11.47984504699707
10.824804306030273
12.62499713897705
10.955940246582031
10.772772789001465
10.737188339233398
11.439269065856934
10.915364265441895
12.811684608459473
11.68458080291748
11.722021102905273
10.718372344970703
11.363044738769531
13.611044883728027
11.813348770141602
12.441892623901367
11.506468772888184
10.727524757385254
11.018148422241211
13.205540657043457
10.935588836669922
10.963300704956055
11.923236846923828
11.310436248779297
12.799589157104492
12.628836631774902
12.139748573303223
11.70698070526123
11.274212837219238
11.393572807312012
10.998756408691406
11.347684860229492
11.710052490234375
11.783844947814941
12.65245246887207
11.008100509643555
8.731940269470215
9.836196899414062
10.444005012512207
11.118692398071289
11.625764846801758
15.071524620056152
13.315940856933594
11.30301284790039
14.472484588623047
10.994213104248047
14.54000473022461
15.694052696228027
17.224613189697266
17.17930030822754
16.711652755737305
11.583333015441895
13.86038875579834
11.154212951660156
16.787492752075195
10.72726821899414
16.00848388671875
15.427172660827637
14.829476356506348
12.225893020629883
10.770916938781738
10.159012794494629
12.830181121826172
15.835044860839844
16.13949203491211
13.622756958007812
16.020965576171875
13.081829071044922
15.54045295715332
14.818020820617676
13.879396438598633
14.90013313293457
12.77686882019043
14.981797218322754
14.177061080932617
14.460389137268066
13.279524803161621
13.664804458618164
13.526756286621094
13.779492378234863
14.459940910339355
13.66064453125
14.251428604125977
13.867748260498047
14.762276649475098
14.687716484069824
14.56944465637207
14.69386100769043
14.045156478881836
14.605156898498535
14.224420547485352
14.487716674804688
14.719141006469727
14.84560489654541
14.844452857971191
15.000932693481445
14.211812973022461
14.359780311584473
14.878564834594727
14.43901252746582
15.003748893737793
14.889509201049805
12.708452224731445
14.909732818603516
15.425956726074219
13.730853080749512
13.907556533813477
13.63165283203125
13.038372993469238
15.177124977111816
15.345572471618652
14.284516334533691
15.527524948120117
13.671525001525879
15.132452964782715
14.905892372131348
15.591972351074219
14.242596626281738
15.139044761657715
13.837861061096191
12.359909057617188
15.636004447937012
12.786980628967285
13.666980743408203
14.069604873657227
16.155237197875977
15.282788276672363
15.864996910095215
15.659173011779785
14.067620277404785
14.474084854125977
14.89757251739502
15.331045150756836
15.830692291259766
14.971044540405273
14.125604629516602
13.54864501953125
15.73859691619873
15.650084495544434
12.753508567810059
15.672677040100098
16.0362606048584
16.453540802001953
11.878884315490723
16.400611877441406
12.718501091003418
13.159140586853027
13.639012336730957
13.538084983825684
16.383588790893555
14.868132591247559
15.581348419189453
15.81450080871582
14.812772750854492
15.14045238494873
14.237796783447266
15.582052230834961
13.773412704467773
15.05648422241211
14.757476806640625
13.848100662231445
15.584548950195312
15.36208438873291
14.729637145996094
15.832228660583496
15.29642105102539
15.779300689697266
13.951204299926758
14.730853080749512
15.451045036315918
15.307684898376465
15.392805099487305
14.847396850585938
15.04221248626709
15.17923641204834
15.19402027130127
14.897956848144531
14.872868537902832
14.581476211547852
14.885156631469727
14.808740615844727
14.864100456237793
14.565924644470215
14.620580673217773
14.549028396606445
14.557732582092285
13.8964204788208
14.277220726013184
14.275172233581543
9.073508262634277
15.28829288482666
12.84566879272461
11.49514102935791
15.136804580688477
16.251876831054688
13.825445175170898
11.632548332214355
11.138980865478516
16.256101608276367
10.452773094177246
11.695589065551758
10.309540748596191
15.728228569030762
15.64906120300293
15.186020851135254
14.232612609863281
13.893669128417969
14.079076766967773
15.035236358642578
13.34678840637207
14.700708389282227
14.704228401184082
14.142949104309082
14.644389152526855
15.084452629089355
14.183525085449219
15.672677040100098
13.333796501159668
14.008740425109863
15.494244575500488
13.44925308227539
15.689701080322266
14.820773124694824
16.426149368286133
15.936356544494629
14.788772583007812
12.867364883422852
16.52477264404297
16.3234920501709
16.414052963256836
14.543012619018555
14.636580467224121
15.467429161071777
15.912421226501465
14.622053146362305
15.490660667419434
14.690277099609375
14.794148445129395
14.814692497253418
13.941861152648926
8.967076301574707
14.619876861572266
14.45533275604248
16.20784568786621
12.12835693359375
16.717796325683594
10.568549156188965
15.276965141296387
10.826148986816406
11.854116439819336
15.176228523254395
14.003876686096191
13.526116371154785
13.140708923339844
14.71414852142334
14.567204475402832
14.640612602233887
13.663716316223145
13.663972854614258
15.857189178466797
15.443876266479492
14.818532943725586
13.618404388427734
15.413540840148926
13.85277271270752
14.119332313537598
15.964004516601562
14.728164672851562
14.15133285522461
14.407716751098633
10.128484725952148
13.312740325927734
12.380388259887695
15.641892433166504
10.850724220275879
11.181668281555176
14.688485145568848
13.244196891784668
12.9912691116333
14.668453216552734
14.534116744995117
14.646692276000977
14.796836853027344
12.960101127624512
14.19818115234375
16.042213439941406
15.796004295349121
14.85878849029541
13.366244316101074
15.328228950500488
15.045220375061035
15.103589057922363
14.683876991271973
14.87779712677002
14.537764549255371
15.048612594604492
14.702372550964355
11.077796936035156
13.581284523010254
12.823524475097656
14.82326889038086
14.645988464355469
14.544036865234375
14.5077486038208
13.787044525146484
15.599844932556152
15.184356689453125
15.1705322265625
10.050980567932129
15.061028480529785
14.443492889404297
11.571236610412598
11.406692504882812
15.207844734191895
13.158628463745117
14.89853286743164
14.467748641967773
14.72234058380127
12.906661033630371
13.605093002319336
15.490084648132324
15.134820938110352
14.601188659667969
13.839908599853516
12.620644569396973
14.382436752319336
14.718501091003418
14.25008487701416
16.280292510986328
14.481700897216797
11.68515682220459
14.638500213623047
14.830757141113281
14.958756446838379
16.350820541381836
13.865060806274414
15.664228439331055
15.383012771606445
14.987876892089844
14.773028373718262
10.83696460723877
14.442276954650879
15.145764350891113
15.785764694213867
15.474980354309082
15.155301094055176
12.204324722290039
14.239460945129395
14.308709144592285
14.947876930236816
15.924580574035645
15.92918872833252
15.009956359863281
14.635300636291504
11.70147705078125
14.69174861907959
16.497060775756836
16.111589431762695
12.68304443359375
14.671204566955566
14.326244354248047
11.992292404174805
15.70486831665039
13.916581153869629
15.24144458770752
13.800741195678711
14.735076904296875
14.649956703186035
14.197348594665527
14.246564865112305
15.340644836425781
14.585573196411133
13.657636642456055
14.421860694885254
15.395620346069336
14.86192512512207
15.219429016113281
15.450148582458496
13.866276741027832
14.771876335144043
13.119332313537598
14.661092758178711
15.403300285339355
12.718628883361816
14.76970100402832
13.117284774780273
13.531428337097168
15.145636558532715
15.265764236450195
15.25770092010498
15.22448444366455
15.697444915771484
13.06064510345459
