9.876351576561311e-42
13.725166320800781
11.222030639648438
14.287886619567871
11.819790840148926
12.51889419555664
11.055822372436523
10.821006774902344
11.537678718566895
5.117966651916504
12.012110710144043
5.086862564086914
5.517966270446777
5.760078430175781
5.958798408508301
6.460590362548828
6.133838653564453
6.581390380859375
9.151758193969727
9.403470039367676
10.707534790039062
8.175630569458008
10.68590259552002
10.493390083312988
11.949262619018555
8.156494140625
9.257742881774902
9.898542404174805
11.212398529052734
11.581422805786133
10.933614730834961
12.569550514221191
10.124174118041992
12.732270240783691
11.15211009979248
11.07297420501709
10.421998023986816
10.921870231628418
10.602702140808105
10.844910621643066
11.345710754394531
11.297070503234863
12.624238014221191
5.913486480712891
13.4172945022583
11.3891019821167
10.097038269042969
6.049422264099121
6.2807183265686035
10.99486255645752
4.523502349853516
7.914958477020264
5.199342250823975
9.22199821472168
10.463150024414062
10.73342227935791
11.640270233154297
10.682446479797363
12.077966690063477
11.26401424407959
9.524558067321777
6.994414329528809
12.92548656463623
6.840302467346191
10.825486183166504
8.04340648651123
8.740302085876465
5.240142345428467
9.793902397155762
11.285070419311523
11.378190040588379
11.721646308898926
10.663118362426758
6.280206203460693
12.165870666503906
8.156942367553711
7.550670623779297
6.926382541656494
9.876398086547852
11.179598808288574
10.343182563781738
11.94635009765625
7.228782653808594
5.285390377044678
4.408174514770508
8.98843002319336
7.5361104011535645
8.665582656860352
10.28750228881836
10.482254028320312
5.298158645629883
10.415438652038574
9.64871883392334
10.450382232666016
11.755502700805664
4.56740665435791
6.849518299102783
12.506926536560059
10.827406883239746
8.66359806060791
8.16958236694336
7.5974225997924805
11.3408784866333
11.486510276794434
9.597517967224121
4.59361457824707
8.615950584411621
12.213518142700195
11.280750274658203
12.155438423156738
7.00196647644043
4.599950313568115
7.1397905349731445
12.366477966308594
5.131790637969971
8.47143840789795
10.82507038116455
9.279662132263184
10.721774101257324
7.143214225769043
7.012590408325195
9.249773979187012
11.354830741882324
11.04347038269043
11.428526878356934
7.842254638671875
10.584526062011719
9.2776460647583
13.03079891204834
10.885358810424805
10.757102012634277
7.465454578399658
11.520974159240723
11.586126327514648
10.803470611572266
10.6149263381958
4.617166519165039
5.550062656402588
6.1881103515625
8.8026704788208
7.085550308227539
9.5702543258667
7.333678245544434
8.108014106750488
8.633198738098145
9.123918533325195
9.106030464172363
9.559758186340332
10.470638275146484
10.138862609863281
9.184494018554688
10.276366233825684
9.975406646728516
9.508654594421387
12.380206108093262
13.526766777038574
13.413518905639648
13.091758728027344
12.413966178894043
11.499470710754395
10.942254066467285
10.574350357055664
12.668654441833496
11.67009449005127
11.781902313232422
9.429070472717285
10.3594388961792
7.062190532684326
5.993838310241699
9.473006248474121
6.113966464996338
9.265262603759766
12.642926216125488
11.154766082763672
8.528238296508789
11.043598175048828
7.479726314544678
9.428430557250977
8.251470565795898
5.041870594024658
9.515118598937988
5.793870449066162
4.258606433868408
9.410542488098145
13.525006294250488
2.3308944702148438
3.3512463569641113
6.051374435424805
10.912398338317871
9.043246269226074
5.67991828918457
12.524558067321777
3.6233744621276855
7.94516658782959
6.056398391723633
7.462286472320557
11.393070220947266
10.471278190612793
11.88347053527832
7.203662395477295
5.56740665435791
12.797614097595215
10.100494384765625
9.509934425354004
3.7836945056915283
6.645230293273926
5.626350402832031
11.314190864562988
4.954862594604492
8.868046760559082
2.554126501083374
10.06087875366211
10.472622871398926
4.1581902503967285
10.271278381347656
4.61115026473999
5.24052619934082
10.464078903198242
9.069774627685547
2.2356624603271484
7.3114705085754395
9.50417423248291
7.640558242797852
9.5984468460083
3.7000465393066406
9.574606895446777
3.699758529663086
7.3747663497924805
9.170350074768066
3.2752463817596436
6.60455846786499
5.720974445343018
3.7484304904937744
4.207982540130615
9.283854484558105
3.3412303924560547
5.815694332122803
3.5544145107269287
4.900526523590088
6.517102241516113
5.63083028793335
9.446638107299805
4.766862392425537
8.304110527038574
2.1903183460235596
6.004782199859619
2.5713424682617188
4.4296464920043945
2.845454454421997
2.555342435836792
4.336526393890381
5.516910552978516
4.341518402099609
3.729358434677124
3.6935184001922607
2.3995344638824463
2.5287184715270996
2.0438544750213623
5.797998428344727
5.780526638031006
2.8977744579315186
5.12801456451416
6.411726474761963
4.933230400085449
5.054286479949951
7.210702419281006
13.424622535705566
13.549518585205078
11.743374824523926
3.680206537246704
3.8975183963775635
3.547886371612549
3.4855504035949707
5.266158580780029
13.04507064819336
12.187566757202148
11.962158203125
12.345870018005371
9.30823802947998
5.0328145027160645
3.658830404281616
12.080558776855469
7.842926502227783
3.8632144927978516
6.797550201416016
3.9570703506469727
5.314382553100586
5.185134410858154
4.069230556488037
4.863662242889404
3.2425425052642822
3.4944465160369873
12.704238891601562
5.577518463134766
11.21700668334961
3.8349263668060303
7.226926326751709
8.422414779663086
4.715022563934326
4.113134384155273
3.620366334915161
13.345742225646973
8.82014274597168
10.00308609008789
3.2729744911193848
12.936590194702148
11.27924633026123
3.3023183345794678
8.07735824584961
11.330286026000977
2.6767184734344482
4.512782573699951
3.30871844291687
12.880878448486328
4.066734313964844
10.3310546875
13.305998802185059
10.628622055053711
9.79892635345459
10.801454544067383
3.7733263969421387
10.706254005432129
11.173038482666016
7.993422508239746
9.058446884155273
3.5615503787994385
8.517358779907227
3.231950521469116
6.4173264503479
6.684718608856201
5.036718368530273
4.276462554931641
3.7532944679260254
3.463822364807129
3.6793744564056396
4.1455183029174805
4.027182579040527
3.187342405319214
3.088590383529663
3.9219024181365967
4.013614654541016
4.983822345733643
4.550286293029785
4.6989264488220215
4.087982654571533
3.6391823291778564
3.4974863529205322
4.760078430175781
3.319758415222168
3.943246364593506
4.808366298675537
3.7788305282592773
6.51339054107666
4.775182247161865
4.05598258972168
3.869422435760498
3.699150323867798
3.1595983505249023
2.8942863941192627
2.587822437286377
2.3221583366394043
2.1341264247894287
2.113070487976074
3.79345440864563
3.1538383960723877
2.9339663982391357
3.3839824199676514
3.6763343811035156
4.096014499664307
3.8698384761810303
4.0594706535339355
3.2654223442077637
3.083566427230835
2.7099664211273193
2.4744784832000732
2.8203983306884766
2.414158344268799
3.5413265228271484
2.8214545249938965
3.2564303874969482
3.529550313949585
3.9701905250549316
1.9728145599365234
3.468142509460449
3.781902313232422
3.1645264625549316
3.419374465942383
2.9305105209350586
2.746542453765869
4.886094570159912
5.245582580566406
3.4037585258483887
4.782126426696777
4.558350563049316
3.1947665214538574
4.713230609893799
4.1758222579956055
2.9846224784851074
4.365966320037842
3.866542339324951
3.068622350692749
3.0138063430786133
3.372302532196045
3.0740623474121094
2.96155047416687
3.0096144676208496
2.8300304412841797
2.683438539505005
2.896686315536499
2.8075664043426514
2.5667665004730225
2.878894329071045
2.4059343338012695
3.0930063724517822
2.1175506114959717
2.1817104816436768
2.6453263759613037
6.090414524078369
5.42827033996582
3.4515345096588135
3.60292649269104
4.460302352905273
4.331054210662842
3.859598398208618
3.3350863456726074
3.063854455947876
3.4854865074157715
2.5035343170166016
2.8094863891601562
3.104302406311035
3.7064144611358643
3.4678544998168945
3.200718402862549
2.657134532928467
2.809230327606201
2.949646472930908
2.774254322052002
2.1939663887023926
3.796398401260376
5.19246244430542
7.92987060546875
3.029294490814209
3.3124303817749023
3.3481743335723877
4.0322065353393555
3.5644943714141846
2.301966428756714
4.897358417510986
3.170382499694824
3.0495505332946777
3.8209104537963867
2.753838539123535
1.680814504623413
2.968142509460449
2.8529744148254395
3.1986703872680664
2.8406543731689453
3.059662342071533
3.4985103607177734
2.7669904232025146
2.883918523788452
3.0952463150024414
3.051150321960449
2.44027042388916
3.0708303451538086
2.836174488067627
3.073326349258423
3.236910343170166
2.9683024883270264
3.266350507736206
2.6211984157562256
2.9381585121154785
3.2450385093688965
2.493678331375122
1.8522065877914429
1.885710597038269
3.160078525543213
3.6345105171203613
3.3361425399780273
3.494830369949341
4.638702392578125
2.663278341293335
2.489454507827759
2.8117263317108154
2.6455185413360596
2.094958543777466
2.3874704837799072
2.1562066078186035
1.8279505968093872
2.1138064861297607
2.093966484069824
2.0591185092926025
2.4133265018463135
1.7419345378875732
1.6676945686340332
1.8512145280838013
2.2831504344940186
1.5243985652923584
2.256174325942993
1.7655506134033203
1.8347026109695435
2.514190435409546
3.140366315841675
3.2187983989715576
3.728654384613037
2.75959849357605
2.756366491317749
2.465102434158325
1.832014560699463
1.7185745239257812
1.5296785831451416
2.021806478500366
2.108142614364624
2.541454553604126
1.7832465171813965
1.755630612373352
3.232654333114624
2.4266064167022705
2.237358331680298
2.2768783569335938
3.2835023403167725
2.312878370285034
2.405294418334961
2.5959184169769287
2.591278314590454
3.4554383754730225
1.3485585451126099
1.8150866031646729
2.892622470855713
2.647566318511963
2.5910863876342773
2.369966506958008
2.7396624088287354
2.309582471847534
2.053102493286133
1.6044305562973022
2.352846384048462
2.37966251373291
2.353806495666504
1.75028657913208
2.15911865234375
1.8881425857543945
2.4510865211486816
1.7651665210723877
2.1685585975646973
1.6328145265579224
2.269742488861084
2.1131346225738525
2.037102460861206
2.382350444793701
1.8316305875778198
2.170222520828247
2.0964624881744385
2.248654365539551
1.7389265298843384
2.0670225620269775
2.1083664894104004
2.46372652053833
2.40372633934021
1.902158498764038
2.022606611251831
2.1745104789733887
2.225710391998291
1.967214584350586
1.96699059009552
2.188046455383301
2.598830461502075
3.2961103916168213
2.4216463565826416
2.6396305561065674
2.674222469329834
4.207854270935059
2.927694320678711
3.433262348175049
6.021230220794678
6.711758613586426
7.834766387939453
7.785550594329834
7.726318359375
3.744206428527832
4.416718482971191
5.99812650680542
8.008782386779785
6.839534282684326
7.064302444458008
2.6267025470733643
8.28955078125
8.853806495666504
7.957614421844482
9.051918029785156
8.18590259552002
5.570030212402344
8.105518341064453
6.601870536804199
5.120046615600586
7.200270652770996
4.387758255004883
6.795150279998779
8.707182884216309
6.689038276672363
6.174190521240234
9.315470695495605
9.246670722961426
8.039054870605469
5.845230579376221
7.600622653961182
4.536014556884766
7.467758655548096
5.3029584884643555
2.9084625244140625
7.634958267211914
8.007918357849121
5.678414344787598
4.747342586517334
7.937614440917969
9.664398193359375
5.037902355194092
4.466926574707031
5.9557905197143555
4.461998462677002
9.582478523254395
6.566126346588135
8.756558418273926
8.085838317871094
6.026606559753418
4.874350547790527
9.668590545654297
4.7926225662231445
4.823374271392822
8.856078147888184
4.5336785316467285
8.781678199768066
6.864206314086914
7.463054656982422
7.457710266113281
6.857998371124268
5.77217435836792
4.594766616821289
4.761070251464844
4.4096784591674805
4.657934665679932
3.569742441177368
6.16903829574585
5.227278232574463
2.930830478668213
3.92334246635437
5.479502201080322
7.557326316833496
10.73166275024414
9.57575798034668
7.445390224456787
10.2547025680542
6.622478485107422
4.793518543243408
3.318382501602173
3.3091344833374023
4.2120466232299805
3.582862377166748
4.839118480682373
3.8040144443511963
3.6281423568725586
4.086606502532959
3.8066065311431885
3.2473104000091553
3.6183183193206787
4.047118663787842
2.3325583934783936
2.2845263481140137
4.2068305015563965
2.9330384731292725
3.0779664516448975
2.9153103828430176
3.0523345470428467
2.781806468963623
3.269294500350952
2.2502224445343018
2.217198610305786
2.9730064868927
2.5273423194885254
3.329230546951294
3.378478527069092
2.884206533432007
3.4877264499664307
3.9342544078826904
2.7680463790893555
3.5029585361480713
3.6086864471435547
3.149390459060669
3.6072144508361816
3.0267343521118164
3.106382369995117
3.9758224487304688
4.479758262634277
5.197806358337402
4.257326602935791
2.8387343883514404
4.018574237823486
4.205806255340576
4.590638637542725
3.588526487350464
4.34855842590332
4.520590305328369
4.411982536315918
5.299246311187744
4.708526611328125
3.315662384033203
2.906830310821533
4.3787665367126465
3.704942464828491
5.8056464195251465
3.053710460662842
3.923438310623169
2.6296465396881104
5.061614513397217
6.145902633666992
2.3841423988342285
3.348846435546875
3.39607834815979
2.3494224548339844
3.275054454803467
4.043630599975586
3.0019023418426514
2.7609105110168457
4.556206226348877
2.7845585346221924
3.077230453491211
3.152238368988037
5.317326545715332
2.8596625328063965
3.2581264972686768
2.639214515686035
2.532238483428955
3.002350330352783
3.0850703716278076
3.065486431121826
2.234990358352661
2.400334358215332
2.7021265029907227
3.012110471725464
3.22737455368042
2.181518316268921
3.502990484237671
2.8695504665374756
2.0105745792388916
2.9781265258789062
2.5078225135803223
4.0994062423706055
2.7790544033050537
2.862926483154297
2.930542469024658
5.068974494934082
2.7961745262145996
2.4106383323669434
3.825070381164551
3.8038864135742188
4.1547346115112305
3.9545743465423584
2.612494468688965
3.2060623168945312
4.340622425079346
3.3207504749298096
3.1435344219207764
4.297710418701172
4.676334381103516
4.112494468688965
4.177614212036133
4.465326309204102
4.563246250152588
5.7140302658081055
5.3310866355896
5.2579665184021
4.2240142822265625
5.259086608886719
4.784270286560059
4.281486511230469
7.353102207183838
7.401390552520752
6.945294380187988
8.140238761901855
8.304526329040527
8.293838500976562
8.48398208618164
8.216974258422852
8.480558395385742
10.007438659667969
6.699214458465576
9.421902656555176
8.521838188171387
8.503246307373047
7.91457462310791
7.823118209838867
10.313966751098633
8.709742546081543
8.943470001220703
8.48388671875
8.256558418273926
3.8211984634399414
10.70004653930664
9.178414344787598
6.7035346031188965
3.6198225021362305
3.1808784008026123
2.8698384761810303
4.394830226898193
4.058542251586914
3.4409425258636475
3.339886426925659
2.716942548751831
3.8730063438415527
3.0107665061950684
2.7323663234710693
2.245006561279297
2.7842063903808594
2.671886444091797
2.9383504390716553
3.291470527648926
3.682190418243408
3.906670331954956
4.179662227630615
4.501326560974121
3.3069584369659424
3.115246534347534
4.0668625831604
3.6946065425872803
4.631950378417969
3.626478433609009
3.9160783290863037
3.330510377883911
4.652334213256836
2.903630495071411
2.840782403945923
3.0063183307647705
3.033006429672241
4.2992143630981445
2.6374223232269287
3.5856783390045166
4.051214218139648
4.568142414093018
4.500270366668701
6.431150436401367
4.47899055480957
8.678510665893555
7.138158321380615
6.655854225158691
7.572910308837891
10.026542663574219
7.692654609680176
3.545806407928467
9.878990173339844
3.08164644241333
3.4715664386749268
4.458414554595947
4.276462554931641
2.875502347946167
3.553518533706665
2.5720465183258057
3.499662399291992
2.7490384578704834
2.5628623962402344
3.310190439224243
3.8443984985351562
3.7088143825531006
4.323182582855225
3.977806329727173
4.10075044631958
2.481518507003784
3.8495185375213623
2.3176465034484863
2.364302396774292
2.0944466590881348
3.286510467529297
4.053454399108887
4.175790309906006
5.861998558044434
6.761934280395508
8.34372615814209
8.769134521484375
5.17556619644165
8.355310440063477
8.668622016906738
2.7897424697875977
2.162062644958496
2.687950372695923
2.7515664100646973
3.369006395339966
3.355182409286499
3.438894510269165
4.141358375549316
3.7501585483551025
4.181198596954346
2.4106063842773438
2.8792145252227783
3.895630359649658
2.801454544067383
2.7751505374908447
3.5142223834991455
4.633838653564453
7.5767502784729
8.61390209197998
6.01009464263916
8.825358390808105
9.268142700195312
2.8895504474639893
3.9299023151397705
2.368462324142456
3.055086374282837
3.7172303199768066
3.6503183841705322
3.9749903678894043
3.421102523803711
3.9508304595947266
4.152526378631592
2.3464784622192383
7.265806674957275
8.54676628112793
5.108814239501953
2.587022542953491
2.705902338027954
3.6609103679656982
2.89278244972229
3.112142324447632
3.5485904216766357
2.8123984336853027
3.844078540802002
3.966254472732544
5.013614654541016
2.573422431945801
5.743854522705078
8.932558059692383
8.041902542114258
2.3166544437408447
2.5495505332946777
3.7057745456695557
4.844046592712402
2.5721423625946045
3.129070520401001
2.3824784755706787
2.1231186389923096
3.2992143630981445
4.053230285644531
2.544814348220825
3.3070223331451416
3.1087825298309326
5.639566421508789
6.923726558685303
8.744430541992188
8.020846366882324
5.832942485809326
3.3648784160614014
2.7195024490356445
5.377678394317627
7.193294525146484
8.527054786682129
2.9014225006103516
3.585646390914917
4.145454406738281
3.8989903926849365
4.633582592010498
5.855470657348633
8.482254028320312
7.356494426727295
6.64279842376709
3.0485904216766357
2.964142322540283
4.753486633300781
7.6455183029174805
3.1259663105010986
3.1766865253448486
7.195566654205322
2.7243025302886963
4.6759185791015625
3.152846336364746
9.585230827331543
10.2962064743042
7.306734561920166
10.224686622619629
2.7285263538360596
3.445582389831543
3.146958351135254
9.73275089263916
2.8698065280914307
3.9360785484313965
2.5072145462036133
2.677262544631958
4.052334308624268
9.390414237976074
3.1936464309692383
5.358670234680176
8.207598686218262
3.6675665378570557
5.874670505523682
8.230798721313477
8.985006332397461
3.053006410598755
3.158414363861084
2.5572304725646973
3.055694341659546
2.798670530319214
3.4191184043884277
3.7729744911193848
