9.876351576561311e-42
9.894586563110352
8.641657829284668
11.522297859191895
11.075929641723633
10.974393844604492
10.694585800170898
10.059386253356934
10.05589771270752
15.188730239868164
11.06284236907959
13.850713729858398
13.404922485351562
15.130714416503906
15.08204174041748
13.149561882019043
15.16495418548584
14.423897743225098
15.008569717407227
13.10377025604248
14.826842308044434
15.136794090270996
11.67973804473877
12.376890182495117
12.246330261230469
15.177338600158691
15.080537796020508
13.426042556762695
13.679001808166504
15.286554336547852
14.702777862548828
15.169241905212402
13.370010375976562
14.848857879638672
13.989242553710938
14.446809768676758
14.50985050201416
14.55737018585205
15.398265838623047
14.392922401428223
14.594745635986328
14.461498260498047
9.545625686645508
9.893881797790527
11.11861801147461
10.780826568603516
11.121786117553711
14.157753944396973
15.184858322143555
11.85116195678711
14.30850601196289
14.990010261535645
14.145626068115234
15.065722465515137
11.211770057678223
14.847705841064453
12.797369956970215
14.74297046661377
15.294074058532715
14.548441886901855
9.560057640075684
13.692441940307617
10.08188247680664
12.358810424804688
11.618490219116211
14.929306030273438
15.047834396362305
14.501401901245117
12.025978088378906
14.710074424743652
14.694746017456055
14.545402526855469
10.269433975219727
13.513177871704102
10.1661376953125
11.293018341064453
14.958330154418945
15.128986358642578
11.731674194335938
14.666522026062012
14.043098449707031
14.586042404174805
13.493209838867188
15.022746086120605
12.669434547424316
14.971673965454102
15.171737670898438
15.143706321716309
14.749945640563965
14.231162071228027
14.752634048461914
10.333849906921387
15.027833938598633
14.780218124389648
14.623641967773438
14.946554183959961
15.209369659423828
15.205081939697266
14.338682174682617
13.1529541015625
12.486842155456543
15.222618103027344
14.658554077148438
14.627225875854492
12.53292179107666
14.488922119140625
12.7958984375
15.24415397644043
13.911578178405762
14.707737922668457
13.293113708496094
14.653882026672363
13.501850128173828
14.75439453125
14.915898323059082
13.793561935424805
14.171673774719238
11.053850173950195
14.422298431396484
12.205721855163574
14.806617736816406
14.03986644744873
14.742170333862305
14.668122291564941
14.773881912231445
14.817594528198242
14.745914459228516
14.866042137145996
15.258330345153809
14.769946098327637
14.679610252380371
11.6146821975708
14.799577713012695
14.850266456604004
14.894266128540039
14.875577926635742
12.999706268310547
14.737722396850586
14.852890014648438
14.587162017822266
14.82386589050293
14.719834327697754
14.66664981842041
14.794841766357422
14.858041763305664
14.842010498046875
14.835129737854004
14.848762512207031
14.913402557373047
14.889242172241211
14.939353942871094
14.954906463623047
14.988666534423828
15.043642044067383
15.093977928161621
15.17973804473877
15.220282554626465
15.23816967010498
15.280730247497559
15.315961837768555
15.437370300292969
15.494649887084961
15.124954223632812
14.646905899047852
13.536026000976562
13.876921653747559
13.972729682922363
13.303897857666016
13.353178024291992
11.149401664733887
13.232281684875488
10.768474578857422
12.30476188659668
10.553370475769043
10.375802040100098
10.931577682495117
10.769721984863281
9.049114227294922
9.18684196472168
14.48591423034668
11.161977767944336
14.94172191619873
11.713722229003906
11.398234367370605
10.242841720581055
14.506330490112305
13.267545700073242
12.25557804107666
10.091961860656738
11.030265808105469
12.351962089538574
9.0218505859375
13.661178588867188
10.590426445007324
12.598522186279297
8.931513786315918
14.943641662597656
14.363065719604492
13.343802452087402
13.35871410369873
12.973881721496582
12.988154411315918
9.791642189025879
10.394074440002441
13.229402542114258
9.13992977142334
9.399738311767578
10.694649696350098
15.040570259094238
11.192346572875977
13.301017761230469
14.519705772399902
11.140826225280762
10.874234199523926
9.702777862548828
14.768186569213867
13.420730590820312
11.911866188049316
10.514745712280273
14.964218139648438
11.282618522644043
11.679962158203125
10.251033782958984
9.1430025100708
13.35429859161377
11.227226257324219
12.167706489562988
12.964666366577148
10.274585723876953
12.99573802947998
10.612345695495605
12.428281784057617
12.988346099853516
12.335993766784668
10.148602485656738
13.746426582336426
11.384666442871094
13.213370323181152
10.55093765258789
13.122234344482422
14.324153900146484
9.763642311096191
14.006170272827148
10.473817825317383
15.029850006103516
11.56393051147461
14.826873779296875
15.001370429992676
11.530682563781738
12.441402435302734
14.022778511047363
14.735258102416992
14.076089859008789
13.643898010253906
14.183290481567383
14.786233901977539
14.878778457641602
14.921626091003418
15.736922264099121
15.662458419799805
14.720986366271973
14.12735366821289
14.351962089538574
13.893881797790527
14.264249801635742
15.186041831970215
15.054841995239258
15.519193649291992
16.000505447387695
14.859769821166992
12.80357837677002
14.175993919372559
11.380698204040527
13.797626495361328
14.467482566833496
14.332730293273926
14.051673889160156
14.778010368347168
13.932313919067383
12.343130111694336
11.060921669006348
14.763737678527832
13.450969696044922
11.84290599822998
12.931097984313965
15.498618125915527
14.638361930847168
15.582969665527344
13.601114273071289
14.434041976928711
12.95145034790039
14.054586410522461
14.599129676818848
14.549657821655273
13.838873863220215
11.032954216003418
13.473146438598633
13.051513671875
15.128314018249512
15.26201057434082
12.640729904174805
14.935002326965332
13.897370338439941
13.233305931091309
15.30300235748291
14.688570022583008
13.933658599853516
14.677306175231934
13.300826072692871
13.879034042358398
15.155801773071289
13.608633995056152
14.070170402526855
14.821466445922852
11.078393936157227
13.049562454223633
15.323546409606934
12.980602264404297
13.327706336975098
15.343226432800293
10.938458442687988
14.592889785766602
15.815642356872559
14.934074401855469
15.721081733703613
11.896825790405273
15.410265922546387
11.966553688049316
14.82495403289795
15.068697929382324
14.081850051879883
11.58255386352539
12.262906074523926
12.006361961364746
12.240154266357422
12.609370231628418
12.875641822814941
13.52245807647705
14.3506498336792
15.051002502441406
14.827770233154297
15.424314498901367
15.369465827941895
15.814362525939941
15.344602584838867
12.922234535217285
14.52530574798584
15.554169654846191
15.064922332763672
15.57916259765625
15.130330085754395
11.994522094726562
13.152698516845703
13.013529777526855
15.401658058166504
15.035482406616211
14.908185958862305
14.951193809509277
15.398362159729004
15.051033973693848
15.147290229797363
15.1180419921875
15.151001930236816
15.332026481628418
15.402137756347656
15.086458206176758
15.024025917053223
13.256857872009277
15.369786262512207
13.067673683166504
15.185626029968262
14.518970489501953
13.1148099899292
15.099034309387207
15.442906379699707
15.070362091064453
15.198041915893555
15.295001983642578
15.060441970825195
15.297562599182129
12.809721946716309
13.749978065490723
13.25666618347168
15.337721824645996
15.342650413513184
15.731353759765625
14.361946105957031
13.670010566711426
14.180474281311035
15.260313987731934
13.979034423828125
13.977049827575684
15.047322273254395
14.262298583984375
14.869946479797363
14.954042434692383
14.904858589172363
15.551801681518555
15.011225700378418
14.949658393859863
15.288506507873535
14.69385051727295
15.088665962219238
14.733593940734863
15.000730514526367
15.063546180725098
15.056570053100586
15.087898254394531
14.955513954162598
15.135610580444336
15.162010192871094
15.035962104797363
15.116698265075684
15.19497013092041
15.127801895141602
15.165145874023438
15.228185653686523
15.793977737426758
15.696089744567871
15.686234474182129
15.473177909851074
15.104249954223633
15.016633987426758
14.984665870666504
15.07273006439209
15.107450485229492
15.014202117919922
15.282649993896484
15.225146293640137
15.166202545166016
15.264313697814941
15.220410346984863
15.274490356445312
15.30748176574707
15.228314399719238
15.148697853088379
15.15135383605957
15.045402526855469
13.169050216674805
13.109018325805664
13.36697006225586
13.945274353027344
14.660442352294922
13.641721725463867
15.212825775146484
14.923833847045898
15.163834571838379
12.963833808898926
14.226969718933105
14.33426570892334
15.228826522827148
14.791833877563477
15.0219144821167
13.547098159790039
14.865945816040039
14.014362335205078
13.727514266967773
14.190553665161133
13.010746002197266
15.022266387939453
14.644986152648926
15.05135440826416
15.023354530334473
13.113274574279785
15.011066436767578
13.94127368927002
14.677370071411133
14.470649719238281
15.053817749023438
14.897594451904297
15.120794296264648
15.015002250671387
14.915929794311523
14.803802490234375
14.703386306762695
14.607098579406738
15.416058540344238
15.149018287658691
15.470361709594727
14.98261833190918
15.393722534179688
15.27577018737793
15.332185745239258
15.376762390136719
15.323610305786133
14.664857864379883
15.185946464538574
14.690746307373047
14.440793991088867
15.04601001739502
15.073690414428711
14.98636245727539
14.926841735839844
14.47119426727295
14.294234275817871
14.333242416381836
14.165657997131348
14.799449920654297
14.939898490905762
14.79599380493164
14.887641906738281
14.855802536010742
15.349690437316895
15.435578346252441
15.502458572387695
14.853434562683105
15.360569953918457
15.174553871154785
14.574713706970215
14.843194007873535
14.367385864257812
14.882938385009766
14.114073753356934
14.094938278198242
14.585433959960938
14.731130599975586
15.09564208984375
15.328601837158203
14.711033821105957
15.253113746643066
14.213594436645508
14.6148099899292
14.764185905456543
15.243258476257324
14.995386123657227
15.318714141845703
14.256921768188477
14.934138298034668
14.462105751037598
14.744505882263184
14.800410270690918
15.255769729614258
15.176409721374512
15.116474151611328
14.501753807067871
14.809946060180664
14.925209999084473
14.920762062072754
14.811674118041992
14.680441856384277
14.363482475280762
15.160954475402832
14.662970542907715
14.93285846710205
14.84991455078125
14.604186058044434
14.896154403686523
14.443513870239258
14.894874572753906
14.930458068847656
14.493497848510742
14.891386032104492
14.54104995727539
14.979290008544922
14.611929893493652
14.323834419250488
14.424506187438965
14.580570220947266
14.808186531066895
14.627641677856445
14.691962242126465
14.812186241149902
15.092761993408203
15.066169738769531
14.996986389160156
15.098106384277344
15.031993865966797
15.118938446044922
16.303770065307617
16.301849365234375
16.275482177734375
16.343290328979492
16.295194625854492
16.219161987304688
16.303129196166992
16.294906616210938
16.267513275146484
16.267770767211914
16.83589744567871
16.32840919494629
16.23141860961914
16.277050018310547
16.645721435546875
16.282329559326172
16.27394676208496
16.279834747314453
16.257465362548828
16.289018630981445
16.246938705444336
16.26437759399414
16.242778778076172
16.249658584594727
16.255706787109375
16.225690841674805
16.207481384277344
16.23480987548828
16.200889587402344
16.226329803466797
16.48249053955078
16.291770935058594
16.28290557861328
16.31125831604004
16.49580192565918
16.586938858032227
16.313081741333008
16.532377243041992
16.281658172607422
16.696346282958984
16.473018646240234
16.170522689819336
16.636890411376953
16.7229061126709
16.603769302368164
16.348058700561523
16.70674705505371
16.37797737121582
16.32489013671875
16.25711441040039
16.560922622680664
16.325050354003906
16.39301872253418
16.331226348876953
16.452985763549805
16.45362663269043
16.519609451293945
16.459226608276367
16.310426712036133
16.40165901184082
16.426042556762695
16.37413787841797
16.314233779907227
16.26303482055664
16.2391300201416
16.280441284179688
16.326202392578125
16.374746322631836
16.35797882080078
16.38559341430664
16.315322875976562
16.248153686523438
16.248281478881836
16.170265197753906
15.98431396484375
15.750809669494629
15.615354537963867
15.740538597106934
15.802745819091797
15.843961715698242
15.672313690185547
15.688985824584961
15.86917781829834
15.70492172241211
15.87685775756836
15.986169815063477
16.016122817993164
15.967802047729492
15.940217971801758
15.969145774841309
15.829817771911621
15.96674633026123
15.721369743347168
15.991002082824707
15.528602600097656
16.12508201599121
16.091835021972656
16.07439422607422
15.81609058380127
15.422714233398438
15.188250541687012
15.914201736450195
16.20661735534668
16.339035034179688
16.079545974731445
16.383258819580078
15.958202362060547
16.345754623413086
16.300827026367188
16.20025062561035
16.310298919677734
15.810137748718262
16.304889678955078
16.2425537109375
16.28031349182129
15.932889938354492
16.114778518676758
15.759610176086426
15.955162048339844
16.2127628326416
15.867866516113281
16.16556167602539
15.492538452148438
16.125337600708008
15.853241920471191
16.208730697631836
16.14191436767578
15.481690406799316
16.19784927368164
16.18808937072754
16.141178131103516
15.978425979614258
15.824762344360352
15.765018463134766
15.741018295288086
16.14453887939453
16.09621810913086
15.848122596740723
15.487418174743652
15.68729019165039
15.581049919128418
16.245946884155273
15.799225807189941
15.573882102966309
15.259161949157715
16.096826553344727
16.1596736907959
15.176057815551758
15.470361709594727
15.647769927978516
15.223226547241211
15.461177825927734
16.09906578063965
15.729658126831055
15.791642189025879
15.659418106079102
15.101530075073242
15.74524211883545
16.02572250366211
16.27897071838379
15.394426345825195
16.17525863647461
16.044761657714844
15.977018356323242
15.600410461425781
15.217849731445312
15.91769027709961
15.331450462341309
16.087514877319336
15.139577865600586
16.009977340698242
16.049562454223633
15.41442584991455
16.090585708618164
16.150745391845703
15.165818214416504
16.075481414794922
15.448090553283691
16.17308235168457
15.555930137634277
16.08063507080078
15.799577713012695
16.261754989624023
16.01743507385254
14.869210243225098
16.258426666259766
16.260986328125
14.994073867797852
15.94002628326416
15.464794158935547
15.696601867675781
16.1878662109375
15.551321983337402
15.652345657348633
16.29826545715332
16.230106353759766
16.297529220581055
15.696858406066895
15.63391399383545
15.429497718811035
16.224090576171875
16.2443790435791
16.278074264526367
15.90233039855957
16.208602905273438
16.15740203857422
15.599546432495117
16.231962203979492
16.073883056640625
16.148826599121094
16.03512954711914
15.849209785461426
16.123258590698242
16.16943359375
16.158906936645508
15.9520263671875
16.210554122924805
15.808730125427246
16.21365737915039
16.05730628967285
16.157913208007812
16.19628143310547
16.033050537109375
16.258201599121094
16.237977981567383
16.260665893554688
16.060697555541992
15.998650550842285
15.954394340515137
15.784793853759766
15.72668170928955
15.858234405517578
16.007898330688477
16.011577606201172
15.966330528259277
15.76581859588623
15.59717845916748
15.989594459533691
15.294841766357422
15.638137817382812
15.10274600982666
16.2794189453125
16.331289291381836
16.32328987121582
16.257177352905273
16.188922882080078
16.10268211364746
16.27497100830078
15.63992977142334
16.07871437072754
16.101306915283203
16.19436264038086
15.964154243469238
15.739290237426758
16.020057678222656
15.568985939025879
16.168121337890625
16.01865005493164
15.639289855957031
16.103801727294922
15.721978187561035
15.114970207214355
15.790362358093262
16.002649307250977
15.283705711364746
16.1845703125
15.95980167388916
16.037818908691406
15.989977836608887
16.324153900146484
16.308794021606445
15.81346607208252
15.954137802124023
16.098777770996094
16.104793548583984
15.8538179397583
15.898041725158691
16.136409759521484
16.21231460571289
16.002714157104492
15.829401969909668
15.997145652770996
15.97941780090332
15.818681716918945
15.954361915588379
15.213113784790039
16.164474487304688
15.183609962463379
15.62009048461914
16.284921646118164
16.207481384277344
16.124473571777344
15.826394081115723
16.051353454589844
16.097082138061523
15.785017967224121
16.192249298095703
15.126425743103027
15.592761993408203
15.246394157409668
15.852282524108887
16.11202621459961
16.111417770385742
15.031098365783691
16.290361404418945
16.0067138671875
15.941658020019531
16.109146118164062
16.01093864440918
16.032730102539062
15.917818069458008
15.772857666015625
16.01442527770996
15.347641944885254
15.220441818237305
16.23720932006836
16.028186798095703
15.705594062805176
16.247098922729492
15.926970481872559
16.04153060913086
15.698810577392578
15.017849922180176
15.945657730102539
15.661401748657227
16.11679458618164
15.333178520202637
16.196922302246094
16.26735496520996
16.0994815826416
16.14911460876465
15.89199447631836
16.19423484802246
15.959930419921875
16.014137268066406
16.13148307800293
15.319705963134766
16.125850677490234
15.901561737060547
16.16338539123535
16.024314880371094
15.704602241516113
16.033849716186523
16.189273834228516
15.335641860961914
16.12940216064453
16.135770797729492
16.04559326171875
16.01183319091797
15.999002456665039
15.677946090698242
15.355706214904785
16.23221778869629
16.022777557373047
16.208377838134766
15.871545791625977
15.994649887084961
16.242298126220703
14.992538452148438
16.2061710357666
16.10120964050293
16.0898494720459
15.971418380737305
15.838937759399414
15.791545867919922
15.902266502380371
15.014969825744629
15.869465827941895
16.005081176757812
15.689849853515625
16.188026428222656
15.875322341918945
15.177849769592285
15.955706596374512
16.234106063842773
16.18831443786621
16.155866622924805
16.00626564025879
16.00002670288086
15.978713989257812
15.937594413757324
15.27359390258789
16.192441940307617
16.129690170288086
15.944314002990723
15.784857749938965
15.696794509887695
16.183353424072266
15.794713973999023
16.152057647705078
16.059738159179688
15.896346092224121
15.974969863891602
15.893017768859863
15.231770515441895
15.874618530273438
16.046489715576172
15.812858581542969
16.187482833862305
15.934393882751465
15.804858207702637
16.002649307250977
16.18693733215332
15.689849853515625
15.659130096435547
15.63231372833252
15.922393798828125
15.651162147521973
15.531098365783691
15.680314064025879
15.561114311218262
15.684313774108887
15.51263427734375
15.698074340820312
15.806394577026367
15.36959457397461
15.754905700683594
15.753530502319336
15.533273696899414
16.229785919189453
15.829338073730469
15.526266098022461
16.259418487548828
15.862106323242188
15.733498573303223
16.003129959106445
15.79650592803955
15.461658477783203
15.96674633026123
15.605881690979004
15.520345687866211
16.17410659790039
