9.876351576561311e-42
17.205142974853516
16.978775024414062
15.249495506286621
16.923351287841797
16.341463088989258
15.550870895385742
13.686678886413574
12.851862907409668
15.360087394714355
13.867287635803223
15.39375114440918
14.898326873779297
15.863638877868652
15.578263282775879
15.798358917236328
17.22332000732422
15.782743453979492
16.72002410888672
15.791767120361328
16.827991485595703
17.640790939331055
15.650838851928711
15.809879302978516
15.99893569946289
18.0389347076416
17.48392677307129
15.885143280029297
16.1326961517334
17.759702682495117
16.43592643737793
17.88802146911621
15.875799179077148
17.133975982666016
16.0008544921875
16.191448211669922
16.02997589111328
16.114646911621094
17.84187889099121
16.03157615661621
16.254871368408203
15.846871376037598
17.210840225219727
16.019224166870117
15.863574981689453
16.95516014099121
13.591063499450684
15.236950874328613
15.519895553588867
14.756695747375488
15.649046897888184
16.459863662719727
15.679895401000977
17.241750717163086
15.24962329864502
16.820438385009766
16.043479919433594
16.78491973876953
17.783893585205078
16.26741600036621
16.566999435424805
15.69787883758545
14.007511138916016
14.48597526550293
15.001623153686523
15.838103294372559
16.972375869750977
15.428183555603027
15.535639762878418
16.375
16.64360809326172
15.912406921386719
16.838743209838867
15.557527542114258
15.008535385131836
14.016983032226562
16.114070892333984
17.2473201751709
15.250839233398438
16.797143936157227
16.055063247680664
16.065624237060547
15.587479591369629
15.255319595336914
14.499287605285645
16.4133358001709
17.688215255737305
17.941781997680664
16.34383201599121
16.11003875732422
15.223895072937012
14.635478973388672
16.988374710083008
16.555927276611328
16.286998748779297
15.438935279846191
17.50120735168457
17.937429428100586
16.144214630126953
15.63874340057373
15.576983451843262
17.874902725219727
16.526552200317383
16.42491912841797
15.689111709594727
15.452439308166504
15.69333553314209
17.893014907836914
16.14856719970703
16.786582946777344
15.268630981445312
15.797335624694824
15.764503479003906
16.960983276367188
15.77787971496582
15.70811939239502
16.107606887817383
15.147542953491211
16.076438903808594
14.957399368286133
16.444438934326172
15.684439659118652
16.910167694091797
15.948631286621094
17.13916015625
16.389015197753906
17.103574752807617
16.091032028198242
17.789270401000977
17.235095977783203
17.018390655517578
14.560471534729004
17.028438568115234
16.961048126220703
16.889110565185547
16.737751007080078
14.624791145324707
15.256471633911133
15.41659927368164
15.857303619384766
16.279767990112305
16.089622497558594
15.774359703063965
15.816343307495117
16.00495147705078
16.574615478515625
16.648855209350586
16.573015213012695
16.584087371826172
16.338071823120117
16.174039840698242
16.52859878540039
16.728086471557617
17.249942779541016
17.70063018798828
17.76885414123535
17.7846622467041
17.611093521118164
17.633813858032227
17.692758560180664
17.739349365234375
17.860694885253906
20.822229385375977
20.918678283691406
19.436246871948242
20.28264617919922
19.82357406616211
18.271574020385742
18.0523738861084
18.246549606323242
17.1774959564209
17.31074333190918
17.73134994506836
16.941207885742188
16.399639129638672
16.96424674987793
16.296342849731445
16.181974411010742
15.984407424926758
15.976470947265625
17.505495071411133
16.149784088134766
16.011798858642578
17.60719108581543
17.313751220703125
16.109655380249023
15.99797534942627
16.261335372924805
17.188182830810547
16.746967315673828
15.981719017028809
17.199064254760742
15.8597993850708
16.3433837890625
15.808279037475586
16.327959060668945
20.77762222290039
20.43547821044922
19.119062423706055
18.213653564453125
17.143766403198242
18.1656551361084
16.869272232055664
16.39055061340332
15.854551315307617
15.76162338256836
15.61032772064209
17.37339973449707
16.417816162109375
17.057559967041016
15.798103332519531
20.38088607788086
17.517974853515625
15.646551132202148
16.620695114135742
16.15778350830078
17.174102783203125
18.079191207885742
16.859670639038086
16.575895309448242
16.432727813720703
18.26613426208496
16.22274398803711
16.736087799072266
16.40181541442871
18.179798126220703
15.811479568481445
18.288278579711914
17.507863998413086
15.719063758850098
16.02792739868164
17.152599334716797
16.259672164916992
16.231958389282227
17.442455291748047
15.983831405639648
15.879127502441406
15.868183135986328
15.814230918884277
15.820951461791992
15.91227912902832
16.722198486328125
15.810710906982422
16.490711212158203
16.346582412719727
16.071767807006836
16.23816680908203
15.806614875793457
15.53339958190918
15.643287658691406
15.76917552947998
15.875414848327637
15.836183547973633
15.803479194641113
15.946263313293457
16.363414764404297
16.56399154663086
16.6871280670166
15.99080753326416
14.64539909362793
13.471319198608398
16.756311416625977
18.981014251708984
18.76776695251465
20.3697509765625
21.478166580200195
21.293270111083984
21.438806533813477
21.30152702331543
17.043991088867188
18.228757858276367
17.225366592407227
19.656917572021484
20.588502883911133
21.274391174316406
21.397205352783203
21.355478286743164
21.04053497314453
19.83368682861328
16.570518493652344
17.168535232543945
21.069782257080078
19.062421798706055
16.66619873046875
19.13026237487793
15.328791618347168
17.498071670532227
14.054102897644043
16.56661605834961
21.137237548828125
20.575830459594727
16.067094802856445
21.206037521362305
20.402902603149414
21.060503005981445
17.733078002929688
18.3949031829834
19.73941421508789
18.591638565063477
13.935511589050293
19.69896697998047
21.49371910095215
19.33653450012207
20.440021514892578
17.154775619506836
21.543445587158203
20.790485382080078
15.659415245056152
18.81096649169922
21.003286361694336
14.777495384216309
20.153366088867188
14.69775104522705
21.55304718017578
19.44968605041504
20.730710983276367
21.565717697143555
20.895191192626953
20.2880859375
21.18165397644043
18.941781997680664
20.981334686279297
21.26773452758789
20.664342880249023
20.992021560668945
18.32277488708496
20.869718551635742
19.04181480407715
20.698902130126953
20.8992862701416
20.885398864746094
20.121301651000977
20.466581344604492
19.874774932861328
19.048341751098633
18.47003746032715
17.275863647460938
14.512919425964355
13.080279350280762
13.4013671875
15.965015411376953
16.13071060180664
17.07285499572754
17.938966751098633
17.597463607788086
18.45058250427246
17.67221450805664
17.678871154785156
17.271127700805664
16.693143844604492
16.921112060546875
16.171415328979492
17.753751754760742
15.685975074768066
16.307287216186523
15.994903564453125
17.016727447509766
16.042518615722656
17.754518508911133
16.66063117980957
17.471895217895508
16.945175170898438
17.114839553833008
17.72885513305664
17.534231185913086
17.207191467285156
17.559255599975586
17.781719207763672
17.677656173706055
15.38056755065918
16.033111572265625
14.881943702697754
16.78619956970215
17.150423049926758
17.66984748840332
16.857303619384766
17.498071670532227
17.76981544494629
17.170774459838867
17.379287719726562
15.776471138000488
15.030871391296387
16.128726959228516
17.501527786254883
17.57499885559082
16.173974990844727
14.81397533416748
15.283799171447754
16.114839553833008
17.203479766845703
16.13231086730957
15.010711669921875
17.430551528930664
15.389399528503418
15.901463508605957
17.256216049194336
17.101783752441406
15.681879043579102
16.685462951660156
16.589847564697266
15.372503280639648
15.868374824523926
15.396055221557617
14.807511329650879
16.262422561645508
16.973400115966797
16.815319061279297
17.127639770507812
16.445655822753906
17.322263717651367
17.738391876220703
16.602519989013672
17.37397575378418
17.87099838256836
17.17608642578125
17.312854766845703
17.659351348876953
16.48258399963379
17.243030548095703
17.932374954223633
17.57339859008789
17.010839462280273
17.049943923950195
17.169559478759766
17.264278411865234
17.461078643798828
17.306135177612305
17.56181526184082
17.3116397857666
17.275287628173828
17.554840087890625
17.71183204650879
17.800983428955078
17.34223175048828
17.346263885498047
17.33519172668457
17.33199119567871
17.08047103881836
17.488983154296875
18.275157928466797
19.91419792175293
16.880342483520508
16.584726333618164
16.551639556884766
16.028310775756836
16.577558517456055
17.320280075073242
18.504789352416992
16.660375595092773
16.6109676361084
16.393688201904297
16.387351989746094
16.97506332397461
17.313879013061523
16.634519577026367
16.257110595703125
16.83029556274414
16.52143096923828
17.602262496948242
16.661142349243164
16.66530418395996
16.807510375976562
16.697751998901367
16.80629539489746
16.68828010559082
16.42844009399414
16.391511917114258
16.4960880279541
16.654808044433594
16.59842300415039
16.745880126953125
16.774614334106445
16.681686401367188
16.52405548095703
16.382102966308594
16.24706268310547
17.74261474609375
16.722007751464844
16.50485610961914
16.578327178955078
16.062679290771484
16.598678588867188
17.61538314819336
16.556438446044922
17.744728088378906
16.2236385345459
16.792022705078125
16.574935913085938
16.10843849182129
16.733142852783203
16.99144744873047
16.754648208618164
16.73967170715332
16.43739891052246
16.351703643798828
16.27208709716797
16.153240203857422
16.386838912963867
16.806230545043945
15.848151206970215
15.78395938873291
16.63560676574707
16.714839935302734
17.59842300415039
16.25263214111328
16.354007720947266
16.59797477722168
16.659543991088867
16.382295608520508
16.611671447753906
16.115032196044922
16.811479568481445
16.26549530029297
16.088342666625977
15.770967483520508
15.719447135925293
16.691415786743164
17.402584075927734
16.16450309753418
17.533782958984375
16.015703201293945
15.697559356689453
15.9112548828125
17.379478454589844
16.43535041809082
16.460311889648438
16.164758682250977
16.712984085083008
16.00565528869629
15.77480697631836
16.16450309753418
17.48859977722168
16.784534454345703
16.49007225036621
16.114967346191406
16.19893455505371
15.918551445007324
16.834583282470703
16.752023696899414
16.523286819458008
16.112022399902344
17.27138328552246
16.089815139770508
16.74146270751953
16.217750549316406
16.293399810791016
16.34235954284668
16.064790725708008
16.668758392333984
16.984407424926758
16.14824676513672
16.677719116210938
16.151702880859375
16.03291893005371
16.093782424926758
16.07868003845215
15.732695579528809
15.727254867553711
15.821910858154297
16.254743576049805
16.262935638427734
16.256471633911133
16.344022750854492
16.1601505279541
16.545686721801758
16.771799087524414
17.09967041015625
17.77243995666504
20.26786231994629
20.437334060668945
20.06485366821289
19.255765914916992
19.582998275756836
19.32392692565918
19.512725830078125
19.252822875976562
19.135318756103516
19.84245491027832
21.042646408081055
19.20085334777832
19.145687103271484
19.779094696044922
20.913814544677734
19.102806091308594
19.45512580871582
19.878101348876953
19.40751075744629
19.945302963256836
18.97858238220215
19.4223575592041
18.906518936157227
19.05474281311035
18.944406509399414
18.85781478881836
18.75477409362793
18.75592613220215
18.707990646362305
18.655061721801758
20.318166732788086
18.935638427734375
18.966806411743164
19.274261474609375
20.068885803222656
20.25627899169922
18.97979736328125
19.968341827392578
19.021333694458008
19.87759017944336
19.301462173461914
18.61493492126465
19.670103073120117
19.634838104248047
18.99573516845703
18.451927185058594
18.993621826171875
19.60136604309082
19.009302139282227
18.856149673461914
19.128662109375
18.673559188842773
19.795669555664062
18.98050308227539
19.858646392822266
19.67413330078125
19.27445411682129
18.73064613342285
19.265623092651367
19.106517791748047
18.916118621826172
19.533782958984375
18.906967163085938
18.956310272216797
18.82357406616211
18.95752716064453
19.089109420776367
19.201494216918945
19.0521183013916
19.146709442138672
18.997591018676758
18.699670791625977
18.432022094726562
18.4331111907959
20.158742904663086
19.52859878540039
16.714839935302734
17.298519134521484
17.830358505249023
16.5660400390625
17.770519256591797
17.333335876464844
15.392599105834961
17.692502975463867
14.846038818359375
19.11343002319336
19.30082130432129
19.9572696685791
20.100502014160156
19.856534957885742
18.292951583862305
19.23624610900879
18.142934799194336
19.97864532470703
17.661014556884766
19.843734741210938
19.68597412109375
19.560150146484375
18.863447189331055
17.62639045715332
16.97666358947754
19.110294342041016
20.00040626525879
20.06850242614746
19.564437866210938
20.077526092529297
19.249494552612305
20.517398834228516
20.484375
19.515222549438477
20.51189422607422
18.133527755737305
20.43170166015625
19.562965393066406
19.972822189331055
18.14325523376465
18.607574462890625
17.897815704345703
18.122007369995117
19.567062377929688
17.99381446838379
19.102102279663086
17.99791145324707
19.39291763305664
17.816471099853516
18.943830490112305
19.384597778320312
17.929046630859375
19.107606887817383
19.036821365356445
19.10946273803711
18.282711029052734
17.770071029663086
17.738582611083984
17.67221450805664
18.887189865112305
18.671701431274414
17.77071189880371
17.91330337524414
17.681686401367188
17.777494430541992
18.911638259887695
17.421079635620117
17.878679275512695
17.409814834594727
18.528085708618164
18.795286178588867
17.21500015258789
17.86805534362793
17.515159606933594
17.114198684692383
17.814294815063477
18.579925537109375
17.194839477539062
17.28789520263672
17.545814514160156
16.9361515045166
17.232343673706055
18.20872688293457
19.03042221069336
17.475862503051758
18.881622314453125
18.27547836303711
17.935382843017578
18.033111572265625
17.313430786132812
18.377429962158203
18.337045669555664
18.379541397094727
17.226070404052734
18.520151138305664
19.010902404785156
18.62127113342285
18.88565444946289
18.5675106048584
16.485591888427734
19.021591186523438
18.044694900512695
18.20092010498047
17.78824806213379
18.909975051879883
18.444887161254883
18.188568115234375
18.50837516784668
16.832406997680664
17.777366638183594
17.798551559448242
17.762775421142578
18.72405433654785
17.610519409179688
17.809751510620117
18.469270706176758
18.005525588989258
18.045461654663086
17.551639556884766
18.186134338378906
17.66588020324707
18.42159080505371
18.372501373291016
18.32354164123535
17.805591583251953
17.436246871948242
17.086423873901367
18.977622985839844
17.08136749267578
18.350934982299805
18.50735092163086
16.757335662841797
18.6950626373291
17.618967056274414
18.693973541259766
18.772117614746094
17.473430633544922
18.229589462280273
18.389333724975586
18.603797912597656
18.036375045776367
18.574678421020508
18.21211814880371
18.355030059814453
18.350421905517578
18.20123863220215
18.007253646850586
18.064918518066406
18.160213470458984
17.709718704223633
17.58101463317871
17.675094604492188
19.142742156982422
17.908695220947266
16.808792114257812
17.625368118286133
19.208982467651367
19.45672607421875
19.245973587036133
18.402454376220703
17.87803840637207
19.777814865112305
17.150423049926758
18.572181701660156
17.071382522583008
20.18882179260254
20.357654571533203
20.61717414855957
19.932565689086914
19.075477600097656
18.633750915527344
20.158357620239258
17.817943572998047
19.008405685424805
19.180566787719727
18.900949478149414
18.102678298950195
17.34370231628418
18.173912048339844
18.01608657836914
18.869142532348633
18.174999237060547
17.48258399963379
18.62152671813965
17.746583938598633
17.184471130371094
17.950742721557617
18.656789779663086
17.309398651123047
17.987735748291016
18.432981491088867
18.981782913208008
18.894485473632812
18.077335357666016
17.544279098510742
18.807703018188477
19.093334197998047
16.966487884521484
18.64130210876465
18.65288543701172
18.626070022583008
17.480791091918945
17.830486297607422
19.467477798461914
18.064727783203125
19.282325744628906
19.732181549072266
18.720598220825195
19.945558547973633
17.25877571105957
19.893142700195312
17.46696662902832
18.601045608520508
20.357975006103516
19.841045379638672
19.05109405517578
18.035478591918945
18.840917587280273
18.90421485900879
17.78184700012207
18.892181396484375
16.98447036743164
18.09263038635254
18.051349639892578
17.594776153564453
18.421974182128906
19.101781845092773
17.78959083557129
17.903127670288086
19.128023147583008
18.319381713867188
17.74248695373535
17.470422744750977
19.912662506103516
18.767702102661133
16.623126983642578
19.422101974487305
17.69269561767578
17.67029571533203
20.174678802490234
18.60853385925293
17.90683937072754
19.91861343383789
18.03189468383789
18.601879119873047
17.75240707397461
16.851606369018555
17.796951293945312
18.05999183654785
19.027925491333008
17.279830932617188
18.110294342041016
17.90082359313965
17.123607635498047
17.698904037475586
18.37519073486328
18.304534912109375
17.55976676940918
19.31650161743164
19.746965408325195
17.837783813476562
19.442197799682617
18.619157791137695
19.624469757080078
18.58555793762207
17.814359664916992
18.387863159179688
18.996822357177734
18.27912712097168
17.341655731201172
18.4724063873291
19.37883758544922
19.366870880126953
19.27784538269043
18.272342681884766
17.972503662109375
20.135574340820312
19.023061752319336
19.532758712768555
17.868375778198242
18.466646194458008
18.966869354248047
16.841623306274414
17.49051856994629
18.51189422607422
18.106903076171875
19.190359115600586
18.95387840270996
17.8217830657959
17.962839126586914
17.03362274169922
17.907543182373047
19.303190231323242
18.57806968688965
19.298006057739258
17.876758575439453
17.65768814086914
17.947734832763672
18.35310935974121
17.92911148071289
17.918615341186523
18.57237434387207
18.33346176147461
19.791446685791016
17.82427978515625
17.819286346435547
18.189653396606445
18.494678497314453
18.716373443603516
18.86734962463379
17.845590591430664
19.149654388427734
17.694679260253906
18.55144691467285
19.022550582885742
18.74920654296875
17.94171905517578
20.013399124145508
17.35995864868164
17.994647979736328
19.095382690429688
19.963733673095703
19.9638614654541
17.76968765258789
18.144983291625977
19.608854293823242
19.04066276550293
17.391767501831055
18.090070724487305
18.027799606323242
18.019798278808594
17.592662811279297
17.982038497924805
17.284503936767578
17.86498260498047
17.32834243774414
17.881175994873047
17.333974838256836
17.318870544433594
17.64687156677246
17.618391036987305
17.78063201904297
17.846038818359375
18.99003791809082
18.411991119384766
17.924375534057617
19.015573501586914
18.099157333374023
17.29916000366211
19.263830184936523
17.55099868774414
17.4776554107666
18.60635757446289
17.645078659057617
18.008790969848633
18.910037994384766
