9.876351576561311e-42
17.493227005004883
17.14026641845703
15.944938659667969
16.54839515686035
16.227754592895508
15.457386016845703
14.896810531616211
14.846826553344727
15.220202445983887
14.673258781433105
14.969130516052246
14.410922050476074
14.84292221069336
14.799402236938477
14.040746688842773
13.686250686645508
13.587050437927246
13.687210083007812
13.898026466369629
13.141866683959961
13.30186653137207
14.501930236816406
14.171306610107422
14.23210620880127
12.898218154907227
12.968682289123535
13.652009963989258
13.625066757202148
11.745770454406738
12.661417961120605
12.25655460357666
14.221610069274902
12.412714004516602
14.091370582580566
12.818794250488281
12.936810493469238
12.703402519226074
10.47549819946289
13.414698600769043
12.529642105102539
13.025962829589844
17.140777587890625
16.682090759277344
16.086315155029297
16.674602508544922
14.577194213867188
15.477866172790527
14.834026336669922
14.45418643951416
14.581930160522461
14.073002815246582
13.817258834838867
13.309354782104492
14.705130577087402
13.15121078491211
13.911722183227539
12.5709228515625
11.401130676269531
12.642794609069824
16.814058303833008
16.004905700683594
15.219114303588867
14.313770294189453
14.684394836425781
14.02673053741455
13.696746826171875
13.766378402709961
14.366442680358887
13.025130271911621
12.433066368103027
12.610922813415527
16.788843154907227
16.050857543945312
15.33796215057373
14.601834297180176
14.050090789794922
13.699050903320312
14.561578750610352
12.966570854187012
13.815402030944824
12.40625
16.001258850097656
15.64362621307373
14.313002586364746
13.663082122802734
13.278890609741211
12.936554908752441
13.212202072143555
13.277674674987793
15.59012222290039
14.996394157409668
13.301994323730469
13.161514282226562
12.253482818603516
15.167722702026367
13.181034088134766
12.1823148727417
13.01648998260498
15.881514549255371
14.28874683380127
12.77412223815918
12.118634223937988
12.375850677490234
15.754410743713379
15.069802284240723
14.093610763549805
12.011882781982422
13.336042404174805
12.212650299072266
15.360234260559082
14.665642738342285
13.842602729797363
12.163370132446289
14.748586654663086
13.644458770751953
13.113898277282715
15.095914840698242
12.914346694946289
14.750954627990723
13.877354621887207
13.412394523620605
12.361770629882812
13.124138832092285
12.321706771850586
13.926570892333984
12.515114784240723
13.966826438903809
11.679210662841797
12.458794593811035
12.907562255859375
14.67639446258545
12.86839485168457
12.868778228759766
12.875306129455566
13.167658805847168
14.36196231842041
13.762730598449707
13.759146690368652
13.356266021728516
13.830890655517578
13.262890815734863
13.514666557312012
13.487210273742676
13.46033000946045
13.48637866973877
13.5142822265625
13.546858787536621
13.191018104553223
13.578922271728516
13.638954162597656
13.251242637634277
13.276650428771973
12.971562385559082
12.35434627532959
11.963370323181152
11.86628246307373
11.565290451049805
11.362602233886719
11.076266288757324
10.191978454589844
9.881898880004883
14.128874778747559
14.9213228225708
13.570794105529785
15.80362606048584
13.847786903381348
15.686058044433594
16.720491409301758
14.312234878540039
16.405418395996094
14.91063404083252
16.68612289428711
15.635498046875
15.518762588500977
16.84714698791504
15.413354873657227
17.461483001708984
17.45060157775879
16.354347229003906
18.019243240356445
16.528682708740234
17.069290161132812
17.847082138061523
17.760234832763672
16.61233139038086
16.903339385986328
17.07159423828125
17.44036293029785
17.255722045898438
16.925867080688477
17.466474533081055
16.79537010192871
17.07172203063965
16.723562240600586
16.950122833251953
14.39517879486084
15.17149829864502
13.754858016967773
16.203243255615234
15.942826271057129
16.494569778442383
15.188714027404785
15.916138648986816
15.998058319091797
17.07479476928711
17.114730834960938
18.164138793945312
16.643627166748047
17.58129119873047
16.628971099853516
14.675562858581543
15.32529067993164
16.365802764892578
17.807401657104492
16.458026885986328
16.868009567260742
15.01418685913086
17.710186004638672
16.555307388305664
17.316009521484375
14.551210403442383
17.400554656982422
17.217641830444336
16.607019424438477
14.466217994689941
16.064619064331055
15.26154613494873
14.827882766723633
16.246891021728516
16.836585998535156
15.557674407958984
16.19850730895996
15.852842330932617
14.68951416015625
16.431467056274414
16.601449966430664
16.12401008605957
17.111337661743164
16.5207462310791
16.45220184326172
15.066346168518066
16.62378692626953
15.269034385681152
16.459369659423828
15.60042667388916
16.573993682861328
16.608169555664062
16.502443313598633
16.588459014892578
16.165674209594727
16.371307373046875
16.202795028686523
16.37444305419922
16.45309829711914
16.504362106323242
16.497066497802734
16.405994415283203
18.671977996826172
18.873579025268555
17.91524314880371
17.12324333190918
16.926185607910156
17.222763061523438
17.00733757019043
16.56375503540039
13.937002182006836
14.564906120300293
15.920170783996582
19.732202529907227
18.815275192260742
19.357162475585938
18.706857681274414
17.850345611572266
13.649962425231934
14.573225975036621
15.278890609741211
14.427433967590332
18.001962661743164
19.958698272705078
19.713897705078125
14.678954124450684
18.123050689697266
19.467819213867188
17.654186248779297
18.16861915588379
16.93047523498535
19.16983413696289
17.438186645507812
17.162155151367188
17.697898864746094
18.982698440551758
13.867498397827148
17.803627014160156
15.159402847290039
19.469099044799805
18.53271484375
17.553834915161133
17.10743522644043
18.380970001220703
17.941162109375
14.093866348266602
18.440553665161133
16.277162551879883
17.292905807495117
14.33348274230957
15.599466323852539
17.136747360229492
18.84746742248535
15.389354705810547
17.69655418395996
18.206314086914062
17.34269905090332
15.01700210571289
18.831466674804688
16.099306106567383
14.755178451538086
15.89137077331543
17.402986526489258
16.47447395324707
19.09105110168457
16.776554107666016
16.172330856323242
17.370473861694336
16.728553771972656
19.350570678710938
17.049514770507812
18.96298599243164
17.464235305786133
17.124841690063477
17.494314193725586
18.450666427612305
18.069290161132812
18.3220272064209
18.574827194213867
18.183914184570312
18.422889709472656
17.66756248474121
18.24477767944336
18.69565773010254
19.386409759521484
19.804521560668945
20.11684226989746
21.262313842773438
20.394025802612305
19.197994232177734
19.70999526977539
20.752811431884766
20.0622501373291
20.768041610717773
20.69463539123535
19.67754554748535
18.9095458984375
19.887338638305664
20.5325870513916
19.705387115478516
19.799402236938477
18.759849548339844
18.217002868652344
18.64849090576172
17.96676254272461
18.178857803344727
17.878826141357422
16.65130615234375
16.062570571899414
17.422122955322266
20.04964256286621
19.58013916015625
20.974761962890625
19.53373908996582
20.161897659301758
19.821929931640625
18.89181900024414
18.515499114990234
17.59217071533203
18.36349868774414
17.55556297302246
16.815593719482422
17.307178497314453
20.36586570739746
19.3668270111084
19.70020294189453
18.824554443359375
17.14743423461914
20.670059204101562
20.547754287719727
19.439083099365234
19.203371047973633
18.583850860595703
20.980266571044922
20.158889770507812
19.320938110351562
21.1690673828125
20.051626205444336
18.75114631652832
20.830442428588867
20.356714248657227
20.361515045166016
20.272747039794922
19.76458740234375
20.042091369628906
18.742443084716797
19.63709831237793
19.513450622558594
18.730281829833984
18.572265625
18.613162994384766
18.279787063598633
18.460906982421875
18.01143455505371
17.828330993652344
18.412202835083008
18.094186782836914
17.540075302124023
18.072811126708984
17.7171630859375
17.365354537963867
20.265321731567383
20.52964210510254
21.370410919189453
21.476905822753906
21.433067321777344
20.993066787719727
20.424427032470703
20.408233642578125
19.724075317382812
19.77911376953125
18.338153839111328
17.83133888244629
17.92535400390625
17.279146194458008
17.40989875793457
16.983081817626953
16.60605812072754
16.890474319458008
17.156585693359375
16.994794845581055
17.217451095581055
18.554922103881836
18.18442726135254
16.436203002929688
17.82858657836914
18.105003356933594
17.01552963256836
16.86122703552246
17.960681915283203
16.864234924316406
17.72509765625
18.147113800048828
17.84881019592285
17.137065887451172
17.99005889892578
17.149738311767578
17.807466506958008
18.02461814880371
16.786026000976562
18.188329696655273
17.140073776245117
18.210538864135742
18.068586349487305
17.830698013305664
17.891691207885742
17.983274459838867
18.534442901611328
17.931690216064453
18.403114318847656
18.42148208618164
18.300907135009766
18.259050369262695
18.19850730895996
18.07703399658203
17.840682983398438
17.823530197143555
17.80957794189453
17.797483444213867
17.731882095336914
15.848938941955566
17.412330627441406
17.30743408203125
18.05693817138672
16.803499221801758
17.705129623413086
16.152297973632812
17.20644187927246
15.986794471740723
18.01962661743164
17.338281631469727
17.73309898376465
18.314987182617188
16.765609741210938
16.533353805541992
16.79313087463379
16.570154190063477
17.774250030517578
18.008106231689453
17.700714111328125
18.22922706604004
17.21898651123047
16.55088996887207
16.73649024963379
16.250347137451172
15.221034049987793
17.566635131835938
15.755690574645996
17.048297882080078
18.131818771362305
17.455530166625977
17.583723068237305
17.9715633392334
17.28253936767578
18.270954132080078
16.494890213012695
17.926633834838867
17.845226287841797
16.895275115966797
16.3681697845459
17.999658584594727
16.35735511779785
18.20804214477539
16.3734188079834
18.125802993774414
16.485483169555664
15.801450729370117
16.682411193847656
18.10602569580078
16.96311378479004
18.333162307739258
16.72554588317871
18.039018630981445
16.606443405151367
15.8514986038208
16.51152992248535
17.091562271118164
17.829673767089844
18.016746520996094
17.154922485351562
16.5142822265625
17.241193771362305
17.495210647583008
17.539817810058594
18.154987335205078
16.761577606201172
17.737194061279297
16.974506378173828
18.210922241210938
17.474794387817383
15.7620267868042
18.269418716430664
16.87351417541504
14.884842872619629
17.993642807006836
16.712234497070312
17.865449905395508
16.876522064208984
17.409770965576172
17.62775421142578
17.05399513244629
17.23703384399414
17.144363403320312
17.68452262878418
17.544042587280273
17.404010772705078
16.579177856445312
16.27729034423828
15.565802574157715
15.351594924926758
14.667562484741211
13.205290794372559
12.523818969726562
12.89949893951416
12.697962760925293
12.511786460876465
12.22545051574707
12.612778663635254
13.212458610534668
12.86794662475586
13.161962509155273
14.218154907226562
15.962474822998047
12.207850456237793
12.437546730041504
13.91537094116211
15.734122276306152
12.52343463897705
13.5011625289917
12.400490760803223
13.828714370727539
14.546602249145508
13.504106521606445
14.191210746765137
13.88823413848877
12.369706153869629
12.822826385498047
12.63818645477295
12.985002517700195
13.178986549377441
13.40285873413086
13.585770606994629
15.194090843200684
14.741354942321777
14.825578689575195
14.83421802520752
15.27741813659668
15.58621883392334
15.231658935546875
15.73847484588623
15.71607494354248
16.14685821533203
16.036714553833008
16.20087432861328
16.06295394897461
16.195051193237305
16.22224998474121
16.158506393432617
15.941034317016602
15.0557861328125
15.637738227844238
16.13847541809082
16.225770950317383
16.205482482910156
14.916522026062012
15.150954246520996
15.396906852722168
15.581482887268066
16.17405891418457
16.1955623626709
14.666346549987793
16.180906295776367
16.2152099609375
15.20810604095459
16.199146270751953
14.416234970092773
14.273130416870117
14.717418670654297
15.121386528015137
15.525930404663086
15.559978485107422
16.056427001953125
16.09898567199707
16.213354110717773
16.191146850585938
16.219369888305664
18.735082626342773
17.599145889282227
17.814634323120117
18.270122528076172
18.757675170898438
19.26788330078125
21.417387008666992
20.41226577758789
19.449514389038086
21.485225677490234
19.714345932006836
21.743019104003906
20.754154205322266
18.60989761352539
17.446313858032227
18.216747283935547
21.582250595092773
21.6092586517334
21.6287784576416
15.756778717041016
21.67428207397461
14.896106719970703
15.734122276306152
16.586475372314453
20.064298629760742
21.39044189453125
21.5078182220459
18.642475128173828
14.478314399719238
13.468202590942383
16.592809677124023
13.149290084838867
17.330602645874023
13.018346786499023
14.113450050354004
15.344106674194336
13.703978538513184
17.03863525390625
13.297578811645508
14.715434074401855
14.226154327392578
16.257577896118164
15.600618362426758
15.985834121704102
15.574762344360352
14.210858345031738
15.784170150756836
14.631402969360352
15.480682373046875
13.63210678100586
14.663274765014648
12.680170059204102
13.422954559326172
15.344106674194336
12.82148265838623
13.130986213684082
13.646442413330078
14.26577091217041
14.635562896728516
14.723114967346191
14.756138801574707
13.984490394592285
14.174250602722168
14.686890602111816
15.121514320373535
14.793578147888184
14.897130966186523
14.295082092285156
15.053226470947266
14.738218307495117
15.668074607849121
14.86845874786377
14.7370023727417
16.092138290405273
14.816874504089355
14.833258628845215
15.511658668518066
14.680298805236816
15.237162590026855
15.12829875946045
15.261226654052734
14.924586296081543
15.779178619384766
15.278826713562012
15.66212272644043
15.316010475158691
14.657898902893066
15.874090194702148
15.984170913696289
15.925482749938965
14.43025016784668
15.175658226013184
14.912042617797852
14.872490882873535
16.091754913330078
15.812650680541992
15.732650756835938
15.364906311035156
14.51741886138916
15.647850036621094
16.033323287963867
16.015914916992188
14.932458877563477
14.344490051269531
16.13469886779785
13.942378044128418
14.4945707321167
13.640426635742188
16.11626625061035
14.031914710998535
15.127850532531738
15.478378295898438
15.342761993408203
13.230570793151855
13.279594421386719
13.094314575195312
13.037162780761719
13.81892204284668
12.481258392333984
12.522218704223633
14.721578598022461
14.00599479675293
14.874922752380371
11.979114532470703
11.868202209472656
11.664298057556152
13.580138206481934
13.737386703491211
14.068010330200195
12.016106605529785
12.964778900146484
12.610794067382812
11.014762878417969
13.242218017578125
10.79095458984375
10.98749828338623
10.710186004638672
10.127466201782227
9.870122909545898
9.917866706848145
9.933866500854492
9.57482624053955
8.961194038391113
8.7620267868042
9.026090621948242
8.971946716308594
9.059306144714355
8.298538208007812
8.313706398010254
8.158122062683105
8.234857559204102
6.792297840118408
7.295722007751465
7.01373815536499
17.732330322265625
21.874921798706055
20.544170379638672
21.101865768432617
21.41002655029297
20.09777069091797
20.97482681274414
21.77092170715332
21.753578186035156
16.576425552368164
21.468202590942383
20.034603118896484
21.020395278930664
14.063722610473633
13.68445873260498
13.55569076538086
14.788778305053711
15.204266548156738
14.981162071228027
13.017258644104004
16.163049697875977
13.935786247253418
13.682666778564453
13.012650489807129
14.498090744018555
14.977130889892578
14.999466896057129
14.67844295501709
15.13373851776123
15.34058666229248
14.874794960021973
15.583402633666992
14.97437858581543
15.6091947555542
14.234474182128906
14.814698219299316
14.817898750305176
15.999914169311523
13.82154655456543
13.601834297180176
13.414506912231445
15.03549861907959
14.551786422729492
11.683242797851562
12.146538734436035
11.205610275268555
10.85924243927002
9.381546020507812
9.478442192077637
8.832618713378906
6.961897850036621
18.01508331298828
21.929641723632812
21.219051361083984
17.81220245361328
21.873579025268555
17.011306762695312
20.93924331665039
15.278570175170898
20.29143524169922
19.34020233154297
14.369962692260742
15.353962898254395
15.899434089660645
16.475370407104492
13.942826271057129
13.868266105651855
14.795754432678223
13.425322532653809
15.949738502502441
14.634730339050293
15.062634468078613
15.664298057556152
16.201387405395508
15.203818321228027
13.221610069274902
15.206698417663574
12.272042274475098
8.85975456237793
7.196521759033203
7.393321990966797
18.333162307739258
21.967403411865234
20.73649024963379
19.799915313720703
20.82244300842285
19.5787296295166
15.073770523071289
16.33597755432129
16.68074607849121
13.78986644744873
14.64791488647461
14.090666770935059
14.81226634979248
16.411882400512695
15.639466285705566
14.590506553649902
14.746922492980957
14.272106170654297
15.91370677947998
14.194218635559082
11.063850402832031
9.886250495910645
8.807082176208496
9.049962043762207
7.490409851074219
20.50973892211914
16.094825744628906
20.14154624938965
15.97540283203125
17.07466697692871
13.328426361083984
14.1953706741333
14.92740249633789
14.364522933959961
13.531370162963867
14.725802421569824
11.024938583374023
9.910314559936523
18.132905960083008
19.468137741088867
20.22148323059082
21.793642044067383
19.40330696105957
14.812074661254883
16.5974178314209
12.808554649353027
14.817706108093262
14.159722328186035
14.385066032409668
16.24567413330078
12.844714164733887
9.87345027923584
8.319337844848633
19.932649612426758
21.223466873168945
14.986282348632812
14.530346870422363
16.080041885375977
14.440298080444336
19.135786056518555
20.634090423583984
12.98257064819336
14.548266410827637
15.4378662109375
14.329642295837402
15.827946662902832
12.725930213928223
10.95588207244873
9.68445873260498
8.912490844726562
18.55364227294922
15.052074432373047
15.036138534545898
13.423914909362793
10.891754150390625
10.423274040222168
19.464298248291016
15.150186538696289
13.267498970031738
14.720874786376953
13.271210670471191
12.383594512939453
10.265450477600098
8.311657905578613
19.029226303100586
15.345962524414062
14.115114212036133
12.973546028137207
19.562793731689453
15.5775146484375
15.353450775146484
19.340778350830078
17.40772247314453
13.652074813842773
14.902314186096191
20.46506690979004
21.006250381469727
8.309610366821289
20.960233688354492
15.201322555541992
14.998186111450195
15.010218620300293
21.063467025756836
15.11850643157959
15.097514152526855
15.462506294250488
14.581226348876953
15.196842193603516
21.58967399597168
14.962730407714844
14.484074592590332
8.35434627532959
14.712234497070312
14.915946960449219
7.710698127746582
21.21463394165039
18.376298904418945
15.428906440734863
14.107498168945312
15.453802108764648
13.065770149230957
14.60548210144043
15.504170417785645
