9.876351576561311e-42
16.555837631225586
15.0824613571167
15.62838077545166
15.126045227050781
15.466428756713867
13.707837104797363
13.223581314086914
13.083389282226562
11.308060646057129
13.080157279968262
10.359869003295898
10.656989097595215
13.392828941345215
11.621404647827148
11.75814151763916
14.214365005493164
10.085148811340332
14.441245079040527
12.555325508117676
12.57756519317627
14.453757286071777
14.39305305480957
13.622461318969727
14.01478099822998
14.384284973144531
14.619101524353027
12.466397285461426
13.463101387023926
14.167901039123535
12.602876663208008
14.35433292388916
13.576701164245605
13.999293327331543
13.218557357788086
13.225692749023438
13.016060829162598
13.121245384216309
13.721917152404785
13.012221336364746
13.292733192443848
12.964412689208984
15.759164810180664
13.175549507141113
15.568157196044922
14.830780982971191
12.03599739074707
10.348636627197266
12.911932945251465
12.5856294631958
10.357980728149414
14.223421096801758
10.048413276672363
14.632124900817871
14.777725219726562
13.140829086303711
13.349181175231934
12.705693244934082
14.097469329833984
13.242621421813965
14.02018928527832
12.81391716003418
14.170172691345215
11.121757507324219
13.798524856567383
13.459421157836914
14.54697322845459
9.734972953796387
13.966845512390137
10.979677200317383
13.348732948303223
12.87282943725586
14.463068962097168
11.9012451171875
14.198589324951172
11.979837417602539
13.884893417358398
14.377372741699219
14.352765083312988
11.387804985046387
13.21730899810791
12.998332977294922
11.473917007446289
11.241533279418945
10.875292778015137
14.179516792297363
14.306589126586914
14.486044883728027
10.682717323303223
13.225245475769043
10.506237030029297
13.25602912902832
14.578237533569336
11.193757057189941
13.233789443969727
10.575613021850586
14.2582368850708
14.447453498840332
13.22396469116211
11.496156692504883
13.129084587097168
14.328125
13.513468742370605
13.492189407348633
11.915228843688965
10.273629188537598
12.787452697753906
14.385149002075195
13.262972831726074
13.766749382019043
10.703965187072754
10.557181358337402
11.513692855834961
13.835549354553223
10.973501205444336
11.443804740905762
12.998684883117676
12.699165344238281
12.742557525634766
11.58409309387207
11.697532653808594
11.579581260681152
13.427037239074707
10.850172996520996
13.560444831848145
12.209373474121094
12.936285018920898
12.638716697692871
14.350205421447754
13.246845245361328
11.930685043334961
11.963325500488281
13.252509117126465
13.751165390014648
14.094684600830078
13.55948543548584
10.812796592712402
9.764700889587402
10.035452842712402
10.351933479309082
11.127197265625
10.357725143432617
9.934781074523926
10.125853538513184
10.543132781982422
11.853116989135742
12.441853523254395
12.918108940124512
13.803709030151367
13.252573013305664
13.844348907470703
14.175517082214355
14.405596733093262
14.60918140411377
14.160669326782227
14.294652938842773
14.416253089904785
14.31766128540039
14.243389129638672
14.059292793273926
13.963613510131836
13.908669471740723
17.51670265197754
17.61436653137207
17.17417335510254
17.104509353637695
17.02018928527832
14.168892860412598
10.24454116821289
15.939741134643555
10.016509056091309
15.218781471252441
16.935100555419922
14.890300750732422
12.712605476379395
15.543708801269531
12.49404525756836
13.656316757202148
12.403485298156738
10.89362907409668
15.681660652160645
10.908381462097168
9.735421180725098
15.380125045776367
16.611804962158203
11.069500923156738
10.333245277404785
11.10809326171875
14.507516860961914
12.755932807922363
11.69609260559082
15.927228927612305
11.232701301574707
12.773213386535645
12.254589080810547
13.537981033325195
17.26230239868164
16.946077346801758
17.215484619140625
12.345980644226074
12.689788818359375
17.43990135192871
14.023869514465332
13.496956825256348
10.635644912719727
12.498748779296875
11.177053451538086
15.970653533935547
11.412924766540527
13.136860847473145
10.062108993530273
16.828636169433594
15.83910083770752
11.029533386230469
14.176093101501465
11.429884910583496
7.307580947875977
16.532989501953125
13.584381103515625
12.434941291809082
10.931516647338867
16.045917510986328
11.51644515991211
13.994364738464355
8.431964874267578
16.093820571899414
10.725628852844238
15.340668678283691
15.137724876403809
10.367452621459961
12.820284843444824
14.398428916931152
11.463805198669434
13.386589050292969
14.9427490234375
10.903613090515137
12.868828773498535
12.311997413635254
10.270973205566406
12.667773246765137
12.652925491333008
13.801629066467285
12.058716773986816
14.182013511657715
12.566941261291504
12.80412483215332
11.866365432739258
10.762845039367676
10.262493133544922
10.02889347076416
10.73465347290039
10.496477127075195
10.45535659790039
10.588285446166992
10.965916633605957
11.998557090759277
12.53980541229248
13.000604629516602
5.325564861297607
4.831773281097412
4.408764839172363
10.171805381774902
13.641501426696777
12.231325149536133
14.664572715759277
17.24534034729004
17.080829620361328
17.3881893157959
17.807710647583008
3.6674211025238037
3.759516954421997
3.4211490154266357
4.763645172119141
13.315900802612305
17.22236442565918
17.62335777282715
17.737150192260742
17.829309463500977
17.036861419677734
3.4833250045776367
4.348124980926514
17.868350982666016
14.128765106201172
5.063773155212402
13.976988792419434
4.999868869781494
10.733789443969727
4.4165730476379395
9.166973114013672
14.088189125061035
9.577629089355469
3.5936291217803955
17.491741180419922
16.767805099487305
17.988765716552734
6.47711706161499
11.941757202148438
16.09126091003418
10.903197288513184
4.574045181274414
7.5562849044799805
17.219261169433594
15.39356517791748
17.94207763671875
7.362268924713135
17.415197372436523
18.079261779785156
7.242044925689697
12.956028938293457
18.252765655517578
4.712733268737793
14.02844524383545
6.91270112991333
17.62991714477539
6.940701007843018
18.237533569335938
17.4992618560791
17.977630615234375
17.741470336914062
18.270654678344727
4.62668514251709
18.5528621673584
17.950429916381836
18.39775848388672
17.502525329589844
3.5539491176605225
17.9315185546875
3.697949171066284
16.124317169189453
15.778780937194824
13.243037223815918
6.847900867462158
7.741468906402588
5.781116962432861
4.474621295928955
5.7685089111328125
4.468380928039551
6.345309257507324
4.103580951690674
4.202237129211426
3.800445079803467
4.0413408279418945
3.9172451496124268
3.965404987335205
3.799805164337158
3.3294050693511963
3.2848291397094727
3.960893154144287
3.2751331329345703
3.792860984802246
4.502909183502197
3.7281570434570312
9.60114860534668
3.2933731079101562
4.255421161651611
5.0465569496154785
5.217757225036621
4.138236999511719
4.001628875732422
5.088797092437744
4.985373020172119
4.091580867767334
4.077085018157959
5.02732515335083
6.491261005401611
4.313277244567871
3.540092945098877
3.2612130641937256
3.923581123352051
3.228605031967163
4.725149154663086
3.615133047103882
6.112541198730469
4.740957260131836
3.9768290519714355
4.615453243255615
5.03446102142334
5.409117221832275
4.69769287109375
3.4962849617004395
3.7117409706115723
3.232093095779419
3.4833569526672363
4.370556831359863
3.7493090629577637
3.5915169715881348
3.3311009407043457
2.8333091735839844
2.323517084121704
4.032541275024414
3.3714849948883057
3.0097250938415527
4.19436502456665
3.4502370357513428
3.685789108276367
4.633052825927734
5.033052921295166
3.985661029815674
4.95423698425293
5.2104291915893555
4.411869049072266
3.1268131732940674
4.758236885070801
3.853501081466675
4.5899810791015625
4.937309265136719
5.066333293914795
4.985180854797363
3.660349130630493
5.029469013214111
5.320540904998779
4.17964506149292
5.2183332443237305
5.396509170532227
4.550396919250488
4.535645008087158
5.483036994934082
4.163933277130127
4.056509017944336
3.95090913772583
3.9902050495147705
4.230525016784668
4.488893032073975
4.699645042419434
4.463388919830322
4.432925224304199
4.742461204528809
4.212797164916992
4.471709251403809
4.755997180938721
4.714909076690674
5.090940952301025
5.705628871917725
5.9238691329956055
5.254301071166992
4.640573024749756
4.886813163757324
5.446461200714111
8.275100708007812
10.90505313873291
16.589021682739258
3.917917013168335
2.8560609817504883
5.507613182067871
10.485085487365723
6.253373146057129
5.46617317199707
11.513532638549805
3.1547811031341553
2.8966050148010254
9.941821098327637
7.5393571853637695
6.479836940765381
5.9377570152282715
3.577437162399292
8.626140594482422
4.078813076019287
6.335868835449219
7.977597236633301
3.4455649852752686
3.9176931381225586
7.096765041351318
5.9863972663879395
5.303645133972168
5.123517036437988
2.8925089836120605
2.7672929763793945
2.793468952178955
3.284188985824585
3.0073890686035156
3.4798049926757812
4.512156963348389
5.433821201324463
6.6651811599731445
7.939036846160889
10.405468940734863
6.278877258300781
9.190973281860352
10.469789505004883
7.2550048828125
10.54428482055664
10.649276733398438
6.786045074462891
10.771485328674316
7.5038371086120605
8.772189140319824
11.052892684936523
11.525596618652344
11.136796951293945
12.343645095825195
9.690428733825684
12.714140892028809
12.83039665222168
11.744220733642578
11.587100982666016
12.06601333618164
11.797821044921875
12.546236991882324
13.876605033874512
13.728860855102539
14.129884719848633
14.254589080810547
10.187581062316895
6.944540977478027
10.537629127502441
8.455485343933105
10.790460586547852
11.078365325927734
11.411389350891113
12.168413162231445
11.382525444030762
13.16710090637207
11.891837120056152
12.409725189208984
13.722877502441406
14.208765029907227
8.417020797729492
6.260669231414795
9.537948608398438
6.8401570320129395
12.434493064880371
14.271100997924805
14.561948776245117
5.518557071685791
9.37503719329834
10.781852722167969
11.403164863586426
13.050588607788086
12.596508979797363
14.35586929321289
14.365660667419434
6.044605255126953
11.110621452331543
11.000252723693848
10.703004837036133
12.958653450012207
14.34444522857666
11.817628860473633
11.627197265625
11.926909446716309
11.89737319946289
6.368893146514893
12.859037399291992
9.811388969421387
10.188957214355469
12.290813446044922
14.169661521911621
10.952445030212402
11.689021110534668
13.659741401672363
11.415997505187988
13.135037422180176
12.120476722717285
14.00175666809082
12.749756813049316
12.55465316772461
13.72607707977295
13.881373405456543
13.97334098815918
11.490620613098145
12.437212944030762
13.194141387939453
13.972861289978027
14.24687671661377
13.99506950378418
13.848125457763672
13.558204650878906
13.275293350219727
6.078109264373779
5.727421283721924
6.40889310836792
9.968092918395996
7.628669261932373
8.134397506713867
13.216508865356445
12.937437057495117
13.76530933380127
13.93887710571289
14.575997352600098
9.181437492370605
8.932733535766602
13.808189392089844
14.211612701416016
12.225980758666992
13.883805274963379
6.9383649826049805
14.064125061035156
14.040669441223145
14.034076690673828
14.20470142364502
14.256220817565918
10.092669486999512
13.155069351196289
11.094332695007324
11.885340690612793
13.571996688842773
12.673309326171875
13.947869300842285
14.460285186767578
14.969693183898926
14.637885093688965
15.502492904663086
15.055037498474121
15.276061058044434
15.435677528381348
15.69660472869873
15.637436866760254
15.366108894348145
15.905820846557617
15.64738941192627
15.574045181274414
15.415133476257324
15.72265338897705
15.879164695739746
15.294844627380371
15.381885528564453
15.882844924926758
15.818365097045898
15.76479721069336
15.903164863586426
14.734748840332031
15.687132835388184
15.644412994384766
15.943037033081055
15.763484954833984
15.827260971069336
14.97663688659668
15.886268615722656
15.87350082397461
15.854013442993164
15.88822078704834
14.971357345581055
14.446236610412598
15.270973205566406
15.86582088470459
16.129053115844727
16.059932708740234
15.989181518554688
15.941308975219727
15.822492599487305
15.884476661682129
15.781852722167969
5.828253269195557
9.592604637145996
5.01046085357666
5.449373245239258
5.852028846740723
5.379356861114502
4.55631685256958
4.668028831481934
4.899612903594971
4.328573226928711
4.501852989196777
3.8972129821777344
4.107645034790039
3.4869730472564697
3.3585569858551025
3.693437099456787
3.9063329696655273
3.985373020172119
3.934941053390503
4.043581008911133
4.028956890106201
4.838685035705566
4.587164878845215
4.24786901473999
4.142845153808594
4.402012825012207
4.259197235107422
3.745277166366577
4.913949012756348
5.179869174957275
3.7927651405334473
5.265437126159668
3.619901180267334
5.2184929847717285
4.65010929107666
4.40175724029541
4.9774370193481445
3.9265570640563965
5.409213066101074
4.792669296264648
4.9514851570129395
4.10271692276001
4.543932914733887
4.161244869232178
4.346013069152832
5.174621105194092
4.18623685836792
4.956413269042969
5.699517250061035
6.487933158874512
6.347805023193359
9.925597190856934
7.812892913818359
6.496477127075195
9.116765022277832
10.18070125579834
9.037917137145996
8.76530933380127
7.567357063293457
7.238844871520996
8.316733360290527
10.284220695495605
10.246973037719727
9.397085189819336
8.012828826904297
7.983293056488037
7.751037120819092
14.011069297790527
11.520605087280273
9.856700897216797
9.846268653869629
12.578205108642578
12.673309326171875
9.728477478027344
9.883645057678223
10.111708641052246
11.2135648727417
10.9494047164917
13.49404525756836
11.807229042053223
12.301596641540527
12.263260841369629
12.789501190185547
12.711676597595215
14.075164794921875
15.136765480041504
11.88105297088623
15.126716613769531
14.77682876586914
14.59382152557373
12.969596862792969
13.079293251037598
14.848508834838867
13.554204940795898
15.886780738830566
13.764893531799316
15.560765266418457
15.869404792785645
13.669532775878906
16.080060958862305
16.25010871887207
14.078365325927734
16.056476593017578
13.68508529663086
15.870237350463867
13.825948715209961
16.29628562927246
14.534749031066895
15.894108772277832
16.11036491394043
13.890717506408691
15.572508811950684
15.413788795471191
13.447772979736328
15.190909385681152
13.773372650146484
14.080988883972168
15.987133026123047
13.712733268737793
13.941469192504883
14.794428825378418
15.789756774902344
15.06118106842041
13.884636878967285
13.655069351196289
13.528124809265137
15.518685340881348
15.00233268737793
14.289885520935059
14.720444679260254
14.75990104675293
15.161181449890137
13.618972778320312
14.110333442687988
14.083772659301758
14.723997116088867
14.195164680480957
13.727229118347168
14.540093421936035
14.204477310180664
14.159645080566406
13.792157173156738
14.65231704711914
13.726780891418457
14.637181282043457
13.997660636901855
14.420540809631348
14.915997505187988
13.75762939453125
15.272829055786133
15.147132873535156
15.915421485900879
13.836413383483887
13.58409309387207
6.766237258911133
4.41321325302124
4.426493167877197
4.0117411613464355
4.02678108215332
4.042013168334961
4.293629169464111
3.9337570667266846
4.09068489074707
4.023932933807373
4.3147172927856445
4.03065299987793
4.3831329345703125
4.9432291984558105
4.978013038635254
4.938525199890137
4.548125267028809
4.664637088775635
4.771581172943115
5.995388984680176
4.2374372482299805
6.187708854675293
7.554204940795898
10.89522933959961
10.294109344482422
10.906205177307129
12.560956954956055
11.045309066772461
13.691356658935547
13.346589088439941
11.20860481262207
14.286460876464844
13.246333122253418
13.514556884765625
14.297245025634766
15.49794864654541
13.694557189941406
15.874045372009277
15.707324981689453
15.953885078430176
15.607548713684082
15.128829002380371
14.64623737335205
14.583996772766113
14.441948890686035
14.741564750671387
13.994845390319824
13.591964721679688
13.65938949584961
14.510045051574707
15.552412986755371
6.22169303894043
4.1347808837890625
4.182652950286865
3.8855650424957275
3.96620512008667
3.646653175354004
4.287036895751953
4.616796970367432
4.223613262176514
3.694333076477051
4.654748916625977
4.203325271606445
4.291357040405273
3.9003491401672363
7.338525295257568
8.906396865844727
6.199100971221924
11.886685371398926
11.444765090942383
12.150525093078613
13.577244758605957
13.985020637512207
15.814684867858887
16.122621536254883
13.31772518157959
15.22710132598877
14.211421012878418
13.55561351776123
14.45628547668457
13.394429206848145
5.196573257446289
3.8380770683288574
4.223453044891357
4.288508892059326
4.216573238372803
4.12182092666626
4.322876930236816
4.20585298538208
3.8485090732574463
5.413116931915283
5.522365093231201
8.849693298339844
7.0235490798950195
11.645373344421387
13.838909149169922
13.103388786315918
16.271709442138672
13.757405281066895
15.880989074707031
15.310812950134277
14.752605438232422
14.416316986083984
13.512157440185547
14.552188873291016
13.377917289733887
4.32588529586792
4.251132965087891
4.007772922515869
4.043964862823486
3.8606369495391846
6.809821128845215
5.9460768699646
6.1367011070251465
10.307004928588867
11.279869079589844
13.53724479675293
14.804060935974121
14.14806079864502
5.225308895111084
4.3468451499938965
4.3898210525512695
4.188508987426758
3.8466529846191406
4.623101234436035
3.922429084777832
7.574236869812012
5.383996963500977
7.152732849121094
13.596317291259766
13.139740943908691
15.238204956054688
14.134428977966309
14.184925079345703
4.261116981506348
4.338301181793213
5.350397109985352
6.60598087310791
13.872509002685547
14.527900695800781
4.184925079345703
4.377341270446777
8.546813011169434
8.024188995361328
13.665277481079102
15.144989013671875
15.905244827270508
15.339324951171875
14.550621032714844
13.947836875915527
13.7451171875
5.841501235961914
12.468989372253418
13.513725280761719
15.67910099029541
14.042620658874512
14.098397254943848
3.859133005142212
5.392733097076416
9.65458869934082
8.784380912780762
15.570716857910156
14.260765075683594
13.909980773925781
13.446748733520508
6.33679723739624
13.62070083618164
14.858492851257324
14.77462100982666
6.417629241943359
4.268989086151123
13.15449333190918
5.893501281738281
4.039772987365723
10.803997039794922
10.441981315612793
4.935901165008545
4.7448930740356445
13.414461135864258
4.523261070251465
6.279773235321045
11.451261520385742
6.956636905670166
4.32380485534668
7.108541011810303
12.440732955932617
13.102781295776367
13.672540664672852
13.410332679748535
4.125692844390869
7.839709281921387
13.206781387329102
13.894301414489746
9.847484588623047
14.29094123840332
14.152605056762695
4.149148941040039
3.851228952407837
13.649724960327148
13.830077171325684
15.282973289489746
13.982876777648926
10.995580673217773
14.530909538269043
