9.876351576561311e-42
15.54542350769043
15.329967498779297
10.831823348999023
14.3243989944458
12.92369556427002
13.761711120605469
10.149967193603516
8.02580738067627
11.357743263244629
8.679374694824219
12.075310707092285
11.092655181884766
11.645967483520508
10.906702995300293
8.938926696777344
13.269999504089355
7.994191646575928
13.889487266540527
10.20923137664795
13.387438774108887
12.368974685668945
10.255119323730469
10.313902854919434
10.261295318603516
13.097646713256836
12.92539119720459
10.531950950622559
9.810479164123535
12.987982749938965
10.571374893188477
12.764142990112305
10.459918975830078
14.364495277404785
9.211151123046875
11.45812702178955
12.5121431350708
12.840367317199707
11.718191146850586
11.389359474182129
12.661070823669434
12.038287162780762
15.690286636352539
12.208334922790527
12.058158874511719
14.852143287658691
12.180015563964844
12.533775329589844
11.277647018432617
11.070798873901367
11.607887268066406
13.499279022216797
8.350991249084473
13.150479316711426
10.476015090942383
13.578095436096191
9.806990623474121
10.233711242675781
12.393486976623535
11.353135108947754
13.353199005126953
13.043214797973633
12.892334938049316
10.425775527954102
11.91675090789795
12.10993480682373
13.666446685791016
9.938959121704102
10.527215003967285
10.77038288116455
10.891727447509766
13.455567359924316
14.277198791503906
13.058415412902832
13.794510841369629
11.616271018981934
12.90027141571045
13.188718795776367
10.67044734954834
12.040399551391602
10.457551002502441
13.795247077941895
13.126287460327148
12.26935863494873
10.635887145996094
13.714383125305176
12.505070686340332
12.763887405395508
12.857486724853516
10.960527420043945
11.871535301208496
12.441551208496094
13.822158813476562
13.580782890319824
13.467823028564453
11.169614791870117
12.814542770385742
13.136271476745605
11.279951095581055
13.51607894897461
9.973614692687988
13.318031311035156
12.54110336303711
12.044623374938965
14.3876953125
11.824174880981445
9.907503128051758
13.465743064880371
9.997007369995117
11.780047416687012
13.158830642700195
11.548495292663574
9.045839309692383
12.224655151367188
11.268911361694336
9.731759071350098
10.66334342956543
12.652783393859863
10.963119506835938
11.292142868041992
12.276719093322754
10.902703285217285
11.016175270080566
10.185519218444824
12.365487098693848
11.46478271484375
11.4456148147583
11.07223892211914
12.780335426330566
13.19892692565918
13.50401496887207
11.240399360656738
13.723823547363281
13.55252742767334
13.70875072479248
13.647695541381836
10.815311431884766
12.109519004821777
13.316974639892578
8.634063720703125
13.148463249206543
10.5307035446167
10.094735145568848
12.880334854125977
13.773550987243652
13.367758750915527
13.058191299438477
12.755695343017578
13.8278226852417
12.6234712600708
13.305679321289062
14.367758750915527
14.237455368041992
13.573551177978516
13.143470764160156
12.636494636535645
12.661967277526855
12.395054817199707
12.049135208129883
11.622702598571777
9.795631408691406
10.195951461791992
15.883630752563477
15.343982696533203
14.927471160888672
15.855118751525879
15.146735191345215
15.666158676147461
13.835631370544434
15.195855140686035
13.822319030761719
14.525678634643555
15.299055099487305
16.714702606201172
15.428462982177734
13.023343086242676
15.559950828552246
14.818286895751953
13.953006744384766
11.047246932983398
14.461359024047852
12.299758911132812
12.566095352172852
14.435918807983398
13.37518310546875
10.561071395874023
12.778159141540527
13.275567054748535
14.776175498962402
13.898767471313477
13.760879516601562
15.77102279663086
13.737167358398438
13.707598686218262
13.724398612976074
13.534479141235352
14.857070922851562
15.627182960510254
13.591375350952148
14.866766929626465
14.802254676818848
15.367311477661133
15.91515064239502
15.18583869934082
14.383918762207031
14.246991157531738
13.20155143737793
14.66891098022461
11.904911041259766
13.973198890686035
10.006958961486816
15.159727096557617
16.930511474609375
12.82718276977539
14.799567222595215
10.37348747253418
13.199663162231445
15.502190589904785
14.22065544128418
10.460719108581543
13.297518730163574
14.749743461608887
13.53079891204834
14.769294738769531
13.240239143371582
15.606575012207031
13.546927452087402
15.876462936401367
16.318862915039062
12.254127502441406
12.886286735534668
15.188078880310059
13.374862670898438
14.292399406433105
15.151150703430176
12.655855178833008
12.5056791305542
13.40679931640625
12.824271202087402
13.322319030761719
13.106895446777344
15.045551300048828
13.662383079528809
14.6618070602417
10.562159538269043
14.857583045959473
10.55643081665039
13.909134864807129
12.09243106842041
10.684879302978516
14.296719551086426
12.920943260192871
12.678543090820312
9.804015159606934
9.08481502532959
10.379311561584473
10.151695251464844
9.725679397583008
9.55627155303955
10.752910614013672
11.9457426071167
14.30865478515625
15.353902816772461
16.874927520751953
16.480846405029297
16.0089111328125
16.129070281982422
17.105167388916016
18.08091163635254
17.901838302612305
16.079439163208008
17.917774200439453
16.520814895629883
17.075855255126953
16.079343795776367
17.041263580322266
16.848270416259766
17.864303588867188
17.84391975402832
15.26158332824707
15.952878952026367
16.725358963012695
16.755695343017578
15.407951354980469
15.137615203857422
11.126734733581543
12.388078689575195
11.741998672485352
16.473615646362305
17.568592071533203
18.36734390258789
16.779151916503906
17.058895111083984
17.502126693725586
18.481935501098633
16.619726181030273
16.68756675720215
16.500911712646484
11.082895278930664
11.84788703918457
17.169870376586914
16.284366607666016
17.67857551574707
15.224751472473145
9.390094757080078
16.366798400878906
15.528367042541504
10.634895324707031
17.270862579345703
17.209806442260742
11.096111297607422
17.297006607055664
12.739471435546875
16.326671600341797
16.714094161987305
16.985326766967773
16.651086807250977
18.609262466430664
17.709871292114258
18.09735870361328
16.13124656677246
18.018606185913086
18.402191162109375
17.980623245239258
18.191791534423828
15.984526634216309
17.773839950561523
16.095502853393555
17.17287826538086
17.42100715637207
17.216270446777344
17.369935989379883
17.96491050720215
17.228750228881836
16.276206970214844
16.489774703979492
16.32401466369629
14.975439071655273
10.310510635375977
10.635695457458496
15.889423370361328
15.485231399536133
17.611343383789062
13.62126350402832
18.42148780822754
15.778223037719727
17.24167823791504
17.41131019592285
16.275630950927734
9.298670768737793
7.429167747497559
14.587631225585938
16.387662887573242
13.781391143798828
7.380751609802246
8.81399917602539
12.235246658325195
10.23543930053711
17.285486221313477
13.271374702453613
13.300591468811035
13.17543888092041
15.273423194885254
17.222959518432617
17.3790225982666
17.373807907104492
18.251407623291016
16.00254249572754
15.5121431350708
12.138607025146484
7.394383430480957
11.330671310424805
14.816079139709473
15.08641529083252
16.496143341064453
12.155439376831055
15.194799423217773
16.59601593017578
17.140239715576172
16.824047088623047
12.990222930908203
11.483407020568848
12.137679100036621
16.39051055908203
16.7066707611084
11.008431434631348
9.168814659118652
9.993263244628906
9.582574844360352
8.450703620910645
14.159311294555664
9.481999397277832
9.506767272949219
12.948943138122559
9.449871063232422
9.482927322387695
11.062479019165039
9.462831497192383
8.580623626708984
10.207246780395508
8.982734680175781
9.236239433288574
8.745935440063477
9.129390716552734
11.170830726623535
14.746223449707031
14.434159278869629
13.156943321228027
11.252623558044434
15.9674711227417
13.604079246520996
11.433295249938965
15.155375480651855
14.708559036254883
13.137518882751465
15.406351089477539
14.750223159790039
15.76327896118164
17.24100685119629
13.220911026000977
12.132079124450684
11.699151039123535
12.426798820495605
13.297647476196289
13.9805908203125
15.505230903625488
14.714543342590332
16.36980628967285
16.464431762695312
16.43214225769043
17.102798461914062
16.040367126464844
15.281006813049316
17.426959991455078
17.29115104675293
16.894895553588867
16.701263427734375
17.29668617248535
15.36427116394043
15.360623359680176
15.348623275756836
11.203022956848145
11.36983871459961
14.369998931884766
13.97179126739502
15.974350929260254
17.51559829711914
13.939567565917969
10.22718334197998
13.011470794677734
14.476303100585938
16.02574348449707
17.300046920776367
11.022830963134766
13.13614273071289
13.362543106079102
10.226511001586914
15.397934913635254
13.433359146118164
13.574542999267578
14.488910675048828
14.946383476257324
15.271055221557617
13.01492691040039
15.69351863861084
9.709871292114258
11.009902954101562
10.353135108947754
13.101390838623047
11.946863174438477
14.807950973510742
16.305742263793945
16.649999618530273
16.503503799438477
16.201391220092773
16.133935928344727
17.24020767211914
15.279630661010742
14.314990997314453
15.512879371643066
13.772302627563477
13.475311279296875
16.684783935546875
11.890063285827637
16.44331169128418
15.985678672790527
10.577743530273438
12.880879402160645
15.503983497619629
10.403791427612305
16.465423583984375
10.242255210876465
10.218831062316895
13.365326881408691
14.50833511352539
14.132015228271484
15.94177532196045
11.546319007873535
17.151567459106445
14.899471282958984
15.09790325164795
17.865455627441406
14.329774856567383
17.51857566833496
14.09345531463623
15.504559516906738
12.88126277923584
11.994670867919922
13.800591468811035
11.232207298278809
16.414831161499023
9.93959903717041
15.281327247619629
16.01265525817871
15.576238632202148
15.3975191116333
14.539727210998535
17.16651153564453
15.461326599121094
16.68414306640625
15.863119125366211
15.92817497253418
16.267887115478516
16.91454315185547
14.551822662353516
11.276015281677246
16.090351104736328
10.844910621643066
15.695886611938477
16.25895881652832
16.46647834777832
16.688846588134766
9.964942932128906
13.033903121948242
16.170639038085938
12.285999298095703
16.397838592529297
11.194639205932617
11.927567481994629
12.206254959106445
15.870543479919434
17.19937515258789
15.676206588745117
16.427886962890625
14.783790588378906
12.42219066619873
16.153230667114258
16.39579200744629
15.79159927368164
16.494062423706055
16.721519470214844
16.287214279174805
16.130990982055664
16.692846298217773
13.011343002319336
14.895918846130371
16.280559539794922
16.7643985748291
16.778446197509766
16.284687042236328
16.23019027709961
16.147790908813477
16.53345489501953
16.549070358276367
16.464622497558594
16.47422218322754
16.24020767211914
17.55188751220703
18.22279930114746
18.197294235229492
18.045774459838867
17.80219078063965
17.975343704223633
18.06772804260254
18.623247146606445
18.39223861694336
18.02791976928711
17.678863525390625
18.012271881103516
18.46718406677246
18.190895080566406
18.10545539855957
18.155214309692383
18.88551902770996
18.178382873535156
18.028623580932617
17.7598876953125
17.264686584472656
18.018447875976562
17.215599060058594
17.795087814331055
18.658382415771484
18.504528045654297
18.68631935119629
18.0057430267334
18.27684783935547
17.679407119750977
18.182767868041992
17.414798736572266
17.49911880493164
17.323854446411133
17.815662384033203
17.79889488220215
18.138927459716797
16.64695930480957
18.100431442260742
16.099950790405273
17.77854347229004
17.318159103393555
17.074703216552734
17.208974838256836
16.970895767211914
15.489519119262695
13.949198722839355
15.098319053649902
17.634382247924805
15.969487190246582
15.487247467041016
16.082927703857422
15.356846809387207
17.18462371826172
16.995086669921875
17.854671478271484
17.93307113647461
16.990991592407227
14.571887016296387
17.45329475402832
17.64299201965332
16.247310638427734
17.999406814575195
16.51604652404785
17.66558265686035
18.02791976928711
17.488847732543945
17.378543853759766
17.53620719909668
16.48535919189453
17.143535614013672
15.871214866638184
15.361679077148438
14.72513484954834
16.83003044128418
9.689518928527832
9.648879051208496
8.541903495788574
8.91214370727539
8.83198356628418
8.604303359985352
14.835022926330566
10.54763126373291
10.071950912475586
15.050254821777344
12.887887001037598
14.44295883178711
16.380430221557617
18.167631149291992
18.38225555419922
18.197935104370117
12.284014701843262
14.934062957763672
11.889102935791016
17.74030303955078
11.279407501220703
18.42910385131836
18.007150650024414
17.4890079498291
18.3726863861084
15.090415000915527
12.214895248413086
18.705774307250977
18.819503784179688
18.80958366394043
18.568462371826172
18.70334243774414
18.2098388671875
18.763534545898438
18.729103088378906
18.728687286376953
18.457199096679688
18.04551887512207
18.03915023803711
18.363439559936523
18.233903884887695
17.84459114074707
18.205486297607422
17.43633460998535
17.669967651367188
18.13351821899414
17.44363021850586
18.06414222717285
16.815950393676758
17.62308692932129
17.859312057495117
18.06657600402832
17.356111526489258
17.42542266845703
18.05211067199707
18.45969581604004
17.613998413085938
17.57294273376465
17.754671096801758
17.56804656982422
17.666606903076172
17.609071731567383
17.668046951293945
17.389102935791016
17.115951538085938
17.366031646728516
17.157934188842773
17.85345458984375
17.158287048339844
17.67540740966797
17.164270401000977
17.484655380249023
17.477935791015625
16.750991821289062
17.14628791809082
17.42007827758789
16.967182159423828
17.202415466308594
17.42420768737793
16.878734588623047
17.100303649902344
17.136430740356445
16.486799240112305
16.761838912963867
16.784526824951172
16.744142532348633
16.782894134521484
17.7613582611084
17.032878875732422
15.980975151062012
17.755918502807617
16.151151657104492
18.371246337890625
16.974863052368164
17.850574493408203
17.2447509765625
16.347694396972656
16.877391815185547
17.510223388671875
17.125839233398438
18.0601749420166
16.703279495239258
17.22244644165039
17.46318244934082
17.23703956604004
16.694255828857422
17.612590789794922
17.65697479248047
14.3909273147583
18.38459014892578
16.971439361572266
16.406383514404297
16.374319076538086
17.621614456176758
17.463951110839844
16.803279876708984
16.168655395507812
16.84027099609375
16.49003028869629
16.38177490234375
16.31511878967285
17.072303771972656
16.06257438659668
15.926831245422363
15.36535930633545
14.983567237854004
16.710702896118164
17.0851993560791
16.785903930664062
16.381454467773438
16.19287872314453
16.53940773010254
11.981071472167969
16.677391052246094
16.29230308532715
15.931855201721191
16.050031661987305
14.98775863647461
15.868879318237305
15.972591400146484
16.257230758666992
15.691183090209961
16.00516700744629
14.921167373657227
15.94011116027832
15.721135139465332
15.87524700164795
14.044590950012207
15.192366600036621
15.217582702636719
13.94340705871582
12.91617488861084
13.472015380859375
12.532687187194824
9.182863235473633
14.831823348999023
12.574158668518066
14.037999153137207
15.351951599121094
17.1834716796875
16.501935958862305
12.005006790161133
11.495598793029785
17.65377426147461
13.38449478149414
17.626991271972656
12.951119422912598
18.848590850830078
18.716175079345703
18.753742218017578
18.7314395904541
18.252910614013672
18.01345443725586
18.009103775024414
17.185007095336914
17.663406372070312
17.279502868652344
18.211406707763672
17.516847610473633
17.149999618530273
17.456270217895508
17.74529457092285
17.835086822509766
17.038190841674805
17.36651039123535
17.767471313476562
17.182510375976562
16.52894401550293
18.6267032623291
18.07441520690918
16.42545509338379
17.049135208129883
17.798126220703125
17.285070419311523
17.345806121826172
17.411663055419922
16.89767837524414
15.91566276550293
16.7249755859375
14.740558624267578
16.46683120727539
14.489327430725098
15.19556713104248
15.703438758850098
12.887919425964355
7.568527698516846
13.597551345825195
15.793070793151855
18.115278244018555
13.00510311126709
18.04667091369629
14.211215019226074
18.43783950805664
14.941166877746582
17.250734329223633
18.702735900878906
18.917518615722656
18.51617431640625
17.508047103881836
17.43463897705078
17.435150146484375
17.51095962524414
18.444303512573242
16.500558853149414
17.803342819213867
17.370126724243164
16.930574417114258
18.725486755371094
17.474159240722656
17.296558380126953
16.78558349609375
16.910703659057617
15.173967361450195
12.601806640625
13.857550621032715
8.587023735046387
13.251694679260254
14.445999145507812
17.246126174926758
15.608015060424805
16.312911987304688
18.771150588989258
18.31671905517578
17.269134521484375
18.02926254272461
17.86516761779785
17.486127853393555
17.09137535095215
16.08769416809082
16.159534454345703
17.82878303527832
17.45009422302246
16.861806869506836
17.742063522338867
17.5089111328125
16.01617431640625
15.893935203552246
14.986318588256836
15.733711242675781
12.93140697479248
16.649999618530273
18.102542877197266
15.807502746582031
18.687599182128906
18.367759704589844
17.62807846069336
17.78023910522461
16.97614288330078
17.659950256347656
18.578319549560547
17.691247940063477
16.221582412719727
16.437358856201172
10.69767951965332
17.757295608520508
17.14103889465332
12.935982704162598
16.74987030029297
18.621742248535156
18.4304141998291
18.11271858215332
17.839662551879883
17.712879180908203
17.682767868041992
16.51495933532715
16.080175399780273
16.498703002929688
15.495855331420898
17.817134857177734
16.18903923034668
17.847118377685547
17.974639892578125
16.98673439025879
18.407182693481445
18.19630241394043
17.75188636779785
18.23963165283203
17.692590713500977
17.464078903198242
18.083438873291016
18.201871871948242
16.120943069458008
16.018095016479492
16.020366668701172
15.369967460632324
11.429390907287598
17.257518768310547
17.07329559326172
16.628398895263672
16.20734214782715
15.987375259399414
18.408174514770508
17.287534713745117
18.379375457763672
17.591503143310547
16.805070877075195
17.214191436767578
15.700399398803711
14.95591926574707
11.435663223266602
16.555694580078125
18.137422561645508
17.83275032043457
9.712494850158691
18.630287170410156
17.02836799621582
8.659695625305176
17.854415893554688
18.21857452392578
17.29934310913086
8.80196762084961
10.132367134094238
14.910511016845703
12.499439239501953
17.219022750854492
17.114702224731445
17.257328033447266
14.064591407775879
17.428495407104492
16.78932762145996
17.081615447998047
16.780719757080078
16.86641502380371
13.673871040344238
17.30967903137207
17.395919799804688
14.578126907348633
17.5689754486084
17.276399612426758
11.008238792419434
14.003951072692871
18.62046241760254
16.814767837524414
16.706863403320312
16.32673454284668
16.24955177307129
17.70369529724121
17.99003028869629
