9.876351576561311e-42
10.277914047241211
10.325274467468262
6.609882831573486
8.980633735656738
7.753370761871338
7.344538688659668
6.005146503448486
5.455834865570068
10.023770332336426
4.822106838226318
8.692506790161133
7.474330425262451
9.880922317504883
9.971354484558105
5.46556282043457
8.807129859924316
6.541082859039307
9.48751449584961
5.960282802581787
8.817177772521973
8.98313045501709
5.651546478271484
5.76149845123291
5.928538799285889
8.944729804992676
9.199321746826172
6.302746772766113
6.621978759765625
9.390937805175781
7.474394798278809
9.245402336120605
6.277210712432861
8.181146621704102
6.658586502075195
7.341466426849365
7.51906681060791
7.625178813934326
9.756186485290527
7.315418720245361
7.684122562408447
7.890074729919434
10.127386093139648
10.248025894165039
7.181658744812012
9.494937896728516
5.570074558258057
9.241114616394043
9.984601974487305
4.954522609710693
8.719194412231445
9.595866203308105
6.2178826332092285
9.254810333251953
5.501786708831787
9.122138023376465
6.088922500610352
7.610650539398193
9.640666007995605
7.456218719482422
10.230810165405273
10.166873931884766
6.052186489105225
5.722778797149658
4.940314769744873
9.791642189025879
9.336793899536133
6.692570686340332
5.5081868171691895
7.416986465454102
7.555226802825928
7.9925384521484375
9.976346015930176
10.112921714782715
6.698586463928223
6.11458683013916
9.69378662109375
9.00181770324707
5.25493860244751
7.740506649017334
6.786586761474609
8.040218353271484
9.821209907531738
10.065370559692383
6.255770683288574
9.573274612426758
8.828634262084961
9.04053783416748
7.652570724487305
7.066330909729004
9.776346206665039
6.656026840209961
9.379610061645508
8.058778762817383
8.024602890014648
9.751897811889648
8.747994422912598
9.287449836730957
7.217626571655273
9.283865928649902
5.33135461807251
8.912921905517578
7.987674713134766
7.727130889892578
8.7095308303833
9.24028205871582
5.645786762237549
9.335577964782715
6.813466548919678
7.631194591522217
8.669466972351074
9.236634254455566
5.82697057723999
7.557338714599609
9.718618392944336
6.188314437866211
6.9983625411987305
7.306906700134277
7.181082725524902
7.381210803985596
9.215641975402832
6.534234523773193
7.585690498352051
7.107546806335449
7.624410629272461
9.60975456237793
7.751002788543701
9.80847454071045
9.617114067077637
7.890906810760498
8.063578605651855
6.748122692108154
8.670809745788574
8.916826248168945
9.144218444824219
9.401626586914062
6.864794731140137
7.222298622131348
7.752026557922363
6.864794731140137
8.790298461914062
7.246874809265137
6.969754695892334
7.437722682952881
7.905178546905518
8.803738594055176
9.168858528137207
9.505690574645996
9.541722297668457
9.675098419189453
9.658522605895996
9.525402069091797
9.452762603759766
9.268569946289062
9.118938446044922
9.415194511413574
9.541594505310059
9.794777870178223
9.895002365112305
9.883994102478027
9.879834175109863
9.725786209106445
5.188570499420166
4.555354595184326
6.458010673522949
3.9652745723724365
5.943962574005127
4.248602867126465
3.1801226139068604
6.6374664306640625
3.6641547679901123
6.15554666519165
8.214810371398926
7.703194618225098
7.629594802856445
8.544602394104004
7.1171464920043945
9.397146224975586
9.574746131896973
7.654170513153076
10.195801734924316
6.860250473022461
9.484058380126953
10.252697944641113
10.481562614440918
8.954330444335938
9.634841918945312
9.93301773071289
10.304794311523438
10.118938446044922
9.983577728271484
10.420313835144043
9.696282386779785
10.147674560546875
9.994970321655273
10.280409812927246
5.0222344398498535
4.406874656677246
6.780058860778809
3.7141387462615967
4.242138862609863
7.908122539520264
7.411930561065674
7.960282802581787
7.4325385093688965
9.081306457519531
9.252890586853027
10.086682319641113
6.937114715576172
10.026521682739258
8.776473999023438
4.918426513671875
7.472282886505127
8.393562316894531
9.830681800842285
7.747098445892334
3.0861706733703613
7.242458820343018
9.951642036437988
7.9265546798706055
9.800858497619629
6.044058799743652
9.70805835723877
10.31228256225586
3.615898609161377
7.03714656829834
8.002266883850098
4.848538875579834
7.224282741546631
8.139610290527344
10.137434005737305
4.882842540740967
4.237914562225342
4.918234825134277
6.785370826721191
4.300698757171631
10.12719440460205
5.012506484985352
9.385689735412598
10.006874084472656
9.750298500061035
6.933722496032715
9.72329044342041
6.268058776855469
9.08956241607666
6.422938823699951
9.033882141113281
5.161498546600342
8.545947074890137
8.672282218933105
6.684442520141602
6.775898456573486
7.549594879150391
8.258138656616211
8.359834671020508
8.543130874633789
8.628570556640625
8.697113990783691
3.6371467113494873
4.1920905113220215
4.633050441741943
5.781978607177734
6.2448906898498535
6.3580427169799805
6.707162857055664
7.454618453979492
7.714010715484619
7.545370578765869
7.293466567993164
6.837466716766357
6.591002464294434
6.761178493499756
6.41973876953125
6.026778697967529
6.754842758178711
5.92687463760376
5.683546543121338
5.058138847351074
4.077338695526123
6.5999627113342285
6.064858436584473
4.766170501708984
3.602714776992798
5.023066520690918
3.2116105556488037
3.884570598602295
5.545562744140625
4.862234592437744
6.008474826812744
6.832602500915527
6.556442737579346
6.2477707862854
6.170714855194092
5.453338623046875
4.748698711395264
5.529178619384766
3.8393867015838623
3.593242645263672
5.27836275100708
4.394138813018799
6.463514804840088
7.149594783782959
4.331610679626465
3.7634825706481934
4.802074909210205
6.538010597229004
4.159194469451904
5.04636287689209
4.634138584136963
4.414618492126465
4.174362659454346
5.5899786949157715
5.3619465827941895
6.321690559387207
6.056474685668945
4.0635786056518555
6.959770679473877
4.439258575439453
4.04201078414917
6.033370494842529
6.364570617675781
5.3690505027771
6.697242736816406
5.349018573760986
6.5982985496521
6.672090530395508
5.973402500152588
6.59394645690918
5.98850679397583
6.523226737976074
6.463578701019287
6.245594501495361
6.433178901672363
6.473946571350098
6.514650821685791
6.370650768280029
6.315994739532471
5.700250625610352
5.173722743988037
5.003546714782715
6.238170623779297
6.2402825355529785
6.91644287109375
7.213786602020264
7.537498474121094
6.8009867668151855
7.2105865478515625
7.6812424659729
7.65833044052124
8.64841079711914
8.793306350708008
5.5702667236328125
4.129242897033691
6.117018699645996
8.321114540100098
7.146778583526611
8.34441089630127
3.445082664489746
9.456153869628906
5.0338826179504395
2.19925856590271
1.6450186967849731
1.311578631401062
4.653018474578857
3.044186592102051
1.1860746145248413
7.37717866897583
7.009370803833008
8.356890678405762
4.969114780426025
7.779162883758545
6.069018840789795
3.6157705783843994
7.196186542510986
8.270682334899902
2.820314645767212
1.7783946990966797
3.862234592437744
1.5506826639175415
7.91433048248291
4.442266464233398
5.495962619781494
3.1241867542266846
6.03663444519043
8.156954765319824
8.22108268737793
4.8318986892700195
3.8503305912017822
2.207258701324463
9.049945831298828
7.1584906578063965
4.341082572937012
9.374234199523926
6.696666717529297
3.057370662689209
9.204122543334961
8.823834419250488
7.828250885009766
8.319194793701172
7.747930526733398
7.22767448425293
2.6695947647094727
6.543834686279297
5.383578777313232
3.924954652786255
6.427674770355225
5.720602512359619
3.2574987411499023
2.155418634414673
5.03663444519043
2.5948426723480225
2.487898588180542
4.322842597961426
3.6170506477355957
1.9221386909484863
1.544986605644226
2.139866590499878
6.277210712432861
7.003546714782715
7.982362747192383
8.749274253845215
9.97545051574707
9.977113723754883
9.78946590423584
10.25001049041748
10.056794166564941
9.498842239379883
8.709914207458496
6.615130424499512
5.780506610870361
5.136474609375
4.356314659118652
3.1181066036224365
2.061018705368042
1.6837387084960938
1.4346506595611572
1.888474702835083
2.0910346508026123
3.368922710418701
3.177818775177002
3.5236105918884277
2.16591477394104
1.6678026914596558
2.993882656097412
4.392154693603516
1.2830346822738647
2.5422985553741455
2.8832907676696777
1.909274697303772
1.9810186624526978
3.6768906116485596
1.469658613204956
2.787482738494873
2.35260272026062
1.5289866924285889
3.642138719558716
2.153498649597168
2.9840266704559326
2.7992587089538574
1.3448586463928223
1.8871946334838867
1.7589386701583862
1.373978614807129
2.9326987266540527
1.1890186071395874
2.151066780090332
1.828826665878296
1.840026617050171
1.4536586999893188
1.5318026542663574
1.2185226678848267
1.0653066635131836
1.2389386892318726
1.531546711921692
1.9305226802825928
2.85807466506958
3.74946665763855
2.961690664291382
3.680346727371216
1.3935626745224
5.203930854797363
2.9648265838623047
3.5371146202087402
4.440154552459717
4.612826824188232
1.7383307218551636
4.479642868041992
3.906778573989868
2.124826669692993
7.104602813720703
5.137178897857666
7.192474842071533
8.014938354492188
4.016794681549072
3.3100426197052
4.200410842895508
2.5843467712402344
5.683482646942139
6.584346771240234
5.647002696990967
6.031962871551514
5.680922508239746
2.9497227668762207
3.7362825870513916
4.410970687866211
1.4797066450119019
3.7024905681610107
3.741722583770752
3.186074733734131
5.5471625328063965
2.307034730911255
8.097434997558594
3.5204105377197266
3.730778694152832
5.100890636444092
5.551962852478027
1.741594672203064
2.6781065464019775
1.6255626678466797
3.9618825912475586
2.864602565765381
5.071962833404541
5.658202648162842
2.2268426418304443
1.772762656211853
5.251162528991699
2.304154634475708
7.291482448577881
3.0003466606140137
4.45257043838501
5.120474815368652
2.994074583053589
5.301722526550293
3.0032906532287598
2.4103307723999023
5.819802761077881
4.555354595184326
5.454874515533447
4.627994537353516
4.724122524261475
2.653658628463745
3.374938726425171
3.674074649810791
4.292954444885254
1.8469387292861938
4.880410671234131
5.165338516235352
2.0524425506591797
5.076058864593506
5.916378498077393
2.786074638366699
5.829914569854736
3.2303626537323
4.589146614074707
5.0372748374938965
4.384026527404785
4.554778575897217
3.8525707721710205
3.9903626441955566
3.3600265979766846
3.903322696685791
4.446170806884766
5.274202823638916
5.047194480895996
5.50377082824707
5.902426719665527
6.181274890899658
6.6900105476379395
10.237529754638672
10.432089805603027
10.289817810058594
11.30037784576416
10.080794334411621
10.345498085021973
12.171418190002441
11.484122276306152
11.962905883789062
13.620378494262695
15.49410629272461
10.547225952148438
10.244890213012695
13.212249755859375
15.2775297164917
10.796890258789062
12.576346397399902
10.097497940063477
13.099674224853516
14.11701774597168
12.574618339538574
13.729114532470703
13.304986000061035
10.290329933166504
11.349466323852539
10.781594276428223
11.40783405303955
12.049050331115723
12.154585838317871
12.880282402038574
15.105177879333496
13.755610466003418
12.979226112365723
15.373849868774414
15.608409881591797
16.12386703491211
13.411417961120605
16.707162857055664
12.80629825592041
16.76405906677246
15.903194427490234
10.90511417388916
16.90281105041504
16.615514755249023
14.879258155822754
13.641498565673828
13.871514320373535
15.491098403930664
13.843609809875488
13.041306495666504
15.307929992675781
13.837721824645996
14.984922409057617
14.313754081726074
16.09941864013672
16.775001525878906
15.705562591552734
14.336793899536133
14.765082359313965
14.962138175964355
14.662553787231445
16.074459075927734
14.015193939208984
14.545178413391113
13.65896987915039
14.410202026367188
15.054617881774902
15.698969841003418
14.87240982055664
15.096538543701172
14.075098037719727
13.055002212524414
12.998618125915527
11.056154251098633
3.2720906734466553
4.742234706878662
3.9652745723724365
3.678682565689087
3.430938720703125
3.5154826641082764
3.499610662460327
3.3979785442352295
4.101338863372803
4.164186477661133
4.808090686798096
7.1815948486328125
7.687642574310303
8.68559455871582
9.65564250946045
9.282970428466797
7.3364105224609375
8.010202407836914
8.139610290527344
10.898138046264648
8.941210746765137
11.529178619384766
11.407706260681152
11.303130149841309
11.121113777160645
10.724185943603516
10.252890586853027
11.407770156860352
11.494937896728516
11.485210418701172
11.50121021270752
11.253401756286621
11.595802307128906
10.690394401550293
10.986457824707031
11.391770362854004
10.810649871826172
10.585561752319336
10.635802268981934
11.266586303710938
11.098649978637695
10.363865852355957
11.240409851074219
8.375578880310059
10.083481788635254
11.088282585144043
9.240473747253418
11.239578247070312
5.358938694000244
10.73916244506836
8.67849063873291
10.655577659606934
10.62844181060791
5.054874897003174
10.641562461853027
11.033561706542969
10.592154502868652
9.925594329833984
8.630555152893066
8.103066444396973
8.288475036621094
10.579737663269043
10.259289741516113
8.961370468139648
6.357978820800781
7.932762622833252
7.198874473571777
13.11036205291748
8.635162353515625
8.810458183288574
6.829082489013672
9.993114471435547
10.587801933288574
5.980954647064209
8.580378532409668
8.750682830810547
7.951002597808838
9.695130348205566
9.872858047485352
8.694426536560059
8.487258911132812
9.536346435546875
7.938138484954834
8.746138572692871
8.963866233825684
12.501850128173828
10.487770080566406
10.680793762207031
8.784027099609375
8.381850242614746
11.514586448669434
9.925082206726074
9.87618637084961
9.748698234558105
8.547418594360352
7.158810615539551
8.394522666931152
8.860762596130371
9.264473915100098
8.52066707611084
8.782299041748047
5.613466739654541
9.051994323730469
8.350747108459473
11.232474327087402
7.77346658706665
8.930971145629883
8.92194652557373
12.930073738098145
9.044121742248535
5.663130760192871
11.778778076171875
11.26216983795166
6.898714542388916
6.928154468536377
6.506714820861816
6.474522590637207
8.37833023071289
6.30837869644165
6.084890842437744
11.144922256469727
8.973658561706543
11.549210548400879
5.679450511932373
6.110042572021484
7.604122638702393
9.026203155517578
9.816282272338867
11.051609992980957
4.245978832244873
10.015706062316895
7.37058687210083
7.8231306076049805
11.314330101013184
4.49077844619751
8.475482940673828
4.146330833435059
5.596762657165527
8.736730575561523
6.240346431732178
5.481562614440918
5.398042678833008
6.758426666259766
7.6177544593811035
6.065114498138428
5.53109884262085
5.318106651306152
6.073178768157959
6.333274841308594
6.775002479553223
6.3872904777526855
7.941466808319092
7.412890434265137
7.896538734436035
4.33570671081543
4.301402568817139
4.033178806304932
6.4077067375183105
7.4089226722717285
7.965850830078125
8.99343490600586
8.307738304138184
9.127642631530762
10.63919448852539
10.49461841583252
11.319450378417969
10.339737892150879
11.353114128112793
11.162074089050293
10.832858085632324
11.232346534729004
11.435033798217773
11.01980209350586
10.490265846252441
7.443482875823975
10.787354469299316
10.57103443145752
11.186010360717773
9.61525821685791
8.663962364196777
9.398938179016113
9.621018409729004
10.602009773254395
9.143706321716309
9.168282508850098
9.802393913269043
9.904922485351562
8.865242004394531
11.402073860168457
9.655898094177246
7.0604424476623535
11.411354064941406
9.103961944580078
7.467354774475098
7.15612268447876
10.258009910583496
10.65455436706543
4.614938735961914
4.563290596008301
11.669146537780762
4.952794551849365
6.39682674407959
5.897178649902344
8.23637866973877
7.657562732696533
4.11356258392334
5.096602439880371
8.21135425567627
9.841946601867676
8.479002952575684
10.147866249084473
10.65845775604248
11.435738563537598
10.66223430633545
11.495386123657227
11.215514183044434
11.365593910217285
11.551194190979004
9.556890487670898
10.514138221740723
10.411417961120605
7.992090702056885
11.822554588317871
7.010458469390869
10.312026023864746
9.166873931884766
8.299738883972168
8.978010177612305
8.865818977355957
6.754778861999512
10.745497703552246
4.988762855529785
6.22709846496582
7.439514636993408
7.458074569702148
3.4973065853118896
6.7895307540893555
4.797274589538574
8.676570892333984
10.963162422180176
10.56175422668457
11.283162117004395
11.378521919250488
8.727706909179688
10.937049865722656
9.568985939025879
10.230618476867676
7.541658878326416
6.043546676635742
8.575450897216797
11.0034818649292
8.877594947814941
6.907546520233154
10.676826477050781
9.575130462646484
10.359386444091797
7.867930889129639
6.632986545562744
5.6459784507751465
7.5038347244262695
8.443930625915527
11.3920259475708
11.058201789855957
11.51541805267334
11.514650344848633
10.690906524658203
10.521562576293945
7.257946491241455
9.938777923583984
11.511898040771484
8.898201942443848
9.417881965637207
5.039450645446777
3.6269707679748535
9.359769821166992
9.176857948303223
9.311450004577637
11.049178123474121
11.353690147399902
11.665306091308594
10.450778007507324
8.77685832977295
10.22767448425293
12.488025665283203
6.883802890777588
9.13436222076416
4.7021708488464355
6.1460747718811035
9.908185958862305
9.628890037536621
7.965338706970215
9.34889030456543
7.724506855010986
10.91439437866211
10.041946411132812
11.021145820617676
10.630233764648438
9.146714210510254
8.163098335266113
10.474842071533203
9.94178581237793
8.252571105957031
7.530458450317383
5.026970863342285
5.820762634277344
3.3721866607666016
9.040794372558594
8.045914649963379
8.23733901977539
5.769306659698486
4.57097053527832
11.41865062713623
7.094362735748291
10.882905960083008
8.62767505645752
7.454810619354248
5.738714694976807
5.0144267082214355
6.622554779052734
3.1488265991210938
7.193690776824951
10.861658096313477
6.011674880981445
3.0012426376342773
11.368858337402344
8.768986701965332
3.299034595489502
10.399834632873535
11.2011137008667
8.698203086853027
3.1558027267456055
3.1438987255096436
6.911834716796875
3.4016265869140625
5.7890825271606445
8.913178443908691
6.409178733825684
4.055898666381836
5.838106632232666
9.115801811218262
8.393242835998535
7.705626487731934
9.317977905273438
4.955738544464111
6.821274757385254
11.861530303955078
7.66428279876709
8.817689895629883
12.197402000427246
7.767066478729248
4.84002685546875
11.192153930664062
8.797402381896973
7.340762615203857
8.848474502563477
6.490842819213867
9.819162368774414
10.641369819641113
