9.876351576561311e-42
0.0
5.109353542327881
0.0
1.3691192865371704
0.0
7.181130886077881
6.483376979827881
4.221414089202881
20.48655128479004
5.743630886077881
18.90452003479004
19.26365089416504
21.96311378479004
21.61448097229004
15.630838394165039
22.43528175354004
20.49802589416504
22.64060401916504
16.59568214416504
22.81516456604004
22.38157081604004
11.721902847290039
14.353738784790039
14.620828628540039
22.47165870666504
22.48240089416504
18.33274269104004
19.75461769104004
22.06174659729004
22.24802589416504
22.51023292541504
19.05881690979004
22.27121925354004
19.91501808166504
21.58054542541504
21.52878761291504
21.74411964416504
21.76194190979004
20.98410987854004
21.85862159729004
21.33152198791504
2.411843776702881
14.539773941040039
0.0
3.713601589202881
9.664285659790039
17.36106300354004
21.84519386291504
9.932352066040039
21.09250831604004
22.69285011291504
19.56077003479004
22.49045753479004
9.795389175415039
22.70749855041504
16.61716651916504
22.35325050354004
21.93650245666504
21.87449073791504
9.022439956665039
18.78122901916504
2.088601589202881
14.297830581665039
7.890359401702881
22.54221534729004
22.58860206604004
21.03952980041504
12.538797378540039
22.47117042541504
22.13303565979004
21.54026222229004
6.272927761077881
16.59690284729004
4.634744167327881
11.843240737915039
22.61765480041504
22.48557472229004
10.723855972290039
22.67380714416504
20.13157081604004
21.62497901916504
15.253152847290039
19.08860206604004
16.33616065979004
22.58786964416504
22.40012550354004
22.43869972229004
22.67331886291504
20.79831886291504
18.31492042541504
9.111551284790039
22.58860206604004
22.99411964416504
21.72165870666504
20.09202003479004
22.34275245666504
22.49924659729004
21.24802589416504
13.738504409790039
13.234598159790039
22.38376808166504
21.82297706604004
21.93869972229004
12.000223159790039
19.62742042541504
14.915262222290039
22.34983253479004
20.48362159729004
22.01584815979004
16.10007667541504
21.39988136291504
17.16941261291504
22.02952003479004
21.50437355041504
18.70774269104004
21.12278175354004
11.739480972290039
21.73215675354004
15.912820816040039
22.52927589416504
19.95432472229004
22.18284034729004
21.86863136291504
22.15891456604004
22.53806495666504
22.35178565979004
22.53830909729004
22.14377784729004
22.35032081604004
22.87644386291504
13.878152847290039
22.65964698791504
22.57615089416504
22.50095558166504
22.59421730041504
17.80002784729004
21.49021339416504
21.94065284729004
21.43552589416504
22.45774269104004
22.35178565979004
21.69577980041504
22.08176612854004
22.46750831604004
22.63620948791504
22.61838722229004
22.56614112854004
22.53367042541504
22.53586769104004
22.53489112854004
22.52732276916504
22.55784034729004
22.53708839416504
22.41916847229004
22.38108253479004
22.29148292541504
22.13694190979004
21.99656105041504
21.85032081604004
21.81247901916504
21.85886573791504
0.0
0.0
0.0
0.322000116109848
0.0
4.667703151702881
8.163553237915039
2.738992214202881
9.957010269165039
7.417214870452881
0.0
4.134988307952881
10.232400894165039
1.2131134271621704
12.182352066040039
3.760720729827881
7.033425807952881
18.50339698791504
3.336892604827881
18.13669776916504
14.005350112915039
3.400857448577881
0.0
18.82346534729004
15.580545425415039
13.502664566040039
6.225564479827881
9.864236831665039
14.197732925415039
1.1960235834121704
16.01047706604004
11.311258316040039
15.855691909790039
11.482400894165039
0.0
0.0
0.0
6.415505886077881
8.417459487915039
0.0
7.319070339202881
7.394509792327881
16.27854347229004
7.287820339202881
10.321023941040039
2.580300807952881
18.94773292541504
7.375466823577881
17.96531105041504
0.0
1.3525177240371704
13.189188003540039
4.806619167327881
19.14768409729004
11.496805191040039
0.0
6.436257839202881
20.17673683166504
11.350564956665039
3.674294948577881
9.535867691040039
8.425271987915039
13.458475112915039
1.0414825677871704
15.179178237915039
4.537576198577881
4.182595729827881
16.95798683166504
13.668924331665039
8.377420425415039
12.128396987915039
12.173563003540039
6.204324245452881
14.144998550415039
16.02659034729004
14.099100112915039
12.530984878540039
17.51389503479004
18.47507667541504
9.648904800415039
17.24265480041504
11.124002456665039
19.58469581604004
13.245096206665039
19.00950050354004
16.68284034729004
15.514139175415039
17.07908058166504
16.48630714416504
17.31638526916504
17.55881690979004
18.15110206604004
18.82029151916504
19.68406105041504
19.98679542541504
20.39573097229004
17.08469581604004
17.22849464416504
14.114236831665039
5.788796901702881
1.6010528802871704
3.198953151702881
0.0
0.0
0.0
0.0
0.0
16.09641456604004
11.902811050415039
14.984598159790039
9.669656753540039
2.782205104827881
0.0
0.0
0.0
0.0
1.5258575677871704
15.061014175415039
13.865213394165039
0.0
4.379128932952881
14.478494644165039
4.461160182952881
15.567361831665039
4.967019557952881
17.37229347229004
6.528054714202881
0.0
4.151589870452881
14.855936050415039
0.0
0.5561310052871704
0.0
12.669168472290039
7.496804714202881
1.3337188959121704
3.893533229827881
15.823953628540039
6.489968776702881
0.0
4.961648464202881
0.0
7.565896511077881
0.0
0.0
8.376199722290039
8.108377456665039
0.0
13.714090347290039
4.301736354827881
8.976785659790039
0.0
9.554910659790039
0.0
0.0
0.0
0.0
0.0
11.215066909790039
0.0
0.0
0.0
0.0
12.875467300415039
0.0
11.507547378540039
0.0
0.0
1.2673126459121704
7.832253932952881
6.107644557952881
8.121805191040039
10.136453628540039
8.828836441040039
11.021707534790039
9.508279800415039
14.569559097290039
16.10202980041504
16.09079933166504
17.19626808166504
17.13498878479004
18.96994972229004
17.37034034729004
12.927957534790039
15.366434097290039
18.15842628479004
15.754617691040039
18.28049659729004
19.29734230041504
15.530008316040039
10.350809097290039
16.58152198791504
18.95408058166504
19.96872901916504
19.95993995666504
20.79953956604004
20.03171730041504
20.37034034729004
20.39866065979004
20.63108253479004
20.54905128479004
20.39377784729004
20.55198097229004
20.49045753479004
16.39890480041504
13.953348159790039
18.36350440979004
17.30002784729004
19.59275245666504
18.76487159729004
12.698221206665039
20.07566261291504
20.18210792541504
20.59690284729004
20.40134620666504
20.33909034729004
20.54294776916504
16.70725440979004
16.36545753479004
18.23410987854004
15.046365737915039
20.26975440979004
17.61008644104004
17.66672706604004
19.45163917541504
18.04563331604004
19.24216651916504
18.82663917541504
16.02659034729004
18.74827003479004
19.17014503479004
17.35129737854004
20.70945167541504
19.49265480041504
19.78977394104004
18.56125831604004
19.72556495666504
19.95847511291504
19.43674659729004
20.61911964416504
19.98264503479004
19.74802589416504
20.70041847229004
20.06614112854004
20.19504737854004
20.50364112854004
20.62619972229004
20.19822120666504
20.31223487854004
20.61130714416504
20.28269386291504
20.19968605041504
20.51487159729004
20.47532081604004
20.34812355041504
17.91037940979004
17.95530128479004
19.12058448791504
19.27097511291504
19.57590675354004
19.71653175354004
19.85325050354004
19.85325050354004
19.92624855041504
19.94382667541504
20.05832862854004
20.17136573791504
20.14206886291504
20.22019386291504
20.20408058166504
20.29856300354004
20.46262550354004
20.45188331604004
20.47141456604004
20.52805519104004
20.63157081604004
10.134988784790039
7.328103542327881
2.033425807952881
16.20212745666504
19.22190284729004
14.788309097290039
16.71506690979004
20.14328956604004
20.62082862854004
7.761209011077881
17.92234230041504
18.10129737854004
17.38450050354004
20.32590675354004
20.75144386291504
14.270486831665039
19.41965675354004
15.198709487915039
16.59714698791504
16.25217628479004
10.474588394165039
19.85178565979004
18.60618019104004
19.28391456604004
19.73899269104004
12.873025894165039
20.04197120666504
18.01023292541504
19.73410987854004
18.89377784729004
20.21482276916504
19.75998878479004
20.21726417541504
20.29441261291504
20.39035987854004
20.52317237854004
20.68821144104004
20.95017433166504
20.66990089416504
18.05442237854004
17.45505714416504
19.83933448791504
16.97336769104004
18.50950050354004
20.67649269104004
17.49436378479004
20.82688331604004
20.58103370666504
18.60984230041504
20.63035011291504
21.01145362854004
20.30173683166504
20.96726417541504
20.89353370666504
20.61472511291504
21.35715675354004
21.36130714416504
21.52414894104004
21.45285987854004
21.51706886291504
21.31882667541504
21.96579933166504
21.97043800354004
21.29123878479004
18.06565284729004
20.72287940979004
16.84446144104004
20.08103370666504
18.00168800354004
18.97507667541504
20.74656105041504
21.24216651916504
21.30661964416504
20.94236183166504
21.46775245666504
21.57444190979004
21.78952980041504
21.79587745666504
19.36106300354004
20.55368995666504
20.44870948791504
20.73923683166504
21.53293800354004
21.62180519104004
21.63059425354004
20.51316261291504
19.66452980041504
17.65720558166504
21.37351417541504
21.22532081604004
21.50364112854004
21.40525245666504
21.33518409729004
20.61008644104004
18.69333839416504
19.34006690979004
20.99118995666504
21.79221534729004
21.42942237854004
20.46116065979004
20.51389503479004
21.35300636291504
21.40525245666504
20.74534034729004
21.45212745666504
20.97068214416504
20.17136573791504
21.58078956604004
21.38865089416504
21.04929542541504
21.07517433166504
21.71848487854004
21.16672706604004
21.19700050354004
21.30954933166504
21.53025245666504
21.80808448791504
21.69162940979004
21.61277198791504
21.46482276916504
21.46677589416504
21.06321144104004
21.23313331604004
21.40329933166504
21.59739112854004
21.57785987854004
21.64304542541504
21.84665870666504
21.95725440979004
22.05539894104004
18.28025245666504
18.18210792541504
18.32541847229004
17.68454933166504
18.41379737854004
18.57419776916504
17.33078956604004
17.49973487854004
17.45432472229004
16.79123878479004
14.700906753540039
17.83664894104004
18.72190284729004
17.00193214416504
14.940408706665039
17.66843605041504
17.22702980041504
18.48703956604004
17.09617042541504
16.46238136291504
17.37082862854004
16.94089698791504
17.25315284729004
18.55466651916504
17.68186378479004
18.49656105041504
18.50559425354004
17.64548683166504
18.57468605041504
17.56516456604004
15.779520034790039
18.37497901916504
18.40061378479004
17.21360206604004
15.978738784790039
15.544168472290039
18.39670753479004
16.09324073791504
18.75290870666504
16.05954933166504
17.74973487854004
19.99216651916504
16.96384620666504
16.74851417541504
16.98533058166504
18.69333839416504
17.19993019104004
16.59641456604004
18.39255714416504
19.38620948791504
17.21653175354004
18.80832862854004
16.35300636291504
18.17405128479004
16.34470558166504
17.07712745666504
17.58567237854004
17.69504737854004
16.84714698791504
18.14914894104004
17.87693214416504
17.14548683166504
18.90671730041504
17.34153175354004
18.35349464416504
18.14133644104004
17.90354347229004
17.66526222229004
17.97263526916504
18.22092628479004
18.84348487854004
19.55857276916504
19.58884620666504
20.22580909729004
15.572000503540039
4.432107448577881
13.484109878540039
15.375711441040039
16.94138526916504
17.59104347229004
18.64768409729004
18.33103370666504
17.71335792541504
18.72580909729004
17.85520362854004
19.22141456604004
19.26560401916504
18.56516456604004
18.09763526916504
18.48703956604004
19.16404151916504
19.32785987854004
19.29441261291504
17.68894386291504
19.42478370666504
17.80954933166504
18.04660987854004
18.35227394104004
19.73923683166504
19.72922706604004
19.63694190979004
19.51877784729004
17.86863136291504
17.79807472229004
19.05076026916504
17.88181495666504
19.37961769104004
18.06980323791504
18.23288917541504
19.26487159729004
18.21824073791504
20.14890480041504
18.20676612854004
19.30222511291504
18.99509620666504
20.22141456604004
19.85813331604004
20.52488136291504
20.41916847229004
19.46213722229004
20.47483253479004
19.79831886291504
20.92331886291504
19.72483253479004
21.15036964416504
18.69846534729004
19.39475440979004
21.02878761291504
18.66868019104004
18.68015480041504
19.35886573791504
20.58640480041504
21.25705909729004
21.37278175354004
21.38230323791504
19.23630714416504
19.71946144104004
21.09006690979004
21.23557472229004
21.43161964416504
21.42283058166504
18.56296730041504
20.95163917541504
21.60373878479004
21.08347511291504
19.55002784729004
19.05222511291504
20.96360206604004
21.50412940979004
21.49875831604004
21.20041847229004
21.61936378479004
19.47141456604004
21.12790870666504
20.84617042541504
21.39939308166504
21.22483253479004
20.85862159729004
19.98215675354004
18.61765480041504
21.63669776916504
19.11448097229004
20.00388526916504
20.15769386291504
21.71360206604004
21.51535987854004
20.89988136291504
21.77121925354004
20.22629737854004
21.75437355041504
20.18381690979004
20.28611183166504
21.89402198791504
20.19407081604004
20.27829933166504
21.71116065979004
20.64670753479004
21.95798683166504
20.24680519104004
22.04905128479004
21.22458839416504
22.04514503479004
19.52463722229004
21.73850440979004
21.38108253479004
19.66526222229004
19.74949073791504
21.74192237854004
22.45652198791504
22.08420753479004
22.40012550354004
21.20041847229004
22.09494972229004
22.29514503479004
19.64255714416504
20.86350440979004
19.53025245666504
22.34763526916504
22.10495948791504
21.83103370666504
20.27317237854004
19.93332862854004
19.57859230041504
22.35959815979004
19.83933448791504
21.23093605041504
21.81418800354004
19.63474464416504
21.84714698791504
20.87497901916504
21.64963722229004
22.29612159729004
21.12888526916504
21.05198097229004
21.35422706604004
22.32346534729004
20.80613136291504
22.00437355041504
20.94358253479004
21.97556495666504
21.25388526916504
21.11350440979004
22.24851417541504
20.81907081604004
20.92746925354004
20.95823097229004
22.13035011291504
22.27952003479004
8.135721206665039
18.75998878479004
18.42136573791504
18.82224464416504
19.26731300354004
19.26340675354004
19.46335792541504
19.37082862854004
19.50852394104004
17.96848487854004
19.68528175354004
19.82981300354004
19.74485206604004
17.92771339416504
17.97556495666504
18.11716651916504
18.93235206604004
19.60984230041504
20.05173683166504
18.30613136291504
20.55613136291504
20.11667823791504
19.81174659729004
18.71457862854004
20.55198097229004
21.18332862854004
20.04807472229004
21.67209815979004
18.98191261291504
19.96067237854004
21.51389503479004
19.51535987854004
21.28415870666504
21.38181495666504
21.57712745666504
20.89377784729004
21.95139503479004
20.18552589416504
21.92844581604004
21.90915870666504
22.32541847229004
20.20676612854004
19.89255714416504
22.44455909729004
22.60276222229004
20.05784034729004
21.88913917541504
22.34861183166504
22.33591651916504
21.04368019104004
20.96531105041504
9.515848159790039
18.85740089416504
19.35007667541504
18.39719581604004
19.41477394104004
18.03220558166504
19.78928565979004
18.08713722229004
19.89817237854004
19.87619972229004
18.13840675354004
18.87156105041504
19.59714698791504
20.26340675354004
20.22922706604004
19.80686378479004
21.24900245666504
18.76609230041504
21.06785011291504
21.68992042541504
21.77829933166504
20.35813331604004
20.23948097229004
20.42795753479004
21.98191261291504
19.83371925354004
22.67722511291504
22.36252784729004
21.71213722229004
22.31614112854004
14.104715347290039
19.11545753479004
18.54221534729004
19.30491065979004
19.83909034729004
19.96653175354004
18.34861183166504
19.83567237854004
20.29758644104004
19.12571144104004
20.81638526916504
20.25461769104004
21.37375831604004
21.07151222229004
20.22385597229004
21.70798683166504
20.90012550354004
22.00510597229004
20.26877784729004
20.51267433166504
19.95847511291504
20.93943214416504
22.41501808166504
21.09617042541504
22.50217628479004
19.32737159729004
18.36570167541504
19.95823097229004
19.22971534729004
19.81711769104004
19.33347511291504
20.39817237854004
21.24167823791504
20.20285987854004
18.61692237854004
21.90207862854004
20.47043800354004
21.43454933166504
13.679422378540039
19.33127784729004
19.39719581604004
19.56931495666504
20.02634620666504
18.12790870666504
19.58811378479004
18.56003761291504
20.91575050354004
20.53830909729004
18.47410011291504
21.21067237854004
20.21848487854004
21.44138526916504
21.88303565979004
19.46677589416504
19.60276222229004
20.99778175354004
21.01633644104004
21.35056495666504
21.46091651916504
19.35740089416504
19.77366065979004
18.72971534729004
21.10325050354004
21.76633644104004
21.47263526916504
20.35178565979004
20.64866065979004
20.95749855041504
22.02878761291504
22.30979347229004
15.377908706665039
20.39353370666504
21.89719581604004
20.70188331604004
21.46457862854004
22.06467628479004
19.75388526916504
21.02683448791504
18.73264503479004
21.24997901916504
21.39621925354004
22.24558448791504
22.31638526916504
22.35886573791504
16.78757667541504
21.89206886291504
21.62082862854004
22.49143409729004
17.53635597229004
18.37668800354004
20.29050636291504
17.52878761291504
18.30881690979004
18.58640480041504
21.38547706604004
18.33298683166504
18.54953956604004
22.46872901916504
18.56443214416504
21.13157081604004
21.37424659729004
21.29660987854004
18.64451026916504
21.21824073791504
21.12058448791504
20.60227394104004
21.95456886291504
20.86667823791504
18.82273292541504
21.36472511291504
18.47922706604004
22.01877784729004
21.59543800354004
18.48215675354004
22.15134620666504
18.74582862854004
19.37156105041504
20.58909034729004
22.02707862854004
20.27536964416504
22.24216651916504
21.69040870666504
19.04856300354004
