9.876351576561311e-42
4.330003261566162
7.976243495941162
2.155808925628662
6.014573574066162
1.7469955682754517
9.68071174621582
10.09611701965332
8.03154182434082
20.03837776184082
8.63127326965332
18.71440315246582
19.31486701965332
22.00358772277832
21.31071662902832
15.96928596496582
22.97807502746582
20.16264533996582
22.78068733215332
16.97050666809082
22.77031135559082
23.08012580871582
13.23637580871582
15.10649299621582
15.33122444152832
22.94084358215332
23.05119514465332
18.52006721496582
19.29765510559082
23.08464241027832
22.31523323059082
22.99162483215332
18.63371467590332
22.17216682434082
20.17668342590332
21.39946174621582
21.38017463684082
21.60698127746582
23.15092658996582
21.14238166809082
21.71318244934082
21.46977424621582
6.416062831878662
14.30607795715332
1.9513412714004517
7.385545253753662
11.68266487121582
17.27873420715332
21.71220588684082
11.73796272277832
20.61870002746582
22.56022834777832
19.29472541809082
23.10038948059082
11.87309455871582
22.86662483215332
17.02470588684082
22.52592658996582
23.09965705871582
21.65629768371582
10.14457893371582
17.95012092590332
6.982591152191162
14.91581916809082
10.52250862121582
22.36284065246582
22.93400764465332
20.56389045715332
13.47941780090332
22.15849494934082
22.10600471496582
21.53288459777832
8.50224494934082
16.18412971496582
8.33159065246582
13.52397346496582
22.46171760559082
23.06254768371582
11.85234260559082
22.27629280090332
20.05375862121582
21.68620491027832
15.32927131652832
18.46867561340332
16.54692268371582
22.73259162902832
22.88664436340332
23.04521369934082
22.09379768371582
20.49772834777832
17.92180061340332
11.78715705871582
23.00078010559082
22.43766975402832
21.79277229309082
19.67741584777832
22.86271858215332
23.05974006652832
21.06486701965332
14.48600959777832
13.80839729309082
22.93547248840332
21.88383674621582
21.77958869934082
13.38981819152832
19.27202033996582
15.38945198059082
23.09086799621582
20.32170295715332
21.98527717590332
16.42765998840332
20.92668342590332
17.40092658996582
22.05876350402832
21.12004280090332
18.83268928527832
20.98369026184082
13.47795295715332
21.52482795715332
16.68498420715332
22.56401252746582
19.94938850402832
22.24015998840332
21.64067268371582
22.13542366027832
22.46916389465332
22.32841682434082
22.40324592590332
23.06132698059082
22.13127326965332
22.39421272277832
15.10453987121582
22.60490608215332
22.66923713684082
22.71965217590332
22.94011116027832
17.93095588684082
21.15129280090332
21.73845100402832
21.03056526184082
22.53569221496582
21.74992561340332
21.15703010559082
21.62248420715332
22.08806037902832
22.65300178527832
22.71550178527832
22.70451545715332
22.98320198059082
22.69328498840332
22.68461799621582
23.00615119934082
23.00346565246582
22.99333381652832
22.87675666809082
23.02067756652832
23.03508186340332
22.96354866027832
23.00749397277832
23.08683967590332
23.12504768371582
23.14885139465332
5.610276699066162
6.074998378753662
6.367478847503662
7.466722011566162
6.803269863128662
8.84208869934082
11.12187385559082
8.55974006652832
12.33940315246582
10.71965217590332
6.012132167816162
7.997361660003662
11.45329475402832
7.074510097503662
12.89531135559082
8.26860237121582
10.10734748840332
19.10197639465332
7.591722011566162
18.83903694152832
15.04557991027832
8.12040901184082
5.125413417816162
19.46733283996582
16.33574104309082
14.45671272277832
9.18925666809082
11.82292366027832
15.11796760559082
5.808030605316162
16.72209358215332
12.45134162902832
16.18278694152832
12.04545783996582
6.125535488128662
6.682420253753662
5.974656581878662
9.98198127746582
10.96684455871582
5.789597988128662
9.34343147277832
9.75016975402832
16.56474494934082
10.07548713684082
12.26811408996582
7.060716152191162
19.87358283996582
10.44963264465332
18.59587287902832
6.881394863128662
7.372361660003662
13.68474006652832
8.58403205871582
19.97783088684082
13.71232795715332
6.772874355316162
9.59514045715332
21.13774299621582
12.77910041809082
9.10087776184082
11.59855842590332
9.78483772277832
14.67790412902832
7.783616542816162
15.48564338684082
9.13737678527832
8.54863166809082
17.35344123840332
14.11418342590332
11.20866584777832
13.08036994934082
13.26848030090332
9.66435432434082
14.70976448059082
15.77690315246582
14.82109260559082
13.90495491027832
17.24785041809082
18.59477424621582
10.79142951965332
17.65837287902832
12.34099006652832
20.25126838684082
14.07536506652832
19.60795783996582
17.12211799621582
15.99089241027832
17.60331916809082
16.92155647277832
17.85307502746582
17.97416877746582
18.69023323059082
19.55180549621582
20.51054573059082
20.78215217590332
21.24882698059082
19.13017463684082
19.21000862121582
17.06804084777832
12.47062873840332
11.08378791809082
11.77348518371582
10.57426643371582
8.97465705871582
4.615647792816162
4.981614589691162
7.331101894378662
17.57914924621582
14.42912483215332
16.29033088684082
13.10002326965332
11.14018440246582
4.811204433441162
6.083543300628662
7.129563808441162
5.529832363128662
9.85563850402832
15.37016487121582
14.36992073059082
5.798875331878662
10.43107795715332
15.03874397277832
9.88493537902832
18.24015998840332
12.04704475402832
19.31108283996582
12.97307014465332
10.12065315246582
11.79435920715332
16.42851448059082
5.037400722503662
10.97197151184082
6.444749355316162
13.36992073059082
11.53422737121582
9.38823127746582
11.86393928527832
18.22453498840332
12.63554573059082
5.166795253753662
10.66765022277832
7.555955410003662
13.70939826965332
5.626878261566162
6.815476894378662
13.84062385559082
11.50908088684082
6.629441738128662
17.19340705871582
11.66777229309082
14.04142951965332
6.442185878753662
12.57328987121582
7.460130214691162
5.748704433441162
7.359788417816162
9.03605842590332
8.79289436340332
13.26933479309082
9.26994514465332
8.30912971496582
10.19511604309082
9.31120491027832
13.96562385559082
9.75663948059082
13.80156135559082
10.45732307434082
9.93535041809082
10.60588264465332
12.39848518371582
12.22624397277832
12.93498420715332
13.64348030090332
13.47697639465332
14.37932014465332
14.26494026184082
16.89970588684082
18.20060920715332
17.75810432434082
18.94243049621582
18.75224494934082
20.76408576965332
18.81425666809082
14.61393928527832
16.49467658996582
19.60331916809082
16.70732307434082
19.44462776184082
20.68107795715332
16.07524299621582
12.65886116027832
17.11174201965332
20.21794319152832
21.54789924621582
21.57414436340332
22.73539924621582
21.77690315246582
22.56291389465332
22.38359260559082
22.92228889465332
23.26945686340332
22.57487678527832
23.10844612121582
23.54277229309082
17.70744514465332
14.80620002746582
19.63359260559082
18.13737678527832
20.98271369934082
19.86381721496582
14.18876838684082
21.88640022277832
21.88798713684082
22.55290412902832
22.77958869934082
22.63908576965332
23.34721565246582
17.84318733215332
17.10014533996582
19.17448616027832
16.28972053527832
22.18144416809082
18.88286018371582
18.62053108215332
20.77226448059082
19.07805061340332
21.08769416809082
20.16813850402832
16.48295783996582
19.92509651184082
20.58940315246582
18.05937385559082
22.58329963684082
20.97075080871582
21.32243537902832
19.69682502746582
21.15434455871582
21.50053596496582
20.81010627746582
22.43107795715332
21.63542366027832
21.21586799621582
22.76030158996582
21.94816780090332
22.22038459777832
22.52665901184082
22.67558479309082
22.28691291809082
22.30754280090332
22.61430549621582
22.43217658996582
22.31303596496582
22.65300178527832
23.02446174621582
22.71891975402832
19.69108772277832
19.57805061340332
20.78398323059082
20.80583381652832
21.21330451965332
21.39128303527832
21.56157112121582
21.63261604309082
21.70146369934082
21.67460823059082
21.80095100402832
22.03227424621582
22.14872932434082
22.34990119934082
22.35795783996582
22.69304084777832
23.25822639465332
23.32121467590332
23.43205451965332
23.37065315246582
23.15910530090332
12.71562385559082
11.23674201965332
8.25114631652832
17.90312385559082
21.48076057434082
16.27519416809082
17.06852912902832
22.48185920715332
23.23100471496582
11.25737190246582
19.64250373840332
20.11418342590332
18.25493049621582
22.49308967590332
22.97795295715332
15.65532112121582
21.78959846496582
16.18010139465332
17.76921272277832
17.65068244934082
12.92277717590332
22.41313362121582
20.70903205871582
21.41740608215332
22.11711311340332
14.64763069152832
22.55681037902832
19.56950569152832
21.97026252746582
20.92228889465332
22.83500862121582
22.24833869934082
22.92399787902832
22.95939826965332
22.86479377746582
22.83268928527832
22.85661506652832
23.07573127746582
22.94987678527832
19.44133186340332
18.55766487121582
22.05192756652832
17.63725471496582
19.99345588684082
23.23088264465332
18.40312385559082
23.05204963684082
22.58134651184082
19.62394905090332
21.71025276184082
22.47709846496582
21.34843635559082
23.02763557434082
21.90873908996582
21.54911994934082
22.39042854309082
22.45366096496582
22.60673713684082
22.94572639465332
22.48307991027832
23.33464241027832
23.06181526184082
23.11308479309082
23.11711311340332
19.57817268371582
23.04338264465332
17.53727912902832
22.09489631652832
19.19816780090332
20.14067268371582
21.88273811340332
22.26103401184082
23.03178596496582
21.88871955871582
22.65056037902832
22.84733772277832
23.05558967590332
23.11186408996582
21.39152717590332
23.30388069152832
22.23478889465332
23.06462287902832
23.02592658996582
23.11064338684082
23.14763069152832
23.39409065246582
21.51713752746582
18.50932502746582
22.86564826965332
22.17143440246582
23.08720588684082
23.04936408996582
23.07817268371582
23.30278205871582
19.70024299621582
20.65727424621582
22.92607307434082
22.70488166809082
23.01603889465332
21.52385139465332
21.53788948059082
22.32731819152832
23.05949592590332
23.02116584777832
23.11113166809082
23.10710334777832
21.77812385559082
22.56279182434082
23.08281135559082
22.73185920715332
23.30327033996582
23.27665901184082
23.13774299621582
23.31901741027832
23.12431526184082
22.94536018371582
22.79838752746582
22.82292366027832
23.04948616027832
23.03569221496582
23.00322151184082
23.22685432434082
23.18950080871582
23.15190315246582
22.92143440246582
22.98466682434082
23.13517951965332
23.17900276184082
23.35673713684082
23.57597541809082
23.09013557434082
22.88932991027832
22.96867561340332
23.31865119934082
23.29008674621582
23.09941291809082
22.93351936340332
23.04301643371582
23.02726936340332
22.54545783996582
20.68022346496582
23.37285041809082
23.25700569152832
22.77226448059082
20.97514533996582
23.15239143371582
22.85588264465332
23.16459846496582
22.68718147277832
22.18889045715332
22.95097541809082
22.43730354309082
22.82060432434082
23.30095100402832
23.19853401184082
23.29973030090332
23.35038948059082
23.21476936340332
23.44792366027832
23.20402717590332
21.38456916809082
23.23417854309082
23.11406135559082
23.15178108215332
21.24748420715332
21.06804084777832
22.95573616027832
21.64067268371582
22.76555061340332
21.70512580871582
22.64457893371582
22.78557014465332
22.30717658996582
22.25468635559082
21.98552131652832
22.44291877746582
22.26152229309082
22.19963264465332
22.79728889465332
22.85234260559082
22.15556526184082
22.58232307434082
21.68510627746582
23.04448127746582
21.91996955871582
22.39225959777832
22.45341682434082
22.10026741027832
22.43181037902832
22.56144905090332
22.27934455871582
22.77202033996582
22.73515510559082
23.17814826965332
23.40739631652832
23.31547737121582
23.06572151184082
22.81596565246582
22.85466194152832
22.73430061340332
22.80656623840332
22.87480354309082
22.86210823059082
22.95073127746582
18.35258674621582
12.42497444152832
17.18876838684082
18.23027229309082
19.11515998840332
19.55131721496582
20.94560432434082
20.29277229309082
19.68290901184082
21.00639533996582
19.85087776184082
22.09807014465332
22.75016975402832
23.13078498840332
22.96147346496582
23.07548713684082
21.12443733215332
22.20268440246582
21.17570686340332
23.29008674621582
21.22734260559082
23.30290412902832
23.19902229309082
23.14213752746582
23.06730842590332
22.02702522277832
21.41594123840332
23.13224983215332
23.34465217590332
23.42106819152832
23.06559944152832
23.43522834777832
22.93364143371582
23.16923713684082
22.81633186340332
22.46879768371582
22.74406623840332
22.42741584777832
22.67546272277832
22.28642463684082
22.16874885559082
22.42057991027832
22.47514533996582
22.13273811340332
22.56718635559082
22.45451545715332
22.30082893371582
22.57670783996582
22.81913948059082
22.73076057434082
22.55131721496582
23.25859260559082
22.75187873840332
22.80034065246582
23.14311408996582
23.26603889465332
22.92253303527832
22.92460823059082
22.66533088684082
22.58378791809082
22.81755256652832
23.13517951965332
23.07670783996582
22.86454963684082
22.85515022277832
22.72111701965332
22.69365119934082
23.38847541809082
22.68742561340332
22.51237678527832
22.89702033996582
22.98588752746582
23.12870979309082
22.94841194152832
22.61381721496582
22.69072151184082
22.88224983215332
22.45073127746582
22.84221076965332
22.68412971496582
22.52202033996582
22.65910530090332
23.13981819152832
22.77238655090332
22.76310920715332
22.89372444152832
22.83000373840332
22.85551643371582
22.84733772277832
22.87248420715332
22.79301643371582
23.21147346496582
23.34050178527832
23.22014045715332
22.81035041809082
23.07829475402832
22.84501838684082
23.22404670715332
23.29606819152832
22.89885139465332
22.81547737121582
22.97453498840332
23.36821174621582
23.35380744934082
23.28312873840332
23.41728401184082
23.25163459777832
23.39897346496582
22.78654670715332
23.18474006652832
23.15410041809082
23.19560432434082
23.12724494934082
23.57573127746582
22.88713264465332
23.42143440246582
23.25248908996582
23.18901252746582
23.35734748840332
23.30937385559082
22.90532112121582
23.03312873840332
22.99321174621582
23.28178596496582
23.29326057434082
23.53862190246582
22.90568733215332
22.73088264465332
22.69780158996582
23.10344123840332
22.74650764465332
22.95280647277832
23.46794319152832
22.74931526184082
22.61442756652832
23.02324104309082
22.92790412902832
23.23918342590332
23.03984260559082
22.43583869934082
22.20524787902832
23.17009162902832
22.32829475402832
23.12150764465332
22.08903694152832
23.06706428527832
22.71110725402832
22.66948127746582
23.18254280090332
22.21550178527832
22.38542366027832
22.54777717590332
23.13481330871582
23.02092170715332
14.13371467590332
21.30265998840332
20.43522834777832
20.73954963684082
22.41069221496582
23.08964729309082
22.69279670715332
21.47868537902832
21.56254768371582
23.10673713684082
21.70683479309082
22.75236701965332
21.52238655090332
23.39714241027832
23.36699104309082
22.97514533996582
22.43400764465332
22.40422248840332
22.63810920715332
22.76725959777832
22.25956916809082
22.83329963684082
22.82170295715332
23.33561897277832
22.95952033996582
22.81193733215332
22.84306526184082
22.40629768371582
23.00578498840332
22.67875862121582
22.62700080871582
22.84684944152832
22.69108772277832
23.28495979309082
23.29081916809082
23.44340705871582
23.21525764465332
23.47734260559082
23.17460823059082
23.09269905090332
22.96122932434082
22.94365119934082
22.82072639465332
23.22392463684082
22.98027229309082
22.94377326965332
22.42668342590332
23.25834846496582
23.21415901184082
22.81169319152832
22.70146369934082
14.68852424621582
21.34367561340332
22.51799201965332
23.04094123840332
21.75212287902832
23.03434944152832
21.80351448059082
23.24968147277832
21.90764045715332
22.71867561340332
23.24846076965332
22.70903205871582
22.50358772277832
22.14470100402832
22.89140510559082
22.93779182434082
22.43962287902832
23.48002815246582
22.99479866027832
22.54667854309082
23.19377326965332
22.90336799621582
22.85991096496582
23.23600959777832
23.59086799621582
23.05888557434082
22.88945198059082
23.17558479309082
23.03349494934082
23.02971076965332
17.58903694152832
21.52507209777832
20.61259651184082
23.24846076965332
22.13469123840332
21.97819709777832
23.14921760559082
22.53874397277832
21.94621467590332
22.33232307434082
22.75041389465332
22.95329475402832
22.64409065246582
23.14897346496582
22.72245979309082
22.68705940246582
23.30864143371582
23.32414436340332
23.19474983215332
22.80803108215332
22.87846565246582
22.85307502746582
23.19767951965332
22.32158088684082
22.92473030090332
22.88310432434082
23.18693733215332
22.25078010559082
22.65922737121582
22.60746955871582
22.62834358215332
22.86137580871582
22.60307502746582
23.01848030090332
23.46013069152832
23.22941780090332
22.97685432434082
22.43034553527832
17.38652229309082
23.28154182434082
22.98723030090332
21.86882209777832
22.33781623840332
23.30143928527832
22.60930061340332
22.94218635559082
22.51811408996582
22.89164924621582
23.32585334777832
23.22941780090332
22.89897346496582
22.80754280090332
23.07145881652832
23.09062385559082
22.54777717590332
22.39543342590332
22.75517463684082
23.30974006652832
23.30156135559082
23.31450080871582
22.75346565246582
23.02263069152832
22.79448127746582
23.13603401184082
23.39116096496582
22.91203498840332
23.00114631652832
22.91423225402832
23.10478401184082
23.15336799621582
18.28642463684082
22.74662971496582
23.15605354309082
23.02678108215332
22.61577033996582
23.16069221496582
23.00920295715332
22.60258674621582
23.18156623840332
22.85161018371582
22.98625373840332
22.89714241027832
23.20695686340332
23.10527229309082
18.99907112121582
23.08281135559082
23.35856819152832
23.00615119934082
19.43290901184082
23.22453498840332
22.57206916809082
19.52983283996582
23.00749397277832
23.41069221496582
22.86247444152832
20.25663948059082
20.56877326965332
23.02812385559082
20.61345100402832
22.78361701965332
22.76982307434082
22.74162483215332
20.71452522277832
22.77861213684082
22.78569221496582
22.71269416809082
23.28459358215332
22.80156135559082
21.08439826965332
22.76262092590332
23.26249885559082
23.04277229309082
22.50566291809082
23.02177619934082
23.01701545715332
20.83427619934082
23.31059455871582
22.86088752746582
23.37053108215332
23.14824104309082
23.33696174621582
22.32841682434082
22.93071174621582
