9.876351576561311e-42
3.668382167816162
8.40593147277832
1.5135971307754517
6.418382167816162
2.681321620941162
9.90739631652832
8.81511116027832
6.956468105316162
21.40324592590332
8.23893928527832
19.72551155090332
20.52824592590332
22.31486701965332
22.40129280090332
16.16911506652832
21.80461311340332
20.85588264465332
22.29704475402832
17.50969123840332
23.27360725402832
21.80436897277832
13.67741584777832
15.59294319152832
15.57927131652832
22.01725959777832
21.94108772277832
18.78630256652832
19.22111701965332
22.71232795715332
22.61271858215332
22.31730842590332
18.88859748840332
22.41740608215332
20.65886116027832
21.78190803527832
22.48698616027832
22.51213264465332
22.86491584777832
22.13932991027832
22.27971076965332
21.95695686340332
6.408616542816162
15.38054084777832
2.097337245941162
7.855393886566162
11.87687873840332
18.67839241027832
22.29191780090332
11.58854866027832
21.54802131652832
22.58732795715332
19.92106819152832
21.90226936340332
11.08708381652832
23.27580451965332
17.11564826965332
22.67131233215332
22.84245491027832
21.98942756652832
10.97648811340332
18.92814826965332
5.207688808441162
15.94792366027832
9.20622444152832
22.81584358215332
22.09929084777832
21.23088264465332
12.97551155090332
22.78972053527832
22.12516975402832
21.69841194152832
9.14909553527832
17.78141975402832
7.557786464691162
13.82170295715332
22.70182991027832
21.83220100402832
10.35832405090332
22.86906623840332
20.83708381652832
21.74699592590332
16.93547248840332
20.09831428527832
17.86442756652832
22.58903694152832
21.84758186340332
21.94670295715332
22.81877326965332
21.28703498840332
19.59953498840332
11.27409553527832
22.00651741027832
23.07878303527832
21.72307014465332
21.09538459777832
21.95915412902832
22.42692756652832
21.55876350402832
15.81999397277832
13.11442756652832
22.14933967590332
21.67595100402832
21.96159553527832
14.41960334777832
20.47087287902832
15.31242561340332
22.55876350402832
19.85685920715332
21.77287483215332
17.51506233215332
21.92839241027832
17.79802131652832
21.76286506652832
22.26530647277832
19.42668342590332
20.82512092590332
13.73307991027832
21.90373420715332
17.51262092590332
23.19426155090332
20.50212287902832
22.13688850402832
22.29997444152832
22.11760139465332
23.01555061340332
22.56633186340332
22.90764045715332
22.75309944152832
22.46183967590332
22.94841194152832
15.66716194152832
22.99919319152832
23.01017951965332
23.01628303527832
23.24650764465332
19.19645881652832
22.01994514465332
22.80925178527832
21.79094123840332
23.27018928527832
22.55876350402832
21.89445686340332
22.41911506652832
22.94401741027832
23.27214241027832
23.23527717590332
23.13127326965332
23.19474983215332
23.05143928527832
22.88127326965332
22.94694709777832
22.47673225402832
21.97868537902832
22.20573616027832
22.50261116027832
22.63981819152832
22.81974983215332
22.90788459777832
22.92741584777832
22.84904670715332
22.84001350402832
0.3898178040981293
2.697190761566162
3.798509120941162
6.576585292816162
4.369798183441162
9.55436897277832
12.20549201965332
8.81389045715332
13.25602912902832
11.08146858215332
4.661790370941162
8.52067756652832
13.16472053527832
6.543382167816162
14.60466194152832
8.22624397277832
10.85881233215332
19.48161506652832
7.298997402191162
19.10051155090332
16.40837287902832
7.709886074066162
4.305833339691162
19.63273811340332
17.08000373840332
15.53117561340332
9.70231819152832
12.61662483215332
15.87614631652832
5.835618495941162
16.92961311340332
13.46574592590332
16.71745491027832
13.21818733215332
2.624192714691162
4.799485683441162
3.367600917816162
10.88005256652832
12.09343147277832
4.051682949066162
10.88054084777832
10.89274787902832
17.83561897277832
10.79216194152832
13.29997444152832
6.457200527191162
19.90349006652832
10.92863655090332
19.60856819152832
4.798997402191162
7.252122402191162
15.27531623840332
8.65764045715332
20.20646858215332
14.41887092590332
6.009202480316162
10.05314826965332
20.92326545715332
14.14763069152832
8.74162483215332
12.80827522277832
11.05485725402832
15.60222053527832
7.903001308441162
16.97599983215332
9.16911506652832
9.38273811340332
18.28288459777832
14.96745491027832
11.78459358215332
14.60099983215332
14.37077522277832
10.65934944152832
15.72575569152832
16.46965217590332
15.69963264465332
15.14885139465332
17.55827522277832
18.46891975402832
12.51017951965332
17.69938850402832
13.40886116027832
19.63249397277832
15.21208381652832
19.12443733215332
17.64836311340332
17.17961311340332
18.60734748840332
17.85392951965332
18.41276741027832
18.69377326965332
19.31730842590332
20.10807991027832
20.45451545715332
20.29582405090332
20.57267951965332
15.26921272277832
15.55607795715332
14.15568733215332
11.58830451965332
10.00480842590332
10.86369514465332
9.73234748840332
6.653489589691162
0.0
0.0
2.335374355316162
15.49089241027832
13.14958381652832
14.60051155090332
12.50041389465332
10.19328498840332
0.0
0.0
1.2916733026504517
0.0
8.30485725402832
15.23234748840332
14.74675178527832
0.8627182245254517
10.13957405090332
15.66569709777832
10.38762092590332
14.62956428527832
11.26213264465332
15.86247444152832
11.99528694152832
8.54850959777832
11.11467170715332
14.49577522277832
0.0
9.03215217590332
0.4943099915981293
14.26140022277832
12.11052131652832
8.02458381652832
11.18303108215332
14.89323616027832
11.72624397277832
0.0
10.55168342590332
6.186448574066162
12.28215217590332
0.0
4.441819667816162
12.36711311340332
12.46159553527832
2.288743495941162
13.92961311340332
11.01481819152832
12.58513069152832
0.0
12.42961311340332
3.714524745941162
0.0
1.7701889276504517
6.050218105316162
4.139817714691162
12.94914436340332
4.617356777191162
3.664231777191162
6.623948574066162
6.334397792816162
13.46867561340332
6.475266933441162
12.99650764465332
8.47062873840332
7.911057949066162
9.37028694152832
12.00456428527832
11.58464241027832
12.05656623840332
12.52849006652832
12.33757209777832
13.01384162902832
12.84660530090332
14.37809944152832
15.16496467590332
15.36711311340332
16.16057014465332
16.31242561340332
17.45671272277832
16.62077522277832
13.60270881652832
14.99113655090332
17.20231819152832
15.38688850402832
17.54631233215332
18.38151741027832
16.09147834777832
13.81974983215332
16.51799201965332
18.18986701965332
19.19426155090332
18.63298225402832
21.03312873840332
17.85441780090332
19.82731819152832
20.75309944152832
21.39738655090332
21.04924201965332
19.16349983215332
19.55485725402832
20.55168342590332
15.83952522277832
14.06071662902832
17.47502326965332
17.57438850402832
18.82219123840332
18.27311897277832
15.37346076965332
18.67350959777832
18.16716194152832
20.89543342590332
20.40641975402832
19.34465217590332
20.46037483215332
16.19133186340332
17.22062873840332
17.92814826965332
16.97355842590332
18.69597053527832
16.93107795715332
17.04899787902832
19.17570686340332
18.70793342590332
20.01506233215332
17.95768928527832
15.83635139465332
18.94182014465332
18.11100959777832
17.00993537902832
21.11686897277832
18.33415412902832
18.52800178527832
17.91765022277832
18.77824592590332
18.97404670715332
18.79777717590332
21.20085334777832
19.37419319152832
19.31071662902832
20.68889045715332
18.99479866027832
19.39763069152832
20.48991584777832
21.30436897277832
19.32658576965332
20.28996467590332
21.09977912902832
19.62907600402832
19.43620491027832
21.07487678527832
20.72770881652832
20.06706428527832
16.71989631652832
16.92961311340332
17.65349006652832
17.84807014465332
18.02311897277832
18.05070686340332
18.06022834777832
17.84245491027832
17.84709358215332
18.06974983215332
18.10319709777832
18.68327522277832
19.01628303527832
19.04020881652832
19.25920295715332
19.48088264465332
19.83146858215332
20.01213264465332
20.28190803527832
20.25602912902832
20.45622444152832
13.91618537902832
12.28117561340332
8.35344123840332
17.89811897277832
20.50187873840332
16.60344123840332
17.47307014465332
20.81852912902832
20.29680061340332
12.52482795715332
19.22599983215332
19.47380256652832
18.18278694152832
20.91911506652832
20.52922248840332
16.29069709777832
20.42326545715332
16.64299201965332
17.91935920715332
17.56047248840332
14.29338264465332
20.86711311340332
19.66520881652832
20.08513069152832
20.48771858215332
15.70060920715332
20.71281623840332
19.03239631652832
20.75432014465332
20.06022834777832
21.47062873840332
21.06071662902832
21.18327522277832
20.84465217590332
20.86149787902832
20.88273811340332
20.90861701965332
20.97477912902832
19.45378303527832
18.89250373840332
18.52409553527832
20.69474983215332
18.06218147277832
19.59123420715332
20.01896858215332
18.75969123840332
20.23918342590332
21.01481819152832
19.86589241027832
21.37321662902832
21.41154670715332
21.03923225402832
20.54435920715332
21.46623420715332
21.07682991027832
21.82853889465332
21.73161506652832
21.82170295715332
21.61418342590332
21.96721076965332
20.83635139465332
22.03947639465332
22.03410530090332
21.95622444152832
19.09855842590332
19.58000373840332
17.95012092590332
20.89616584777832
19.17546272277832
20.10295295715332
21.36540412902832
21.85099983215332
21.41374397277832
21.24772834777832
21.67399787902832
21.61613655090332
21.86808967590332
21.89006233215332
20.32390022277832
19.88005256652832
21.09269905090332
20.26677131652832
21.67033576965332
21.74577522277832
21.79240608215332
20.05168342590332
20.62053108215332
18.78410530090332
21.55803108215332
21.65739631652832
21.63054084777832
21.64543342590332
21.82219123840332
20.13810920715332
19.78190803527832
20.33976936340332
21.15300178527832
22.08342170715332
21.67302131652832
21.26774787902832
21.38078498840332
21.92521858215332
21.52214241027832
20.39787483215332
21.49235725402832
20.63542366027832
20.96843147277832
21.96940803527832
21.85930061340332
21.33439826965332
20.67863655090332
22.01994514465332
21.21037483215332
20.75749397277832
21.35148811340332
21.65739631652832
22.01408576965332
21.81535530090332
21.69621467590332
21.57731819152832
21.58928108215332
21.01579475402832
21.17155647277832
21.32756233215332
21.66105842590332
21.76506233215332
21.89982795715332
21.92936897277832
22.04460334777832
22.23210334777832
17.65934944152832
17.49821662902832
17.64567756652832
18.06047248840332
17.83610725402832
17.88835334777832
18.30485725402832
18.12321662902832
18.17741584777832
18.41301155090332
18.68376350402832
17.91081428527832
17.90715217590332
18.37101936340332
18.70915412902832
17.94157600402832
18.20646858215332
17.76555061340332
18.21354866027832
18.41374397277832
18.22819709777832
18.31462287902832
18.27604866027832
17.91179084777832
18.14811897277832
17.95231819152832
18.04069709777832
18.24284553527832
18.17277717590332
18.23747444152832
18.35954475402832
18.28019905090332
18.28483772277832
18.40886116027832
18.20720100402832
18.25993537902832
18.58781623840332
18.79924201965332
18.88493537902832
19.51408576965332
19.82072639465332
19.80314826965332
19.66740608215332
19.82145881652832
20.28386116027832
20.49138069152832
20.84269905090332
18.30803108215332
18.89030647277832
19.44914436340332
20.12907600402832
20.20549201965332
18.28312873840332
18.64543342590332
18.55339241027832
19.28508186340332
20.02702522277832
20.37516975402832
18.30436897277832
20.01408576965332
20.17888069152832
18.84684944152832
19.88273811340332
18.32487678527832
18.28532600402832
18.31291389465332
18.72917366027832
19.14494514465332
19.01042366027832
19.75358772277832
19.55436897277832
19.81047248840332
20.23820686340332
20.01774787902832
14.29045295715332
11.54387092590332
13.69011116027832
14.39103889465332
15.04240608215332
15.72892951965332
16.35881233215332
16.27849006652832
15.99601936340332
16.54191780090332
16.29069709777832
16.99284553527832
16.85392951965332
16.34050178527832
16.30461311340332
16.41594123840332
17.36686897277832
17.10295295715332
17.52287483215332
16.39689826965332
17.67717170715332
16.68107795715332
16.62883186340332
16.62639045715332
17.24040412902832
17.64470100402832
17.78141975402832
17.00724983215332
16.82365608215332
17.03117561340332
16.57219123840332
17.21110725402832
16.85124397277832
17.34245491027832
17.06364631652832
17.01848030090332
17.20427131652832
17.60515022277832
17.34611701965332
17.16081428527832
17.09709358215332
17.67521858215332
17.34660530090332
18.20793342590332
17.81291389465332
17.40983772277832
18.01530647277832
17.47331428527832
19.07072639465332
17.87492561340332
18.43376350402832
17.92180061340332
18.06633186340332
19.31901741027832
17.96794319152832
18.03166389465332
18.24797248840332
18.34343147277832
18.55974006652832
18.66227912902832
18.74479866027832
18.38395881652832
18.45329475402832
18.55363655090332
19.71135139465332
18.80681037902832
19.12370491027832
18.25016975402832
18.64079475402832
19.25505256652832
20.36345100402832
18.77678108215332
18.68010139465332
20.45305061340332
19.85759162902832
18.89201545715332
20.34050178527832
19.87932014465332
18.93327522277832
18.79533576965332
18.66545295715332
18.93083381652832
20.57927131652832
18.82975959777832
19.28361701965332
18.61711311340332
20.04167366027832
19.55900764465332
19.54216194152832
19.39372444152832
19.60637092590332
20.48649787902832
19.51677131652832
21.07487678527832
19.99064826965332
21.28508186340332
19.78117561340332
19.98015022277832
21.36027717590332
20.11906623840332
20.23259162902832
21.80534553527832
20.09465217590332
21.62028694152832
20.33610725402832
21.66301155090332
19.97111701965332
20.94670295715332
20.58073616027832
19.80803108215332
22.00578498840332
20.85417366027832
20.96818733215332
22.24601936340332
20.05290412902832
22.17790412902832
21.19645881652832
21.04362678527832
21.87590217590332
21.52653694152832
21.29948616027832
21.15422248840332
21.26725959777832
21.36564826965332
21.57390022277832
22.15690803527832
21.29094123840332
21.26408576965332
21.41960334777832
20.18815803527832
21.37736701965332
21.09953498840332
22.09074592590332
21.59221076965332
20.40715217590332
21.74113655090332
20.37370491027832
21.37492561340332
21.88005256652832
20.79631233215332
20.49162483215332
21.39763069152832
20.97111701965332
21.88029670715332
20.60319709777832
21.30143928527832
20.82292366027832
21.06657600402832
21.63542366027832
20.93937873840332
20.95182991027832
21.41105842590332
21.92228889465332
22.23259162902832
12.95402717590332
16.49186897277832
16.49968147277832
17.22575569152832
16.97355842590332
16.73478889465332
17.10466194152832
17.43913459777832
17.59977912902832
16.44352912902832
17.68840217590332
17.39055061340332
17.81511116027832
16.96672248840332
17.09660530090332
17.20939826965332
16.89470100402832
17.22477912902832
17.56291389465332
17.53264045715332
18.37077522277832
17.91594123840332
18.08073616027832
17.99846076965332
18.52775764465332
18.76286506652832
18.87346076965332
19.35807991027832
18.84147834777832
19.02531623840332
18.94816780090332
19.24186897277832
18.91276741027832
20.63298225402832
20.23527717590332
19.73332405090332
21.92106819152832
20.59733772277832
20.01652717590332
19.81852912902832
19.85124397277832
21.10954475402832
21.26457405090332
20.84001350402832
20.03996467590332
22.00944709777832
20.47795295715332
21.61931037902832
21.50822639465332
21.66227912902832
21.39763069152832
13.71086311340332
16.67180061340332
17.05046272277832
16.46818733215332
17.37101936340332
16.37394905090332
17.71403694152832
16.75724983215332
17.73381233215332
17.37126350402832
17.01042366027832
16.69304084777832
17.14274787902832
17.90861701965332
18.09489631652832
18.27311897277832
18.55632209777832
18.13102912902832
20.52580451965332
19.34221076965332
21.22551155090332
19.02189826965332
20.03019905090332
20.26140022277832
22.24064826965332
21.08268928527832
20.02287483215332
21.63200569152832
21.72624397277832
22.03605842590332
13.98259162902832
17.01408576965332
16.74040412902832
16.78215217590332
17.65788459777832
17.72233772277832
16.90471076965332
17.28605842590332
18.11369514465332
17.34709358215332
18.13371467590332
18.29777717590332
18.79313850402832
20.60197639465332
19.14616584777832
19.32658576965332
20.34245491027832
22.16642951965332
20.58732795715332
21.17009162902832
21.71257209777832
21.49040412902832
21.74040412902832
20.64470100402832
22.14982795715332
16.91642951965332
16.71696662902832
17.66154670715332
16.87883186340332
17.22868537902832
17.83317756652832
17.97258186340332
18.73430061340332
18.52263069152832
18.07975959777832
21.46110725402832
21.79289436340332
20.49235725402832
13.71696662902832
16.81926155090332
16.96208381652832
17.55412483215332
17.62956428527832
16.89543342590332
17.06437873840332
17.86955451965332
18.27140998840332
18.15837287902832
18.20622444152832
20.66838264465332
21.44816780090332
20.59514045715332
21.44865608215332
17.00724983215332
17.30778694152832
18.42497444152832
18.32951545715332
20.73503303527832
19.87443733215332
16.85612678527832
17.39494514465332
18.01017951965332
18.46794319152832
21.25529670715332
19.96672248840332
20.57780647277832
21.42106819152832
21.29191780090332
21.12858772277832
21.52311897277832
14.22136116027832
18.79167366027832
21.52043342590332
21.24601936340332
20.66032600402832
20.94474983215332
17.21794319152832
18.62492561340332
18.07756233215332
18.65422248840332
20.98576545715332
20.40031623840332
21.26579475402832
21.73307991027832
14.73185920715332
21.58024787902832
20.31437873840332
20.25456428527832
15.18840217590332
16.81901741027832
18.89909553527832
15.54655647277832
16.52043342590332
18.08000373840332
18.86223030090332
16.11638069152832
16.18205451965332
21.83073616027832
16.36857795715332
19.11564826965332
18.90349006652832
19.13249397277832
16.56364631652832
19.34050178527832
18.84123420715332
18.84367561340332
21.77043342590332
18.77922248840332
16.72624397277832
19.37834358215332
18.22892951965332
22.00871467590332
19.58757209777832
18.34977912902832
22.32414436340332
16.76164436340332
16.91545295715332
18.86393928527832
21.91472053527832
19.63249397277832
21.68718147277832
19.72307014465332
19.20012092590332
