9.876351576561311e-42
0.0
1.9979339838027954
0.0
0.0
0.0
4.274789333343506
4.453011989593506
1.6532074213027954
18.368295669555664
2.896127223968506
16.469125747680664
16.759653091430664
19.835580825805664
19.372446060180664
13.618539810180664
20.508676528930664
17.870004653930664
20.578744888305664
14.727670669555664
20.639047622680664
20.628549575805664
10.083383560180664
12.711801528930664
12.766244888305664
20.651498794555664
20.788949966430664
16.386362075805664
17.804819107055664
20.939340591430664
20.158823013305664
20.916635513305664
17.355844497680664
20.703012466430664
18.752328872680664
19.612680435180664
19.702035903930664
19.806528091430664
21.001840591430664
19.576547622680664
19.943002700805664
19.639047622680664
0.0
13.059457778930664
0.0
2.012338161468506
7.173226833343506
15.297250747680664
19.701303482055664
7.529183864593506
18.519418716430664
20.454233169555664
17.026254653930664
20.703744888305664
8.844125747680664
20.660776138305664
14.838998794555664
20.323617935180664
21.000131607055664
19.901987075805664
7.868295192718506
16.633676528930664
0.0
11.849252700805664
5.889291286468506
20.271127700805664
20.603403091430664
18.382211685180664
11.123910903930664
19.828256607055664
20.226938247680664
19.668100357055664
4.994760036468506
14.985971450805664
1.9608246088027954
9.628061294555664
20.362680435180664
20.580698013305664
9.536264419555664
20.085580825805664
18.653696060180664
19.718881607055664
13.712045669555664
17.153207778930664
13.950082778930664
20.538705825805664
20.528451919555664
20.720102310180664
19.859018325805664
18.928842544555664
16.411752700805664
6.992562770843506
20.703256607055664
20.267465591430664
19.855356216430664
17.923227310180664
20.520883560180664
20.916147232055664
19.302377700805664
11.996713638305664
11.561655044555664
20.650766372680664
20.019906997680664
20.090219497680664
9.995248794555664
17.303842544555664
13.144906997680664
20.923959732055664
18.540903091430664
20.266733169555664
13.913461685180664
18.922494888305664
15.079233169555664
20.338022232055664
19.166635513305664
16.539926528930664
19.100229263305664
9.531625747680664
19.600473403930664
13.506479263305664
20.254526138305664
17.757944107055664
20.333139419555664
19.324106216430664
20.396127700805664
20.331918716430664
20.365610122680664
20.343637466430664
21.003793716430664
20.407602310180664
20.343149185180664
11.567270278930664
20.680551528930664
20.711313247680664
20.696664810180664
20.627817153930664
15.355112075805664
19.048471450805664
19.714242935180664
18.714242935180664
20.142465591430664
19.450571060180664
18.916391372680664
19.453500747680664
19.990854263305664
20.391000747680664
20.457406997680664
20.479623794555664
20.637338638305664
20.490365982055664
20.498666763305664
20.726205825805664
20.714975357055664
20.803110122680664
20.933237075805664
21.004770278930664
21.005258560180664
21.071908950805664
21.068490982055664
21.062143325805664
21.055063247680664
20.979623794555664
0.0
0.0
0.0
0.0
0.0
2.085336208343506
6.801156520843506
0.0
8.268442153930664
6.125863552093506
0.0
1.3917328119277954
9.325571060180664
0.0
11.672006607055664
0.0
4.842416286468506
16.824350357055664
0.19739684462547302
16.204965591430664
12.762094497680664
0.5430999994277954
0.0
17.237192153930664
14.173959732055664
12.163461685180664
4.401986598968506
8.282602310180664
12.859750747680664
0.0
14.518930435180664
10.041635513305664
14.376108169555664
10.141733169555664
0.0
0.0
0.0
4.443246364593506
6.416146755218506
0.0
6.685189723968506
5.114144802093506
14.908334732055664
4.126595973968506
8.543588638305664
0.0
17.114877700805664
5.298959255218506
16.674936294555664
0.0
0.0
11.645395278930664
1.6273285150527954
17.524545669555664
10.121225357055664
0.0
4.254037380218506
18.382944107055664
10.054086685180664
1.7738128900527954
8.310678482055664
7.224008083343506
12.049692153930664
0.0
13.864145278930664
2.554574489593506
1.8983246088027954
15.547983169555664
12.258676528930664
6.710580348968506
10.694711685180664
10.813852310180664
4.855355739593506
12.688852310180664
14.475961685180664
12.611703872680664
11.365610122680664
15.892465591430664
16.759408950805664
9.694711685180664
15.639291763305664
10.419076919555664
17.754526138305664
12.153696060180664
17.223276138305664
15.040170669555664
14.189584732055664
15.833871841430664
14.776987075805664
15.421030044555664
15.958627700805664
16.700082778930664
17.377817153930664
17.970834732055664
18.064096450805664
18.470346450805664
14.261362075805664
14.734994888305664
11.187631607055664
0.6378265619277954
0.0
0.0
0.0
0.0
0.0
0.0
0.0
15.026742935180664
10.606088638305664
13.528696060180664
8.143686294555664
0.273568719625473
0.0
0.0
0.0
0.0
0.0
12.870248794555664
11.494272232055664
0.0
0.0
11.972299575805664
0.0
12.566537857055664
0.0
15.309213638305664
2.620980739593506
0.0
2.031136989593506
13.046274185180664
0.0
0.0
0.0
10.118539810180664
2.825570583343506
0.0
0.0
13.062631607055664
4.509164333343506
0.0
0.0
0.0
4.474740505218506
0.0
0.0
4.064095973968506
5.277474880218506
0.0
10.673959732055664
2.640023708343506
4.859750270843506
0.0
7.969125270843506
0.0
0.0
0.0
0.0
0.0
9.604623794555664
0.0
0.0
0.0
0.0
11.240610122680664
0.0
10.097787857055664
0.0
0.0
0.0
6.190072536468506
4.402719020843506
6.676888942718506
8.951059341430664
6.987191677093506
9.150522232055664
6.051888942718506
11.895639419555664
13.703012466430664
14.663949966430664
16.106332778930664
16.376596450805664
18.479867935180664
16.445199966430664
11.457895278930664
13.868539810180664
17.413949966430664
14.215707778930664
17.019662857055664
18.332895278930664
13.246469497680664
7.559701442718506
14.520395278930664
17.811166763305664
19.161996841430664
19.324838638305664
19.572153091430664
19.068002700805664
19.819711685180664
19.831430435180664
19.744760513305664
19.793588638305664
20.132944107055664
20.154916763305664
19.921518325805664
15.202524185180664
12.309946060180664
17.548715591430664
15.247690200805664
18.594858169555664
17.171518325805664
10.140024185180664
19.657358169555664
19.448617935180664
19.702524185180664
19.922739028930664
20.106576919555664
20.009408950805664
15.385385513305664
14.066537857055664
16.428842544555664
12.756235122680664
20.040170669555664
16.519906997680664
16.200082778930664
17.853647232055664
15.851449966430664
17.557748794555664
17.756479263305664
14.072885513305664
16.852426528930664
18.245492935180664
15.532846450805664
19.083627700805664
18.638315200805664
19.044809341430664
17.217416763305664
18.896127700805664
19.301156997680664
18.242807388305664
18.595346450805664
18.983530044555664
18.367807388305664
19.735239028930664
19.795541763305664
19.825815200805664
19.790658950805664
19.176156997680664
19.954721450805664
19.847543716430664
19.439096450805664
19.875375747680664
19.931772232055664
19.788461685180664
19.858041763305664
19.957895278930664
17.020883560180664
17.281137466430664
18.603403091430664
18.726205825805664
18.832651138305664
18.991342544555664
19.182992935180664
19.172983169555664
19.191781997680664
19.269906997680664
19.293832778930664
19.851205825805664
19.981332778930664
20.162485122680664
20.081186294555664
20.032846450805664
20.127084732055664
20.081186294555664
20.001108169555664
20.076059341430664
20.120248794555664
6.917855739593506
3.276254177093506
0.0
14.385629653930664
17.834604263305664
13.404672622680664
15.329477310180664
19.254281997680664
20.154428482055664
4.989877223968506
16.090707778930664
16.650522232055664
16.275278091430664
19.410776138305664
20.251352310180664
12.086313247680664
18.257944107055664
13.891489028930664
14.317026138305664
15.094369888305664
7.947640895843506
18.792856216430664
17.413461685180664
18.410531997680664
18.844614028930664
10.474740982055664
19.168100357055664
16.094614028930664
18.359750747680664
17.328989028930664
19.145395278930664
18.541147232055664
19.260629653930664
19.467660903930664
19.552621841430664
19.674936294555664
19.830209732055664
20.190805435180664
20.107553482055664
17.220834732055664
16.439828872680664
18.932992935180664
15.332895278930664
17.649057388305664
20.198373794555664
16.265756607055664
20.212045669555664
19.630258560180664
17.325326919555664
19.223276138305664
19.930551528930664
18.473276138305664
20.283090591430664
19.012826919555664
18.660776138305664
19.857797622680664
19.969125747680664
20.031137466430664
20.377328872680664
19.736215591430664
20.516244888305664
20.321908950805664
20.398324966430664
20.672494888305664
17.294321060180664
20.152719497680664
15.585580825805664
19.133432388305664
16.957406997680664
17.790658950805664
19.416879653930664
19.537973403930664
20.419565200805664
18.976449966430664
20.133188247680664
20.297250747680664
20.321664810180664
20.389535903930664
18.491586685180664
20.170297622680664
19.434213638305664
20.221078872680664
20.422739028930664
20.380990982055664
20.497201919555664
20.142221450805664
18.733774185180664
16.032358169555664
20.331674575805664
19.273080825805664
20.457162857055664
20.516489028930664
20.606576919555664
20.188608169555664
17.095346450805664
18.255990982055664
20.137826919555664
19.934213638305664
20.557748794555664
18.812387466430664
19.029672622680664
19.746957778930664
20.438364028930664
20.236215591430664
20.468637466430664
20.315317153930664
19.121713638305664
19.928842544555664
20.641244888305664
20.088266372680664
20.296030044555664
20.731088638305664
20.402963638305664
20.406625747680664
20.435922622680664
20.504770278930664
20.110727310180664
20.203989028930664
20.320932388305664
20.460580825805664
20.501840591430664
20.380258560180664
20.430795669555664
20.481576919555664
20.521127700805664
20.560922622680664
20.650766372680664
20.673715591430664
20.762094497680664
20.911996841430664
19.545053482055664
19.450082778930664
19.613656997680664
19.717172622680664
19.724740982055664
19.897836685180664
19.471323013305664
19.630258560180664
19.683237075805664
19.039682388305664
16.284555435180664
19.737680435180664
19.892465591430664
19.208627700805664
16.850229263305664
19.789438247680664
19.536020278930664
19.684213638305664
19.471567153930664
18.752817153930664
19.647836685180664
19.291635513305664
19.533334732055664
19.876596450805664
19.830453872680664
19.899789810180664
19.896860122680664
19.824106216430664
19.870004653930664
19.775278091430664
17.878305435180664
19.749887466430664
19.729623794555664
19.397104263305664
18.111948013305664
17.933725357055664
19.712289810180664
18.382455825805664
19.865365982055664
18.120981216430664
19.329233169555664
20.324106216430664
18.806283950805664
18.564096450805664
18.679330825805664
19.602182388305664
18.652963638305664
18.754281997680664
19.695199966430664
20.013559341430664
18.884164810180664
19.696908950805664
18.567026138305664
19.643686294555664
18.568246841430664
19.008920669555664
19.168344497680664
19.115610122680664
19.057504653930664
19.458383560180664
19.269174575805664
19.202768325805664
19.776254653930664
19.547983169555664
19.776742935180664
19.715219497680664
19.554330825805664
19.393442153930664
19.537729263305664
19.550668716430664
19.793344497680664
20.059457778930664
20.077768325805664
20.415903091430664
12.880990982055664
0.9276214838027954
10.752817153930664
12.510629653930664
14.095834732055664
15.363412857055664
17.621225357055664
16.923227310180664
15.798227310180664
17.904916763305664
16.309946060180664
18.805551528930664
18.945444107055664
18.884408950805664
18.830453872680664
18.867807388305664
18.774057388305664
18.916635513305664
18.824106216430664
18.770883560180664
18.874399185180664
18.906137466430664
18.888803482055664
18.895883560180664
18.976694107055664
18.993051528930664
18.930795669555664
19.009164810180664
19.051401138305664
19.354867935180664
18.962289810180664
19.463754653930664
19.003061294555664
19.345102310180664
19.083627700805664
19.136606216430664
19.220346450805664
19.144174575805664
19.358285903930664
19.221811294555664
19.189828872680664
19.282602310180664
19.276010513305664
19.479379653930664
19.433481216430664
19.411752700805664
19.429574966430664
19.428354263305664
19.980356216430664
19.775766372680664
19.918100357055664
19.941537857055664
20.032846450805664
19.997934341430664
20.005990982055664
20.058969497680664
20.180551528930664
19.952524185180664
20.021860122680664
20.044321060180664
20.076547622680664
20.266489028930664
20.171518325805664
20.109994888305664
20.174203872680664
20.089242935180664
20.128305435180664
19.829477310180664
20.261117935180664
20.261850357055664
20.258920669555664
20.323129653930664
20.321908950805664
20.251108169555664
20.267221450805664
20.217660903930664
20.290658950805664
20.296030044555664
20.386362075805664
20.248178482055664
20.306283950805664
20.290414810180664
20.380014419555664
20.241342544555664
20.497690200805664
19.823129653930664
20.397836685180664
20.276742935180664
20.539194107055664
20.486215591430664
20.415903091430664
20.487436294555664
20.315561294555664
20.611703872680664
20.424448013305664
20.634897232055664
20.245981216430664
20.336069107055664
20.723276138305664
20.341928482055664
20.476938247680664
20.579477310180664
20.566537857055664
20.810678482055664
20.561166763305664
20.910287857055664
20.782114028930664
20.948617935180664
20.042123794555664
20.866586685180664
20.708627700805664
20.496469497680664
20.564096450805664
20.859262466430664
21.173227310180664
21.068735122680664
21.091196060180664
21.224252700805664
21.106821060180664
21.159067153930664
20.685922622680664
21.164926528930664
20.556283950805664
21.237680435180664
21.144662857055664
21.033334732055664
21.235239028930664
21.264047622680664
20.951059341430664
21.329233169555664
21.172250747680664
21.418100357055664
21.086069107055664
20.790658950805664
21.237680435180664
21.543588638305664
21.135141372680664
21.287729263305664
21.606576919555664
21.122201919555664
21.041635513305664
21.365121841430664
21.028940200805664
21.323617935180664
20.893442153930664
21.284311294555664
20.974985122680664
21.020395278930664
21.503061294555664
21.026254653930664
21.007944107055664
21.118295669555664
21.726449966430664
21.974008560180664
5.932748317718506
18.047983169555664
17.277475357055664
18.255258560180664
18.846811294555664
19.043588638305664
18.976938247680664
18.895883560180664
18.920541763305664
18.900766372680664
18.971567153930664
18.993783950805664
19.039438247680664
19.220102310180664
19.305551528930664
19.201547622680664
19.093881607055664
19.254281997680664
19.433481216430664
19.542367935180664
19.692270278930664
19.736703872680664
19.945932388305664
19.956430435180664
20.075571060180664
20.200326919555664
20.324350357055664
20.302865982055664
20.316293716430664
20.456430435180664
20.276742935180664
20.397104263305664
20.303842544555664
20.499155044555664
20.631235122680664
20.414194107055664
20.797983169555664
20.642709732055664
20.953256607055664
21.205209732055664
21.214731216430664
20.727670669555664
20.839487075805664
21.315317153930664
21.463022232055664
20.471567153930664
21.313119888305664
21.394418716430664
21.379526138305664
21.402475357055664
21.078989028930664
6.979379177093506
18.306039810180664
18.935434341430664
18.933481216430664
18.917612075805664
18.865854263305664
19.036264419555664
18.969369888305664
19.112924575805664
19.014535903930664
19.137582778930664
19.000864028930664
19.179330825805664
19.240365982055664
19.859262466430664
20.076547622680664
19.961801528930664
19.940561294555664
20.260141372680664
20.353403091430664
20.624887466430664
20.288217544555664
20.487680435180664
20.550912857055664
20.884897232055664
20.632211685180664
21.555551528930664
21.468637466430664
21.490854263305664
21.806772232055664
11.465951919555664
18.745737075805664
17.669809341430664
19.093393325805664
19.016000747680664
19.110727310180664
19.005990982055664
19.178110122680664
19.287240982055664
19.394906997680664
19.721323013305664
19.972055435180664
20.019662857055664
20.277963638305664
20.456918716430664
20.403451919555664
20.783334732055664
20.888803482055664
20.671030044555664
21.109750747680664
20.855356216430664
21.404672622680664
21.505746841430664
20.908578872680664
21.886362075805664
19.014291763305664
18.921030044555664
19.036508560180664
19.053842544555664
19.081186294555664
19.815073013305664
19.716196060180664
19.944467544555664
20.076547622680664
20.062143325805664
20.706674575805664
21.266244888305664
21.026254653930664
11.149057388305664
19.047006607055664
19.011850357055664
18.932504653930664
19.028451919555664
19.076547622680664
19.106576919555664
19.891977310180664
19.773324966430664
19.832406997680664
19.873910903930664
20.393198013305664
21.260629653930664
21.032114028930664
21.336313247680664
19.009897232055664
18.992563247680664
19.822641372680664
19.854379653930664
20.507699966430664
20.517465591430664
19.001840591430664
18.979379653930664
20.051889419555664
19.983774185180664
20.629770278930664
20.609262466430664
20.699350357055664
21.344614028930664
21.419809341430664
21.252573013305664
21.431528091430664
12.667612075805664
20.313852310180664
20.707406997680664
21.249399185180664
21.304330825805664
21.230112075805664
18.991586685180664
19.864633560180664
20.140512466430664
20.088998794555664
21.392709732055664
21.523080825805664
21.300424575805664
21.551156997680664
13.991830825805664
20.707895278930664
20.738656997680664
21.553598403930664
14.964487075805664
18.969858169555664
20.427621841430664
15.162485122680664
18.998178482055664
20.166147232055664
20.167612075805664
16.685190200805664
17.141244888305664
21.599985122680664
17.381967544555664
19.963022232055664
20.218881607055664
20.015024185180664
17.693490982055664
20.034799575805664
20.217905044555664
20.297006607055664
20.804086685180664
20.216196060180664
18.198862075805664
20.154184341430664
19.953500747680664
21.416879653930664
20.256723403930664
19.781137466430664
21.728891372680664
18.028451919555664
19.055307388305664
20.234750747680664
20.899545669555664
20.222787857055664
21.079721450805664
20.271371841430664
20.296518325805664
