9.876351576561311e-42
1.3970962762832642
7.502076625823975
0.0
3.1641860008239746
0.0
8.374147415161133
8.667604446411133
5.007447719573975
20.526247024536133
6.168092250823975
19.156862258911133
19.476686477661133
22.246217727661133
21.183961868286133
18.473756790161133
23.084108352661133
20.604127883911133
22.984987258911133
18.518190383911133
22.078981399536133
23.131227493286133
12.048952102661133
15.193971633911133
14.775514602661133
23.076051712036133
22.822145462036133
19.846559524536133
20.412477493286133
23.007936477661133
21.626832962036133
22.947633743286133
19.200807571411133
22.294557571411133
21.280397415161133
21.493043899536133
21.234743118286133
21.365114212036133
23.468141555786133
21.185670852661133
21.364137649536133
21.070192337036133
4.832887172698975
15.601198196411133
0.0
6.035768032073975
10.735963821411133
18.450807571411133
21.908815383911133
11.287477493286133
20.337282180786133
22.979372024536133
19.833375930786133
22.897340774536133
10.508180618286133
22.138551712036133
17.509889602661133
21.809694290161133
23.171510696411133
21.396852493286133
11.198366165161133
18.964723587036133
4.122193813323975
15.172731399536133
9.596315383911133
22.416872024536133
22.994752883911133
20.599245071411133
13.768434524536133
21.737184524536133
21.769899368286133
21.159547805786133
8.855348587036133
16.463014602661133
5.806275844573975
14.003786087036133
22.713014602661133
23.137331008911133
13.231081008911133
21.899049758911133
21.057985305786133
21.338014602661133
15.967897415161133
19.141969680786133
17.448366165161133
22.882692337036133
23.101442337036133
23.073122024536133
21.704713821411133
21.416139602661133
18.911012649536133
11.262575149536133
22.894655227661133
21.907350540161133
21.484498977661133
20.329469680786133
23.132204055786133
22.976442337036133
21.546022415161133
15.181276321411133
16.634645462036133
23.135133743286133
21.671266555786133
21.370729446411133
13.884889602661133
19.839723587036133
17.467164993286133
22.992799758911133
21.073366165161133
22.052858352661133
17.656862258911133
20.701539993286133
19.316774368286133
22.167360305786133
20.996461868286133
20.081911087036133
21.368776321411133
13.829469680786133
21.454225540161133
17.291139602661133
21.646120071411133
20.859254837036133
21.963502883911133
21.520387649536133
22.107545852661133
21.724733352661133
21.948122024536133
22.023805618286133
23.086549758911133
22.094606399536133
22.015748977661133
15.869752883911133
22.224000930786133
22.292360305786133
22.362916946411133
22.223512649536133
18.686891555786133
21.067506790161133
21.340700149536133
21.158815383911133
21.634645462036133
21.451539993286133
21.071901321411133
21.425172805786133
21.685914993286133
21.882692337036133
21.922975540161133
22.014039993286133
22.337282180786133
22.196901321411133
22.971315383911133
23.047243118286133
22.876344680786133
22.767946243286133
22.996461868286133
22.934938430786133
23.013795852661133
22.920778274536133
22.970582962036133
23.118776321411133
23.353151321411133
23.348512649536133
1.1212173700332642
4.049439907073975
1.1160904169082642
3.4749770164489746
1.9293228387832642
7.377076625823975
11.285768508911133
7.149049282073975
12.130006790161133
11.966188430786133
1.2183853387832642
7.189576625823975
13.136354446411133
2.0821547508239746
15.006715774536133
7.139771938323975
11.417116165161133
19.241823196411133
8.053834915161133
18.820192337036133
17.539674758911133
8.324098587036133
0.0
20.238893508911133
17.110963821411133
15.139039993286133
9.935182571411133
13.362916946411133
15.761598587036133
3.4273695945739746
17.366090774536133
14.494264602661133
16.782838821411133
14.124391555786133
3.6290297508239746
4.803834438323975
1.1771255731582642
8.208375930786133
10.677370071411133
1.6632095575332642
10.553102493286133
10.266237258911133
17.660280227661133
10.294557571411133
14.288209915161133
6.706178188323975
19.733766555786133
12.377077102661133
20.246950149536133
5.357545375823975
5.884889125823975
16.193483352661133
8.440065383911133
19.939821243286133
14.831422805786133
4.739381313323975
10.987184524536133
21.239137649536133
15.212526321411133
8.846559524536133
13.976930618286133
12.114381790161133
15.777956008911133
5.794068813323975
17.143434524536133
8.692262649536133
8.381715774536133
18.645875930786133
15.833375930786133
11.401491165161133
14.491579055786133
14.488405227661133
10.429079055786133
17.437379837036133
17.176393508911133
17.058229446411133
16.478639602661133
18.034059524536133
19.144899368286133
12.994020462036133
18.071901321411133
14.475954055786133
20.840456008911133
16.023317337036133
20.379274368286133
17.189088821411133
18.354127883911133
19.690065383911133
17.831422805786133
17.995241165161133
18.506715774536133
19.565797805786133
20.149293899536133
20.808229446411133
21.196168899536133
21.670534133911133
17.357057571411133
17.784547805786133
16.709596633911133
11.445924758911133
9.379518508911133
9.948610305786133
8.954469680786133
7.799928188323975
0.0
0.0
2.3463149070739746
17.710573196411133
13.641237258911133
15.992067337036133
13.366090774536133
10.992555618286133
0.0
0.0
1.8121353387832642
0.0
6.987916469573975
14.758424758911133
13.749879837036133
2.6099867820739746
6.528443813323975
14.065553665161133
7.675172328948975
16.864381790161133
11.698366165161133
18.383913040161133
11.442506790161133
9.761842727661133
11.040163040161133
16.675416946411133
0.0
10.114625930786133
2.5885024070739746
12.538942337036133
8.192750930786133
5.480103969573975
11.605592727661133
17.308717727661133
11.893434524536133
0.0
8.211549758911133
5.058473110198975
13.668581008911133
0.0
3.4034438133239746
13.920778274536133
9.733522415161133
3.6014418601989746
16.505983352661133
11.273073196411133
13.880250930786133
0.0
13.074098587036133
4.818971157073975
0.0
4.666627407073975
6.397340297698975
7.671021938323975
13.565309524536133
7.766969203948975
5.514039516448975
8.955446243286133
7.766725063323975
14.050661087036133
8.903932571411133
13.834840774536133
10.022584915161133
9.397096633911133
10.558961868286133
12.613649368286133
12.046266555786133
12.752077102661133
13.384889602661133
13.069459915161133
13.890260696411133
13.831422805786133
16.944215774536133
17.888307571411133
18.140504837036133
19.020387649536133
18.762331008911133
20.422731399536133
18.317750930786133
13.649049758911133
15.254274368286133
19.375856399536133
15.982545852661133
19.080934524536133
20.447145462036133
15.754030227661133
10.170778274536133
17.103883743286133
20.070924758911133
21.696413040161133
21.188112258911133
22.498659133911133
21.599733352661133
22.017457962036133
22.481813430786133
22.569215774536133
22.306520462036133
21.995729446411133
22.550905227661133
22.317018508911133
17.087526321411133
14.090456008911133
19.656373977661133
18.607301712036133
21.099000930786133
19.932497024536133
13.468385696411133
21.603639602661133
21.708620071411133
22.492555618286133
22.379762649536133
22.119508743286133
22.355592727661133
17.292360305786133
17.274293899536133
19.437623977661133
17.424196243286133
21.859254837036133
18.540895462036133
18.101198196411133
21.312379837036133
20.233522415161133
22.221071243286133
19.864137649536133
15.901247024536133
20.988405227661133
20.365846633911133
18.106813430786133
22.631959915161133
20.663209915161133
20.955690383911133
19.628541946411133
21.049196243286133
21.438112258911133
21.001344680786133
22.641969680786133
21.867067337036133
21.365846633911133
22.321657180786133
21.653932571411133
21.789186477661133
22.297487258911133
22.706666946411133
21.891725540161133
22.284547805786133
22.661989212036133
22.005006790161133
22.045289993286133
22.555055618286133
22.327028274536133
22.294557571411133
19.647829055786133
19.583131790161133
20.554567337036133
20.665895462036133
20.696168899536133
20.639772415161133
20.820436477661133
20.906618118286133
21.180055618286133
21.053102493286133
21.630983352661133
21.759157180786133
21.788454055786133
21.914186477661133
21.995729446411133
22.202028274536133
22.312623977661133
22.292360305786133
22.184694290161133
22.355348587036133
22.481325149536133
11.335817337036133
9.342897415161133
5.823853969573975
19.872438430786133
21.999147415161133
17.757692337036133
17.663454055786133
22.303102493286133
22.400514602661133
10.876832962036133
21.622682571411133
21.243776321411133
18.555543899536133
22.243288040161133
22.531618118286133
17.684206008911133
22.187379837036133
18.238405227661133
20.205202102661133
19.290163040161133
13.125123977661133
22.387819290161133
21.840700149536133
21.805788040161133
22.229616165161133
15.352418899536133
22.387086868286133
21.573366165161133
22.601686477661133
22.394655227661133
22.637331008911133
22.444704055786133
22.450319290161133
22.433717727661133
22.306764602661133
22.399049758911133
22.630006790161133
22.622926712036133
22.505495071411133
19.882692337036133
17.307008743286133
22.079957962036133
15.995485305786133
19.515260696411133
22.705202102661133
17.643678665161133
22.893434524536133
22.359987258911133
19.579469680786133
22.215944290161133
22.496706008911133
21.600954055786133
22.822389602661133
22.159791946411133
21.774293899536133
22.748414993286133
22.905153274536133
23.042848587036133
22.580690383911133
22.901735305786133
22.646608352661133
23.163454055786133
23.073122024536133
22.388063430786133
18.890993118286133
22.660524368286133
16.015016555786133
22.038454055786133
18.423952102661133
19.846315383911133
22.743776321411133
22.689332962036133
22.690065383911133
22.237184524536133
22.886598587036133
22.886842727661133
23.082887649536133
22.874635696411133
21.413454055786133
22.468873977661133
22.117067337036133
22.779176712036133
22.463258743286133
22.689821243286133
22.763551712036133
22.359987258911133
21.673463821411133
17.602418899536133
22.573610305786133
22.574342727661133
22.668336868286133
22.524049758911133
22.415407180786133
22.550661087036133
19.527956008911133
20.619020462036133
22.853151321411133
22.718873977661133
22.687135696411133
22.176149368286133
22.338747024536133
22.861452102661133
22.484743118286133
22.518678665161133
22.746461868286133
22.610475540161133
22.045289993286133
23.044313430786133
22.483766555786133
22.894899368286133
22.743532180786133
22.589967727661133
22.662233352661133
22.788209915161133
22.535036087036133
22.589235305786133
22.810670852661133
23.104616165161133
22.920045852661133
22.538942337036133
22.686891555786133
22.595094680786133
22.643190383911133
22.714235305786133
22.454469680786133
22.717409133911133
22.586305618286133
22.730836868286133
22.853151321411133
23.151979446411133
21.261598587036133
21.101686477661133
21.491334915161133
21.277956008911133
21.629030227661133
21.841188430786133
21.384889602661133
21.544557571411133
21.957643508911133
22.036745071411133
20.746950149536133
21.429323196411133
21.942750930786133
21.698854446411133
21.000856399536133
21.819459915161133
21.726198196411133
21.595338821411133
22.194704055786133
22.141969680786133
22.191286087036133
22.403200149536133
22.354860305786133
22.036500930786133
22.108034133911133
22.178346633911133
22.273073196411133
22.176149368286133
22.144411087036133
22.206178665161133
21.676149368286133
22.083375930786133
22.291139602661133
22.462282180786133
21.867799758911133
21.638063430786133
22.273073196411133
22.083620071411133
22.620729446411133
21.825807571411133
22.883913040161133
22.711549758911133
21.908327102661133
21.328004837036133
21.894411087036133
22.466188430786133
21.417360305786133
22.520387649536133
22.322633743286133
22.660768508911133
22.497194290161133
22.747926712036133
22.082887649536133
22.187868118286133
22.313112258911133
22.454469680786133
22.786745071411133
22.185914993286133
22.634157180786133
22.837770462036133
22.629518508911133
22.461061477661133
22.753786087036133
22.420778274536133
22.275758743286133
22.289430618286133
22.348024368286133
22.641237258911133
22.242799758911133
22.724245071411133
22.651247024536133
22.682497024536133
22.831178665161133
22.828004837036133
16.335573196411133
11.682741165161133
16.380983352661133
16.795289993286133
17.249879837036133
17.972291946411133
19.595827102661133
19.172731399536133
18.327028274536133
19.645143508911133
18.843141555786133
20.254518508911133
20.430788040161133
20.351686477661133
20.507692337036133
20.559206008911133
20.339723587036133
20.523073196411133
20.533815383911133
20.123659133911133
20.637575149536133
20.301149368286133
20.641237258911133
21.041139602661133
21.307985305786133
20.975954055786133
20.850221633911133
21.418092727661133
20.590456008911133
20.719606399536133
21.215700149536133
20.923463821411133
21.269899368286133
21.224489212036133
21.019899368286133
20.422487258911133
20.861452102661133
21.221315383911133
20.882692337036133
20.527956008911133
20.515260696411133
20.800416946411133
20.810914993286133
21.542116165161133
20.890504837036133
20.917604446411133
21.176637649536133
21.286989212036133
22.609010696411133
21.703493118286133
22.060914993286133
22.109743118286133
22.007204055786133
22.583620071411133
22.083620071411133
22.297487258911133
22.186891555786133
22.478883743286133
22.114381790161133
22.042116165161133
22.174928665161133
22.423219680786133
22.443971633911133
22.254274368286133
22.614625930786133
22.191041946411133
22.437135696411133
21.974977493286133
22.327028274536133
22.583864212036133
22.843629837036133
22.936159133911133
22.966188430786133
23.121461868286133
22.430299758911133
22.504030227661133
22.849977493286133
22.708131790161133
22.873170852661133
22.506715774536133
22.264528274536133
22.498903274536133
22.913209915161133
22.375612258911133
22.519655227661133
22.515504837036133
22.861452102661133
22.956422805786133
22.500368118286133
22.316041946411133
22.671510696411133
22.627565383911133
22.348512649536133
22.840211868286133
22.399782180786133
22.641237258911133
21.731569290161133
22.098024368286133
22.915651321411133
22.061403274536133
22.515748977661133
22.712038040161133
22.697145462036133
23.111207962036133
22.884889602661133
23.088991165161133
23.087282180786133
23.154909133911133
22.691530227661133
23.368776321411133
22.404664993286133
22.525758743286133
22.564821243286133
22.515016555786133
23.419801712036133
23.293336868286133
23.494020462036133
23.159303665161133
23.539430618286133
23.536745071411133
22.601442337036133
22.868776321411133
22.490358352661133
23.603395462036133
23.597536087036133
22.897096633911133
22.755495071411133
22.599245071411133
22.526735305786133
23.163454055786133
22.493043899536133
23.176637649536133
23.109010696411133
22.293825149536133
22.773805618286133
22.599000930786133
22.840700149536133
23.193483352661133
22.470582962036133
22.552125930786133
22.656618118286133
22.724245071411133
22.400026321411133
22.996950149536133
22.519411087036133
22.483034133911133
22.481325149536133
22.218141555786133
22.606325149536133
22.245485305786133
22.250123977661133
22.006959915161133
22.551149368286133
22.889039993286133
13.725709915161133
19.551393508911133
19.417848587036133
20.263551712036133
20.341920852661133
20.447633743286133
20.930788040161133
20.433473587036133
20.582643508911133
20.442750930786133
20.966676712036133
21.374147415161133
20.752077102661133
20.776979446411133
20.974977493286133
21.183473587036133
20.452760696411133
20.639528274536133
21.160524368286133
21.290163040161133
21.910768508911133
21.640260696411133
21.895631790161133
22.258668899536133
22.536745071411133
22.515016555786133
22.604860305786133
22.565065383911133
22.952760696411133
22.564088821411133
22.510377883911133
22.795534133911133
22.499635696411133
22.858766555786133
22.791627883911133
22.606569290161133
22.954713821411133
22.874147415161133
23.346315383911133
23.230104446411133
23.376588821411133
22.979616165161133
22.767213821411133
23.492555618286133
23.046266555786133
22.534059524536133
22.672243118286133
23.329469680786133
23.042604446411133
22.439821243286133
22.171266555786133
14.146608352661133
19.530397415161133
20.609743118286133
20.679811477661133
20.547975540161133
20.564821243286133
20.936159133911133
20.823122024536133
21.073366165161133
21.504274368286133
21.162965774536133
20.590944290161133
20.500612258911133
21.207155227661133
21.748414993286133
22.194215774536133
22.135133743286133
22.164430618286133
23.029909133911133
22.575319290161133
22.840944290161133
22.002565383911133
22.791627883911133
22.657106399536133
22.787721633911133
22.551149368286133
23.109254837036133
22.804323196411133
22.615114212036133
22.643678665161133
16.070680618286133
20.002809524536133
19.721803665161133
20.642457962036133
21.016237258911133
21.338991165161133
21.325075149536133
20.837282180786133
21.471559524536133
20.788454055786133
21.962282180786133
22.299440383911133
22.108522415161133
22.880495071411133
22.396120071411133
22.736207962036133
23.072145462036133
23.057497024536133
22.938356399536133
22.747438430786133
22.339235305786133
22.495973587036133
23.002565383911133
22.643434524536133
22.860963821411133
20.668581008911133
21.085084915161133
21.250368118286133
20.562623977661133
21.015260696411133
21.789674758911133
22.032838821411133
22.253786087036133
22.554079055786133
22.325563430786133
22.894899368286133
22.445924758911133
22.795045852661133
16.239137649536133
20.836793899536133
20.879518508911133
20.696901321411133
21.476686477661133
20.995485305786133
20.667360305786133
21.780885696411133
21.819704055786133
22.279909133911133
22.318971633911133
22.866823196411133
22.728883743286133
22.780397415161133
22.490846633911133
21.078981399536133
21.030397415161133
21.896120071411133
22.255983352661133
22.769899368286133
22.778932571411133
21.010866165161133
21.243043899536133
22.077760696411133
22.214479446411133
22.716676712036133
22.965211868286133
22.940553665161133
23.029909133911133
22.684694290161133
22.803834915161133
22.538698196411133
16.576784133911133
22.581911087036133
22.802614212036133
23.058473587036133
22.621706008911133
23.161745071411133
21.385377883911133
22.103639602661133
22.329469680786133
22.278932571411133
23.294069290161133
23.143922805786133
23.225221633911133
22.712282180786133
17.207155227661133
22.786500930786133
22.992799758911133
23.427614212036133
17.864137649536133
21.233034133911133
22.503541946411133
17.838991165161133
20.741090774536133
22.494997024536133
22.517457962036133
19.017702102661133
19.282838821411133
22.855592727661133
19.457887649536133
22.537721633911133
22.537477493286133
22.495241165161133
19.617311477661133
22.601686477661133
22.445192337036133
22.158327102661133
22.992067337036133
22.191041946411133
19.701539993286133
22.505250930786133
22.822145462036133
22.988161087036133
22.522096633911133
22.654664993286133
23.316530227661133
19.802125930786133
21.286500930786133
22.048952102661133
23.038942337036133
21.645143508911133
23.296754837036133
22.648317337036133
22.908082962036133
