9.876351576561311e-42
0.0
6.635026454925537
0.0
2.437516689300537
0.0
8.896501541137695
8.357194900512695
3.667008876800537
21.289323806762695
4.836930751800537
20.562273025512695
20.471208572387695
22.563982009887695
21.908708572387695
18.861589431762695
23.074480056762695
21.565446853637695
23.407976150512695
19.303239822387695
22.765153884887695
23.008562088012695
12.520524978637695
15.812517166137695
15.656511306762695
22.912614822387695
23.187761306762695
20.901628494262695
21.716814041137695
23.311296463012695
22.128190994262695
22.932146072387695
20.625993728637695
22.300310134887695
22.438249588012695
21.996843338012695
21.816179275512695
21.777360916137695
23.087907791137695
22.054948806762695
21.704607009887695
21.967058181762695
3.237565517425537
16.958757400512695
0.0
5.845963954925537
11.067644119262695
19.678972244262695
22.306413650512695
10.952898025512695
21.365495681762695
23.463151931762695
20.807146072387695
23.302507400512695
10.448259353637695
22.847917556762695
18.656755447387695
22.145036697387695
23.408952713012695
21.843767166137695
12.136003494262695
19.582292556762695
3.467301845550537
15.978532791137695
8.506120681762695
23.069597244262695
23.420183181762695
21.819841384887695
13.757341384887695
22.514909744262695
21.939226150512695
21.671892166137695
9.063982009887695
17.565202713012695
5.995378017425537
14.172136306762695
23.319841384887695
23.170671463012695
12.556169509887695
22.480974197387695
22.313493728637695
21.647478103637695
16.897478103637695
19.994157791137695
18.100358963012695
23.304460525512695
22.976091384887695
22.869157791137695
22.550554275512695
22.304704666137695
19.824235916137695
12.202165603637695
23.411149978637695
22.688249588012695
21.648942947387695
21.296159744262695
23.101579666137695
23.122575759887695
22.187273025512695
16.051286697387695
16.431901931762695
23.094743728637695
21.699724197387695
21.667497634887695
14.688005447387695
21.048357009887695
17.812273025512695
23.254167556762695
22.054948806762695
21.893083572387695
19.192155838012695
21.709489822387695
20.164323806762695
22.071306228637695
21.900896072387695
21.061052322387695
22.085222244262695
15.284440994262695
22.031999588012695
18.596940994262695
22.311296463012695
21.671648025512695
22.072526931762695
22.458513259887695
22.074480056762695
22.428239822387695
22.092058181762695
22.762956619262695
23.390886306762695
22.097185134887695
22.477312088012695
16.772233963012695
22.424577713012695
22.561296463012695
22.722673416137695
22.922136306762695
19.615739822387695
22.079362869262695
22.180437088012695
22.112321853637695
22.285661697387695
22.460710525512695
22.238298416137695
22.422868728637695
22.603776931762695
22.748064041137695
22.786149978637695
22.838396072387695
22.884782791137695
22.883317947387695
23.107439041137695
23.204362869262695
23.362321853637695
23.427019119262695
22.931169509887695
23.043962478637695
23.262712478637695
23.387224197387695
23.560075759887695
23.634782791137695
23.140153884887695
23.168962478637695
0.0
0.0
0.0
0.0
0.0
5.950700283050537
11.051286697387695
4.151139736175537
11.781755447387695
11.057878494262695
0.0
3.894303798675537
13.642839431762695
0.0
16.200212478637695
5.194596767425537
10.957536697387695
20.475603103637695
6.286881923675537
19.919206619262695
18.809587478637695
6.400407314300537
0.0
20.999773025512695
18.303728103637695
16.574480056762695
10.101579666137695
14.606218338012695
17.150651931762695
0.0
18.386247634887695
16.131853103637695
18.017107009887695
15.689470291137695
0.0
1.7429367303848267
0.0
6.974137783050537
9.909685134887695
0.0
9.789567947387695
9.061540603637695
19.101823806762695
9.715105056762695
14.849382400512695
5.329606533050537
20.803728103637695
12.000017166137695
21.558366775512695
2.076188564300537
1.6548019647598267
17.776872634887695
7.476823329925537
20.878679275512695
15.383073806762695
0.0
10.137468338012695
22.104753494262695
16.051530838012695
5.999528408050537
14.092302322387695
13.271745681762695
16.075700759887695
1.8669601678848267
18.726823806762695
7.069352626800537
6.596452236175537
20.296892166137695
17.440446853637695
10.493669509887695
14.382341384887695
14.315202713012695
9.594255447387695
17.851823806762695
18.251237869262695
17.448747634887695
17.416276931762695
18.907732009887695
19.643815994262695
13.411638259887695
18.887468338012695
15.073503494262695
21.001237869262695
17.008317947387695
20.892351150512695
18.145036697387695
19.910173416137695
21.225358963012695
19.106218338012695
19.151140213012695
20.022722244262695
20.946550369262695
21.166765213012695
21.654314041137695
21.625261306762695
21.674333572387695
16.574235916137695
17.086931228637695
16.922868728637695
11.007585525512695
4.541520595550537
8.679216384887695
5.340104579925537
0.0
0.0
0.0
0.0
17.766618728637695
14.779802322387695
16.731950759887695
13.992204666137695
10.586442947387695
0.0
0.0
0.0
0.0
4.333268642425537
16.227312088012695
15.277360916137695
0.0
6.512956142425537
15.097673416137695
7.939469814300537
16.535173416137695
11.024675369262695
17.767595291137695
11.636735916137695
4.759294033050537
10.346208572387695
17.202898025512695
0.0
6.861344814300537
0.0
14.004899978637695
8.404314041137695
5.044450283050537
11.850603103637695
17.057390213012695
12.705827713012695
0.0
6.465104579925537
2.573991298675537
14.106950759887695
0.0
0.0
14.292009353637695
8.979509353637695
0.0
16.497575759887695
10.537370681762695
14.611589431762695
0.0
13.401628494262695
1.4109054803848267
0.0
0.0
2.472917079925537
0.0
14.390153884887695
0.0
0.0
1.6862961053848267
0.0
15.123796463012695
0.0
14.878923416137695
6.003190517425537
1.8965011835098267
7.865739345550537
13.386003494262695
12.077165603637695
13.700700759887695
14.444353103637695
13.805192947387695
15.000505447387695
15.008317947387695
17.339616775512695
17.675798416137695
18.068132400512695
18.736589431762695
18.752702713012695
20.423112869262695
18.842058181762695
15.031511306762695
16.338884353637695
19.856218338012695
17.257829666137695
20.121843338012695
22.181901931762695
16.753923416137695
10.604265213012695
18.012712478637695
21.834978103637695
22.685564041137695
22.484636306762695
23.193864822387695
21.995866775512695
22.517351150512695
22.827409744262695
22.762956619262695
22.789812088012695
22.473405838012695
22.628679275512695
22.785173416137695
17.537126541137695
15.715105056762695
20.847917556762695
19.271989822387695
22.525163650512695
20.957536697387695
14.301530838012695
22.214616775512695
22.198015213012695
23.079851150512695
22.828630447387695
22.442155838012695
22.757585525512695
18.683610916137695
18.088396072387695
20.133317947387695
18.498552322387695
22.544694900512695
20.005144119262695
19.173601150512695
21.881853103637695
20.960222244262695
23.153337478637695
21.207536697387695
17.167741775512695
21.535661697387695
22.066179275512695
18.897722244262695
23.155778884887695
22.311052322387695
22.477067947387695
20.948991775512695
22.545427322387695
22.578142166137695
22.120622634887695
23.166765213012695
22.743913650512695
22.425310134887695
23.040300369262695
22.150651931762695
22.234392166137695
22.958757400512695
23.012468338012695
22.266618728637695
22.810319900512695
22.998552322387695
22.495622634887695
22.594255447387695
22.777360916137695
22.825700759887695
22.811296463012695
19.364519119262695
19.623064041137695
20.606706619262695
21.214128494262695
22.511247634887695
22.261247634887695
22.305437088012695
22.156267166137695
22.157487869262695
22.323015213012695
22.237810134887695
22.340349197387695
22.248552322387695
22.472673416137695
22.409929275512695
22.548601150512695
22.835222244262695
22.864274978637695
22.836198806762695
22.838884353637695
22.730974197387695
11.768083572387695
9.501482009887695
3.561540126800537
20.926286697387695
22.916276931762695
18.668718338012695
18.191911697387695
22.449480056762695
22.797624588012695
11.206560134887695
22.494890213012695
22.110857009887695
19.058610916137695
22.510271072387695
22.744890213012695
18.585222244262695
22.514665603637695
18.623796463012695
21.016618728637695
20.240495681762695
13.378190994262695
22.598161697387695
22.172624588012695
21.747331619262695
22.168474197387695
15.982194900512695
22.425798416137695
22.453874588012695
23.203386306762695
23.124528884887695
22.968278884887695
23.107439041137695
22.590837478637695
22.585222244262695
22.548357009887695
22.531511306762695
22.576433181762695
22.722429275512695
22.604753494262695
19.917985916137695
18.152360916137695
22.266130447387695
16.821306228637695
20.453386306762695
22.928483963012695
18.467790603637695
22.919450759887695
22.601579666137695
20.367937088012695
22.989030838012695
22.909440994262695
22.400407791137695
22.876726150512695
22.570085525512695
22.173845291137695
23.139909744262695
23.169694900512695
23.060808181762695
22.700456619262695
22.984880447387695
22.669939041137695
22.919450759887695
22.927263259887695
22.763200759887695
19.630632400512695
22.644792556762695
16.927507400512695
22.441911697387695
19.279069900512695
20.641618728637695
23.150896072387695
22.956315994262695
22.694108963012695
22.216814041137695
23.030290603637695
22.931657791137695
22.882097244262695
22.869157791137695
21.918718338012695
22.901140213012695
22.617692947387695
22.865739822387695
22.526628494262695
22.601579666137695
22.589372634887695
22.882829666137695
22.219255447387695
18.364030838012695
22.843278884887695
22.648942947387695
22.537614822387695
22.402605056762695
22.512956619262695
22.862321853637695
20.332536697387695
21.470232009887695
22.712419509887695
22.933610916137695
22.586198806762695
22.781999588012695
22.891862869262695
23.061052322387695
22.605974197387695
22.789079666137695
22.595720291137695
22.870622634887695
22.515642166137695
23.040544509887695
22.762956619262695
22.769548416137695
22.761980056762695
22.915788650512695
22.694597244262695
22.661149978637695
22.655046463012695
22.672624588012695
22.938249588012695
22.988298416137695
22.690202713012695
22.396257400512695
22.546403884887695
22.748064041137695
22.728044509887695
22.646501541137695
22.781023025512695
22.747819900512695
22.817399978637695
22.823991775512695
22.918230056762695
23.173357009887695
21.633317947387695
21.444841384887695
21.557634353637695
20.984148025512695
21.738054275512695
21.819841384887695
20.544450759887695
20.868669509887695
21.021013259887695
20.771501541137695
19.460710525512695
21.284685134887695
21.757097244262695
20.681169509887695
19.551530838012695
21.139909744262695
20.671403884887695
21.669939041137695
20.863786697387695
20.606218338012695
21.001482009887695
20.819353103637695
20.952898025512695
21.616228103637695
21.192155838012695
21.676774978637695
21.700212478637695
21.096208572387695
21.500261306762695
21.024187088012695
19.857927322387695
20.724870681762695
20.951189041137695
20.949480056762695
20.017351150512695
19.854021072387695
20.908708572387695
20.117692947387695
21.172136306762695
20.021501541137695
20.912370681762695
22.010271072387695
20.192399978637695
19.956804275512695
20.129167556762695
20.818864822387695
19.978288650512695
20.614274978637695
20.979509353637695
21.220476150512695
20.351823806762695
20.939958572387695
20.241228103637695
20.771989822387695
20.372087478637695
20.842058181762695
20.674089431762695
20.531511306762695
20.812273025512695
20.856218338012695
20.665300369262695
20.938249588012695
21.068620681762695
20.930192947387695
20.850603103637695
20.813737869262695
20.873552322387695
20.964860916137695
20.913103103637695
20.917985916137695
21.011980056762695
21.326677322387695
21.195329666137695
21.863786697387695
15.007341384887695
12.684343338012695
16.168718338012695
16.227800369262695
16.276628494262695
16.889665603637695
18.928728103637695
18.159196853637695
17.332292556762695
19.318376541137695
17.974626541137695
20.381120681762695
20.938982009887695
21.380876541137695
21.404802322387695
21.545671463012695
20.552507400512695
20.939226150512695
20.866716384887695
20.894060134887695
21.378435134887695
21.213884353637695
21.240495681762695
21.328630447387695
22.126970291137695
22.035417556762695
22.420183181762695
21.839128494262695
21.223405838012695
21.321794509887695
21.400651931762695
21.451189041137695
21.444353103637695
21.450944900512695
21.125017166137695
21.275407791137695
21.143815994262695
21.633806228637695
21.249040603637695
21.363054275512695
21.263933181762695
21.633073806762695
21.651628494262695
22.010759353637695
21.886980056762695
21.549089431762695
21.852067947387695
21.733659744262695
22.603288650512695
21.827165603637695
22.153093338012695
21.951433181762695
21.900163650512695
22.613298416137695
22.124284744262695
21.990251541137695
21.897478103637695
22.380144119262695
21.985368728637695
22.083513259887695
22.011735916137695
22.082536697387695
22.038835525512695
22.186052322387695
22.700944900512695
22.160905838012695
22.464128494262695
20.812517166137695
22.333269119262695
22.479997634887695
22.848649978637695
22.414567947387695
22.368669509887695
22.810075759887695
22.708513259887695
22.221208572387695
22.833269119262695
22.669206619262695
22.363786697387695
22.481950759887695
22.386735916137695
22.327898025512695
22.835466384887695
22.494157791137695
22.290300369262695
21.219011306762695
22.788835525512695
22.104997634887695
22.149187088012695
22.198259353637695
22.615007400512695
22.836198806762695
22.442888259887695
22.853532791137695
22.167009353637695
22.957292556762695
21.978532791137695
21.756364822387695
22.978288650512695
21.965349197387695
22.204607009887695
22.894792556762695
22.338396072387695
23.214372634887695
21.703630447387695
23.362077713012695
22.573747634887695
22.978532791137695
21.062028884887695
22.858903884887695
22.894792556762695
21.447038650512695
21.688249588012695
23.043718338012695
23.164079666137695
23.557634353637695
23.458757400512695
22.625017166137695
23.605241775512695
23.566423416137695
21.804948806762695
22.467546463012695
21.578142166137695
23.485124588012695
23.588640213012695
23.276872634887695
22.274431228637695
22.062273025512695
21.786638259887695
22.930681228637695
21.766618728637695
22.532976150512695
23.378190994262695
21.614763259887695
22.441179275512695
22.270524978637695
22.603288650512695
22.886735916137695
22.231950759887695
22.540300369262695
22.430192947387695
22.930681228637695
22.053728103637695
23.302263259887695
22.087907791137695
22.866228103637695
22.337175369262695
21.929948806762695
22.948503494262695
21.957780838012695
21.919939041137695
21.500261306762695
22.850358963012695
22.932878494262695
14.300554275512695
19.555681228637695
18.535173416137695
20.178483963012695
20.579118728637695
21.158708572387695
21.622331619262695
21.121110916137695
21.525896072387695
21.224382400512695
22.271257400512695
22.030778884887695
22.153093338012695
21.237321853637695
21.313982009887695
21.283464431762695
21.197771072387695
21.528581619262695
21.850847244262695
21.434587478637695
22.259050369262695
21.998552322387695
21.973649978637695
21.822771072387695
22.386491775512695
22.345232009887695
22.206804275512695
22.468278884887695
22.213884353637695
22.279069900512695
22.278581619262695
22.309343338012695
22.347185134887695
22.916032791137695
22.719255447387695
22.547868728637695
23.081804275512695
21.615251541137695
22.932390213012695
23.030046463012695
23.125993728637695
22.247575759887695
22.007341384887695
22.805925369262695
23.021257400512695
21.825700759887695
22.639177322387695
23.056169509887695
22.829118728637695
22.235612869262695
21.641618728637695
14.396501541137695
19.740495681762695
21.146501541137695
21.583024978637695
21.170183181762695
21.273454666137695
22.005388259887695
21.254167556762695
21.989274978637695
21.941179275512695
21.319108963012695
21.188005447387695
21.408464431762695
21.604265213012695
22.072282791137695
21.908952713012695
22.319597244262695
21.544939041137695
22.801042556762695
22.451921463012695
22.931657791137695
22.172868728637695
22.217546463012695
22.146013259887695
23.076189041137695
21.985124588012695
23.047624588012695
22.743669509887695
22.569353103637695
22.911149978637695
15.169694900512695
20.366228103637695
19.058122634887695
21.653093338012695
21.884782791137695
21.968767166137695
21.392595291137695
21.586931228637695
21.828630447387695
21.415056228637695
22.325944900512695
22.220720291137695
22.235368728637695
22.791276931762695
22.259538650512695
22.472185134887695
22.406267166137695
23.177263259887695
21.892351150512695
22.314958572387695
21.700456619262695
22.333513259887695
22.952165603637695
22.225603103637695
23.059831619262695
21.486101150512695
21.325700759887695
21.877702713012695
21.252702713012695
21.607927322387695
21.687273025512695
22.174089431762695
22.460954666137695
22.260515213012695
21.759782791137695
23.026872634887695
22.022233963012695
22.229265213012695
15.569841384887695
22.036638259887695
21.934831619262695
21.660905838012695
21.859636306762695
21.290300369262695
21.386003494262695
21.792985916137695
22.270769119262695
22.261491775512695
21.112810134887695
22.728776931762695
22.041032791137695
22.419206619262695
22.735368728637695
22.022966384887695
21.806413650512695
22.347185134887695
22.329607009887695
22.782243728637695
22.655046463012695
21.940935134887695
22.094011306762695
22.149675369262695
22.200944900512695
22.981706619262695
22.788835525512695
22.185808181762695
22.321062088012695
22.433366775512695
22.965837478637695
22.906511306762695
15.540056228637695
22.160417556762695
23.091325759887695
22.513200759887695
22.716814041137695
22.898210525512695
22.023210525512695
22.441423416137695
22.125017166137695
21.965349197387695
22.741472244262695
22.935319900512695
22.842058181762695
22.740983963012695
15.831071853637695
23.092302322387695
22.849138259887695
23.136247634887695
16.301286697387695
21.409929275512695
22.212907791137695
16.608415603637695
21.531023025512695
22.042009353637695
22.242692947387695
17.919206619262695
18.261247634887695
22.892351150512695
18.583757400512695
22.545671463012695
22.375505447387695
22.522966384887695
18.989763259887695
22.621843338012695
22.431657791137695
22.351091384887695
23.152116775512695
22.369646072387695
19.688249588012695
22.585222244262695
21.593767166137695
23.208513259887695
22.595232009887695
21.367204666137695
23.281267166137695
19.466814041137695
21.774431228637695
22.357194900512695
23.290544509887695
21.884294509887695
23.578630447387695
22.589128494262695
22.088640213012695
