9.876351576561311e-42
3.9974074363708496
8.231538772583008
1.7039505243301392
5.74179220199585
2.4671339988708496
8.659273147583008
9.540864944458008
7.71396017074585
21.632417678833008
8.466646194458008
19.773775100708008
20.771821975708008
23.228853225708008
22.609224319458008
17.558198928833008
23.569185256958008
21.670747756958008
23.916597366333008
18.491304397583008
23.332124710083008
23.705659866333008
14.222993850708008
16.398286819458008
16.471284866333008
23.684175491333008
23.708833694458008
19.819185256958008
20.359224319458008
23.762544631958008
23.163667678833008
23.655855178833008
19.925386428833008
23.075532913208008
21.369478225708008
22.222261428833008
22.092622756958008
22.311128616333008
23.705659866333008
22.031587600708008
22.555025100708008
22.313814163208008
6.19320821762085
16.702486038208008
2.0855422019958496
7.11044454574585
12.279878616333008
18.349702835083008
23.034761428833008
11.778413772583008
21.962495803833008
23.906587600708008
20.855318069458008
23.854829788208008
12.222261428833008
23.484468460083008
18.217866897583008
23.339937210083008
23.696870803833008
22.621431350708008
10.653169631958008
20.252290725708008
5.91879415512085
16.201753616333008
9.727632522583008
23.603364944458008
23.920991897583008
21.977876663208008
14.372407913208008
23.159761428833008
23.208589553833008
22.352876663208008
8.389497756958008
17.976655960083008
7.28891134262085
14.295747756958008
23.754732131958008
23.773530960083008
12.346773147583008
23.151948928833008
21.116548538208008
22.458589553833008
16.638277053833008
20.397798538208008
18.219575881958008
23.718111038208008
23.626070022583008
23.710298538208008
23.082368850708008
21.334077835083008
19.521089553833008
11.104097366333008
23.927095413208008
23.201021194458008
22.683931350708008
21.145357131958008
23.568452835083008
23.714448928833008
21.805513381958008
15.191255569458008
14.883394241333008
23.660982131958008
22.949068069458008
22.806978225708008
13.501070022583008
20.545015335083008
16.687349319458008
23.749849319458008
21.143648147583008
23.225923538208008
16.937349319458008
22.241304397583008
19.056978225708008
23.316499710083008
22.415132522583008
20.556001663208008
21.801362991333008
12.667329788208008
22.417329788208008
17.207612991333008
23.202974319458008
21.372407913208008
23.350679397583008
22.824312210083008
23.141695022583008
23.222261428833008
23.166353225708008
23.306489944458008
23.682954788208008
22.992769241333008
23.144380569458008
15.751802444458008
23.255708694458008
23.358003616333008
23.475923538208008
23.665864944458008
19.495943069458008
22.546968460083008
23.116304397583008
22.485689163208008
23.180025100708008
22.964204788208008
22.471284866333008
22.814790725708008
23.158540725708008
23.256196975708008
23.343843460083008
23.443941116333008
23.671480178833008
23.488862991333008
23.519380569458008
23.434907913208008
23.681001663208008
23.691743850708008
23.408784866333008
23.494966506958008
23.615571975708008
23.546480178833008
23.623872756958008
23.630952835083008
23.655122756958008
23.737886428833008
2.9585890769958496
4.28866720199585
4.30551290512085
7.40683126449585
5.48666524887085
9.101655960083008
12.715913772583008
9.368745803833008
13.612886428833008
12.205659866333008
4.04745626449585
9.265718460083008
13.734712600708008
6.31674337387085
15.382173538208008
8.933198928833008
11.369966506958008
20.015718460083008
8.496675491333008
19.567232131958008
16.801362991333008
8.652437210083008
4.58676290512085
20.551118850708008
18.294282913208008
16.771821975708008
10.214937210083008
13.493257522583008
17.541109085083008
5.81039571762085
18.796480178833008
14.469575881958008
18.581880569458008
14.050386428833008
4.30819845199585
5.49350118637085
3.2835402488708496
10.908540725708008
11.995698928833008
3.4676222801208496
11.738862991333008
11.213228225708008
18.456148147583008
11.120454788208008
13.731050491333008
7.11020040512085
20.316499710083008
11.700777053833008
19.718843460083008
5.88412618637085
7.64560079574585
15.367036819458008
9.240083694458008
20.387788772583008
15.230073928833008
6.03329610824585
10.893404006958008
21.470308303833008
14.749116897583008
9.977144241333008
13.290376663208008
11.397798538208008
16.291841506958008
8.054048538208008
17.383150100708008
9.693696975708008
9.894624710083008
18.937105178833008
16.316011428833008
12.352632522583008
14.864107131958008
14.989839553833008
11.414888381958008
16.613618850708008
18.162446975708008
16.668062210083008
15.597993850708008
19.622407913208008
20.496431350708008
13.458345413208008
19.646333694458008
14.423433303833008
21.428316116333008
16.156343460083008
20.846284866333008
18.658540725708008
17.648530960083008
19.068452835083008
18.586275100708008
18.983736038208008
19.382417678833008
19.849702835083008
20.188814163208008
21.023042678833008
21.486665725708008
22.029878616333008
18.781587600708008
19.204683303833008
17.464937210083008
13.508394241333008
12.452974319458008
13.130708694458008
12.160493850708008
10.263277053833008
0.4886184632778168
1.4825149774551392
6.93124532699585
18.726411819458008
15.910249710083008
17.591402053833008
14.856782913208008
13.450044631958008
0.9676223993301392
3.8948683738708496
6.28695821762085
2.8182082176208496
9.688814163208008
16.217378616333008
15.254487991333008
3.5430617332458496
10.513277053833008
15.697847366333008
10.444673538208008
18.097261428833008
12.968843460083008
19.691743850708008
14.100923538208008
12.508882522583008
13.882173538208008
17.533052444458008
1.5035110712051392
12.396821975708008
4.32650899887085
14.291597366333008
11.847017288208008
9.237154006958008
12.592134475708008
18.373628616333008
14.426362991333008
1.6023880243301392
10.861177444458008
7.92196798324585
14.119966506958008
2.7539992332458496
6.10531759262085
14.509859085083008
12.024019241333008
5.12558126449585
17.392915725708008
13.458833694458008
14.851411819458008
4.54062032699585
14.341646194458008
6.70834493637085
2.7718214988708496
5.83480978012085
8.459810256958008
9.005952835083008
14.825044631958008
9.690279006958008
8.306734085083008
11.127046585083008
10.580659866333008
15.308931350708008
10.859468460083008
15.282564163208008
12.269624710083008
12.132417678833008
13.432222366333008
14.430757522583008
14.520601272583008
14.890718460083008
15.261079788208008
14.970796585083008
15.714937210083008
15.177827835083008
17.447114944458008
18.649019241333008
18.738374710083008
19.819185256958008
19.775484085083008
21.570894241333008
19.820650100708008
15.948091506958008
17.634859085083008
20.606538772583008
17.685396194458008
20.057710647583008
21.453462600708008
16.655122756958008
13.163667678833008
17.612398147583008
20.801851272583008
22.233003616333008
22.542818069458008
22.998140335083008
22.852144241333008
23.260835647583008
23.228853225708008
23.301362991333008
23.379243850708008
23.375093460083008
23.240083694458008
23.382173538208008
18.771577835083008
15.992036819458008
20.652681350708008
18.422212600708008
21.585054397583008
19.988862991333008
14.876802444458008
23.110445022583008
22.800630569458008
23.114839553833008
23.234468460083008
23.368501663208008
23.262788772583008
18.823335647583008
17.546480178833008
19.297945022583008
16.893159866333008
23.220552444458008
19.871675491333008
19.071870803833008
20.768892288208008
19.430269241333008
21.127779006958008
20.933198928833008
17.164888381958008
20.099702835083008
21.476900100708008
18.466646194458008
22.905855178833008
21.847261428833008
22.204927444458008
20.064790725708008
21.970064163208008
22.413423538208008
21.150484085083008
22.813325881958008
22.035005569458008
21.269380569458008
23.114595413208008
23.116304397583008
23.179048538208008
23.191987991333008
23.059419631958008
23.343111038208008
23.266695022583008
23.087007522583008
23.336030960083008
23.407808303833008
23.265230178833008
23.306978225708008
23.236421585083008
20.529146194458008
20.565279006958008
21.581392288208008
21.594575881958008
21.981294631958008
22.127290725708008
22.259126663208008
22.078218460083008
22.297212600708008
22.484224319458008
22.978609085083008
23.166109085083008
23.311616897583008
23.499849319458008
23.500093460083008
23.307466506958008
23.171724319458008
23.174165725708008
23.278169631958008
23.175142288208008
23.264986038208008
13.374116897583008
11.815034866333008
9.320161819458008
18.868501663208008
21.878023147583008
17.719331741333008
18.638521194458008
22.925874710083008
23.216157913208008
12.261079788208008
20.271577835083008
20.793306350708008
19.731782913208008
22.951021194458008
23.375093460083008
16.915132522583008
22.255952835083008
17.858736038208008
18.637300491333008
19.104097366333008
13.766939163208008
22.714693069458008
21.446382522583008
22.150239944458008
22.619966506958008
15.372407913208008
22.959321975708008
19.939790725708008
22.070894241333008
21.229097366333008
22.994722366333008
22.493989944458008
23.094575881958008
23.232271194458008
23.252290725708008
23.224458694458008
23.152925491333008
23.454439163208008
23.283296585083008
20.825288772583008
19.672700881958008
22.492525100708008
18.574800491333008
21.231050491333008
23.234224319458008
19.195650100708008
23.452486038208008
23.027681350708008
20.673921585083008
23.069673538208008
23.438814163208008
21.893404006958008
23.580415725708008
22.686616897583008
22.100435256958008
23.827730178833008
23.822847366333008
23.840913772583008
23.842622756958008
23.581636428833008
23.882417678833008
23.318452835083008
23.288667678833008
23.286714553833008
20.858491897583008
23.312105178833008
18.486665725708008
22.592866897583008
20.213228225708008
21.290620803833008
23.207124710083008
23.519380569458008
23.757905960083008
22.547700881958008
23.880952835083008
23.938570022583008
23.197359085083008
23.122652053833008
22.026704788208008
23.136079788208008
22.898042678833008
23.397554397583008
23.904146194458008
22.955904006958008
23.152193069458008
23.087251663208008
22.207857131958008
19.211275100708008
23.781343460083008
22.981538772583008
23.888032913208008
23.094331741333008
23.203706741333008
23.168062210083008
20.491548538208008
21.907320022583008
23.452730178833008
23.643648147583008
23.229585647583008
22.611665725708008
22.932466506958008
23.833345413208008
23.823335647583008
23.386568069458008
23.887788772583008
23.638277053833008
22.661470413208008
23.801118850708008
23.292085647583008
23.481294631958008
23.778657913208008
23.453218460083008
23.734468460083008
23.830659866333008
23.811128616333008
23.492036819458008
23.768892288208008
23.853609085083008
23.076021194458008
23.216157913208008
23.340425491333008
23.723482131958008
23.805025100708008
23.886812210083008
23.622652053833008
23.397310256958008
23.419282913208008
23.537691116333008
23.551362991333008
23.683687210083008
22.871675491333008
22.778413772583008
22.918550491333008
23.333345413208008
23.186861038208008
23.112154006958008
22.953706741333008
23.251802444458008
23.455659866333008
23.259859085083008
21.389986038208008
23.391939163208008
23.265474319458008
23.289400100708008
21.762788772583008
23.549898147583008
23.194673538208008
23.055513381958008
23.262544631958008
22.910249710083008
23.514986038208008
23.175874710083008
23.445405960083008
23.404634475708008
23.716157913208008
23.405855178833008
23.317720413208008
23.767183303833008
23.149751663208008
23.714693069458008
22.209566116333008
22.435640335083008
22.182466506958008
22.998140335083008
22.260347366333008
22.042329788208008
22.428316116333008
22.300874710083008
22.439790725708008
21.815279006958008
23.013032913208008
23.565279006958008
22.404390335083008
22.138032913208008
22.185884475708008
22.553804397583008
21.860200881958008
22.628999710083008
22.674409866333008
23.269868850708008
22.456148147583008
22.836519241333008
22.631441116333008
22.775728225708008
22.465181350708008
22.777681350708008
22.769380569458008
22.424409866333008
22.961519241333008
22.995943069458008
22.696626663208008
22.887788772583008
23.154878616333008
23.291841506958008
22.824068069458008
22.679048538208008
22.959321975708008
23.239107131958008
23.116060256958008
23.163911819458008
23.202974319458008
23.314302444458008
23.019380569458008
23.639497756958008
17.569429397583008
13.082612991333008
17.047700881958008
17.817720413208008
18.551851272583008
19.407564163208008
21.154390335083008
20.445894241333008
19.803316116333008
21.246187210083008
20.254732131958008
21.470552444458008
21.473237991333008
21.588716506958008
21.773042678833008
21.625337600708008
21.786714553833008
21.424165725708008
21.770601272583008
21.981050491333008
21.755708694458008
22.554292678833008
22.463960647583008
22.349214553833008
21.621919631958008
21.698823928833008
21.941743850708008
22.040864944458008
22.618501663208008
22.579439163208008
22.479585647583008
22.683687210083008
22.355806350708008
22.876558303833008
22.520601272583008
22.081392288208008
22.574800491333008
22.333833694458008
22.630464553833008
22.032808303833008
22.008882522583008
22.263521194458008
22.131441116333008
22.663911819458008
22.558931350708008
22.287935256958008
22.590425491333008
22.283296585083008
23.278902053833008
22.768404006958008
23.077486038208008
23.245698928833008
22.972505569458008
23.418062210083008
23.140230178833008
23.075777053833008
23.021821975708008
23.108491897583008
23.014986038208008
23.076997756958008
22.817964553833008
22.946626663208008
23.111909866333008
22.981782913208008
23.644380569458008
23.017915725708008
23.426607131958008
22.595552444458008
23.091402053833008
23.099946975708008
23.591890335083008
22.973482131958008
22.795259475708008
23.522554397583008
23.487398147583008
22.866548538208008
23.577486038208008
23.290864944458008
22.867769241333008
23.087739944458008
23.170747756958008
23.019380569458008
23.496675491333008
23.173921585083008
23.193208694458008
22.257661819458008
23.557466506958008
23.218843460083008
23.380464553833008
23.441499710083008
23.040376663208008
23.503023147583008
23.252046585083008
23.756685256958008
23.693941116333008
23.762300491333008
23.626314163208008
23.447603225708008
23.874116897583008
23.674165725708008
23.803804397583008
23.545503616333008
23.359468460083008
23.939302444458008
23.637056350708008
23.941255569458008
23.003267288208008
23.673189163208008
22.746431350708008
23.051118850708008
23.343843460083008
22.720552444458008
23.170259475708008
23.479341506958008
23.694185256958008
23.841157913208008
23.647554397583008
23.492769241333008
23.760835647583008
23.858736038208008
23.278169631958008
23.479585647583008
23.031343460083008
23.973482131958008
23.680757522583008
23.673921585083008
23.477876663208008
23.270357131958008
23.020357131958008
23.595796585083008
23.084077835083008
23.502290725708008
23.649507522583008
22.896089553833008
23.598237991333008
23.106294631958008
23.875581741333008
23.709810256958008
23.176607131958008
23.416597366333008
23.415132522583008
23.918306350708008
23.389986038208008
23.907564163208008
23.413179397583008
23.884126663208008
23.605562210083008
23.447114944458008
23.634126663208008
23.375825881958008
23.408540725708008
23.143892288208008
23.469575881958008
23.589937210083008
14.568696975708008
21.394136428833008
20.728120803833008
21.444185256958008
21.377290725708008
21.568941116333008
21.291841506958008
21.791109085083008
21.747652053833008
21.794282913208008
21.832368850708008
21.783540725708008
22.013521194458008
22.613618850708008
22.672700881958008
22.702486038208008
22.055269241333008
22.056489944458008
22.369234085083008
22.757661819458008
22.862642288208008
22.752779006958008
22.985933303833008
23.139497756958008
23.226655960083008
22.940034866333008
23.151216506958008
22.848237991333008
22.729829788208008
23.006196975708008
22.847993850708008
23.084077835083008
23.190279006958008
23.500825881958008
23.403902053833008
23.180025100708008
23.723237991333008
23.515230178833008
23.516939163208008
23.766939163208008
23.911958694458008
23.752779006958008
23.386323928833008
23.916597366333008
23.639497756958008
22.920015335083008
23.400972366333008
23.870698928833008
23.894380569458008
23.311861038208008
23.108247756958008
15.407075881958008
21.404390335083008
21.240083694458008
21.622896194458008
21.755708694458008
21.781587600708008
21.900239944458008
22.587251663208008
21.976655960083008
22.004976272583008
22.677339553833008
22.108980178833008
22.107515335083008
22.253267288208008
23.000093460083008
23.096773147583008
23.185884475708008
22.955415725708008
23.492769241333008
22.994234085083008
23.766695022583008
23.435152053833008
23.653169631958008
23.545747756958008
23.622163772583008
23.619966506958008
23.659761428833008
23.954195022583008
23.329683303833008
23.551118850708008
16.877046585083008
21.703706741333008
21.038911819458008
21.375825881958008
21.787446975708008
22.171480178833008
22.658540725708008
22.168794631958008
22.322603225708008
22.292085647583008
22.934663772583008
23.172212600708008
23.182954788208008
23.635347366333008
23.270112991333008
23.140474319458008
23.420747756958008
23.737154006958008
23.753511428833008
23.479585647583008
22.936128616333008
23.297212600708008
23.919282913208008
23.499116897583008
23.632417678833008
21.307954788208008
22.526216506958008
21.901460647583008
22.136812210083008
22.212739944458008
22.784273147583008
22.793794631958008
23.244234085083008
23.277193069458008
22.928804397583008
23.871919631958008
23.006196975708008
23.556001663208008
16.789400100708008
21.378755569458008
21.335298538208008
21.683198928833008
22.066011428833008
22.644624710083008
22.164400100708008
22.973482131958008
23.035982131958008
22.965425491333008
22.453462600708008
23.663911819458008
23.283296585083008
23.744234085083008
23.563081741333008
21.364595413208008
21.442964553833008
23.127290725708008
22.951997756958008
23.691499710083008
23.357271194458008
21.384859085083008
21.596284866333008
23.051362991333008
22.967622756958008
23.764497756958008
23.294527053833008
23.991304397583008
23.446870803833008
23.295503616333008
23.895601272583008
23.988618850708008
17.554048538208008
23.186128616333008
23.799165725708008
23.628023147583008
23.443208694458008
23.772066116333008
21.855806350708008
23.188570022583008
23.027437210083008
22.859712600708008
23.605073928833008
23.608736038208008
23.662935256958008
23.725435256958008
18.294038772583008
23.726655960083008
23.487398147583008
23.698579788208008
18.920259475708008
22.646089553833008
23.097993850708008
19.178316116333008
21.624116897583008
22.912691116333008
22.834566116333008
20.253023147583008
20.701753616333008
23.816743850708008
20.858980178833008
23.360200881958008
22.990083694458008
23.408296585083008
21.053560256958008
23.527437210083008
23.065523147583008
23.302827835083008
23.831636428833008
23.140474319458008
21.354097366333008
23.635835647583008
22.396333694458008
23.727388381958008
23.301362991333008
22.075044631958008
23.864595413208008
21.260591506958008
21.971284866333008
23.259859085083008
23.839204788208008
23.370943069458008
23.744478225708008
22.990816116333008
22.974458694458008
