9.876351576561311e-42
1.782128930091858
7.087060451507568
0.4300781190395355
3.4110350608825684
0.07290039211511612
8.121240615844727
9.094385147094727
5.017480373382568
16.557519912719727
6.484033107757568
16.463281631469727
17.188867568969727
16.978174209594727
16.905664443969727
16.905664443969727
16.641260147094727
17.728418350219727
17.278223037719727
16.561670303344727
18.259912490844727
17.223779678344727
11.452051162719727
13.891504287719727
14.038965225219727
17.339746475219727
17.543848037719727
16.924707412719727
17.655420303344727
17.525781631469727
18.835840225219727
17.522607803344727
17.628320693969727
18.306543350219727
18.839502334594727
18.264795303344727
18.015527725219727
18.086084365844727
18.360742568969727
18.203516006469727
18.204736709594727
18.356348037719727
5.097314357757568
13.559961318969727
0.0
6.512353420257568
10.499170303344727
16.283594131469727
16.773096084594727
11.245508193969727
16.979150772094727
17.044336318969727
17.273340225219727
17.411523818969727
10.173242568969727
18.112207412719727
15.809717178344727
18.773096084594727
17.726465225219727
18.454248428344727
10.547998428344727
14.953516006469727
5.056054592132568
14.212793350219727
9.450586318969727
17.211572647094727
17.175439834594727
18.020898818969727
12.847558975219727
18.697168350219727
18.635156631469727
18.315088272094727
9.179346084594727
14.228418350219727
6.216210842132568
13.485986709594727
17.039697647094727
16.905908584594727
12.754053115844727
18.863183975219727
18.380029678344727
18.314111709594727
14.469141006469727
15.595117568969727
15.799219131469727
17.309717178344727
17.005762100219727
17.355859756469727
18.794336318969727
18.058984756469727
16.275293350219727
11.285547256469727
17.504541397094727
18.756250381469727
18.402002334594727
17.142480850219727
16.936914443969727
17.515527725219727
18.128320693969727
13.942529678344727
15.617578506469727
17.378320693969727
18.613183975219727
18.477441787719727
12.716455459594727
16.990625381469727
16.187891006469727
17.518701553344727
17.873437881469727
18.642969131469727
15.781152725219727
17.336328506469727
17.287500381469727
18.725000381469727
17.425195693969727
17.451562881469727
18.110986709594727
13.190576553344727
18.356348037719727
15.720117568969727
17.866357803344727
17.576562881469727
18.597070693969727
18.741846084594727
18.535547256469727
17.576318740844727
18.669092178344727
17.347314834594727
17.821191787719727
18.522607803344727
18.786035537719727
14.975732803344727
18.282373428344727
18.223779678344727
18.180566787719727
18.014795303344727
16.977197647094727
18.646387100219727
18.611963272094727
18.226465225219727
18.116113662719727
18.660058975219727
18.461816787719727
18.727441787719727
18.698633193969727
18.211084365844727
17.991357803344727
17.806787490844727
17.908594131469727
17.673974990844727
17.450098037719727
17.723779678344727
17.596582412719727
17.669336318969727
17.847803115844727
17.830224990844727
17.863183975219727
18.079736709594727
18.166406631469727
18.245019912719727
18.656396865844727
18.620752334594727
1.978417992591858
3.5963377952575684
2.6471190452575684
3.3031249046325684
3.0970702171325684
6.249902248382568
8.485986709594727
7.398828029632568
9.018457412719727
10.471094131469727
2.7726073265075684
7.798486232757568
11.443017959594727
3.5851073265075684
12.282861709594727
6.765771389007568
9.921777725219727
15.469141006469727
6.601220607757568
14.508447647094727
15.135156631469727
6.747216701507568
0.5228515863418579
16.377099990844727
14.309717178344727
12.913965225219727
9.002099990844727
11.652734756469727
13.322412490844727
3.5111327171325684
14.269433975219727
12.787256240844727
13.941064834594727
12.295312881469727
3.0553221702575684
4.096337795257568
2.7816405296325684
6.117822170257568
8.339502334594727
2.9952635765075684
9.973291397094727
9.770410537719727
13.753564834594727
9.672754287719727
12.456933975219727
6.110986232757568
15.855615615844727
10.703027725219727
16.695947647094727
4.512353420257568
6.687158107757568
14.145410537719727
7.896386623382568
16.503320693969727
11.061914443969727
5.736962795257568
9.731592178344727
18.015039443969727
13.257959365844727
8.222070693969727
12.109033584594727
10.760156631469727
11.660303115844727
6.592675685882568
14.206933975219727
7.684472560882568
8.448633193969727
15.165918350219727
13.790674209594727
9.315088272094727
10.767236709594727
11.123437881469727
9.711084365844727
12.508691787719727
14.264795303344727
12.602930068969727
14.355127334594727
14.413476943969727
15.058496475219727
11.329492568969727
14.552148818969727
11.906885147094727
16.751367568969727
12.488183975219727
16.568750381469727
11.913721084594727
15.500391006469727
16.383203506469727
12.969629287719727
12.958887100219727
14.268213272094727
16.110986709594727
16.788232803344727
17.468652725219727
17.391992568969727
17.129541397094727
11.724756240844727
12.277734756469727
11.722558975219727
8.306055068969727
7.035058498382568
7.190576076507568
7.148583889007568
7.548974514007568
1.438867211341858
2.5724120140075684
5.240624904632568
12.083398818969727
8.847558975219727
10.052148818969727
8.990381240844727
8.385156631469727
1.675683617591858
2.7862792015075684
4.446435451507568
2.4369139671325684
5.149560451507568
9.555322647094727
9.279687881469727
3.2462401390075684
3.1546874046325684
10.251367568969727
4.673730373382568
11.183984756469727
8.461572647094727
13.082666397094727
8.337060928344727
8.041406631469727
8.397851943969727
11.001367568969727
1.522851586341858
8.053125381469727
3.9364256858825684
8.860010147094727
4.483300685882568
2.8250975608825684
8.605859756469727
11.868310928344727
8.556299209594727
2.0785155296325684
5.638574123382568
4.176171779632568
9.515283584594727
2.5372557640075684
3.8487792015075684
9.769922256469727
6.563867092132568
4.459130764007568
11.423730850219727
8.388574600219727
9.851709365844727
4.377587795257568
8.656152725219727
5.146142482757568
3.5245604515075684
4.985009670257568
5.071679592132568
7.130517482757568
8.918848037719727
7.033837795257568
6.250878810882568
7.597070217132568
7.181054592132568
9.331933975219727
8.003076553344727
9.171289443969727
8.286767959594727
7.844140529632568
8.335840225219727
8.908349990844727
8.850976943969727
8.898340225219727
8.919824600219727
8.894189834594727
9.389307022094727
9.857812881469727
12.087060928344727
12.850000381469727
12.831445693969727
13.431055068969727
13.289209365844727
14.203516006469727
12.997949600219727
8.431055068969727
9.598047256469727
13.997217178344727
10.031152725219727
11.975244522094727
13.011621475219727
11.016992568969727
6.443749904632568
11.014551162719727
12.998926162719727
13.751855850219727
13.624902725219727
15.829492568969727
13.457666397094727
14.849512100219727
15.765283584594727
16.523340225219727
16.287012100219727
14.972070693969727
14.908838272094727
15.620996475219727
11.271631240844727
8.731348037719727
13.415918350219727
13.804101943969727
13.360498428344727
13.565576553344727
9.890771865844727
13.743555068969727
13.623926162719727
15.707910537719727
15.260889053344727
14.951807022094727
15.319238662719727
11.397363662719727
13.129541397094727
13.462549209594727
13.523584365844727
14.704492568969727
12.639307022094727
11.748926162719727
15.441553115844727
15.611963272094727
16.540674209594727
12.608545303344727
10.302881240844727
15.985498428344727
13.257471084594727
11.700098037719727
16.791894912719727
13.365381240844727
13.562402725219727
12.518213272094727
13.437402725219727
13.729150772094727
13.207178115844727
17.159082412719727
13.872949600219727
14.878808975219727
15.119287490844727
13.705713272094727
14.005273818969727
14.930322647094727
16.924219131469727
13.943017959594727
14.726465225219727
16.443017959594727
14.748437881469727
14.414453506469727
16.013818740844727
15.661523818969727
14.563379287719727
13.690088272094727
13.900293350219727
13.792627334594727
13.882226943969727
13.445215225219727
13.449853897094727
13.341455459594727
13.176904678344727
13.447412490844727
13.413965225219727
13.604639053344727
14.223047256469727
14.073877334594727
14.679101943969727
14.203027725219727
14.251855850219727
14.548730850219727
14.653467178344727
15.112939834594727
15.191064834594727
15.149560928344727
7.943017482757568
6.118798732757568
3.9911131858825684
14.806055068969727
16.465234756469727
13.066553115844727
11.846826553344727
16.195703506469727
15.058008193969727
7.721826076507568
16.052637100219727
16.073633193969727
12.629053115844727
16.026514053344727
15.177881240844727
13.152246475219727
16.549463272094727
13.251367568969727
15.085351943969727
14.453516006469727
9.925928115844727
16.627344131469727
16.606836318969727
16.015283584594727
16.208642959594727
11.891016006469727
16.559717178344727
16.065088272094727
16.803369522094727
16.595361709594727
16.986474990844727
16.764795303344727
16.779443740844727
16.740869522094727
16.004785537719727
15.948389053344727
15.803369522094727
15.455957412719727
14.694726943969727
14.212549209594727
12.246240615844727
16.125146865844727
11.233057022094727
13.824853897094727
15.049463272094727
12.319238662719727
15.407861709594727
15.790430068969727
13.278223037719727
15.057031631469727
15.534570693969727
17.892969131469727
15.941064834594727
17.276758193969727
17.626855850219727
15.769922256469727
15.873926162719727
16.108545303344727
15.667139053344727
16.109766006469727
16.205713272094727
15.703027725219727
15.620996475219727
16.647119522094727
13.744531631469727
15.215967178344727
11.181299209594727
15.848779678344727
12.769189834594727
13.333887100219727
15.357080459594727
15.981592178344727
15.557519912719727
17.019433975219727
16.082422256469727
15.859521865844727
15.388330459594727
15.555566787719727
15.788965225219727
14.936670303344727
15.612695693969727
15.180810928344727
15.616357803344727
15.600244522094727
15.919824600219727
14.964746475219727
15.534814834594727
12.615137100219727
15.623193740844727
16.541650772094727
15.561914443969727
16.049463272094727
16.439355850219727
14.963037490844727
14.082910537719727
14.131738662719727
15.480859756469727
16.015771865844727
16.393701553344727
15.708887100219727
14.891992568969727
15.579248428344727
15.577539443969727
15.152246475219727
15.692285537719727
15.697168350219727
15.444238662719727
15.960351943969727
16.685449600219727
15.512353897094727
15.942041397094727
16.805322647094727
15.491601943969727
16.115625381469727
15.560937881469727
16.291406631469727
15.870019912719727
15.974267959594727
15.441553115844727
15.761133193969727
16.045801162719727
15.483301162719727
15.642724990844727
15.943994522094727
16.496728897094727
16.595361709594727
16.755517959594727
16.769922256469727
16.835107803344727
17.072168350219727
15.214502334594727
14.802881240844727
14.914941787719727
15.202539443969727
15.244043350219727
15.540185928344727
14.491846084594727
14.728906631469727
15.531152725219727
15.341699600219727
13.827539443969727
15.000635147094727
15.240869522094727
15.107812881469727
13.912012100219727
14.697412490844727
15.574609756469727
14.974267959594727
15.536035537719727
15.172754287719727
15.253808975219727
15.343896865844727
15.290430068969727
14.806543350219727
15.033349990844727
14.839502334594727
15.192773818969727
15.014062881469727
15.597070693969727
15.283594131469727
14.313867568969727
15.280420303344727
15.312402725219727
15.460351943969727
14.304590225219727
14.089990615844727
15.422998428344727
14.742822647094727
15.757226943969727
14.689599990844727
15.858057022094727
16.889551162719727
15.057519912719727
14.988916397094727
15.574365615844727
15.922510147094727
15.331201553344727
14.861474990844727
15.705469131469727
16.334131240844727
15.593408584594727
16.089258193969727
14.665185928344727
15.483789443969727
14.678613662719727
15.376123428344727
15.727685928344727
15.804101943969727
15.178125381469727
15.864160537719727
15.859766006469727
15.441553115844727
16.250391006469727
15.491846084594727
15.720361709594727
15.595117568969727
15.637598037719727
15.931299209594727
15.799707412719727
15.854883193969727
16.040185928344727
16.727685928344727
16.395898818969727
16.907373428344727
11.825098037719727
8.803369522094727
11.473047256469727
11.401514053344727
11.972070693969727
12.149316787719727
13.796045303344727
12.762353897094727
12.641016006469727
13.776514053344727
13.286523818969727
13.297021865844727
12.952783584594727
13.304346084594727
13.587793350219727
13.107568740844727
14.144922256469727
13.379297256469727
13.855127334594727
13.917627334594727
13.800439834594727
14.147851943969727
13.853418350219727
13.519678115844727
13.239892959594727
13.174707412719727
13.230127334594727
13.235254287719727
14.451562881469727
15.190820693969727
14.085840225219727
15.412500381469727
13.542139053344727
14.696680068969727
14.176660537719727
14.164209365844727
14.342676162719727
13.743066787719727
14.548730850219727
14.057031631469727
14.426660537719727
14.053613662719727
14.186426162719727
13.828760147094727
14.069971084594727
14.455224990844727
13.961328506469727
14.117334365844727
14.832666397094727
15.340967178344727
15.902978897094727
15.492578506469727
15.585596084594727
15.474756240844727
15.952295303344727
15.352441787719727
15.670801162719727
15.833154678344727
15.870264053344727
15.898096084594727
15.955957412719727
15.847070693969727
15.980615615844727
15.949853897094727
16.046777725219727
15.886865615844727
16.164209365844727
15.176172256469727
16.596094131469727
16.409814834594727
16.486230850219727
16.510400772094727
16.009912490844727
16.153711318969727
16.549463272094727
16.338769912719727
16.794336318969727
16.615137100219727
16.607324600219727
16.764307022094727
16.845605850219727
16.755273818969727
17.067529678344727
16.812646865844727
16.806543350219727
15.549219131469727
16.527490615844727
16.619775772094727
16.995264053344727
17.114160537719727
16.781152725219727
16.850976943969727
16.815088272094727
16.716699600219727
16.989160537719727
16.717920303344727
16.786767959594727
16.966455459594727
16.705224990844727
16.741357803344727
16.943750381469727
16.718164443969727
17.235742568969727
16.801904678344727
16.941308975219727
16.985986709594727
17.403467178344727
17.054834365844727
16.165430068969727
17.212793350219727
16.770166397094727
17.090234756469727
17.214014053344727
16.912744522094727
18.187402725219727
17.369043350219727
17.472314834594727
17.598047256469727
17.669336318969727
17.761621475219727
17.253564834594727
17.550683975219727
17.187891006469727
18.170801162719727
18.042871475219727
17.375879287719727
17.463281631469727
17.430078506469727
17.231592178344727
18.481348037719727
17.210596084594727
18.022363662719727
17.569971084594727
17.096582412719727
18.242090225219727
17.817041397094727
18.297266006469727
18.713037490844727
17.858545303344727
18.245996475219727
18.141992568969727
18.655176162719727
17.961816787719727
18.367578506469727
17.904932022094727
18.677881240844727
18.393213272094727
18.343164443969727
18.803125381469727
17.910791397094727
18.100976943969727
17.916894912719727
18.615137100219727
18.832910537719727
10.028711318969727
13.802637100219727
13.144433975219727
14.271387100219727
12.999658584594727
12.954004287719727
13.385644912719727
13.902246475219727
13.447412490844727
13.958154678344727
13.135400772094727
13.280420303344727
13.043359756469727
14.965967178344727
15.200098037719727
14.326074600219727
14.413721084594727
14.042871475219727
14.248682022094727
14.919824600219727
13.831445693969727
14.979883193969727
15.703516006469727
15.152978897094727
16.198389053344727
16.669824600219727
16.621240615844727
16.541894912719727
16.234521865844727
16.689111709594727
16.619531631469727
16.716455459594727
16.658105850219727
17.169580459594727
16.693017959594727
16.941553115844727
16.898584365844727
17.006738662719727
17.231348037719727
17.893457412719727
18.077783584594727
17.451074600219727
17.368310928344727
18.554590225219727
18.274560928344727
17.262353897094727
18.301416397094727
18.635644912719727
18.712060928344727
18.235498428344727
17.841455459594727
10.565332412719727
13.515039443969727
13.117334365844727
13.229883193969727
13.329736709594727
13.620508193969727
13.033105850219727
14.001611709594727
13.232080459594727
13.297021865844727
14.828516006469727
14.369531631469727
14.269433975219727
13.466699600219727
15.466211318969727
15.758935928344727
15.960840225219727
15.082422256469727
16.692529678344727
16.664209365844727
16.731103897094727
16.979639053344727
16.781885147094727
17.015039443969727
16.967676162719727
17.336816787719727
18.202051162719727
18.746484756469727
18.372217178344727
18.646142959594727
12.043115615844727
14.165674209594727
13.686182022094727
13.032129287719727
13.201074600219727
13.479150772094727
14.539209365844727
14.161279678344727
13.563867568969727
14.672021865844727
14.966211318969727
15.845361709594727
15.829492568969727
16.299951553344727
16.936914443969727
16.778467178344727
17.304590225219727
17.008691787719727
16.970361709594727
17.533105850219727
17.221338272094727
18.120752334594727
18.753076553344727
18.010889053344727
18.722558975219727
13.063867568969727
13.622949600219727
13.409570693969727
14.197412490844727
13.967920303344727
15.349023818969727
14.963769912719727
15.808496475219727
16.238672256469727
15.120752334594727
16.677637100219727
17.479883193969727
18.016016006469727
11.662500381469727
13.188135147094727
13.266992568969727
13.129785537719727
13.542383193969727
14.608545303344727
14.220849990844727
15.606103897094727
14.821191787719727
15.520898818969727
15.279932022094727
16.490625381469727
17.313135147094727
18.162744522094727
18.735986709594727
13.266748428344727
13.344141006469727
15.162256240844727
15.901758193969727
16.455957412719727
16.732080459594727
13.203516006469727
13.288476943969727
16.047754287719727
15.751855850219727
16.745752334594727
16.743066787719727
16.998926162719727
17.654932022094727
18.106348037719727
18.418848037719727
18.722803115844727
11.807519912719727
16.681787490844727
16.775049209594727
17.648584365844727
18.337549209594727
18.435693740844727
13.259912490844727
15.286767959594727
15.596094131469727
16.034326553344727
17.875146865844727
18.226465225219727
18.627832412719727
18.611230850219727
11.817773818969727
16.830469131469727
16.696924209594727
18.064111709594727
11.899072647094727
14.297998428344727
16.799463272094727
12.279443740844727
13.695459365844727
15.447412490844727
16.513330459594727
12.816064834594727
13.238428115844727
18.606836318969727
13.330469131469727
15.581933975219727
16.709131240844727
15.957910537719727
13.478418350219727
15.922266006469727
16.789941787719727
17.000635147094727
16.859766006469727
16.757715225219727
13.634668350219727
16.185693740844727
15.562402725219727
18.444726943969727
16.521875381469727
15.517969131469727
18.737207412719727
13.687891006469727
13.243799209594727
16.896387100219727
16.999658584594727
16.964502334594727
17.442285537719727
16.596094131469727
16.477685928344727
