9.876351576561311e-42
0.01358947716653347
9.018472671508789
0.0
4.145913600921631
0.5072418451309204
6.461831569671631
7.361733913421631
5.607583522796631
22.64127540588379
7.072427272796631
22.16813087463379
22.47086524963379
23.12369728088379
23.38981056213379
21.95182228088379
24.33439064025879
23.45035743713379
24.53287696838379
21.49942970275879
23.67936134338379
24.54996681213379
16.61612892150879
20.08316993713379
18.88712501525879
24.00797462463379
24.40152931213379
21.85709571838379
22.29435157775879
23.70255470275879
22.17887306213379
24.07389259338379
21.56461524963379
23.44571876525879
22.40934181213379
22.39420509338379
22.20011329650879
22.18985939025879
23.93570899963379
22.35099220275879
21.94889259338379
22.60782814025879
5.427896022796631
16.77677345275879
0.0
7.609536647796631
13.607583999633789
20.83902931213379
23.02701759338379
13.937417984008789
22.86930274963379
23.98185157775879
22.65397071838379
24.20841407775879
14.967935562133789
24.09757423400879
20.91105079650879
22.46549415588379
23.54044532775879
22.16861915588379
14.707681655883789
20.47599220275879
2.387612819671631
19.63443946838379
12.098306655883789
23.99430274963379
24.61368751525879
23.37491798400879
19.03360939025879
23.27213478088379
22.19132423400879
22.35099220275879
12.008218765258789
18.60172462463379
4.941079616546631
16.37150001525879
23.95035743713379
24.46305274963379
17.96378517150879
23.25797462463379
22.41861915588379
22.00992774963379
17.96012306213379
20.62613868713379
21.00382423400879
24.48893165588379
24.35685157775879
24.20524024963379
23.63053321838379
22.26285743713379
20.39444923400879
12.467935562133789
24.85904884338379
23.85685157775879
21.54630470275879
22.22770118713379
23.92179298400879
24.00553321838379
22.29679298400879
17.52726173400879
21.57877540588379
23.97257423400879
21.69693946838379
21.73282814025879
14.419351577758789
22.35294532775879
21.50309181213379
23.79996681213379
22.32535743713379
22.12223243713379
20.02506446838379
23.24210548400879
22.24698829650879
22.23160743713379
23.42447853088379
22.40299415588379
22.43790626525879
14.902750015258789
22.38590431213379
20.09903907775879
23.98868751525879
22.55338478088379
22.37003517150879
23.01651954650879
22.37369728088379
23.85733985900879
22.49894142150879
23.82047462463379
23.54703712463379
22.88346290588379
23.43766212463379
18.45719337463379
24.03849220275879
24.46061134338379
24.47355079650879
24.41495704650879
22.00675392150879
23.68277931213379
24.03580665588379
23.61637306213379
24.22281837463379
23.83390235900879
24.01163673400879
24.17911720275879
24.39054298400879
24.07218360900879
23.87003517150879
23.96329689025879
24.52164649963379
24.19718360900879
24.45914649963379
24.67032814025879
24.75968360900879
24.65567970275879
24.28263282775879
23.59000587463379
23.59562110900879
23.75943946838379
23.64420509338379
23.65421485900879
24.23624610900879
24.25382423400879
0.0
2.039468288421631
0.0
1.5314117670059204
0.0
8.094888687133789
10.205972671508789
6.676919460296631
14.284097671508789
11.166421890258789
0.0
7.226968288421631
15.323404312133789
0.0057769776321947575
16.73575782775879
2.537515163421631
10.790689468383789
21.50553321838379
8.926431655883789
20.94791603088379
19.68985939025879
8.181558609008789
0.0
22.02701759338379
18.63761329650879
18.57755470275879
13.357095718383789
17.72037696838379
16.68863868713379
3.353921413421631
17.61490821838379
17.57413673400879
17.59293556213379
16.20987892150879
0.21305236220359802
3.444497585296631
0.0
7.657144069671631
11.910562515258789
0.0
11.570230484008789
12.103433609008789
18.84147071838379
10.428384780883789
16.39957618713379
6.757485866546631
21.28336524963379
14.965005874633789
20.22941017150879
5.320230007171631
6.003335475921631
19.29557228088379
8.919595718383789
21.62833595275879
16.69132423400879
4.909097194671631
13.568277359008789
22.84098243713379
18.89811134338379
7.087075710296631
16.76798439025879
15.213785171508789
18.02335548400879
6.498940944671631
18.80362892150879
9.679849624633789
9.890787124633789
20.00406837463379
17.63541603088379
11.515298843383789
16.15152931213379
14.878091812133789
11.448404312133789
19.06290626525879
17.89542579650879
17.89542579650879
19.15250587463379
18.94816017150879
20.06583595275879
14.243082046508789
18.53971290588379
14.832925796508789
22.82901954650879
16.42667579650879
22.81974220275879
20.16642189025879
20.04337501525879
20.33707618713379
19.18595314025879
20.38956642150879
20.31778907775879
21.01310157775879
21.44083595275879
22.82633399963379
23.20182228088379
23.14249610900879
18.50943946838379
19.18082618713379
18.96915626525879
14.292398452758789
11.787759780883789
12.171060562133789
10.450113296508789
9.567544937133789
0.0
0.0
2.348062038421631
19.20719337463379
15.294595718383789
16.37809181213379
15.090005874633789
12.699380874633789
0.0
0.0
2.911050319671631
0.0
9.657632827758789
15.722818374633789
14.821695327758789
0.11051330715417862
6.497231960296631
13.945962905883789
7.131997585296631
18.36197853088379
14.996255874633789
19.70401954650879
14.036294937133789
10.865640640258789
13.272378921508789
18.46207618713379
0.0
12.057046890258789
1.6095367670059204
13.586832046508789
8.876871109008789
5.840005397796631
14.317300796508789
19.17740821838379
15.147134780883789
0.0
10.413248062133789
4.880532741546631
16.25553321838379
0.0
3.078286647796631
16.50846290588379
11.323648452758789
4.418130397796631
18.38297462463379
12.487955093383789
16.01163673400879
3.213540554046631
14.281412124633789
8.126871109008789
0.438150018453598
7.402261257171631
9.700357437133789
9.595865249633789
14.800943374633789
10.040201187133789
6.857583522796631
11.034097671508789
10.182535171508789
15.473062515258789
10.656412124633789
15.517251968383789
11.462320327758789
11.284341812133789
12.625406265258789
14.147134780883789
14.499673843383789
15.683511734008789
15.754800796508789
16.10001564025879
16.52628517150879
15.953042984008789
19.59391212463379
20.04508399963379
20.26066017150879
21.64371681213379
21.05338478088379
21.74772071838379
19.98819923400879
15.383951187133789
16.35196876525879
20.95475196838379
16.77823829650879
20.37638282775879
22.02994728088379
16.30265235900879
11.439371109008789
17.92765235900879
21.76163673400879
22.45890235900879
22.67862892150879
23.07608985900879
23.26285743713379
22.85611915588379
23.07999610900879
23.17789649963379
23.13590431213379
23.47428321838379
23.47599220275879
23.51578712463379
18.48453712463379
15.759439468383789
21.17228126525879
20.44938087463379
22.56412696838379
21.65104103088379
15.603677749633789
23.03263282775879
23.21207618713379
23.04923439025879
23.22941017150879
23.32901954650879
23.60465431213379
18.16666603088379
19.18131446838379
21.30631446838379
20.85172462463379
23.10196876525879
19.76236915588379
19.35636329650879
22.97989845275879
22.74942970275879
22.89566993713379
21.43424415588379
16.69986915588379
22.89689064025879
22.10196876525879
19.23819923400879
22.91617774963379
22.31437110900879
22.47818946838379
21.37980079650879
22.56632423400879
22.59733009338379
22.64200782775879
22.78287696838379
22.68668556213379
22.93888282775879
22.99161720275879
23.01578712463379
23.00675392150879
22.82047462463379
23.26358985900879
22.95157814025879
22.95841407775879
23.30387306213379
23.03873634338379
23.12296485900879
23.20816993713379
23.24357032775879
23.25577735900879
21.59122657775879
21.29459571838379
21.78702735900879
22.26529884338379
22.58756446838379
22.53434181213379
22.63370704650879
22.70743751525879
22.81998634338379
22.87735939025879
23.20939064025879
23.11490821838379
23.01114845275879
23.41739845275879
23.01969337463379
23.40275001525879
23.58512306213379
23.56852149963379
23.44400978088379
23.60025978088379
23.69645118713379
12.031656265258789
8.613931655883789
4.188638210296631
21.81656837463379
23.27066993713379
19.71988868713379
20.79386329650879
23.33829689025879
23.56315040588379
10.993326187133789
22.77897071838379
22.89518165588379
22.07218360900879
23.24576759338379
23.47184181213379
20.42399024963379
23.16227149963379
20.07706642150879
22.45011329650879
21.53507423400879
14.769449234008789
22.92545509338379
23.38004493713379
22.85172462463379
23.00992774963379
18.03849220275879
23.32364845275879
22.99674415588379
22.80338478088379
22.88834571838379
23.01871681213379
23.08024024963379
23.05851173400879
23.43497657775879
23.27066993713379
23.38468360900879
23.56656837463379
23.49845314025879
23.63907814025879
23.06534767150879
22.76651954650879
23.30729103088379
20.58707618713379
22.80436134338379
23.72355079650879
22.93033790588379
23.61344337463379
23.43058204650879
23.37613868713379
23.77848243713379
23.82535743713379
23.07950782775879
23.70743751525879
23.32853126525879
23.01822853088379
23.95157814025879
23.84635353088379
23.68107032775879
23.75748634338379
23.62711524963379
23.42594337463379
23.45133399963379
23.55973243713379
24.15860939025879
22.92911720275879
23.65177345275879
21.75162696838379
23.30094337463379
23.06778907775879
23.14908790588379
23.86100196838379
23.44083595275879
23.64762306213379
23.09903907775879
23.70450782775879
23.67814064025879
23.68229103088379
23.69718360900879
22.91691017150879
23.66202735900879
23.38614845275879
23.65934181213379
23.76554298400879
23.64615821838379
23.67276954650879
23.64347267150879
23.31412696838379
21.70694923400879
23.79801368713379
23.64737892150879
23.68766212463379
23.83439064025879
24.03385353088379
23.70524024963379
22.89762306213379
23.12589454650879
23.75577735900879
23.59171485900879
23.79752540588379
23.40275001525879
23.39029884338379
23.65934181213379
23.54264259338379
23.51139259338379
23.73941993713379
23.82071876525879
23.28653907775879
23.71012306213379
23.99112892150879
23.89371681213379
23.81998634338379
23.93570899963379
23.59488868713379
23.49454689025879
23.56998634338379
23.86637306213379
23.78702735900879
23.60489845275879
23.69278907775879
23.89591407775879
23.87345314025879
23.60245704650879
23.69230079650879
23.89640235900879
23.87784767150879
23.85001564025879
23.92569923400879
24.01944923400879
24.17179298400879
24.20060157775879
22.66373634338379
22.26358985900879
22.67911720275879
22.82120704650879
22.86344337463379
22.90104103088379
22.02457618713379
22.75773048400879
22.96207618713379
22.62296485900879
20.77115821838379
23.41642189025879
23.00284767150879
22.37638282775879
21.25358009338379
23.37711524963379
22.55216407775879
22.95011329650879
22.89982032775879
22.29337501525879
23.28629493713379
22.73795509338379
23.10978126525879
23.33365821838379
23.55338478088379
23.49869728088379
23.21842384338379
23.54606056213379
23.02848243713379
23.26407814025879
21.44718360900879
21.32438087463379
21.22818946838379
22.68522071838379
20.93863868713379
20.58219337463379
21.24942970275879
22.24161720275879
21.65177345275879
21.36466407775879
23.06583595275879
23.06437110900879
21.77701759338379
21.19645118713379
22.37076759338379
22.36417579650879
21.59342384338379
21.76334571838379
21.50724220275879
21.95914649963379
22.25113868713379
22.79630470275879
21.83512306213379
21.80387306213379
21.79459571838379
22.76139259338379
22.63370704650879
22.50065040588379
22.14786720275879
23.14127540588379
22.80875587463379
22.73429298400879
22.95670509338379
22.60758399963379
22.30314064025879
22.58536720275879
23.02262306213379
23.34708595275879
22.49112892150879
23.21940040588379
22.28678321838379
22.70377540588379
22.84952735900879
23.30997657775879
18.63712501525879
14.837808609008789
18.46329689025879
18.74723243713379
18.80704689025879
19.62272071838379
21.66105079650879
21.51334571838379
19.98868751525879
22.17374610900879
20.54435157775879
22.62760353088379
22.45231056213379
22.12174415588379
22.34440040588379
22.36002540588379
21.80314064025879
22.65641212463379
21.92838478088379
21.91544532775879
22.09147071838379
22.80411720275879
22.63712501525879
22.36905860900879
22.46256446838379
22.47257423400879
22.71671485900879
22.54093360900879
22.76554298400879
22.10953712463379
22.62613868713379
22.34366798400879
22.28287696838379
22.39396095275879
21.93839454650879
22.08976173400879
21.89884376525879
21.76847267150879
22.04728126525879
22.05924415588379
22.08634376525879
21.47355079650879
22.10099220275879
21.77457618713379
21.64786720275879
22.23819923400879
21.57023048400879
22.34220314025879
23.75846290588379
22.73746681213379
23.10099220275879
23.05509376525879
22.88199806213379
23.77091407775879
22.93985939025879
22.90397071838379
23.19425392150879
23.06290626525879
22.68033790588379
23.17740821838379
23.34733009338379
23.23063087463379
23.24650001525879
23.25504493713379
23.81876564025879
23.21793556213379
23.47721290588379
21.78653907775879
23.50577735900879
23.87589454650879
23.65787696838379
23.13297462463379
22.99186134338379
23.67862892150879
24.01236915588379
23.62784767150879
23.89518165588379
24.07828712463379
23.33439064025879
23.42814064025879
23.34488868713379
24.03775978088379
24.16642189025879
23.20841407775879
23.39444923400879
21.61832618713379
23.98014259338379
23.29850196838379
23.54776954650879
23.48038673400879
23.99942970275879
24.01310157775879
23.68326759338379
23.79703712463379
23.53727149963379
23.37003517150879
23.31510353088379
23.31852149963379
23.39347267150879
23.15958595275879
23.67032814025879
23.86637306213379
23.66837501525879
23.68985939025879
23.26383399963379
23.79776954650879
23.82242774963379
24.03702735900879
22.56583595275879
24.03605079650879
23.84610939025879
23.15030860900879
23.14078712463379
24.30802345275879
23.75138282775879
23.74552345275879
23.63932228088379
23.35953712463379
23.73893165588379
23.77091407775879
23.16666603088379
23.37076759338379
22.85392189025879
23.74015235900879
23.86149024963379
23.87735939025879
23.22037696838379
23.10758399963379
22.78287696838379
23.59488868713379
22.67081642150879
23.56559181213379
23.81900978088379
22.77970314025879
23.19425392150879
23.46500587463379
23.38297462463379
23.77921485900879
23.37101173400879
23.18570899963379
23.35172462463379
23.69840431213379
23.09855079650879
23.97989845275879
23.20426368713379
23.74894142150879
23.35489845275879
23.14859962463379
23.99576759338379
23.32413673400879
23.13224220275879
22.36588478088379
23.72257423400879
24.05216407775879
16.35025978088379
22.14444923400879
21.90519142150879
21.86905860900879
22.65030860900879
22.26188087463379
22.70133399963379
22.05777931213379
22.39054298400879
22.12784767150879
22.40738868713379
22.43155860900879
22.68204689025879
22.38224220275879
22.48844337463379
22.11515235900879
21.80973243713379
22.32877540588379
22.17691993713379
22.45499610900879
21.78800392150879
22.73185157775879
22.83878517150879
23.03922462463379
23.00187110900879
23.63736915588379
23.14249610900879
24.14859962463379
23.17130470275879
23.18644142150879
23.96305274963379
23.39127540588379
23.82975196838379
23.91251564025879
23.60465431213379
23.39493751525879
23.69669532775879
23.51383399963379
24.06608009338379
23.83316993713379
23.74576759338379
23.62442970275879
23.14274024963379
23.30314064025879
23.72330665588379
23.26676368713379
23.51749610900879
23.44864845275879
23.59293556213379
23.37345314025879
22.33756446838379
17.44913673400879
22.32657814025879
22.81046485900879
22.54825782775879
22.21329689025879
22.39908790588379
22.54801368713379
22.61881446838379
22.56900978088379
22.34098243713379
22.59903907775879
21.93009376525879
22.03263282775879
21.66056251525879
22.80704689025879
23.02115821838379
23.22916603088379
23.12711524963379
23.91788673400879
23.62272071838379
23.43863868713379
23.50358009338379
23.41642189025879
23.48673439025879
24.05875587463379
23.40958595275879
23.65958595275879
23.99357032775879
23.42496681213379
23.97062110900879
18.39591407775879
22.28190040588379
22.01261329650879
22.60294532775879
22.49503517150879
22.80729103088379
22.52750587463379
21.64493751525879
21.92081642150879
22.07242774963379
22.83170509338379
23.01774024963379
23.24918556213379
23.67716407775879
23.41788673400879
23.83854103088379
23.73453712463379
23.72086524963379
23.70743751525879
23.49723243713379
23.16666603088379
23.61271095275879
23.78238868713379
23.19986915588379
24.10880470275879
22.84806251525879
22.60123634338379
22.50943946838379
21.95792579650879
21.89786720275879
22.67594337463379
22.73844337463379
23.45792579650879
23.10709571838379
23.14225196838379
23.38199806213379
23.13761329650879
23.21036720275879
18.72013282775879
22.97110939025879
22.96769142150879
22.15104103088379
22.64689064025879
22.57731056213379
21.88395118713379
22.76212501525879
22.68668556213379
22.98746681213379
22.06632423400879
23.72989845275879
23.08951759338379
23.31803321838379
23.81900978088379
22.80631446838379
22.50968360900879
22.76969337463379
22.93131446838379
23.53898048400879
23.60025978088379
22.97696876525879
22.42765235900879
22.76310157775879
22.98624610900879
23.45060157775879
23.75089454650879
23.55777931213379
23.51969337463379
23.75431251525879
23.63883399963379
23.94864845275879
19.37882423400879
23.38712501525879
23.47159767150879
23.26212501525879
23.64078712463379
23.38639259338379
22.43937110900879
23.40030860900879
22.92643165588379
23.18546485900879
23.52189064025879
23.69400978088379
23.48404884338379
24.06852149963379
19.29093360900879
23.48868751525879
23.81363868713379
23.68497657775879
20.12735939025879
22.55143165588379
23.25333595275879
19.67838478088379
22.51432228088379
23.15177345275879
23.76969337463379
21.60831642150879
21.89713478088379
23.87906837463379
21.50358009338379
23.70401954650879
23.78922462463379
23.87687110900879
22.01896095275879
24.01188087463379
23.48404884338379
23.19352149963379
23.61588478088379
23.62174415588379
22.19474220275879
23.83024024963379
22.71232032775879
24.37272071838379
24.13395118713379
21.88834571838379
24.49747657775879
22.09147071838379
22.67008399963379
23.45401954650879
23.62613868713379
23.34830665588379
23.63956642150879
24.00724220275879
23.39811134338379
