9.876351576561311e-42
0.0
4.708077907562256
0.0
0.8396698236465454
0.0
5.727365016937256
6.050363063812256
3.654611110687256
18.594308853149414
3.861886501312256
16.669504165649414
17.144601821899414
20.277658462524414
19.838449478149414
14.534738540649414
20.771066665649414
18.887033462524414
20.835763931274414
15.681467056274414
21.036203384399414
20.739084243774414
10.687814712524414
13.583078384399414
13.050607681274414
20.263254165649414
20.695871353149414
16.969064712524414
17.542062759399414
19.918771743774414
20.698312759399414
20.139719009399414
17.257394790649414
20.979806900024414
18.688791275024414
19.723947525024414
20.030344009399414
20.119455337524414
19.945627212524414
19.751779556274414
20.173898696899414
19.939523696899414
2.279366970062256
12.941232681274414
0.0
2.917794704437256
7.902413845062256
15.289621353149414
19.833810806274414
7.638741970062256
18.789133071899414
20.841379165649414
17.931467056274414
20.849679946899414
9.012521743774414
21.013254165649414
15.220041275024414
20.791818618774414
20.001291275024414
20.122140884399414
7.871407985687256
16.818185806274414
2.616281032562256
11.816476821899414
6.107980251312256
20.807199478149414
20.913888931274414
19.219308853149414
11.790109634399414
20.799875259399414
20.513254165649414
19.955392837524414
5.328683376312256
14.614328384399414
4.171945095062256
10.201242446899414
20.824533462524414
20.908517837524414
9.997873306274414
20.916086196899414
18.693918228149414
19.992990493774414
13.328195571899414
17.025461196899414
13.925851821899414
20.895578384399414
20.558908462524414
20.498605728149414
20.862619400024414
19.021799087524414
16.257638931274414
7.850656032562256
20.830148696899414
21.113351821899414
20.127023696899414
18.174386978149414
20.454904556274414
19.896310806274414
19.345041275024414
11.915597915649414
12.322824478149414
20.165597915649414
20.293527603149414
20.216867446899414
10.285959243774414
17.522531509399414
14.002023696899414
19.822580337524414
18.178049087524414
20.412424087524414
14.018136978149414
19.286935806274414
16.024972915649414
20.525461196899414
19.676340103149414
17.514963150024414
19.058176040649414
9.650949478149414
20.019357681274414
13.758615493774414
20.530832290649414
18.578439712524414
20.624338150024414
20.307687759399414
20.682687759399414
20.654855728149414
20.769113540649414
20.735666275024414
20.008127212524414
20.746408462524414
21.033029556274414
11.980051040649414
21.063058853149414
21.068429946899414
21.070871353149414
20.995920181274414
15.534982681274414
19.790597915649414
20.361642837524414
19.843576431274414
20.429513931274414
20.612131118774414
19.915597915649414
20.326242446899414
20.737375259399414
20.732736587524414
20.772043228149414
20.825265884399414
21.021066665649414
20.878244400024414
20.955636978149414
21.103830337524414
20.967111587524414
20.712228775024414
20.367258071899414
20.167551040649414
20.063791275024414
20.171457290649414
20.145090103149414
20.083810806274414
20.107248306274414
20.063547134399414
0.0
0.0
0.8975311517715454
3.376534938812256
1.6858612298965454
5.378732204437256
9.251535415649414
5.601388454437256
10.702463150024414
8.759836196899414
0.9402557611465454
5.927316188812256
10.936105728149414
2.900460720062256
12.764719009399414
4.529855251312256
6.872628688812256
17.630685806274414
3.742501735687256
17.035470962524414
13.177560806274414
4.046212673187256
0.0
18.138742446899414
14.776193618774414
12.758127212524414
5.960519313812256
9.358957290649414
13.570383071899414
1.5442596673965454
15.200998306274414
10.452219009399414
14.815011978149414
10.137765884399414
0.06427917629480362
1.3841034173965454
0.10529480129480362
7.315011501312256
8.880441665649414
0.0
8.793527603149414
8.067697525024414
15.878000259399414
7.230294704437256
9.719064712524414
2.790597438812256
18.087961196899414
7.290109157562256
17.257394790649414
1.7808319330215454
4.191964626312256
12.353097915649414
4.831857204437256
18.568185806274414
12.524484634399414
2.466134548187256
6.302072048187256
19.785470962524414
10.534006118774414
5.651681423187256
8.861398696899414
7.333810329437256
14.044260025024414
4.539132595062256
14.682443618774414
5.516671657562256
6.666574001312256
16.130197525024414
12.476144790649414
9.017160415649414
12.339670181274414
12.474191665649414
8.189035415649414
13.947824478149414
14.500070571899414
14.035470962524414
11.682931900024414
16.058908462524414
16.992990493774414
10.763742446899414
16.096750259399414
11.837472915649414
18.467111587524414
13.553293228149414
18.193429946899414
15.884103775024414
14.500070571899414
16.116037368774414
15.939523696899414
16.306467056274414
16.732248306274414
17.324045181274414
18.291330337524414
19.259103775024414
19.465158462524414
19.489572525024414
16.286447525024414
16.637521743774414
14.649484634399414
10.584054946899414
8.678293228149414
9.321603775024414
7.747384548187256
4.382394313812256
0.0
0.0
0.17341002821922302
15.925851821899414
12.701486587524414
14.623117446899414
11.015207290649414
8.103097915649414
0.0
0.0
0.8257538080215454
0.0
5.875802516937256
12.747629165649414
12.039621353149414
0.0
6.892648220062256
13.028390884399414
6.740304470062256
15.441965103149414
10.239816665649414
17.053293228149414
10.895578384399414
6.798898220062256
9.416330337524414
14.739572525024414
0.0
7.493478298187256
0.0
11.331857681274414
8.316720962524414
5.483712673187256
9.796945571899414
15.687326431274414
10.491769790649414
0.0
6.983712673187256
3.841134548187256
11.604318618774414
0.0
1.8294159173965454
11.890207290649414
8.205148696899414
0.498361200094223
14.523752212524414
8.417551040649414
12.083566665649414
0.0
10.223215103149414
2.534982204437256
0.0
1.4619842767715454
4.578927516937256
3.443917751312256
11.101633071899414
5.044747829437256
1.8228241205215454
6.562570095062256
3.963449001312256
11.980295181274414
5.272042751312256
11.908273696899414
6.745675563812256
5.986154079437256
7.784005641937256
10.122140884399414
10.026193618774414
10.932931900024414
11.839914321899414
11.567209243774414
12.592844009399414
12.246896743774414
14.761545181274414
15.959543228149414
16.005441665649414
17.175119400024414
17.129709243774414
19.130685806274414
17.113351821899414
12.616525650024414
14.320383071899414
18.019113540649414
14.031076431274414
16.975168228149414
18.495920181274414
13.700265884399414
9.789621353149414
14.372385025024414
17.757883071899414
19.228342056274414
19.273263931274414
20.763498306274414
17.685129165649414
20.331125259399414
20.181711196899414
20.590402603149414
20.533761978149414
19.259836196899414
19.206857681274414
20.247385025024414
15.786935806274414
12.539133071899414
18.004220962524414
15.728830337524414
18.578683853149414
16.980295181274414
11.896310806274414
19.305978775024414
17.856760025024414
20.471994400024414
19.933908462524414
19.535715103149414
19.967355728149414
15.657052993774414
15.077707290649414
16.380441665649414
14.310861587524414
18.395090103149414
17.102365493774414
15.765939712524414
18.153390884399414
17.034982681274414
19.219308853149414
18.022531509399414
13.670236587524414
17.594308853149414
18.583566665649414
15.179513931274414
20.537424087524414
18.846994400024414
19.102609634399414
16.891183853149414
18.973459243774414
19.334054946899414
18.096017837524414
20.311349868774414
19.067697525024414
18.524728775024414
20.703927993774414
19.731515884399414
20.049631118774414
20.413400650024414
20.453195571899414
19.950021743774414
20.122140884399414
20.462717056274414
20.177560806274414
20.019357681274414
20.386056900024414
20.233957290649414
19.804758071899414
18.055734634399414
18.037424087524414
19.066720962524414
19.003732681274414
19.050851821899414
19.046945571899414
19.034494400024414
18.836984634399414
18.554025650024414
18.883371353149414
18.283029556274414
18.844552993774414
19.592355728149414
19.451974868774414
19.846261978149414
19.643381118774414
19.402902603149414
19.555246353149414
19.901437759399414
19.712717056274414
19.822336196899414
10.140695571899414
8.330392837524414
5.368478298187256
16.746408462524414
20.058664321899414
15.749338150024414
15.802804946899414
20.448068618774414
19.637033462524414
8.839181900024414
18.312570571899414
18.998361587524414
16.958810806274414
20.408517837524414
19.798898696899414
14.452219009399414
20.193674087524414
15.407785415649414
16.529367446899414
16.867746353149414
10.640207290649414
20.533761978149414
19.403146743774414
19.736642837524414
20.236154556274414
12.543283462524414
20.473459243774414
17.988595962524414
20.075265884399414
19.292795181274414
20.908273696899414
20.566965103149414
20.760324478149414
20.606515884399414
20.641672134399414
20.555978775024414
20.362375259399414
20.164133071899414
19.077951431274414
18.114816665649414
16.805490493774414
20.077463150024414
15.802560806274414
18.175363540649414
19.390695571899414
16.381174087524414
19.415842056274414
20.356760025024414
17.888986587524414
20.039621353149414
20.487619400024414
19.717844009399414
19.610910415649414
20.380929946899414
20.194162368774414
20.785470962524414
20.821847915649414
20.836740493774414
20.642648696899414
20.826730728149414
19.524728775024414
20.880441665649414
20.713937759399414
19.792795181274414
17.956125259399414
19.236886978149414
15.654855728149414
20.089914321899414
17.278146743774414
18.310861587524414
20.096017837524414
20.647531509399414
20.608469009399414
20.167551040649414
20.785470962524414
20.749094009399414
20.692697525024414
20.528390884399414
19.525949478149414
19.385568618774414
20.254953384399414
19.524972915649414
20.526193618774414
20.343088150024414
20.155588150024414
19.458566665649414
19.590158462524414
16.473459243774414
20.758615493774414
20.500314712524414
20.389719009399414
20.091135025024414
19.923654556274414
19.451486587524414
17.817209243774414
18.732248306274414
20.337228775024414
21.005685806274414
19.961740493774414
19.842599868774414
19.982980728149414
20.749338150024414
20.499094009399414
19.661935806274414
20.223703384399414
19.810861587524414
19.900461196899414
20.888010025024414
19.815988540649414
20.509592056274414
19.827707290649414
19.580148696899414
20.349191665649414
19.676340103149414
20.286691665649414
19.947580337524414
21.026926040649414
20.888254165649414
20.505197525024414
20.247140884399414
20.107248306274414
20.118234634399414
20.076974868774414
20.035715103149414
19.764719009399414
19.820138931274414
19.709787368774414
19.585275650024414
19.469308853149414
19.030588150024414
15.876047134399414
15.831369400024414
15.966867446899414
16.526681900024414
16.248849868774414
16.484445571899414
15.229074478149414
15.473215103149414
15.160959243774414
14.967355728149414
13.675363540649414
16.289621353149414
16.770090103149414
15.069162368774414
14.584543228149414
15.718088150024414
14.796457290649414
16.158273696899414
14.645090103149414
15.131418228149414
15.114328384399414
14.744211196899414
15.305246353149414
16.660959243774414
15.525217056274414
16.848703384399414
17.197580337524414
15.583566665649414
17.691476821899414
15.866281509399414
14.986398696899414
16.234445571899414
15.861886978149414
16.116037368774414
15.692941665649414
15.036691665649414
15.755929946899414
14.820138931274414
16.135568618774414
14.600656509399414
15.562570571899414
17.516183853149414
15.544992446899414
15.583810806274414
15.728830337524414
16.289133071899414
15.982492446899414
15.904611587524414
15.650705337524414
16.381662368774414
15.704904556274414
16.223215103149414
15.328195571899414
15.707345962524414
15.362375259399414
15.259836196899414
15.723703384399414
15.936105728149414
15.716623306274414
15.838693618774414
15.876291275024414
15.688058853149414
16.135324478149414
16.104318618774414
17.100656509399414
16.364572525024414
15.701974868774414
15.039865493774414
15.180490493774414
15.664377212524414
15.993234634399414
16.505441665649414
16.635324478149414
17.690011978149414
15.275461196899414
9.820383071899414
14.356760025024414
15.277658462524414
16.130197525024414
16.910226821899414
19.449533462524414
18.310373306274414
17.324777603149414
19.374826431274414
17.831857681274414
18.937570571899414
18.342844009399414
16.511789321899414
15.920236587524414
16.084543228149414
19.316232681274414
18.741037368774414
19.208322525024414
15.549142837524414
19.101144790649414
15.257883071899414
15.346506118774414
15.307443618774414
16.876779556274414
18.456125259399414
18.957834243774414
15.500314712524414
15.393625259399414
15.793527603149414
15.396066665649414
15.880197525024414
15.697092056274414
15.656076431274414
15.849679946899414
15.954904556274414
15.801095962524414
16.947824478149414
15.753976821899414
15.747385025024414
15.407785415649414
17.066232681274414
16.422189712524414
17.346994400024414
16.865549087524414
15.699045181274414
17.115549087524414
16.109933853149414
18.522043228149414
15.696847915649414
17.299386978149414
17.112863540649414
15.546945571899414
18.716135025024414
16.937082290649414
17.335275650024414
15.868967056274414
16.654367446899414
17.329172134399414
17.338449478149414
17.080636978149414
16.274972915649414
16.458566665649414
17.362375259399414
18.987863540649414
17.480051040649414
18.310129165649414
17.157297134399414
17.298166275024414
18.114816665649414
19.306222915649414
17.308420181274414
17.030344009399414
19.410470962524414
18.875802993774414
17.348703384399414
19.208078384399414
18.760812759399414
17.714670181274414
17.199777603149414
17.289865493774414
17.316232681274414
19.316476821899414
16.999582290649414
17.943674087524414
15.958810806274414
18.783761978149414
17.195871353149414
17.836252212524414
17.700265884399414
17.877267837524414
19.117990493774414
16.639230728149414
18.738595962524414
17.596750259399414
19.258859634399414
16.653879165649414
16.448556900024414
18.399972915649414
16.728586196899414
17.700021743774414
19.658029556274414
16.484933853149414
18.484445571899414
17.849191665649414
18.372140884399414
16.968088150024414
17.351144790649414
16.707834243774414
17.305246353149414
19.686838150024414
17.774728775024414
17.802804946899414
19.235422134399414
18.037912368774414
18.707101821899414
18.449777603149414
17.808908462524414
18.625070571899414
18.611154556274414
17.713937759399414
17.575998306274414
17.561594009399414
18.643869400024414
18.543283462524414
19.116281509399414
17.519845962524414
17.526193618774414
17.620431900024414
18.732492446899414
17.488107681274414
18.156808853149414
18.996164321899414
17.330392837524414
18.209299087524414
18.380441665649414
18.122629165649414
18.951486587524414
18.228586196899414
17.687326431274414
17.847238540649414
18.843820571899414
17.543039321899414
19.002267837524414
17.631662368774414
18.344064712524414
17.474435806274414
17.402170181274414
18.794504165649414
17.764230728149414
17.614816665649414
17.816720962524414
18.562814712524414
18.722238540649414
11.648263931274414
19.582834243774414
18.548166275024414
19.076730728149414
18.529123306274414
18.156564712524414
17.984201431274414
19.205392837524414
18.961984634399414
15.535959243774414
18.729318618774414
17.144601821899414
18.895822525024414
15.616769790649414
15.701974868774414
15.767892837524414
15.619455337524414
16.087472915649414
16.388498306274414
15.763986587524414
17.521799087524414
16.074533462524414
15.770090103149414
17.528635025024414
16.949533462524414
17.122873306274414
17.586496353149414
18.001047134399414
17.377511978149414
18.050851821899414
17.372629165649414
17.615304946899414
17.259836196899414
19.347238540649414
17.120187759399414
16.565500259399414
19.227365493774414
17.940011978149414
17.465890884399414
17.983224868774414
18.132638931274414
17.525949478149414
17.573068618774414
18.747385025024414
18.845041275024414
16.759592056274414
18.214426040649414
19.203683853149414
19.023996353149414
17.806467056274414
17.485910415649414
11.977365493774414
19.433176040649414
18.245187759399414
15.879953384399414
19.153879165649414
15.727609634399414
18.586984634399414
15.400705337524414
18.436105728149414
16.686594009399414
15.597726821899414
15.832834243774414
16.290109634399414
17.354806900024414
15.993478775024414
16.030588150024414
17.396310806274414
18.010324478149414
19.285715103149414
17.923898696899414
18.874826431274414
17.111642837524414
17.950754165649414
16.705636978149414
19.108224868774414
17.831369400024414
18.871164321899414
19.062326431274414
18.100656509399414
18.850168228149414
14.549631118774414
19.569650650024414
18.806222915649414
17.820871353149414
18.225656509399414
18.098703384399414
15.506174087524414
16.507150650024414
17.545480728149414
15.288156509399414
16.917306900024414
16.192697525024414
17.710763931274414
19.556711196899414
17.784494400024414
17.846261978149414
16.791574478149414
19.171701431274414
18.102853775024414
17.335519790649414
17.312570571899414
17.877756118774414
19.268869400024414
17.576974868774414
19.137765884399414
18.033029556274414
15.310129165649414
17.968088150024414
16.165109634399414
16.592844009399414
15.318918228149414
16.399728775024414
17.787668228149414
16.642648696899414
17.684885025024414
18.658029556274414
17.969064712524414
17.829904556274414
14.369699478149414
17.349191665649414
17.666574478149414
18.743722915649414
17.600900650024414
15.501291275024414
16.497873306274414
16.164377212524414
17.030832290649414
16.466867446899414
16.756174087524414
19.496652603149414
17.693674087524414
17.753488540649414
18.256662368774414
17.294748306274414
18.096506118774414
17.231027603149414
17.301340103149414
19.435861587524414
17.050607681274414
16.868722915649414
17.558664321899414
16.665597915649414
17.440988540649414
19.067209243774414
16.935373306274414
18.265939712524414
17.909494400024414
18.056955337524414
18.438058853149414
18.856027603149414
15.193918228149414
17.566232681274414
18.933420181274414
17.638986587524414
17.973459243774414
18.534738540649414
16.455636978149414
17.692941665649414
17.043527603149414
17.144845962524414
18.134836196899414
18.637521743774414
18.800363540649414
19.022775650024414
15.899728775024414
19.208566665649414
17.043527603149414
18.830636978149414
16.535715103149414
15.370431900024414
17.868478775024414
16.777658462524414
15.675363540649414
17.311349868774414
17.062570571899414
18.133127212524414
18.841623306274414
19.251291275024414
19.086984634399414
18.447824478149414
17.180490493774414
18.377267837524414
19.084787368774414
18.670969009399414
16.942209243774414
17.200754165649414
18.856271743774414
16.703683853149414
19.214426040649414
18.741037368774414
16.519357681274414
19.137277603149414
18.595041275024414
15.782052993774414
19.484689712524414
19.001535415649414
14.465158462524414
16.799386978149414
18.772043228149414
16.401437759399414
18.578195571899414
18.437570571899414
17.286691665649414
