9.876351576561311e-42
0.0
1.937127709388733
0.0
0.0
0.0
3.8528990745544434
4.065057277679443
0.4466491639614105
17.5679874420166
0.8904968500137329
16.1402530670166
16.3653507232666
19.1151065826416
18.3582706451416
15.425653457641602
20.7816104888916
18.2813663482666
20.1758975982666
15.428827285766602
20.3270206451416
20.8695011138916
9.853387832641602
12.518426895141602
12.598993301391602
21.2830753326416
20.8619327545166
16.8873233795166
17.9674015045166
22.0533390045166
19.6265811920166
21.9442081451416
16.8675479888916
20.6248722076416
19.0086612701416
19.2105655670166
19.0797061920166
19.3233585357666
21.9781436920166
19.1636905670166
19.5374698638916
19.5242862701416
0.0
12.249872207641602
0.0
2.2884459495544434
7.131219387054443
15.415887832641602
18.8778018951416
6.726434230804443
17.6363468170166
19.8507022857666
17.4403018951416
20.4805850982666
8.072626113891602
20.5084171295166
15.078729629516602
20.0042667388916
22.2488956451416
19.3919620513916
7.421014308929443
14.981561660766602
0.0
12.215936660766602
4.979852199554443
19.4725284576416
20.1861515045166
18.5596866607666
10.686883926391602
19.8768253326416
19.6226749420166
19.0733585357666
5.182488918304443
13.293573379516602
1.119256615638733
10.377069473266602
19.7764835357666
20.6917667388916
9.610712051391602
20.0538272857666
18.9312686920166
19.0889835357666
12.679559707641602
15.600702285766602
14.348505020141602
20.1820011138916
21.0103702545166
21.0247745513916
19.5259952545166
18.9446964263916
15.432245254516602
7.404656887054443
20.4918155670166
19.9105167388916
19.3199405670166
17.6085147857666
21.2728214263916
22.0862979888916
19.0408878326416
11.905145645141602
12.879999160766602
21.5970401763916
19.3785343170166
19.1534366607666
10.477411270141602
17.0699405670166
14.115106582641602
22.1275577545166
18.4964542388916
19.6712589263916
14.840936660766602
18.1910343170166
16.3785343170166
20.2640323638916
18.4869327545166
17.1873722076416
18.7879581451416
10.102899551391602
19.0833683013916
13.522333145141602
19.2342472076416
17.9896183013916
20.0799503326416
19.2120304107666
20.4720401763916
18.9361515045166
20.4730167388916
18.9905948638916
22.1558780670166
20.6898136138916
20.3492374420166
12.006952285766602
20.5257511138916
20.6915225982666
20.7982120513916
20.6185245513916
15.526727676391602
18.9661808013916
19.2012882232666
18.8460636138916
19.5438175201416
19.4791202545166
19.0504093170166
19.1668643951416
19.5281925201416
19.9905948638916
20.0054874420166
19.9810733795166
20.3975772857666
19.8629093170166
20.0980167388916
20.5220890045166
20.5257511138916
20.7694034576416
21.4744815826416
22.2535343170166
22.1544132232666
22.0479679107666
22.1260929107666
22.2501163482666
22.1737003326416
22.2283878326416
0.0
0.2662292420864105
0.0
0.0
0.0
2.8765807151794434
7.527215480804443
4.033563137054443
8.019647598266602
8.540399551391602
0.0
3.1263365745544434
9.993280410766602
0.0
11.786005020141602
1.682977318763733
6.671258449554443
15.807001113891602
3.4659361839294434
15.529413223266602
14.308954238891602
4.021356105804443
0.0
16.4112491607666
13.570672988891602
11.920526504516602
6.143426418304443
10.243768692016602
12.357782363891602
0.0
13.601922988891602
11.486200332641602
13.130243301391602
10.769403457641602
0.5233093500137329
0.6544128656387329
0.0
3.7034850120544434
6.498895168304443
0.0
6.894647121429443
6.863152980804443
14.538202285766602
6.018670558929443
10.385126113891602
2.2723326683044434
16.3863468170166
8.557245254516602
17.0125675201416
1.873651146888733
2.1583189964294434
13.594110488891602
3.4183287620544434
16.4158878326416
11.348749160766602
1.296014428138733
6.679559230804443
17.8907413482666
11.795282363891602
5.141961574554443
10.065301895141602
8.562128067016602
12.065301895141602
2.8001646995544434
14.338983535766602
4.498651027679443
5.241326808929443
15.470331192016602
12.664911270141602
7.378045558929443
10.545770645141602
10.641473770141602
7.368035793304443
13.620477676391602
13.509393692016602
13.061151504516602
13.008661270141602
14.116083145141602
14.873407363891602
9.645868301391602
14.082880020141602
11.344598770141602
16.9561710357666
12.525262832641602
16.6016788482666
13.070917129516602
15.300409317016602
16.6649112701416
14.390253067016602
14.683465957641602
15.238397598266602
16.2108097076416
16.6426944732666
17.2249698638916
17.3687686920166
17.5870304107666
14.621698379516602
14.932245254516602
14.227411270141602
10.119501113891602
6.265252590179443
7.407830715179443
6.037713527679443
3.9840025901794434
0.0
0.0
0.0
13.179559707641602
10.532831192016602
11.940546035766602
10.629022598266602
8.882440567016602
0.0
0.0
0.0
0.0
3.5538268089294434
12.578485488891602
11.867303848266602
0.0
3.9136900901794434
11.854364395141602
5.732537746429443
14.140497207641602
11.297967910766602
15.267450332641602
9.209344863891602
6.219110012054443
8.847528457641602
12.622430801391602
0.0
6.649774074554443
0.0
10.737909317016602
5.615594387054443
3.5906920433044434
12.169794082641602
14.384149551391602
9.643915176391602
0.0
4.806512355804443
0.9288269281387329
13.400751113891602
0.0
0.0
13.030878067016602
6.534295558929443
0.0
14.237421035766602
8.334833145141602
12.637811660766602
0.0
10.594598770141602
0.5718933343887329
0.0
0.0
2.6717467308044434
0.0
10.892694473266602
1.224969506263733
0.0
4.431024074554443
1.063104271888733
11.005975723266602
4.109490871429443
10.895868301391602
7.108758449554443
4.540643215179443
7.591180324554443
10.419061660766602
9.821161270141602
10.338983535766602
10.531854629516602
10.068231582641602
10.763055801391602
12.110223770141602
14.116571426391602
14.600458145141602
13.577997207641602
15.136835098266602
15.262567520141602
18.4979190826416
15.706171035766602
10.509881973266602
11.461542129516602
17.5821475982666
12.532831192016602
16.9459171295166
18.6780948638916
13.253046035766602
7.987908840179443
14.461053848266602
18.3096866607666
19.3389835357666
18.9739933013916
20.0489444732666
17.5911808013916
19.7447452545166
19.8499698638916
19.6241397857666
19.6954288482666
19.3192081451416
19.3716983795166
19.7032413482666
13.317499160766602
11.021112442016602
17.8475284576416
15.853631973266602
18.9466495513916
17.5093936920166
11.910516738891602
18.9666690826416
17.9422550201416
19.9991397857666
19.8314151763916
19.4888858795166
19.8221378326416
14.413690567016602
14.843133926391602
16.8641300201416
15.887811660766602
19.1026554107666
16.3726749420166
15.803094863891602
18.7943058013916
17.6570987701416
20.0975284576416
17.9300479888916
13.397089004516602
18.1739444732666
18.6402530670166
15.506708145141602
20.0955753326416
18.9083194732666
18.9786319732666
17.4473819732666
19.0059757232666
19.1700382232666
18.6578311920166
20.1219425201416
19.4713077545166
19.1082706451416
19.9295597076416
19.0960636138916
19.2930850982666
19.7308292388916
20.0084171295166
19.1661319732666
19.5904483795166
19.9815616607666
19.5819034576416
19.4024600982666
19.6524600982666
19.7195987701416
19.5960636138916
16.7044620513916
17.1256046295166
18.4466495513916
18.6124210357666
18.5867862701416
18.5040225982666
18.4381046295166
18.0013370513916
18.0274600982666
18.4129581451416
18.1248722076416
19.0474796295166
19.1529483795166
19.3006534576416
19.2134952545166
19.2950382232666
19.5967960357666
19.7882022857666
19.8157901763916
19.9251651763916
19.8411808013916
9.067743301391602
6.657098293304443
1.524530053138733
17.2789249420166
19.4095401763916
14.363397598266602
12.934442520141602
18.5657901763916
19.8856143951416
8.713251113891602
19.0128116607666
18.3773136138916
14.160516738891602
19.0025577545166
19.8873233795166
15.313837051391602
18.8392276763916
14.847284317016602
17.7171573638916
16.3189640045166
10.583124160766602
19.1422061920166
18.2576847076416
17.1238956451416
17.9268741607666
13.259637832641602
18.5965518951416
19.2650089263916
20.2757511138916
19.9412784576416
19.9129581451416
19.8528995513916
19.3453311920166
19.1304874420166
19.1336612701416
19.4273624420166
19.6273136138916
19.9188175201416
19.1456241607666
15.665399551391602
12.489618301391602
17.8040714263916
12.340448379516602
15.200067520141602
19.7388858795166
13.197626113891602
19.7777042388916
19.2896671295166
15.263544082641602
18.7003116607666
19.3402042388916
18.3980655670166
19.9932804107666
18.6461124420166
18.0318546295166
19.4476261138916
19.5467472076416
19.8643741607666
20.0914249420166
19.7095890045166
19.3773136138916
19.9720401763916
20.1309757232666
19.6539249420166
14.182489395141602
19.4012393951416
11.894159317016602
18.4300479888916
13.731073379516602
15.591180801391602
18.8978214263916
19.1651554107666
19.8966007232666
18.1861515045166
19.9266300201416
19.9073429107666
19.7432804107666
20.0237979888916
16.7794132232666
19.6920108795166
18.8592472076416
19.8675479888916
20.1353702545166
19.9256534576416
20.0943546295166
19.8121280670166
17.6785831451416
13.412714004516602
19.7950382232666
18.8477725982666
20.0921573638916
19.6588077545166
19.6331729888916
19.8248233795166
15.276239395141602
16.6082706451416
19.7496280670166
19.7847843170166
19.9136905670166
18.3304386138916
18.4403018951416
19.2679386138916
20.1014347076416
19.9041690826416
20.0618839263916
20.0633487701416
18.3489933013916
19.7847843170166
19.9085636138916
19.5530948638916
19.9405460357666
20.0643253326416
19.9742374420166
19.7015323638916
20.0960636138916
19.8878116607666
19.7921085357666
19.8626651763916
19.7733097076416
19.7132511138916
19.8067569732666
20.0330753326416
20.0772647857666
20.0213565826416
19.9127140045166
19.9534854888916
19.9114933013916
19.8023624420166
20.1458683013916
20.1817569732666
15.408563613891602
14.959589004516602
15.157098770141602
15.363641738891602
15.355829238891602
15.669549942016602
14.390985488891602
14.229608535766602
14.676385879516602
14.085321426391602
10.907831192016602
15.413446426391602
15.331903457641602
14.496454238891602
12.288446426391602
14.529901504516602
14.540887832641602
15.298944473266602
14.550165176391602
13.643182754516602
14.855585098266602
14.187372207641602
14.983270645141602
15.245721817016602
14.765008926391602
15.000116348266602
15.539422988891602
14.831171035766602
15.827508926391602
15.208612442016602
11.962518692016602
13.234247207641602
13.869256973266602
13.815301895141602
11.481317520141602
10.927850723266602
13.645868301391602
11.564081192016602
13.859979629516602
12.089227676391602
13.850458145141602
14.502313613891602
12.381708145141602
12.390985488891602
13.006708145141602
13.332147598266602
13.133172988891602
12.738641738891602
13.837030410766602
14.020868301391602
13.114862442016602
13.589227676391602
12.376092910766602
13.421747207641602
11.947381973266602
12.499628067016602
13.039667129516602
13.227167129516602
13.778924942016602
13.925165176391602
13.271600723266602
13.353876113891602
14.198358535766602
14.275506973266602
12.969110488891602
12.765008926391602
13.418329238891602
14.372430801391602
13.995477676391602
13.568475723266602
13.729120254516602
14.336542129516602
13.921014785766602
15.182001113891602
14.779413223266602
12.392694473266602
14.445184707641602
14.181268692016602
14.594110488891602
15.419061660766602
17.8282413482666
17.2059268951416
15.771844863891602
17.7999210357666
16.1761417388916
16.4891300201416
15.716424942016602
15.129999160766602
15.200799942016602
14.843622207641602
18.3792667388916
16.5538272857666
18.3536319732666
15.411249160766602
18.3900089263916
15.623407363891602
15.250360488891602
14.831659317016602
15.367303848266602
17.3426456451416
18.1400089263916
14.783563613891602
15.769159317016602
16.2718448638916
14.609979629516602
16.0806827545166
14.351678848266602
15.017694473266602
14.434686660766602
14.049676895141602
14.488641738891602
16.4446964263916
14.647089004516602
13.950799942016602
14.131219863891602
16.5103702545166
15.226434707641602
17.6424503326416
16.4144229888916
14.179803848266602
17.1102237701416
14.661737442016602
18.7300968170166
15.204950332641602
17.9290714263916
15.004022598266602
15.092401504516602
19.0479679107666
15.479852676391602
14.946893692016602
15.303583145141602
16.3194522857666
17.7657413482666
18.3350772857666
18.2882022857666
15.682001113891602
15.623407363891602
16.6900577545166
19.2662296295166
18.7615909576416
19.0128116607666
13.481561660766602
16.2569522857666
18.9027042388916
19.6505069732666
15.794794082641602
15.611200332641602
19.8087100982666
19.1512393951416
18.5789737701416
19.5550479888916
19.1854190826416
15.709344863891602
17.6158390045166
16.1505069732666
18.2584171295166
19.5963077545166
17.2491397857666
15.615594863891602
14.045282363891602
19.3306827545166
14.258661270141602
15.692743301391602
15.616571426391602
19.1429386138916
19.3843936920166
16.5425968170166
19.2591495513916
15.443719863891602
19.6253604888916
14.471063613891602
14.396112442016602
19.2903995513916
14.201288223266602
15.689325332641602
19.8743839263916
15.659540176391602
19.3731632232666
14.322626113891602
19.1612491607666
17.2925968170166
18.7308292388916
13.395380020141602
18.5518741607666
19.8997745513916
14.015008926391602
14.443231582641602
19.9966983795166
19.0953311920166
19.8685245513916
20.3011417388916
18.1790714263916
20.5333194732666
20.4852237701416
14.496454238891602
17.5635929107666
14.125848770141602
20.8148136138916
20.9075870513916
20.7445011138916
17.0604190826416
15.861200332641602
14.844354629516602
20.3880558013916
15.729364395141602
18.5152530670166
20.8038272857666
14.790399551391602
19.2476749420166
16.4693546295166
19.2037296295166
20.8756046295166
16.5333194732666
18.4849796295166
18.9051456451416
21.1348819732666
17.8629093170166
20.5272159576416
18.2899112701416
20.7183780670166
19.5257511138916
19.1610050201416
20.8629093170166
17.8223819732666
18.0643253326416
17.5054874420166
20.1060733795166
20.7335147857666
13.934686660766602
17.6619815826416
17.5247745513916
18.3992862701416
15.706415176391602
15.575067520141602
16.0499210357666
18.1749210357666
17.9905948638916
15.395868301391602
17.6944522857666
15.935174942016602
18.0076847076416
16.0465030670166
15.946649551391602
14.613885879516602
14.245477676391602
14.455194473266602
15.454217910766602
14.912958145141602
18.0801944732666
15.343133926391602
15.283563613891602
14.738153457641602
16.2701358795166
17.5902042388916
15.657098770141602
18.8416690826416
15.449335098266602
15.584100723266602
18.4083194732666
15.423700332641602
18.1468448638916
19.4954776763916
19.1107120513916
15.700799942016602
19.6707706451416
14.061883926391602
18.9464054107666
19.0052433013916
19.2510929107666
16.0887393951416
15.273309707641602
20.6500186920166
19.9561710357666
14.550897598266602
19.2943058013916
20.9359073638916
21.0001163482666
18.1978702545166
18.5731143951416
14.591669082641602
17.5042667388916
15.845331192016602
14.796258926391602
17.6595401763916
15.125116348266602
17.5958194732666
15.182733535766602
17.6014347076416
15.648065567016602
15.671258926391602
14.367059707641602
14.480340957641602
16.7347354888916
15.829950332641602
15.364618301391602
18.3663272857666
14.621454238891602
19.7027530670166
18.8848819732666
19.3707218170166
15.528192520141602
16.0091495513916
15.106805801391602
20.0499210357666
14.912714004516602
19.4793643951416
21.0394229888916
19.4053897857666
20.3870792388916
15.327997207641602
17.8768253326416
17.9017276763916
15.609491348266602
17.2413272857666
17.6116886138916
15.349481582641602
15.038690567016602
17.3091983795166
14.156366348266602
17.3282413482666
15.932245254516602
18.7205753326416
19.8050479888916
15.778924942016602
19.0997257232666
16.8008975982666
19.8817081451416
14.810663223266602
16.3113956451416
14.703485488891602
16.6307315826416
20.9644718170166
18.9505558013916
20.7288761138916
15.837030410766602
14.702997207641602
17.2777042388916
14.200067520141602
14.944940567016602
15.073358535766602
16.0599308013916
18.6380558013916
16.0059757232666
14.671503067016602
19.3328800201416
15.979852676391602
19.0413761138916
15.001581192016602
15.618280410766602
15.956415176391602
17.5594425201416
17.2076358795166
15.691522598266602
14.478387832641602
15.831903457641602
17.8509464263916
16.2947940826416
14.286981582641602
19.5164737701416
16.2310733795166
19.1483097076416
20.3443546295166
15.672723770141602
16.4637393951416
18.1998233795166
17.2252140045166
19.1673526763916
18.6483097076416
15.312128067016602
16.0589542388916
15.869501113891602
16.9881534576416
19.4808292388916
17.8187198638916
15.706171035766602
17.4532413482666
17.1602725982666
20.6478214263916
21.1737003326416
14.530633926391602
16.0257511138916
19.4188175201416
17.9132022857666
19.0587100982666
20.5980167388916
15.214227676391602
18.4637393951416
15.515985488891602
17.5975284576416
18.6102237701416
19.1644229888916
20.8424015045166
20.8592472076416
14.602167129516602
19.5792179107666
18.5423526763916
19.4029483795166
15.117059707641602
15.281366348266602
15.908563613891602
15.314325332641602
15.195428848266602
15.348260879516602
18.1878604888916
17.0699405670166
17.4339542388916
20.7774600982666
17.6368350982666
18.8695011138916
18.0860538482666
18.9798526763916
17.7969913482666
19.0963077545166
17.7903995513916
15.937372207641602
19.5291690826416
17.1861515045166
17.7091007232666
19.1102237701416
15.046503067016602
20.4786319732666
18.9862003326416
14.510126113891602
21.5687198638916
17.9598331451416
14.805536270141602
16.2469425201416
19.5596866607666
15.167840957641602
19.7767276763916
18.9708194732666
15.089471817016602
