9.876351576561311e-42
0.0
7.214593410491943
0.0
3.4497008323669434
0.0
8.282220840454102
8.297601699829102
4.453607082366943
20.8715763092041
5.296136379241943
20.1635684967041
20.1672306060791
22.1403751373291
21.3803653717041
18.5148868560791
23.3596134185791
21.7148380279541
23.2341251373291
18.6638126373291
23.0485782623291
23.3498477935791
11.739496231079102
15.177484512329102
14.982416152954102
23.3217716217041
23.0900821685791
20.2033634185791
21.2658634185791
23.6137638092041
22.2131290435791
23.7292423248291
20.2077579498291
22.8315372467041
21.8281192779541
21.8618106842041
21.5143985748291
21.5768985748291
23.4465274810791
21.6157169342041
21.7036075592041
21.6313419342041
4.192376613616943
16.3579044342041
0.0
6.920403957366943
10.769769668579102
19.4247989654541
21.9211368560791
11.022699356079102
21.0622501373291
23.3315372467041
20.6713809967041
23.0798282623291
9.855951309204102
23.1562442779541
17.9196720123291
22.5976505279541
23.8615665435791
21.8581485748291
11.759027481079102
19.4081974029541
2.8203063011169434
15.560785293579102
8.696283340454102
23.0393009185791
23.1652774810791
21.6491641998291
13.429193496704102
22.7050724029541
22.1733341217041
21.5839786529541
9.690912246704102
17.3701114654541
5.586419582366943
14.188226699829102
23.2612247467041
23.3598575592041
12.671869277954102
22.7670841217041
21.7446231842041
21.6489200592041
16.8713321685791
19.9326114654541
17.8198184967041
23.3764591217041
23.3554630279541
23.3547306060791
22.8596134185791
21.7509708404541
19.6208438873291
11.432855606079102
23.1171817779541
22.9680118560791
21.7507266998291
20.8388614654541
23.4177188873291
23.4672794342041
21.8361759185791
16.0378360748291
16.4184513092041
23.4118595123291
21.9182071685791
21.8603458404541
14.437250137329102
20.6540470123291
17.4174747467041
23.4213809967041
21.6577091217041
22.2001895904541
18.7502384185791
21.3159122467041
19.6603946685791
22.4958438873291
21.4067325592041
20.4880313873291
21.7900333404541
14.116205215454102
21.9497013092041
17.7929630279541
22.6469669342041
21.1440372467041
22.5366153717041
22.4321231842041
22.5715274810791
22.6894474029541
22.6352481842041
22.6835880279541
23.6767520904541
22.6735782623291
22.8439884185791
16.2363224029541
22.8654727935791
22.9968204498291
23.1310977935791
23.2517032623291
19.3430118560791
22.1484317779541
22.4738712310791
22.2839298248291
22.6057071685791
22.7211856842041
22.3979434967041
22.6752872467041
22.8666934967041
22.9909610748291
23.0622501373291
23.1191349029541
23.2560977935791
23.1110782623291
23.2526798248291
23.2817325592041
23.2563419342041
23.0478458404541
23.3432559967041
23.8464298248291
23.6686954498291
23.8476505279541
23.8789005279541
23.8959903717041
23.2873477935791
23.3376407623291
0.0
0.0
0.0
1.138665795326233
0.0
5.320062160491943
9.737543106079102
2.0529723167419434
10.921625137329102
8.948236465454102
0.0
2.5656676292419434
11.876703262329102
0.0
14.022943496704102
4.367181301116943
10.041254043579102
19.3886661529541
5.255609035491943
19.0458927154541
17.4221134185791
6.300775051116943
0.0
20.5131778717041
17.5519962310791
15.355707168579102
9.079339981079102
13.235834121704102
16.2966251373291
0.8752380609512329
18.0019474029541
14.917474746704102
17.5190372467041
14.099603652954102
0.0
1.489007592201233
0.0
6.486321926116943
9.011957168579102
0.0
7.708489894866943
8.234125137329102
17.6205997467041
8.415033340454102
13.641351699829102
3.4323668479919434
19.9760684967041
11.592279434204102
20.3327579498291
0.7590271234512329
0.3508239686489105
16.0158634185791
6.004632472991943
20.0483341217041
13.650873184204102
0.0
9.621088027954102
21.2849063873291
14.753412246704102
3.8920836448669434
13.054437637329102
11.588617324829102
15.004877090454102
0.4418884217739105
17.1032657623291
6.273187160491943
4.190423488616943
18.7705020904541
16.6164493560791
9.585199356079102
13.263666152954102
13.209955215454102
7.049066066741943
16.5529727935791
17.9128360748291
15.949457168579102
16.1083927154541
18.7260684967041
19.6987247467041
11.320306777954102
18.7614688873291
13.289789199829102
21.1022891998291
14.959222793579102
20.7143497467041
17.2099552154541
18.4931583404541
19.7324161529541
17.7434024810791
18.2233829498291
18.6572208404541
19.6437931060791
20.1962833404541
20.9077091217041
21.2602481842041
21.6887149810791
14.758295059204102
15.179437637329102
14.073968887329102
9.204095840454102
5.468499660491943
5.938958644866943
4.036370754241943
1.559075951576233
0.0
0.0
0.0
15.350580215454102
11.819574356079102
13.702142715454102
10.583246231079102
6.590081691741943
0.0
0.0
0.0
0.0
0.5593200922012329
13.696771621704102
12.925043106079102
0.0
1.428948998451233
12.942132949829102
4.296136379241943
14.237543106079102
9.658929824829102
15.732904434204102
9.231439590454102
4.723870754241943
7.358636379241943
14.078363418579102
0.0
4.057366847991943
0.0
11.204584121704102
4.180169582366943
0.7668396234512329
10.377923965454102
14.604730606079102
8.714838027954102
0.0
2.2287535667419434
1.203607201576233
12.171869277954102
0.0
0.0
11.954584121704102
4.723138332366943
0.0
13.907220840454102
5.695306301116943
11.838861465454102
0.0
9.292963027954102
0.0
0.0
0.0
0.0
0.0
10.977045059204102
0.0
0.0
2.1027770042419434
0.8022400140762329
12.478265762329102
2.7868590354919434
12.031000137329102
5.123040676116943
3.8439879417419434
6.061028957366943
9.293695449829102
8.711420059204102
9.843500137329102
10.632562637329102
10.171136856079102
11.810052871704102
11.848871231079102
14.285394668579102
15.081537246704102
15.474115371704102
16.4243106842041
16.3596134185791
18.0527286529541
16.2270450592041
12.297601699829102
13.570550918579102
17.0454044342041
14.484369277954102
17.0605411529541
18.4357852935791
14.336908340454102
7.869378566741943
15.459711074829102
18.0996036529541
19.1970157623291
19.4675235748291
19.9040470123291
20.9775333404541
19.7932071685791
20.3102970123291
20.4841251373291
20.6391544342041
20.8542423248291
21.0524845123291
20.8107852935791
15.258783340454102
13.076166152954102
17.5031681060791
16.7326602935791
18.7426700592041
17.9338321685791
11.698236465454102
20.1506290435791
21.0002384185791
20.1310977935791
20.5478458404541
20.6210880279541
20.9465274810791
15.806634902954102
15.696039199829102
17.4626407623291
15.475824356079102
20.8649845123291
16.7297306060791
16.5812931060791
18.9326114654541
18.0576114654541
19.6352481842041
17.8254337310791
14.784906387329102
18.6442813873291
18.5002384185791
16.3862247467041
19.9655704498291
18.7473087310791
19.1086368560791
17.6733341217041
18.9069766998291
19.2995548248291
18.5986270904541
19.9252872467041
19.2307071685791
19.0446720123291
19.7861270904541
19.9372501373291
19.8078556060791
20.0339298248291
20.2368106842041
20.0849552154541
20.3063907623291
20.2365665435791
20.0063419342041
20.1957950592041
20.4321231842041
20.6362247467041
20.6301212310791
17.0837345123291
17.1074161529541
18.3591251373291
18.6284122467041
19.2189884185791
19.3727970123291
19.6606388092041
19.9870548248291
20.3290958404541
19.9953556060791
20.7370548248291
20.5200138092041
20.2709903717041
20.6000919342041
20.3491153717041
20.4912052154541
20.8789005279541
20.6977481842041
20.7944278717041
20.9667911529541
21.1345157623291
8.676507949829102
5.999749660491943
3.0434508323669434
17.9934024810791
19.6816349029541
16.8378849029541
17.3708438873291
20.7575626373291
21.1906681060791
8.637445449829102
19.1613712310791
18.9186954498291
17.7827091217041
20.7829532623291
21.2888126373291
16.2619571685791
19.9848575592041
17.3105411529541
17.9650821685791
18.3620548248291
11.106927871704102
20.2775821685791
19.6354923248291
20.0620059967041
20.4182071685791
13.407464981079102
20.6252384185791
19.0380802154541
20.1745548248291
19.8488712310791
20.5195255279541
20.2167911529541
20.4936466217041
20.7297306060791
20.8403263092041
20.9018497467041
21.0659122467041
21.5593204498291
21.2353458404541
18.6459903717041
17.5478458404541
20.6115665435791
16.0773868560791
19.3503360748291
21.2385196685791
17.6467227935791
21.5124454498291
20.9309024810791
19.3378849029541
21.7021427154541
21.3618106842041
21.6887149810791
21.8591251373291
22.1723575592041
21.7407169342041
22.2692813873291
22.2299747467041
22.6032657623291
21.8620548248291
22.4772891998291
22.3764591217041
23.0236759185791
23.0371036529541
22.9875431060791
18.6352481842041
21.2841739654541
16.1279239654541
20.6418399810791
18.6811466217041
19.8205509185791
21.7429141998291
22.2067813873291
21.7446231842041
22.1235294342041
22.5139102935791
22.5815372467041
22.9260196685791
22.9279727935791
20.3571720123291
21.0766544342041
20.8207950592041
21.4819278717041
22.2390079498291
22.8552188873291
22.8984317779541
20.9680118560791
20.4399356842041
17.6018009185791
21.5817813873291
22.4267520904541
22.2665958404541
22.8112735748291
22.9374942779541
21.2228946685791
19.4079532623291
20.1538028717041
21.4641056060791
22.6159610748291
22.9152774810791
21.7932071685791
21.7119083404541
22.2136173248291
22.0471134185791
21.3674259185791
22.3159122467041
21.7661075592041
20.7431583404541
22.5278263092041
23.0207462310791
21.4067325592041
21.9941349029541
23.0280704498291
21.8190860748291
22.1899356842041
22.1264591217041
22.7145938873291
22.6533145904541
22.6564884185791
22.7768497467041
22.6581974029541
22.7018985748291
21.8808536529541
22.1743106842041
22.3840274810791
22.7060489654541
22.9504337310791
22.9941349029541
22.9475040435791
23.0097599029541
23.2324161529541
21.8774356842041
21.6684513092041
21.7692813873291
21.9572696685791
22.1789493560791
22.0063419342041
21.5390567779541
21.8591251373291
22.1301212310791
21.8525333404541
20.4169864654541
22.1249942779541
22.2175235748291
21.7192325592041
20.6140079498291
22.1989688873291
21.6489200592041
22.0017032623291
21.9597110748291
21.7668399810791
22.2602481842041
22.0139102935791
22.2785587310791
22.4313907623291
22.3874454498291
22.5031681060791
22.5273380279541
22.4680118560791
22.4072208404541
22.4318790435791
21.0812931060791
21.9116153717041
21.9575138092041
21.9934024810791
21.1726016998291
20.9841251373291
21.8710880279541
21.5576114654541
22.0661563873291
21.1557559967041
22.1264591217041
22.4611759185791
21.4167423248291
21.2131290435791
21.6840763092041
22.0161075592041
21.2421817779541
21.6247501373291
22.0092716217041
22.1083927154541
21.9843692779541
22.2875919342041
21.4567813873291
21.8854923248291
21.4980411529541
22.0483341217041
21.9758243560791
21.8588809967041
21.8740177154541
22.2504825592041
22.1862735748291
22.0224552154541
22.3146915435791
22.0290470123291
22.0075626373291
22.0722599029541
22.2018985748291
22.3142032623291
22.0676212310791
22.2104434967041
22.1599063873291
22.2841739654541
22.3437442779541
22.4785099029541
13.479242324829102
10.551019668579102
13.823724746704102
14.108636856079102
14.565912246704102
15.355218887329102
16.8378849029541
16.4601993560791
15.750726699829102
17.1647891998291
16.2741641998291
18.8071231842041
19.6796817779541
20.5124454498291
20.7939395904541
20.6840763092041
18.3515567779541
19.1269474029541
18.6423282623291
20.9167423248291
18.9157657623291
21.2546329498291
21.2531681060791
21.1359806060791
20.9050235748291
20.1166934967041
19.5495548248291
21.1059513092041
21.5017032623291
21.5283145904541
21.3830509185791
21.6235294342041
21.3154239654541
21.8129825592041
21.3996524810791
21.2416934967041
21.3837833404541
21.4631290435791
21.4169864654541
21.2309513092041
21.1037540435791
21.4614200592041
21.7092227935791
21.3178653717041
21.7353458404541
21.3876895904541
21.4174747467041
21.6144962310791
21.7343692779541
21.7705020904541
22.1791934967041
22.3373966217041
21.9360294342041
21.7668399810791
22.1657657623291
22.3100528717041
22.1035099029541
22.2143497467041
22.2260684967041
22.2282657623291
22.3351993560791
22.3151798248291
22.3137149810791
22.3105411529541
22.1201114654541
22.3337345123291
22.4172306060791
22.0495548248291
22.2731876373291
22.6184024810791
22.0898380279541
22.5280704498291
22.5212345123291
22.0837345123291
22.3864688873291
22.5019474029541
22.4721622467041
22.4619083404541
22.5178165435791
22.5886173248291
22.5471134185791
22.8947696685791
22.6767520904541
22.7512149810791
22.4865665435791
22.0312442779541
22.5754337310791
22.4235782623291
22.6447696685791
22.7783145904541
23.0756778717041
22.9218692779541
22.8723087310791
22.8454532623291
22.9489688873291
22.7148380279541
22.2946720123291
22.1740665435791
23.0060977935791
22.2912540435791
22.6691837310791
22.9472599029541
22.7348575592041
23.1830997467041
22.5642032623291
23.2976016998291
23.0197696685791
23.3754825592041
22.1728458404541
23.3681583404541
23.0488224029541
22.2939395904541
22.4689884185791
23.0988712310791
23.3757266998291
23.4719181060791
23.7419376373291
23.1191349029541
23.5910587310791
23.7695255279541
22.4160099029541
23.0119571685791
22.3356876373291
23.8469181060791
23.7080020904541
23.3129825592041
22.8703556060791
22.7656192779541
22.4304141998291
23.3268985748291
22.5490665435791
23.1220645904541
23.3852481842041
22.4201602935791
23.0981388092041
22.9411563873291
23.0034122467041
23.6098575592041
22.9497013092041
23.1835880279541
23.1240177154541
23.3395938873291
23.0712833404541
23.4250431060791
23.0031681060791
23.2629337310791
22.8544864654541
22.4062442779541
23.2980899810791
22.7499942779541
22.5664005279541
21.8212833404541
22.8979434967041
23.0949649810791
12.115961074829102
17.4226016998291
16.7534122467041
17.7770938873291
19.2006778717041
20.0446720123291
20.1721134185791
18.8090763092041
19.1225528717041
21.0039005279541
19.8928165435791
21.0143985748291
19.6901798248291
21.6921329498291
21.7905216217041
21.6391544342041
21.1345157623291
21.5256290435791
21.8383731842041
21.5361270904541
21.2963809967041
21.8720645904541
21.9013614654541
22.4233341217041
22.2956485748291
22.3720645904541
22.4384708404541
22.7512149810791
22.4829044342041
22.4453067779541
22.7123966217041
22.5334415435791
22.9360294342041
22.8915958404541
23.2326602935791
22.8422794342041
23.0781192779541
22.5417423248291
23.4760684967041
23.7211856842041
23.6572208404541
22.8222599029541
22.5734806060791
23.8102970123291
23.4086856842041
22.9431095123291
23.2495059967041
23.3701114654541
23.3095645904541
22.9445743560791
21.8019962310791
12.468255996704102
17.8051700592041
19.6684513092041
20.8503360748291
19.0331974029541
20.8601016998291
20.0153751373291
21.4699649810791
20.3476505279541
21.2272891998291
21.6928653717041
21.2165470123291
21.4660587310791
21.2866153717041
21.8547306060791
22.0856876373291
22.2170352935791
22.3447208404541
22.3998966217041
22.9352970123291
22.8154239654541
22.7546329498291
22.8403263092041
22.5529727935791
23.1518497467041
22.6516056060791
23.5075626373291
23.3718204498291
22.7465763092041
23.0024356842041
13.754877090454102
18.4372501373291
17.1096134185791
20.4042911529541
20.3808536529541
20.6889591217041
21.5090274810791
21.6672306060791
21.2209415435791
21.3185977935791
22.2485294342041
22.1022891998291
22.2370548248291
22.0851993560791
22.6103458404541
23.1406192779541
22.8974552154541
23.1889591217041
22.7128849029541
22.9260196685791
22.5910587310791
23.0771427154541
23.3325138092041
22.9277286529541
23.1291446685791
20.1230411529541
21.3134708404541
20.7863712310791
21.2831974029541
21.6491641998291
21.7585391998291
22.0913028717041
22.2331485748291
22.2451114654541
22.3322696685791
23.0097599029541
22.7631778717041
23.0446720123291
14.041986465454102
20.7148380279541
20.5471134185791
19.4184513092041
21.0925235748291
21.6135196685791
21.4150333404541
21.8420352935791
22.1830997467041
22.0856876373291
22.1489200592041
22.2846622467041
22.7202091217041
22.9824161529541
22.9587345123291
20.6901798248291
20.1091251373291
22.0913028717041
22.2353458404541
22.4853458404541
23.2121524810791
20.7956485748291
20.7600040435791
22.0202579498291
22.2348575592041
22.7617130279541
23.2231388092041
22.8525333404541
22.9311466217041
23.1091251373291
23.4099063873291
23.4995059967041
13.980707168579102
22.3400821685791
23.0078067779541
23.0466251373291
23.3212833404541
23.4648380279541
21.1122989654541
22.0256290435791
22.2070255279541
22.3278751373291
23.2297306060791
23.4821720123291
23.4946231842041
23.2477970123291
14.365228652954102
22.9792423248291
23.2734317779541
23.5683536529541
14.926507949829102
21.4536075592041
22.4550724029541
15.140130996704102
20.9770450592041
22.3293399810791
22.4853458404541
16.2622013092041
16.5112247467041
23.2570743560791
16.7062931060791
22.0080509185791
22.6704044342041
22.1962833404541
17.0124454498291
22.0307559967041
22.8132266998291
22.7846622467041
23.1376895904541
22.7883243560791
17.5747013092041
22.3359317779541
22.2824649810791
23.5302677154541
22.5873966217041
22.1279239654541
23.4316349029541
17.3828067779541
20.9311466217041
22.6772403717041
23.2434024810791
22.2004337310791
23.6032657623291
22.6489200592041
22.4433536529541
