9.876351576561311e-42
0.0
6.27084493637085
0.0
3.6199660301208496
0.0
7.76230001449585
6.86020040512085
4.27792501449585
20.231782913208008
5.04232931137085
18.906343460083008
19.057222366333008
21.207857131958008
21.189058303833008
15.594087600708008
21.569429397583008
20.033052444458008
21.930025100708008
17.191987991333008
22.038423538208008
21.958833694458008
12.163667678833008
15.121919631958008
14.934419631958008
21.840425491333008
22.000093460083008
18.718599319458008
19.824068069458008
22.062349319458008
22.073823928833008
22.137056350708008
19.341402053833008
22.088960647583008
20.670503616333008
21.460298538208008
21.518892288208008
21.568941116333008
22.483003616333008
21.495698928833008
21.742280960083008
21.537446975708008
3.2530226707458496
15.679292678833008
0.0
6.35336446762085
9.264497756958008
17.732027053833008
21.262300491333008
9.055025100708008
20.637544631958008
21.897554397583008
19.065279006958008
22.034273147583008
10.273530960083008
21.939546585083008
17.153169631958008
22.174898147583008
22.454439163208008
21.836763381958008
11.409761428833008
18.777681350708008
2.5748000144958496
13.604341506958008
7.32016134262085
21.931001663208008
21.915864944458008
20.371675491333008
13.079439163208008
21.911226272583008
22.130220413208008
21.525484085083008
8.949312210083008
17.156099319458008
5.16855001449585
11.728120803833008
21.914400100708008
21.757173538208008
11.036714553833008
22.051118850708008
20.603609085083008
21.591402053833008
16.097749710083008
19.012300491333008
15.846284866333008
21.899263381958008
21.739839553833008
22.026948928833008
21.825532913208008
20.821870803833008
18.435152053833008
9.598970413208008
21.962739944458008
22.025239944458008
21.679292678833008
19.932710647583008
21.509370803833008
22.117525100708008
21.106538772583008
14.860200881958008
13.368989944458008
21.667818069458008
21.773775100708008
21.956636428833008
13.246675491333008
19.548921585083008
15.280611038208008
22.092378616333008
20.452486038208008
22.119234085083008
16.663667678833008
20.944673538208008
17.279878616333008
22.070161819458008
21.091157913208008
18.965425491333008
21.027925491333008
12.337984085083008
21.585054397583008
16.069185256958008
21.684419631958008
20.066255569458008
22.130464553833008
21.497163772583008
21.920503616333008
21.751314163208008
22.157320022583008
21.817964553833008
22.470308303833008
22.140230178833008
22.191499710083008
13.898775100708008
22.144136428833008
21.984956741333008
21.780366897583008
21.805269241333008
17.451753616333008
20.881685256958008
21.391695022583008
21.001314163208008
21.607515335083008
21.625337600708008
20.998628616333008
21.353853225708008
21.708833694458008
21.823091506958008
21.812105178833008
21.778413772583008
21.748872756958008
21.783540725708008
21.868257522583008
21.805513381958008
21.883882522583008
21.866792678833008
21.965425491333008
22.247652053833008
22.401216506958008
22.604341506958008
22.720064163208008
22.717378616333008
22.524751663208008
22.391450881958008
0.0
0.0
0.0
0.0
0.0
0.4004836976528168
5.74838399887085
0.0
7.69784688949585
6.72348165512085
0.0
0.0
8.798433303833008
0.0
12.254243850708008
0.6448684930801392
6.12826681137085
17.328218460083008
2.2737746238708496
17.005952835083008
14.261812210083008
3.7967238426208496
0.0
17.794771194458008
16.015962600708008
14.736421585083008
8.014253616333008
11.375337600708008
15.431001663208008
1.1314407587051392
16.472017288208008
12.944429397583008
16.357271194458008
13.068941116333008
0.0
0.0
0.0
3.0743117332458496
6.11142110824585
0.0
5.20321798324585
2.9805617332458496
15.830171585083008
4.95688009262085
9.567964553833008
0.0
17.607027053833008
8.004243850708008
17.110689163208008
0.0
0.0
12.128023147583008
2.6661086082458496
17.657808303833008
9.284273147583008
0.0
6.09921407699585
18.288911819458008
12.212007522583008
2.0435500144958496
9.924409866333008
10.457857131958008
12.253755569458008
0.0
14.503511428833008
1.8194290399551392
0.6949173212051392
16.182466506958008
14.712984085083008
6.96786642074585
11.739595413208008
12.043062210083008
4.97104024887085
13.772798538208008
16.481294631958008
13.948579788208008
12.614351272583008
17.282808303833008
18.083101272583008
9.904634475708008
17.277437210083008
11.343111038208008
18.563325881958008
13.347993850708008
17.988618850708008
16.137056350708008
14.859712600708008
16.481294631958008
16.108491897583008
16.502779006958008
16.729829788208008
17.153413772583008
17.492280960083008
18.034761428833008
18.276216506958008
18.744234085083008
7.07089376449585
7.61996603012085
6.90121603012085
7.29550313949585
6.46103048324585
7.53769063949585
7.21859884262085
0.0
0.0
0.0
0.0
8.577730178833008
9.520357131958008
8.779146194458008
9.646577835083008
5.87826681137085
0.0
0.0
0.0
0.0
0.0
10.837007522583008
10.020112991333008
0.0
1.1314407587051392
10.138032913208008
1.1089798212051392
6.74130392074585
6.60605001449585
8.278169631958008
7.85629415512085
4.17489767074585
8.910493850708008
8.213960647583008
0.0
1.3331009149551392
0.0
9.203706741333008
4.68832540512085
0.0
5.52694845199585
7.22006368637085
9.056489944458008
0.0
2.8816847801208496
0.0
6.02426290512085
0.0
0.0
6.79477071762085
6.56137228012085
0.0
6.53891134262085
5.93417501449585
7.24984884262085
0.0
9.238862991333008
0.0
0.0
0.0
0.0
0.0
9.729341506958008
0.0
0.0
0.0
0.0
10.220552444458008
0.0
10.002779006958008
0.9517532587051392
0.5745559930801392
5.82553243637085
9.290376663208008
9.342866897583008
9.564058303833008
9.785493850708008
9.202730178833008
8.881441116333008
7.60116720199585
7.19980001449585
7.73837423324585
8.311372756958008
8.573579788208008
8.640474319458008
10.482027053833008
8.957857131958008
9.883882522583008
9.314546585083008
9.700288772583008
9.848970413208008
10.616060256958008
11.001070022583008
10.914888381958008
7.66513204574585
11.691743850708008
11.205415725708008
12.169282913208008
11.749605178833008
13.752779006958008
11.894868850708008
12.808931350708008
13.823091506958008
14.357515335083008
14.567720413208008
13.160982131958008
14.379487991333008
14.998628616333008
9.004732131958008
10.247896194458008
9.907320022583008
12.040620803833008
11.793794631958008
12.720064163208008
9.012544631958008
12.118013381958008
12.368989944458008
13.785982131958008
14.054048538208008
13.267427444458008
15.222749710083008
9.433198928833008
11.366304397583008
12.715669631958008
10.588472366333008
12.579927444458008
9.278413772583008
10.862886428833008
13.333101272583008
12.500093460083008
13.826997756958008
10.484712600708008
11.022310256958008
12.916597366333008
10.700532913208008
11.809663772583008
14.034029006958008
11.087739944458008
11.472017288208008
11.506441116333008
11.490571975708008
11.837495803833008
12.192232131958008
14.315034866333008
12.582612991333008
13.221529006958008
13.441499710083008
12.252290725708008
12.509859085083008
13.494478225708008
14.334077835083008
12.641450881958008
13.553071975708008
14.060152053833008
12.912935256958008
13.024507522583008
14.090181350708008
14.310640335083008
13.835542678833008
9.329683303833008
9.495943069458008
10.621431350708008
10.761079788208008
11.078950881958008
11.260835647583008
11.450044631958008
11.447114944458008
11.551607131958008
11.606538772583008
11.939546585083008
12.344087600708008
12.419038772583008
12.594575881958008
12.780855178833008
13.440767288208008
14.505464553833008
14.603853225708008
14.801118850708008
15.085786819458008
15.534029006958008
6.81405782699585
4.27475118637085
0.0
12.650239944458008
14.888277053833008
12.768404006958008
15.993013381958008
15.318208694458008
15.433931350708008
4.54770040512085
13.689058303833008
14.435884475708008
15.849214553833008
15.598970413208008
15.923189163208008
10.831636428833008
14.986421585083008
13.878023147583008
12.464937210083008
13.983491897583008
7.25204610824585
14.995210647583008
14.765962600708008
15.318208694458008
15.209077835083008
9.022066116333008
15.191987991333008
13.208101272583008
14.353120803833008
14.069917678833008
14.869234085083008
14.913911819458008
14.953462600708008
15.159273147583008
15.292085647583008
15.570894241333008
15.980806350708008
16.745943069458008
14.323579788208008
15.705415725708008
15.826021194458008
15.341646194458008
15.950288772583008
16.420991897583008
15.369478225708008
16.016450881958008
15.840913772583008
16.017427444458008
17.032320022583008
17.942232131958008
17.071382522583008
18.556978225708008
16.701021194458008
18.950777053833008
18.596773147583008
18.257661819458008
18.018404006958008
18.485445022583008
17.772554397583008
18.901948928833008
17.697603225708008
19.196870803833008
19.290376663208008
19.012300491333008
16.006685256958008
14.932222366333008
15.644380569458008
15.629732131958008
16.218843460083008
16.984224319458008
17.708101272583008
18.816499710083008
17.268648147583008
18.903169631958008
18.262300491333008
18.506685256958008
19.017915725708008
19.120210647583008
15.508882522583008
14.923189163208008
16.057222366333008
15.754487991333008
18.091890335083008
18.949800491333008
19.021333694458008
14.948823928833008
15.828950881958008
16.348970413208008
17.453462600708008
19.040620803833008
17.953706741333008
18.712251663208008
18.871187210083008
15.334077835083008
17.270601272583008
16.936372756958008
16.806978225708008
18.987154006958008
18.629732131958008
18.435152053833008
18.176851272583008
18.496675491333008
17.611421585083008
15.839204788208008
17.885591506958008
16.655122756958008
16.265230178833008
18.708589553833008
18.827730178833008
16.873140335083008
17.007173538208008
19.014253616333008
17.187105178833008
17.352388381958008
17.536470413208008
18.352632522583008
18.920747756958008
18.713716506958008
18.838716506958008
18.531099319458008
18.421236038208008
17.113130569458008
17.465913772583008
17.819185256958008
18.301118850708008
18.576021194458008
18.802095413208008
18.801607131958008
19.058687210083008
19.589204788208008
15.686128616333008
15.388277053833008
15.880464553833008
17.022066116333008
16.426118850708008
16.913423538208008
17.891695022583008
17.775484085083008
18.118989944458008
18.189302444458008
18.591646194458008
16.878755569458008
17.115327835083008
17.881929397583008
18.518892288208008
17.660005569458008
18.197603225708008
16.164888381958008
18.502046585083008
18.517427444458008
18.466157913208008
18.804292678833008
18.817476272583008
17.308198928833008
18.040376663208008
17.726411819458008
18.104585647583008
18.431001663208008
18.446626663208008
18.830904006958008
19.063325881958008
19.408540725708008
19.318452835083008
19.755464553833008
19.550142288208008
19.720552444458008
19.606294631958008
20.000337600708008
19.962984085083008
20.237886428833008
20.884126663208008
20.906831741333008
20.722993850708008
20.794527053833008
20.611909866333008
21.283540725708008
20.747163772583008
19.653169631958008
19.894624710083008
20.869478225708008
20.764497756958008
21.237886428833008
19.319917678833008
19.614107131958008
19.826753616333008
20.110200881958008
21.007661819458008
20.842378616333008
19.399019241333008
21.073091506958008
20.923921585083008
19.932710647583008
21.156343460083008
19.478364944458008
19.164888381958008
19.526704788208008
19.693696975708008
19.861177444458008
19.819429397583008
20.888521194458008
20.875093460083008
21.220308303833008
21.472261428833008
21.233980178833008
5.61898946762085
4.28964376449585
5.98227071762085
6.38314962387085
6.85531759262085
7.78134298324585
9.423921585083008
8.886079788208008
8.263032913208008
9.654146194458008
8.823091506958008
10.332124710083008
10.429048538208008
10.527193069458008
10.812593460083008
10.711763381958008
10.612642288208008
10.559663772583008
10.800142288208008
11.705171585083008
10.986665725708008
12.588716506958008
12.285982131958008
12.014986038208008
11.323579788208008
11.116792678833008
11.241548538208008
11.768892288208008
13.056734085083008
13.772554397583008
12.765718460083008
14.220552444458008
12.493013381958008
14.664400100708008
14.090181350708008
14.139009475708008
14.607271194458008
12.917818069458008
15.124116897583008
14.616792678833008
14.795015335083008
13.589448928833008
14.171724319458008
13.887788772583008
14.251802444458008
15.242769241333008
14.082124710083008
15.122896194458008
14.648286819458008
16.483491897583008
16.362642288208008
17.584566116333008
17.133150100708008
14.999605178833008
17.468111038208008
17.892183303833008
17.699312210083008
17.550874710083008
17.152681350708008
17.009614944458008
17.878999710083008
18.231782913208008
18.246919631958008
18.021577835083008
16.342378616333008
17.635835647583008
16.989839553833008
19.022066116333008
19.228120803833008
18.301851272583008
16.896333694458008
19.215913772583008
19.131929397583008
16.747163772583008
17.628511428833008
18.899507522583008
17.450044631958008
18.208833694458008
19.649019241333008
19.708589553833008
19.735933303833008
19.788423538208008
17.652925491333008
19.921480178833008
20.000337600708008
19.622163772583008
18.360445022583008
20.060152053833008
20.233980178833008
20.143892288208008
19.584810256958008
18.258638381958008
20.714693069458008
18.809419631958008
20.648530960083008
18.301362991333008
20.568208694458008
20.924165725708008
19.294038772583008
20.829927444458008
20.877290725708008
18.545015335083008
21.316011428833008
19.406831741333008
21.462984085083008
19.795259475708008
21.781343460083008
20.919771194458008
21.619966506958008
21.681489944458008
18.998140335083008
21.933443069458008
22.142915725708008
19.593599319458008
21.723482131958008
20.215669631958008
20.749605178833008
22.545015335083008
20.602632522583008
20.979829788208008
22.355073928833008
22.361177444458008
22.164644241333008
21.477144241333008
20.989839553833008
20.792329788208008
22.348482131958008
22.182954788208008
22.300874710083008
22.634370803833008
22.229585647583008
22.509614944458008
21.393404006958008
22.170259475708008
22.354097366333008
22.475191116333008
22.447847366333008
22.657808303833008
22.627779006958008
22.393892288208008
22.294527053833008
22.591402053833008
22.389253616333008
22.735933303833008
22.277193069458008
22.347993850708008
22.056978225708008
22.025972366333008
22.617769241333008
22.232271194458008
22.131929397583008
22.372407913208008
22.745454788208008
22.877046585083008
4.55551290512085
9.668306350708008
9.233491897583008
10.241060256958008
10.356782913208008
10.500825881958008
10.747407913208008
10.812349319458008
11.012300491333008
11.494234085083008
11.211519241333008
11.428316116333008
11.347749710083008
13.533052444458008
13.939058303833008
14.339204788208008
14.418062210083008
14.438814163208008
14.840669631958008
15.633882522583008
13.618989944458008
16.440279006958008
17.095552444458008
17.973237991333008
18.192476272583008
19.213228225708008
19.299898147583008
18.858003616333008
19.531587600708008
19.766450881958008
19.407320022583008
19.898042678833008
20.169282913208008
18.025728225708008
20.386568069458008
21.030855178833008
18.952730178833008
21.664644241333008
21.476411819458008
22.337984085083008
21.980562210083008
22.253755569458008
22.277437210083008
22.471284866333008
22.639253616333008
21.928071975708008
22.300630569458008
22.809907913208008
22.700532913208008
22.636812210083008
22.349946975708008
3.8582472801208496
9.890718460083008
10.584321975708008
11.006196975708008
10.768892288208008
11.153413772583008
11.329439163208008
12.713716506958008
11.452486038208008
11.668062210083008
13.555269241333008
14.045259475708008
13.859224319458008
13.314302444458008
17.058443069458008
17.682466506958008
16.207612991333008
18.290132522583008
17.279878616333008
19.352876663208008
18.708101272583008
19.991060256958008
20.732515335083008
21.191987991333008
19.529390335083008
22.351655960083008
22.634859085083008
22.724458694458008
22.603364944458008
22.784273147583008
4.95224142074585
10.344087600708008
9.630220413208008
10.715669631958008
11.275239944458008
11.593599319458008
13.211275100708008
13.539644241333008
13.047945022583008
15.362642288208008
15.688081741333008
17.665620803833008
16.791353225708008
17.143648147583008
19.962495803833008
19.847993850708008
21.675874710083008
19.320650100708008
21.554292678833008
22.138032913208008
22.278657913208008
22.560396194458008
22.887300491333008
22.166597366333008
22.823091506958008
10.650239944458008
12.402193069458008
11.460054397583008
13.663911819458008
12.908052444458008
16.527437210083008
16.195405960083008
15.981782913208008
18.262300491333008
18.199068069458008
19.053804397583008
22.393404006958008
22.249849319458008
5.18905782699585
10.867280960083008
10.807466506958008
10.970796585083008
11.668062210083008
13.151216506958008
13.282808303833008
16.736177444458008
15.607759475708008
16.886323928833008
18.926607131958008
17.502534866333008
22.347017288208008
22.222993850708008
22.388277053833008
10.965913772583008
10.914644241333008
15.480073928833008
16.494478225708008
17.861421585083008
20.547212600708008
11.020845413208008
11.210298538208008
17.353609085083008
17.271333694458008
18.504732131958008
20.912691116333008
21.444185256958008
22.450288772583008
22.456880569458008
22.446138381958008
22.561616897583008
5.82187032699585
19.292329788208008
18.836275100708008
22.493501663208008
22.369966506958008
22.604341506958008
11.568452835083008
15.210786819458008
17.816499710083008
17.974702835083008
22.577241897583008
22.601900100708008
22.658540725708008
22.704683303833008
6.47348165512085
18.618501663208008
20.766206741333008
22.700532913208008
7.12973165512085
12.798921585083008
19.780366897583008
7.53988790512085
11.301118850708008
18.141939163208008
19.141450881958008
8.687837600708008
9.150239944458008
22.792085647583008
9.280122756958008
15.377779006958008
19.632173538208008
16.160737991333008
9.561372756958008
15.747163772583008
19.929780960083008
19.863618850708008
19.180025100708008
20.227388381958008
9.929292678833008
16.586763381958008
18.885835647583008
22.767427444458008
17.945650100708008
19.281831741333008
22.809663772583008
9.892427444458008
11.663911819458008
20.134614944458008
19.557954788208008
20.656831741333008
20.482759475708008
18.533540725708008
19.795991897583008
