9.876351576561311e-42
0.13664397597312927
5.007005214691162
0.0
1.9340072870254517
0.0
5.583177089691162
6.090989589691162
4.122972011566162
18.00309944152832
4.647874355316162
16.48698616027832
16.88542366027832
19.06022834777832
18.93766975402832
15.88615608215332
19.12175178527832
18.85881233215332
19.69426155090332
16.84245491027832
19.87932014465332
19.41960334777832
12.88176155090332
15.31633186340332
15.04704475402832
19.43889045715332
19.79435920715332
17.90910530090332
18.62883186340332
20.01237678527832
20.11638069152832
19.93278694152832
18.16276741027832
19.96721076965332
19.54826545715332
19.83806037902832
20.02531623840332
20.04680061340332
20.54509162902832
20.23307991027832
20.10270881652832
20.28849983215332
2.637132167816162
13.56071662902832
0.0
3.525559902191162
8.50163459777832
15.13786506652832
18.98161506652832
8.20622444152832
18.57853889465332
19.55363655090332
18.22038459777832
19.72087287902832
10.72331428527832
19.81901741027832
16.81804084777832
20.17082405090332
20.24919319152832
19.99846076965332
7.581223964691162
16.43327522277832
2.381516933441162
12.45793342590332
6.996263027191162
19.59123420715332
19.60392951965332
19.02971076965332
13.51872444152832
20.08976936340332
20.17009162902832
20.15178108215332
5.138108730316162
14.53630256652832
3.982347011566162
10.66765022277832
19.57292366027832
19.33317756652832
11.72038459777832
20.12346076965332
19.37321662902832
20.17326545715332
13.34538459777832
16.82438850402832
14.57048225402832
19.71037483215332
19.20695686340332
19.55510139465332
20.08903694152832
19.42936897277832
16.15373420715332
7.781907558441162
19.83464241027832
20.23527717590332
20.20109748840332
17.69157600402832
19.11027717590332
19.97307014465332
19.66032600402832
11.97258186340332
13.95646858215332
19.39177131652832
20.23112678527832
20.16935920715332
10.34733772277832
17.21428108215332
15.39958381652832
19.99968147277832
19.16057014465332
20.20695686340332
13.83073616027832
18.83683967590332
16.97599983215332
20.13151741027832
18.89933967590332
18.06633186340332
19.50212287902832
9.47307014465332
19.77995491027832
13.53849983215332
19.86076545715332
18.77385139465332
20.13737678527832
19.78972053527832
19.82463264465332
19.69719123840332
19.99113655090332
19.61125373840332
20.24138069152832
19.81144905090332
20.15690803527832
12.10295295715332
19.88737678527832
19.88591194152832
19.92912483215332
19.79826545715332
15.72795295715332
19.52873420715332
20.02775764465332
19.49675178527832
19.98845100402832
19.94328498840332
19.48649787902832
19.80900764465332
20.13127326965332
19.93376350402832
19.84001350402832
19.74748420715332
19.80436897277832
19.70793342590332
19.72599983215332
19.86100959777832
19.84782600402832
19.91594123840332
19.98625373840332
20.22892951965332
20.23503303527832
20.46550178527832
20.47111701965332
20.48259162902832
20.79289436340332
20.83708381652832
0.6791244745254517
2.257737636566162
1.5468002557754517
4.283128261566162
2.500657558441162
6.039475917816162
9.45475959777832
5.853440761566162
9.90886116027832
8.63810920715332
0.7711654901504517
6.504563808441162
10.52507209777832
3.151048183441162
11.74064826965332
5.468430995941162
7.814378261566162
15.53410530090332
5.186692714691162
15.10515022277832
13.32414436340332
5.302659511566162
0.5531479120254517
17.17350959777832
14.90617561340332
13.45427131652832
7.201829433441162
10.32805061340332
14.25309944152832
2.433274745941162
15.43010139465332
11.45329475402832
14.90837287902832
11.10710334777832
1.8968979120254517
3.239427089691162
0.9779525995254517
7.746751308441162
8.42717170715332
0.12736663222312927
8.96794319152832
8.30974006652832
13.89787483215332
7.900559902191162
10.26701545715332
4.215013027191162
16.50236701965332
8.30314826965332
16.13957405090332
3.228929042816162
5.030686855316162
11.96916389465332
6.014573574066162
16.64616584777832
11.39030647277832
3.564134120941162
7.465501308441162
18.06193733215332
11.30363655090332
6.358323574066162
9.74479866027832
8.65349006652832
12.04655647277832
4.922044277191162
13.34074592590332
6.349290370941162
6.950364589691162
14.51164436340332
13.00773811340332
8.68254280090332
10.78898811340332
10.98771858215332
8.15251350402832
12.00895881652832
14.56242561340332
12.05656623840332
12.05461311340332
15.56413459777832
16.57682991027832
10.43010139465332
16.00334358215332
10.89079475402832
17.84025764465332
11.95524787902832
17.46281623840332
13.49308967590332
13.83879280090332
15.21110725402832
13.64152717590332
14.13444709777832
14.61027717590332
15.56901741027832
16.52531623840332
17.77702522277832
18.21110725402832
18.46452522277832
11.22648811340332
11.49797248840332
11.15349006652832
8.80192756652832
7.442796230316162
8.23430061340332
7.173020839691162
5.753587245941162
0.0
0.0
1.7762924432754517
11.49260139465332
10.24308967590332
11.21379280090332
10.05436897277832
9.12492561340332
0.0
0.3378158509731293
1.9637924432754517
0.7797104120254517
6.097337245941162
12.17521858215332
10.91862678527832
1.5575424432754517
6.701341152191162
11.43181037902832
5.983567714691162
11.11247444152832
8.35661506652832
11.85002326965332
9.29606819152832
7.918870449066162
8.81413459777832
11.34391975402832
0.0
8.50651741027832
1.5421615839004517
9.66227912902832
8.74675178527832
5.121751308441162
8.05974006652832
11.38273811340332
9.21281623840332
0.0
7.901292324066162
3.840501308441162
9.17961311340332
0.0
3.048997402191162
9.43718147277832
9.29924201965332
2.275315761566162
10.90080451965332
9.50309944152832
9.77409553527832
0.7010971307754517
10.12272834777832
2.992600917816162
0.0
2.305100917816162
4.595628261566162
4.685960292816162
10.49113655090332
5.713059902191162
3.641038417816162
7.280930995941162
5.601243495941162
10.85930061340332
6.449143886566162
10.32170295715332
7.930833339691162
7.345139980316162
8.74113655090332
9.78727912902832
9.44523811340332
9.61564826965332
9.78532600402832
9.61149787902832
10.20817756652832
10.13762092590332
11.43010139465332
11.71061897277832
11.62639045715332
11.84294319152832
11.75407600402832
12.36491584777832
11.75480842590332
10.58586311340332
11.13517951965332
12.07194709777832
11.06413459777832
12.38981819152832
13.28117561340332
12.41545295715332
10.40788459777832
13.39958381652832
13.11271858215332
14.35832405090332
14.27726936340332
16.23307991027832
14.22233772277832
14.85222053527832
15.94377326965332
16.51774787902832
16.40788459777832
14.91008186340332
15.51628303527832
16.26408576965332
11.44401741027832
10.93303108215332
12.18742561340332
14.30900764465332
13.90544319152832
14.57365608215332
11.89152717590332
14.35490608215332
14.34684944152832
16.08781623840332
15.84660530090332
14.99528694152832
16.25261116027832
11.40153694152832
13.81877326965332
14.79899787902832
13.49235725402832
14.41130256652832
11.76115608215332
12.21208381652832
15.65861701965332
15.47722053527832
16.50871467590332
12.66496467590332
12.36735725402832
15.56779670715332
13.22917366027832
13.41862678527832
16.66105842590332
13.65959358215332
14.06169319152832
13.01408576965332
13.94841194152832
14.29802131652832
13.88688850402832
17.08928108215332
14.43132209777832
15.27702522277832
15.74211311340332
14.41252326965332
14.60905647277832
15.66301155090332
16.80119514465332
14.68254280090332
15.58513069152832
16.44474983215332
14.88859748840332
14.92741584777832
16.23088264465332
16.12712287902832
15.55558967590332
11.86027717590332
11.96110725402832
12.57463264465332
12.78776741027832
13.87590217590332
14.04142951965332
14.09001350402832
14.00407600402832
14.02604866027832
14.14177131652832
14.25969123840332
14.37883186340332
14.49846076965332
14.58952522277832
14.75993537902832
15.07390022277832
15.79118537902832
15.97746467590332
16.12077522277832
16.27629280090332
16.42302131652832
9.94694709777832
7.675462245941162
5.327073574066162
14.52482795715332
16.58781623840332
13.30436897277832
13.52849006652832
15.90373420715332
16.52385139465332
7.875169277191162
15.62224006652832
15.84709358215332
14.42765998840332
15.89250373840332
16.75554084777832
13.17790412902832
16.56022834777832
13.13981819152832
14.63444709777832
14.27067756652832
9.57658576965332
16.60978889465332
16.09489631652832
16.16520881652832
16.28434944152832
11.67277717590332
16.17277717590332
15.66423225402832
16.71183967590332
16.23845100402832
16.90349006652832
16.79606819152832
16.62028694152832
16.10856819152832
15.89665412902832
15.93669319152832
16.20256233215332
16.89323616027832
15.56804084777832
15.32707405090332
14.36125373840332
15.97282600402832
13.65666389465332
15.22502326965332
16.53874397277832
14.14225959777832
16.97599983215332
16.11271858215332
15.21647834777832
16.63029670715332
16.63102912902832
18.02751350402832
17.32878303527832
18.42180061340332
18.53117561340332
17.23723030090332
16.83952522277832
17.44572639465332
17.37516975402832
17.98893928527832
18.21354866027832
18.21696662902832
18.31755256652832
18.58952522277832
15.16276741027832
15.85563850402832
13.56022834777832
15.91545295715332
14.68376350402832
15.35344123840332
16.33513069152832
17.94816780090332
17.18962287902832
18.67399787902832
17.16179084777832
17.48430061340332
18.09782600402832
18.23747444152832
15.86418342590332
16.14201545715332
16.08488655090332
16.95231819152832
17.67595100402832
18.15690803527832
18.28312873840332
16.29948616027832
15.80070686340332
14.42717170715332
17.07487678527832
18.46794319152832
17.78752326965332
18.23039436340332
18.42765998840332
16.62492561340332
15.73967170715332
15.49015998840332
16.80998420715332
18.02946662902832
18.31437873840332
17.40373420715332
16.92521858215332
17.63517951965332
17.48893928527832
16.85392951965332
17.87712287902832
17.26774787902832
15.94963264465332
17.72941780090332
18.54387092590332
16.76115608215332
17.48552131652832
18.91960334777832
17.22795295715332
17.84953498840332
17.55241584777832
18.21794319152832
17.82316780090332
17.65397834777832
17.97892951965332
18.04533576965332
18.12101936340332
17.28215217590332
17.62834358215332
17.97453498840332
18.31877326965332
18.42936897277832
18.69108772277832
18.79533576965332
19.02849006652832
19.34367561340332
17.42546272277832
16.92302131652832
17.11198616027832
18.31828498840332
17.89470100402832
17.54973030090332
18.60197639465332
18.56193733215332
18.83781623840332
19.29142951965332
19.14885139465332
18.21916389465332
17.87736701965332
19.09294319152832
19.38395881652832
18.52214241027832
18.94426155090332
17.57658576965332
19.19865608215332
19.43791389465332
19.08024787902832
19.37492561340332
19.29362678527832
18.14616584777832
18.73112678527832
18.25969123840332
18.38688850402832
18.96208381652832
18.52556037902832
19.21208381652832
19.37077522277832
18.52702522277832
18.30412483215332
19.89689826965332
19.43522834777832
19.36003303527832
18.67033576965332
19.65324592590332
18.85783576965332
19.55900764465332
19.97136116027832
19.53386116027832
19.73503303527832
19.69035530090332
19.98283576965332
20.12687873840332
19.89128303527832
19.66618537902832
19.03605842590332
19.78215217590332
20.02043342590332
20.10368537902832
19.46501350402832
18.88469123840332
19.65983772277832
20.02165412902832
20.05412483215332
20.06950569152832
19.57194709777832
20.13127326965332
20.09807014465332
19.95939826965332
20.09001350402832
19.67863655090332
18.79387092590332
18.93107795715332
19.22355842590332
19.51628303527832
19.24211311340332
19.97892951965332
19.88420295715332
20.04045295715332
20.11491584777832
19.89177131652832
10.91789436340332
8.18913459777832
10.72062873840332
11.01848030090332
11.20207405090332
11.04850959777832
11.23576545715332
11.03093147277832
11.27238655090332
11.39763069152832
11.56706428527832
12.80119514465332
13.03654670715332
13.54973030090332
13.98796272277832
13.81877326965332
12.56169319152832
13.15007209777832
12.75993537902832
14.54631233215332
12.96183967590332
15.23723030090332
14.92473030090332
14.65544319152832
13.81022834777832
13.65715217590332
13.95817756652832
14.29680061340332
15.69377326965332
16.46989631652832
14.90861701965332
16.83513069152832
14.72648811340332
16.94865608215332
16.03508186340332
15.50676155090332
16.26188850402832
14.64958381652832
16.48869514465332
15.70817756652832
16.02336311340332
14.88005256652832
15.18669319152832
15.08683967590332
15.31389045715332
16.05290412902832
15.21208381652832
15.78044319152832
15.67546272277832
16.80265998840332
16.53923225402832
18.02653694152832
17.21501350402832
16.03141975402832
17.81559944152832
17.97697639465332
17.54094123840332
17.46452522277832
16.90471076965332
16.81071662902832
17.05070686340332
17.89640998840332
17.90080451965332
17.40983772277832
16.99186897277832
17.11442756652832
17.09904670715332
18.42448616027832
18.03972053527832
17.42180061340332
17.38615608215332
18.20890998840332
18.09904670715332
17.39006233215332
17.31999397277832
17.57975959777832
17.46330451965332
17.26262092590332
18.28264045715332
18.14714241027832
18.31584358215332
18.05656623840332
17.70329475402832
18.38054084777832
18.76286506652832
18.49333381652832
17.48527717590332
18.66765022277832
19.02995491027832
18.99333381652832
17.84929084777832
17.76481819152832
18.91838264465332
18.28386116027832
19.34025764465332
18.54728889465332
19.17546272277832
19.40471076965332
18.55949592590332
19.44743537902832
19.54265022277832
18.53141975402832
19.71379280090332
18.65495491027832
20.17180061340332
18.81340217590332
19.94621467590332
19.10466194152832
20.19621467590332
19.62492561340332
18.73625373840332
20.63835334777832
20.55290412902832
19.28605842590332
19.98381233215332
19.42424201965332
19.34196662902832
20.69206428527832
19.60759162902832
19.59538459777832
20.62883186340332
20.68718147277832
20.67277717590332
19.80778694152832
19.79118537902832
19.68205451965332
20.98747444152832
20.97038459777832
20.84684944152832
20.63957405090332
20.97868537902832
21.14225959777832
19.87687873840332
20.80241584777832
21.01603889465332
21.09172248840332
20.87297248840332
20.44182014465332
21.17961311340332
21.08561897277832
21.00773811340332
20.63444709777832
20.98405647277832
20.68474006652832
20.89518928527832
20.84953498840332
20.84099006652832
20.81974983215332
21.03215217590332
20.81535530090332
20.80949592590332
20.87077522277832
21.23259162902832
21.20939826965332
9.37809944152832
11.37468147277832
11.21037483215332
12.06389045715332
12.99968147277832
13.07390022277832
13.31926155090332
12.83513069152832
12.97941780090332
14.32438850402832
13.84074592590332
13.92985725402832
14.04460334777832
16.18498420715332
16.52849006652832
16.45768928527832
15.80827522277832
15.39323616027832
15.59660530090332
16.71476936340332
14.89348030090332
16.68400764465332
17.22648811340332
18.14616584777832
17.77629280090332
17.82365608215332
18.31901741027832
17.43229866027832
18.06877326965332
18.49553108215332
17.77263069152832
18.56535530090332
18.34025764465332
17.85881233215332
18.57682991027832
19.24992561340332
18.74479866027832
20.40471076965332
19.38029670715332
20.32219123840332
20.17228889465332
20.44572639465332
20.64640998840332
20.20744514465332
20.80388069152832
20.74797248840332
21.13493537902832
20.53483772277832
20.58464241027832
21.14616584777832
20.96379280090332
9.83390998840332
11.52360725402832
13.29997444152832
13.96769905090332
12.87370491027832
14.15519905090332
13.96550178527832
15.30803108215332
13.99577522277832
14.17570686340332
16.02580451965332
15.59538459777832
15.20549201965332
14.77873420715332
17.23747444152832
17.59001350402832
16.46061897277832
18.23845100402832
17.54753303527832
17.73015022277832
18.35954475402832
18.75773811340332
19.41911506652832
19.75383186340332
19.32267951965332
20.46721076965332
20.95939826965332
20.73820686340332
21.17253303527832
21.14909553527832
10.61735725402832
12.39470100402832
11.44572639465332
13.34123420715332
13.85930061340332
14.06315803527832
15.56657600402832
14.98845100402832
14.65056037902832
16.32512092590332
16.18449592590332
17.63908576965332
16.80607795715332
17.51652717590332
18.74650764465332
18.02849006652832
20.02238655090332
18.88469123840332
20.21501350402832
20.69792366027832
20.95549201965332
21.17155647277832
20.64152717590332
20.85905647277832
21.06535530090332
13.32072639465332
14.96599006652832
14.01359748840332
15.30851936340332
14.79509162902832
16.92204475402832
16.51335334777832
16.39177131652832
17.90495491027832
18.04435920715332
18.54118537902832
21.02360725402832
20.93254280090332
10.57902717590332
13.57170295715332
13.44572639465332
12.94499397277832
14.15104866027832
15.71794319152832
15.02189826965332
17.26115608215332
16.09050178527832
17.04777717590332
18.20622444152832
17.77629280090332
21.01823616027832
20.85783576965332
20.98259162902832
13.57219123840332
13.16496467590332
15.98771858215332
16.62126350402832
18.03581428527832
18.69572639465332
13.80290412902832
13.68107795715332
17.60783576965332
17.02873420715332
18.45353889465332
19.01213264465332
20.02507209777832
21.06657600402832
21.15861701965332
20.70500373840332
20.83464241027832
10.92106819152832
18.27995491027832
18.60026741027832
21.01457405090332
21.18010139465332
20.55412483215332
14.05265998840332
15.85930061340332
17.81535530090332
17.19572639465332
21.07170295715332
21.08879280090332
20.43278694152832
20.91667366027832
11.18254280090332
18.65934944152832
18.87248420715332
20.94670295715332
11.17619514465332
15.28898811340332
18.49919319152832
11.04191780090332
14.11808967590332
17.89860725402832
17.64470100402832
11.02238655090332
11.16203498840332
20.80143928527832
11.19182014465332
16.17741584777832
17.97136116027832
16.65080451965332
11.37443733215332
16.49992561340332
18.22209358215332
18.53679084777832
18.70036506652832
18.47233772277832
11.59440803527832
17.02018928527832
18.04875373840332
20.83976936340332
17.32951545715332
18.12932014465332
21.01799201965332
11.60685920715332
14.38005256652832
18.61345100402832
18.84904670715332
19.10319709777832
19.38322639465332
17.28996467590332
18.36833381652832
