9.876351576561311e-42
0.0
9.226831436157227
0.0
4.936059474945068
0.0
10.782983779907227
10.866479873657227
7.281030178070068
21.578393936157227
8.232202529907227
20.701929092407227
20.862573623657227
22.573022842407227
22.003931045532227
19.868432998657227
23.585718154907227
21.795434951782227
23.541772842407227
19.782251358032227
23.065698623657227
23.521509170532227
13.234888076782227
16.445337295532227
16.148950576782227
23.245630264282227
23.335229873657227
20.723657608032227
21.161401748657227
23.838403701782227
22.146265029907227
23.422143936157227
20.236108779907227
22.386499404907227
21.985376358032227
21.644800186157227
21.440210342407227
21.501489639282227
23.592554092407227
21.740503311157227
21.583520889282227
21.657983779907227
6.471704006195068
17.409204483032227
0.0
8.467309951782227
12.746118545532227
19.784692764282227
22.334741592407227
13.413110733032227
21.569116592407227
23.622583389282227
21.077417373657227
23.334985733032227
11.583765029907227
23.134302139282227
18.693140029907227
22.232934951782227
23.819849014282227
21.611597061157227
13.460962295532227
19.994653701782227
6.285424709320068
17.025659561157227
11.472681045532227
23.124780654907227
23.438989639282227
21.790307998657227
14.991235733032227
22.448511123657227
22.026636123657227
21.476343154907227
11.317407608032227
18.023462295532227
8.434350967407227
16.049585342407227
23.517847061157227
23.684595108032227
14.390405654907227
22.661157608032227
21.781518936157227
21.500513076782227
17.560571670532227
20.353784561157227
19.296411514282227
23.667993545532227
23.447778701782227
23.182641983032227
22.727319717407227
21.736108779907227
20.065698623657227
13.675561904907227
23.421899795532227
22.892114639282227
21.610132217407227
21.501977920532227
23.481225967407227
23.668237686157227
21.698755264282227
16.814966201782227
18.029809951782227
23.538354873657227
21.685327529907227
21.544702529907227
15.577173233032227
21.224634170532227
18.905542373657227
23.816919326782227
21.510522842407227
21.979028701782227
19.252466201782227
21.878686904907227
20.597436904907227
22.115015029907227
22.022974014282227
21.164087295532227
21.656518936157227
16.038354873657227
21.766382217407227
18.937280654907227
22.742212295532227
21.643091201782227
22.132104873657227
22.347925186157227
22.286157608032227
22.733667373657227
22.363061904907227
22.765893936157227
23.788599014282227
22.445825576782227
22.702417373657227
17.761743545532227
22.721216201782227
22.789575576782227
22.844751358032227
23.196069717407227
20.365503311157227
22.316675186157227
22.580591201782227
22.209253311157227
22.742212295532227
22.485864639282227
22.276391983032227
22.616235733032227
22.864282608032227
23.097192764282227
23.139917373657227
23.179468154907227
23.247095108032227
23.230493545532227
23.417505264282227
23.398950576782227
23.541284561157227
23.283716201782227
23.385766983032227
23.628198623657227
23.721460342407227
23.534204483032227
23.665063858032227
23.720239639282227
23.571313858032227
23.653833389282227
2.2851805686950684
5.465600490570068
2.7973875999450684
4.904809474945068
3.8279051780700684
8.658472061157227
12.760522842407227
9.196313858032227
13.529809951782227
13.968286514282227
0.0
9.219751358032227
15.207300186157227
0.2593017518520355
16.835962295532227
7.561791896820068
12.869409561157227
20.372095108032227
8.505640029907227
19.855981826782227
19.199487686157227
9.061304092407227
0.0
21.292261123657227
18.348413467407227
16.912866592407227
11.778345108032227
15.495630264282227
17.456079483032227
2.9138426780700684
18.561548233032227
16.490991592407227
18.348657608032227
15.906274795532227
4.625512599945068
5.972192287445068
2.6079344749450684
9.510766983032227
11.919214248657227
0.0
12.702661514282227
12.590356826782227
19.168481826782227
11.438745498657227
15.700464248657227
7.285668849945068
20.671167373657227
14.229272842407227
21.381128311157227
6.612817287445068
7.804467678070068
17.810083389282227
9.776391983032227
21.053003311157227
16.303247451782227
6.190454006195068
12.541528701782227
22.306665420532227
17.161645889282227
10.911645889282227
15.659936904907227
13.973413467407227
17.453149795532227
7.678979396820068
18.752222061157227
10.402612686157227
10.577173233032227
19.975854873657227
17.598413467407227
12.907739639282227
15.824975967407227
15.854761123657227
12.566186904907227
18.814233779907227
18.605493545532227
18.572534561157227
18.050806045532227
19.238794326782227
19.959741592407227
14.999048233032227
19.193628311157227
16.378686904907227
21.156274795532227
17.764184951782227
21.071313858032227
18.474634170532227
19.879419326782227
20.948266983032227
19.173120498657227
19.213403701782227
19.712671279907227
20.776147842407227
21.330347061157227
21.837182998657227
22.034448623657227
22.256616592407227
18.368677139282227
18.970972061157227
18.310815811157227
13.575220108032227
11.968286514282227
12.361108779907227
11.583765029907227
10.502710342407227
0.0
0.8159424066543579
7.146996974945068
19.117456436157227
15.189477920532227
16.855493545532227
14.973169326782227
13.226099014282227
0.0
3.1916747093200684
6.769067287445068
2.6174559593200684
9.865015029907227
16.116724014282227
15.328882217407227
4.809350490570068
8.424585342407227
15.741479873657227
9.032007217407227
18.123315811157227
13.536401748657227
19.671899795532227
13.771997451782227
11.826929092407227
13.410669326782227
17.743921279907227
0.0
12.623071670532227
6.584252834320068
14.287378311157227
9.837427139282227
7.775903224945068
13.327661514282227
18.677515029907227
14.220727920532227
0.0
10.770532608032227
7.153588771820068
15.328638076782227
2.1611571311950684
5.303491115570068
15.372339248657227
11.961206436157227
6.493676662445068
17.930200576782227
13.456567764282227
15.502466201782227
5.899926662445068
14.652612686157227
7.881616115570068
3.2314696311950684
8.401880264282227
9.565210342407227
10.598413467407227
14.993188858032227
10.779077529907227
8.452661514282227
11.751489639282227
10.312524795532227
15.483179092407227
11.521509170532227
15.234399795532227
12.356958389282227
11.615259170532227
12.595483779907227
14.718042373657227
14.181177139282227
14.718530654907227
15.085718154907227
14.948022842407227
15.447778701782227
15.681177139282227
18.651880264282227
19.271997451782227
19.662134170532227
20.681421279907227
20.517358779907227
21.830347061157227
20.057641983032227
15.286890029907227
16.522485733032227
21.181177139282227
16.950464248657227
19.981225967407227
21.593530654907227
17.280542373657227
11.737329483032227
18.501489639282227
21.402124404907227
22.930444717407227
22.820581436157227
23.517114639282227
23.105249404907227
23.273218154907227
23.774927139282227
23.627466201782227
23.552515029907227
23.364526748657227
23.532495498657227
23.747827529907227
18.414575576782227
15.639673233032227
20.896509170532227
19.955591201782227
22.391870498657227
21.541528701782227
15.089136123657227
23.136011123657227
23.042505264282227
23.618921279907227
23.875024795532227
23.436304092407227
23.894311904907227
18.395288467407227
18.782739639282227
20.891382217407227
18.995141983032227
23.321802139282227
19.841333389282227
19.415796279907227
22.651636123657227
21.492212295532227
23.276880264282227
20.791772842407227
17.564233779907227
22.122583389282227
21.440454483032227
19.682153701782227
23.609643936157227
21.832788467407227
22.429712295532227
21.653100967407227
22.381860733032227
22.857690811157227
22.604516983032227
23.516870498657227
23.045679092407227
22.842065811157227
23.427270889282227
23.134790420532227
23.171167373657227
23.407495498657227
23.633325576782227
23.285669326782227
23.407251358032227
23.732690811157227
23.326440811157227
23.367212295532227
23.747339248657227
23.684839248657227
23.514429092407227
21.296167373657227
21.393335342407227
21.840356826782227
21.706079483032227
21.917993545532227
22.081811904907227
22.462671279907227
22.548852920532227
22.872095108032227
22.779809951782227
23.160425186157227
23.284204483032227
23.286157608032227
23.365259170532227
23.349634170532227
23.510522842407227
23.858667373657227
24.018091201782227
23.910913467407227
23.983911514282227
23.973413467407227
12.733667373657227
10.612573623657227
7.338647365570068
21.051050186157227
23.095972061157227
19.302026748657227
18.677515029907227
23.069116592407227
24.019311904907227
11.802515029907227
22.535913467407227
22.344507217407227
19.707300186157227
23.137475967407227
23.889673233032227
18.919214248657227
23.306421279907227
19.753931045532227
21.207300186157227
20.984888076782227
14.261255264282227
23.472192764282227
22.956323623657227
22.971704483032227
23.058618545532227
16.729028701782227
23.204370498657227
22.588647842407227
23.656763076782227
23.355981826782227
23.740015029907227
23.561304092407227
23.518091201782227
23.379907608032227
23.272729873657227
23.342309951782227
23.474390029907227
23.603784561157227
23.574731826782227
21.200220108032227
18.145288467407227
22.830835342407227
17.180932998657227
20.709253311157227
23.768091201782227
18.574731826782227
23.751977920532227
23.297632217407227
20.429712295532227
23.062036514282227
23.354272842407227
22.785425186157227
23.671899795532227
22.908960342407227
22.631128311157227
23.358911514282227
23.423608779907227
23.428247451782227
23.588647842407227
23.444604873657227
24.017114639282227
23.313013076782227
23.400171279907227
23.865503311157227
20.008325576782227
23.499780654907227
16.766626358032227
22.933130264282227
19.399194717407227
20.769800186157227
23.214380264282227
23.360132217407227
23.601343154907227
22.812524795532227
23.493921279907227
23.565454483032227
23.352075576782227
23.405786514282227
22.391382217407227
23.844018936157227
23.144556045532227
23.858911514282227
23.420679092407227
23.605981826782227
23.664087295532227
23.974145889282227
22.571313858032227
18.679468154907227
23.525171279907227
22.852075576782227
23.501489639282227
23.931421279907227
23.881128311157227
23.957544326782227
20.489038467407227
21.594507217407227
23.538599014282227
23.410425186157227
24.116724014282227
23.063257217407227
22.914575576782227
23.303735733032227
23.640405654907227
23.865747451782227
23.792505264282227
23.679224014282227
22.900415420532227
23.523950576782227
23.993432998657227
23.473901748657227
23.702173233032227
24.046167373657227
23.630395889282227
23.805932998657227
23.723413467407227
24.230981826782227
23.671655654907227
23.440454483032227
23.542993545532227
23.814966201782227
24.009302139282227
23.648462295532227
23.794458389282227
24.085474014282227
24.392847061157227
24.297143936157227
24.176294326782227
24.320093154907227
24.184595108032227
24.116235733032227
22.616724014282227
22.482202529907227
22.568628311157227
23.004175186157227
22.755640029907227
22.967554092407227
22.394556045532227
22.796655654907227
22.849145889282227
22.281763076782227
20.580591201782227
23.080102920532227
23.066675186157227
22.213647842407227
20.692407608032227
23.065942764282227
22.532251358032227
22.736352920532227
22.607446670532227
22.111108779907227
22.612085342407227
22.499780654907227
22.500024795532227
23.133569717407227
23.147485733032227
23.318872451782227
23.162134170532227
22.865503311157227
22.895044326782227
22.747095108032227
21.474145889282227
22.273462295532227
22.443384170532227
22.757593154907227
21.740015029907227
21.458032608032227
22.531030654907227
21.964380264282227
22.822534561157227
21.417016983032227
22.491968154907227
23.141626358032227
21.711206436157227
21.312280654907227
21.752954483032227
22.370874404907227
21.401147842407227
22.564477920532227
22.694604873657227
22.290552139282227
21.978784561157227
22.505395889282227
22.047876358032227
22.429712295532227
22.324975967407227
22.611108779907227
22.130395889282227
22.149194717407227
22.660669326782227
22.366235733032227
22.348413467407227
22.718530654907227
22.363550186157227
22.756372451782227
22.507837295532227
22.469263076782227
22.472681045532227
22.523218154907227
22.632837295532227
22.415552139282227
22.310571670532227
22.340845108032227
22.566675186157227
22.954614639282227
17.175806045532227
13.490015029907227
17.582056045532227
17.624292373657227
17.878686904907227
18.724634170532227
21.013208389282227
19.858911514282227
19.301782608032227
21.215356826782227
20.002222061157227
22.045679092407227
22.413110733032227
22.614282608032227
22.621118545532227
22.664819717407227
21.850854873657227
22.120386123657227
21.927270889282227
22.477319717407227
21.891870498657227
22.414087295532227
22.501977920532227
22.569116592407227
22.386499404907227
22.144556045532227
22.071557998657227
22.588647842407227
22.577417373657227
22.810083389282227
22.779321670532227
22.863306045532227
22.736352920532227
22.606714248657227
22.210474014282227
22.159692764282227
22.184839248657227
22.677515029907227
22.277856826782227
22.202417373657227
21.996850967407227
22.542993545532227
22.733423233032227
22.664819717407227
22.790307998657227
22.347925186157227
22.628686904907227
22.682153701782227
23.485132217407227
22.771997451782227
23.377466201782227
23.305200576782227
22.808374404907227
23.545434951782227
23.241968154907227
23.246362686157227
23.273950576782227
23.414331436157227
23.558618545532227
23.571313858032227
23.554468154907227
23.553003311157227
23.593774795532227
23.590845108032227
23.584009170532227
23.452905654907227
23.458276748657227
22.259790420532227
23.589624404907227
23.116479873657227
23.600854873657227
23.786890029907227
23.720972061157227
23.802515029907227
23.240747451782227
23.305688858032227
23.467798233032227
23.399194717407227
23.812524795532227
23.607446670532227
23.680688858032227
23.418970108032227
23.779565811157227
23.591821670532227
23.893091201782227
22.779077529907227
23.480981826782227
23.812280654907227
24.015405654907227
23.840112686157227
23.471216201782227
23.890161514282227
23.702905654907227
23.946313858032227
23.740991592407227
24.175073623657227
23.113061904907227
23.337671279907227
23.943628311157227
23.148462295532227
23.669702529907227
24.398950576782227
23.997339248657227
23.982934951782227
22.885034561157227
24.066919326782227
24.108667373657227
24.176050186157227
22.510034561157227
24.201929092407227
23.910669326782227
22.881372451782227
23.109155654907227
23.832056045532227
24.330347061157227
24.399927139282227
24.401880264282227
23.560327529907227
24.532739639282227
24.548120498657227
23.053003311157227
23.316431045532227
22.879663467407227
24.505151748657227
24.590600967407227
23.937768936157227
23.125513076782227
23.156763076782227
22.758081436157227
22.982446670532227
22.851587295532227
23.567651748657227
23.887964248657227
22.592065811157227
22.947046279907227
23.222192764282227
22.782495498657227
23.708765029907227
23.175073623657227
23.308618545532227
23.142114639282227
23.100610733032227
23.134546279907227
23.916040420532227
22.844995498657227
22.701196670532227
22.695581436157227
22.403589248657227
22.738306045532227
22.779321670532227
22.504907608032227
22.518335342407227
22.698755264282227
22.965356826782227
15.508325576782227
21.512720108032227
20.287378311157227
21.657739639282227
22.228052139282227
22.488306045532227
22.323999404907227
21.948266983032227
21.987573623657227
22.618921279907227
22.191186904907227
22.472925186157227
22.184839248657227
22.696313858032227
22.782739639282227
22.414331436157227
21.932641983032227
22.626001358032227
22.877954483032227
22.368432998657227
22.810083389282227
23.044946670532227
22.981470108032227
23.205835342407227
23.544214248657227
23.580347061157227
23.685327529907227
23.298852920532227
23.664575576782227
23.787866592407227
23.390649795532227
23.896997451782227
23.314233779907227
24.039087295532227
24.117456436157227
23.868188858032227
24.153345108032227
22.879175186157227
24.179712295532227
24.141870498657227
24.299585342407227
23.272729873657227
23.006372451782227
23.269067764282227
23.363306045532227
23.081567764282227
23.307153701782227
23.988550186157227
23.539819717407227
23.218530654907227
22.131128311157227
16.127466201782227
21.640161514282227
22.279565811157227
22.671655654907227
22.057153701782227
22.554956436157227
22.283960342407227
22.574243545532227
22.690698623657227
22.717309951782227
22.676050186157227
22.100366592407227
22.591089248657227
22.346216201782227
23.156763076782227
23.368432998657227
23.479272842407227
22.970239639282227
23.744409561157227
23.480493545532227
24.027124404907227
23.620386123657227
23.927759170532227
23.916772842407227
23.941186904907227
23.232934951782227
23.596704483032227
23.343774795532227
22.908227920532227
22.595972061157227
17.208520889282227
21.907007217407227
20.785181045532227
22.517847061157227
22.324487686157227
23.013940811157227
22.632104873657227
22.668237686157227
22.487817764282227
22.236841201782227
23.343286514282227
23.432397842407227
23.572290420532227
23.711694717407227
23.892602920532227
23.478540420532227
24.030298233032227
24.205591201782227
23.034692764282227
23.323999404907227
23.009057998657227
23.261255264282227
23.699731826782227
22.495386123657227
22.840356826782227
22.452417373657227
22.613794326782227
22.719507217407227
22.286157608032227
22.720727920532227
22.639673233032227
23.304468154907227
23.575464248657227
23.544214248657227
23.153589248657227
23.943872451782227
23.065698623657227
22.891870498657227
17.318628311157227
22.432641983032227
22.445093154907227
22.105005264282227
22.975122451782227
22.643335342407227
22.597192764282227
22.834497451782227
23.258081436157227
23.354516983032227
22.508813858032227
23.810815811157227
22.982690811157227
22.838891983032227
22.780542373657227
22.414575576782227
22.284204483032227
23.242212295532227
23.491479873657227
24.011987686157227
24.034448623657227
22.417261123657227
22.296899795532227
23.084253311157227
23.507593154907227
24.062280654907227
24.070093154907227
23.125024795532227
23.346460342407227
23.320825576782227
23.058618545532227
22.860376358032227
17.401880264282227
23.747583389282227
23.958520889282227
23.426782608032227
23.476343154907227
23.095972061157227
22.512964248657227
23.293970108032227
23.258081436157227
23.650415420532227
23.663354873657227
23.653589248657227
23.316431045532227
22.983423233032227
17.642602920532227
24.081079483032227
24.144556045532227
23.892602920532227
18.034936904907227
22.679712295532227
23.842309951782227
18.273218154907227
22.650171279907227
23.354761123657227
23.438257217407227
19.537378311157227
20.221704483032227
23.326196670532227
20.465112686157227
23.546167373657227
23.493432998657227
23.556665420532227
20.790796279907227
23.559839248657227
23.487085342407227
23.732446670532227
24.068384170532227
23.328149795532227
21.438257217407227
23.530786514282227
23.009057998657227
23.912134170532227
23.134790420532227
22.840845108032227
23.759546279907227
21.157983779907227
22.592065811157227
23.447534561157227
24.169214248657227
23.130151748657227
24.425073623657227
23.339868545532227
23.663843154907227
