9.876351576561311e-42
2.1594481468200684
7.660424709320068
0.3730712831020355
4.999047756195068
0.4009033143520355
9.349634170532227
9.714624404907227
5.549829006195068
20.669458389282227
6.652856349945068
20.022485733032227
20.288354873657227
21.916772842407227
21.130884170532227
19.503686904907227
23.240747451782227
21.107690811157227
22.984643936157227
18.191675186157227
22.984888076782227
23.374536514282227
11.824731826782227
14.930200576782227
14.103540420532227
23.301782608032227
23.226587295532227
19.490015029907227
20.434595108032227
23.463647842407227
21.720727920532227
22.877954483032227
19.349634170532227
22.407983779907227
21.035669326782227
21.248315811157227
20.895288467407227
21.023462295532227
23.745630264282227
21.217309951782227
21.197778701782227
21.117700576782227
5.657006740570068
15.877954483032227
0.0
7.627465724945068
11.518579483032227
19.282007217407227
21.606470108032227
12.033472061157227
21.012720108032227
22.517847061157227
20.482934951782227
23.229028701782227
10.592309951782227
22.942163467407227
16.979028701782227
21.845483779907227
23.539819717407227
21.255640029907227
11.317163467407227
19.225610733032227
5.183373928070068
16.275415420532227
9.867700576782227
22.310083389282227
23.019800186157227
21.498804092407227
13.770776748657227
22.416772842407227
21.447778701782227
20.975854873657227
9.776636123657227
17.189477920532227
7.114526271820068
15.143579483032227
22.427270889282227
23.196802139282227
13.390405654907227
22.585962295532227
21.049829483032227
21.120386123657227
16.713891983032227
19.648950576782227
18.564966201782227
22.988550186157227
23.432153701782227
23.204370498657227
22.397485733032227
21.207056045532227
19.480493545532227
12.576929092407227
23.210962295532227
22.602563858032227
21.300561904907227
20.802515029907227
23.434839248657227
23.032495498657227
21.257593154907227
16.096460342407227
17.262231826782227
23.463647842407227
21.367700576782227
21.292016983032227
14.848169326782227
20.578882217407227
17.479028701782227
23.236597061157227
20.869897842407227
21.618188858032227
18.687768936157227
21.295679092407227
19.899438858032227
21.834497451782227
21.346216201782227
20.347681045532227
21.075220108032227
14.960718154907227
21.234643936157227
18.131128311157227
22.560083389282227
20.945825576782227
21.594995498657227
22.355493545532227
21.839868545532227
22.563257217407227
21.949243545532227
22.473169326782227
23.420190811157227
22.085962295532227
22.753931045532227
16.895288467407227
23.115259170532227
23.162134170532227
23.209741592407227
22.970727920532227
19.740015029907227
21.893823623657227
22.031274795532227
21.763696670532227
22.426782608032227
22.255640029907227
21.947046279907227
22.144311904907227
22.335962295532227
22.735132217407227
22.717065811157227
22.731470108032227
23.251245498657227
22.944849014282227
22.956079483032227
23.235376358032227
23.215356826782227
23.208765029907227
23.087182998657227
22.871850967407227
23.189233779907227
23.591089248657227
23.835962295532227
23.808374404907227
23.865259170532227
23.946313858032227
3.0625243186950684
4.912621974945068
3.9575438499450684
4.291772365570068
3.8921141624450684
6.915063381195068
11.041528701782227
8.026636123657227
11.461450576782227
12.491724014282227
2.9843993186950684
7.173852443695068
13.069360733032227
4.017358303070068
15.293237686157227
7.157006740570068
10.978540420532227
19.569604873657227
7.814965724945068
18.766870498657227
17.633081436157227
8.393335342407227
0.21340331435203552
20.111108779907227
17.285425186157227
15.371118545532227
9.942407608032227
13.638940811157227
16.034692764282227
3.6289305686950684
17.542261123657227
14.887964248657227
17.116235733032227
14.148950576782227
4.544457912445068
5.471948146820068
4.113549709320068
7.693871974945068
9.826196670532227
3.2441649436950684
10.557641983032227
9.881128311157227
18.289819717407227
10.087671279907227
13.971216201782227
6.450219631195068
19.711938858032227
12.430200576782227
20.232446670532227
6.046411037445068
6.360864162445068
16.514184951782227
8.450952529907227
20.126489639282227
14.534692764282227
5.755395412445068
11.029565811157227
20.728540420532227
15.357446670532227
9.413843154907227
13.987085342407227
12.038110733032227
15.315942764282227
6.806909084320068
17.901636123657227
8.652856826782227
8.621606826782227
19.221948623657227
16.286645889282227
11.050317764282227
13.695581436157227
14.048120498657227
10.722681045532227
17.030786514282227
17.627954483032227
16.753686904907227
16.456323623657227
18.513940811157227
19.359399795532227
13.283227920532227
18.248559951782227
15.100122451782227
20.550561904907227
16.480981826782227
20.201929092407227
16.684106826782227
18.737329483032227
19.902368545532227
17.827905654907227
17.652612686157227
18.822778701782227
19.981714248657227
20.326196670532227
20.498804092407227
20.698755264282227
21.098901748657227
11.412134170532227
11.950220108032227
12.448266983032227
10.775659561157227
9.644556045532227
10.019067764282227
9.508813858032227
9.184839248657227
2.2536864280700684
3.0088133811950684
5.854272365570068
13.676782608032227
11.493432998657227
12.491479873657227
12.372827529907227
11.842065811157227
2.2055907249450684
3.8860106468200684
5.399438381195068
3.7517333030700684
8.317407608032227
13.820337295532227
13.357934951782227
4.169457912445068
7.163354396820068
13.999536514282227
8.660913467407227
11.665307998657227
10.693140029907227
12.579858779907227
11.013208389282227
10.833765029907227
11.540307998657227
13.020288467407227
2.4289793968200684
11.355005264282227
5.348657131195068
12.661890029907227
8.267358779907227
7.194604396820068
10.585718154907227
12.277368545532227
11.718774795532227
3.0412840843200684
9.144556045532227
6.067162990570068
11.522974014282227
3.3869872093200684
4.912377834320068
11.672143936157227
10.373804092407227
5.855248928070068
12.154809951782227
11.941919326782227
11.849634170532227
4.896508693695068
12.447778701782227
7.132592678070068
3.9526610374450684
6.963159084320068
8.185815811157227
8.976099014282227
12.398462295532227
9.247583389282227
7.227319240570068
10.505395889282227
9.111597061157227
12.274194717407227
10.588891983032227
12.057886123657227
11.413843154907227
10.514429092407227
11.507593154907227
12.459741592407227
12.287866592407227
12.207300186157227
11.762231826782227
11.721216201782227
11.896997451782227
12.054712295532227
12.796167373657227
12.999292373657227
13.654809951782227
13.347681045532227
13.373559951782227
11.612573623657227
13.032251358032227
11.259057998657227
11.812280654907227
12.434595108032227
12.204858779907227
14.095239639282227
13.486108779907227
15.450220108032227
10.084009170532227
16.615991592407227
14.530054092407227
14.200220108032227
13.693384170532227
17.202173233032227
15.449487686157227
15.459741592407227
17.201440811157227
18.476831436157227
18.449975967407227
16.811059951782227
18.550073623657227
19.021265029907227
13.351831436157227
11.709741592407227
12.375513076782227
17.897974014282227
14.229028701782227
17.411890029907227
13.462915420532227
15.082788467407227
15.714380264282227
17.029321670532227
17.808374404907227
16.992944717407227
19.438257217407227
13.266382217407227
16.978052139282227
18.281518936157227
17.189477920532227
16.117456436157227
12.915552139282227
14.123315811157227
18.704614639282227
19.068872451782227
20.341333389282227
13.316919326782227
14.207056045532227
19.124048233032227
12.676050186157227
17.447046279907227
18.296411514282227
12.826684951782227
13.135522842407227
15.201196670532227
13.513452529907227
13.837915420532227
15.026880264282227
19.337915420532227
14.875024795532227
16.840112686157227
16.454858779907227
15.085718154907227
15.195825576782227
16.563745498657227
18.951196670532227
15.668970108032227
16.882837295532227
17.994897842407227
15.824731826782227
16.301050186157227
17.771020889282227
18.005884170532227
17.610620498657227
12.705102920532227
12.716333389282227
11.544946670532227
12.004175186157227
12.287866592407227
12.743677139282227
13.385766983032227
13.757837295532227
14.481958389282227
14.094018936157227
15.323266983032227
15.593530654907227
15.588647842407227
16.143091201782227
16.227319717407227
17.113550186157227
18.688257217407227
18.798852920532227
18.819849014282227
19.214624404907227
19.776391983032227
11.193140029907227
9.407251358032227
5.839623928070068
19.256860733032227
20.391138076782227
17.432153701782227
16.771753311157227
19.694604873657227
19.597925186157227
11.148462295532227
20.207544326782227
20.062768936157227
17.651147842407227
19.820337295532227
20.174829483032227
17.442651748657227
20.363550186157227
17.799097061157227
19.253686904907227
18.895776748657227
12.932397842407227
20.252466201782227
20.234399795532227
20.183618545532227
20.073022842407227
15.089624404907227
19.856470108032227
20.109888076782227
20.334253311157227
20.500757217407227
20.213891983032227
20.475610733032227
19.881616592407227
19.592065811157227
19.666772842407227
19.878686904907227
20.230249404907227
20.931665420532227
18.460962295532227
18.703149795532227
16.580835342407227
19.771509170532227
15.215845108032227
18.624780654907227
19.359399795532227
16.818384170532227
19.907495498657227
20.125757217407227
18.605005264282227
20.949487686157227
20.966577529907227
20.887475967407227
20.549341201782227
21.172143936157227
20.995630264282227
21.185815811157227
21.212182998657227
21.351343154907227
21.445093154907227
21.629907608032227
21.603052139282227
22.296899795532227
22.248559951782227
22.630151748657227
18.001489639282227
18.952173233032227
15.198999404907227
19.812036514282227
17.626245498657227
18.806421279907227
21.008813858032227
21.435571670532227
21.173852920532227
21.387720108032227
21.354272842407227
21.624292373657227
22.233667373657227
22.185327529907227
19.939966201782227
18.947046279907227
20.062280654907227
19.944849014282227
21.269311904907227
22.199243545532227
22.359888076782227
19.012475967407227
19.909448623657227
16.913843154907227
21.309839248657227
21.483667373657227
21.533227920532227
22.314966201782227
22.492944717407227
19.420434951782227
18.814477920532227
19.449487686157227
20.872339248657227
21.789087295532227
22.460962295532227
21.139917373657227
21.005395889282227
21.297876358032227
21.399927139282227
20.063989639282227
21.712671279907227
20.722192764282227
20.126245498657227
21.499536514282227
22.523218154907227
20.865991592407227
20.873315811157227
22.667261123657227
21.098657608032227
21.137964248657227
21.353296279907227
22.333520889282227
21.768579483032227
21.757349014282227
22.167505264282227
22.054712295532227
22.243188858032227
21.069116592407227
21.310083389282227
21.805444717407227
22.347681045532227
22.548120498657227
22.523706436157227
22.514184951782227
22.691431045532227
23.243432998657227
18.168481826782227
17.768823623657227
18.189722061157227
19.505151748657227
18.910669326782227
19.085718154907227
20.169702529907227
20.287378311157227
20.849145889282227
21.020288467407227
20.330591201782227
19.409448623657227
19.378931045532227
20.758081436157227
20.406518936157227
20.213647842407227
20.702417373657227
18.533716201782227
21.137475967407227
21.171655654907227
21.128442764282227
21.410181045532227
21.369165420532227
19.783716201782227
20.728540420532227
20.291772842407227
20.590356826782227
21.000757217407227
20.861108779907227
21.233423233032227
20.986352920532227
21.262231826782227
21.197534561157227
21.823266983032227
21.110620498657227
20.970239639282227
21.426050186157227
21.488794326782227
21.721460342407227
21.064722061157227
22.113306045532227
22.623315811157227
21.340112686157227
21.161401748657227
21.880395889282227
22.239282608032227
21.500757217407227
21.555444717407227
21.608667373657227
22.164331436157227
22.045679092407227
22.472681045532227
21.311304092407227
21.540063858032227
21.554712295532227
21.849634170532227
21.981470108032227
22.110620498657227
21.529809951782227
22.295923233032227
22.288599014282227
21.973413467407227
22.445337295532227
21.556421279907227
21.347192764282227
21.731225967407227
22.024927139282227
22.085718154907227
21.712671279907227
22.204126358032227
22.181177139282227
22.521997451782227
22.603540420532227
22.718530654907227
10.511499404907227
10.383081436157227
11.884302139282227
11.511255264282227
11.181909561157227
11.011743545532227
10.108667373657227
9.977319717407227
11.432886123657227
10.241724014282227
11.929712295532227
11.987817764282227
12.614526748657227
13.312036514282227
13.719263076782227
13.493677139282227
11.612329483032227
12.388452529907227
11.726831436157227
14.449975967407227
12.073755264282227
15.352563858032227
15.095972061157227
14.806421279907227
14.089136123657227
13.489038467407227
12.514184951782227
14.642847061157227
15.614770889282227
16.395044326782227
15.583765029907227
16.832788467407227
15.328393936157227
17.403833389282227
16.438745498657227
16.296167373657227
16.870386123657227
15.952417373657227
17.394556045532227
16.852807998657227
16.981714248657227
16.220239639282227
16.577661514282227
16.741235733032227
16.869653701782227
17.530542373657227
16.628931045532227
17.407983779907227
18.470972061157227
18.627954483032227
18.613061904907227
19.955835342407227
19.325708389282227
19.055200576782227
19.653100967407227
20.242700576782227
20.042749404907227
19.815942764282227
19.088403701782227
19.165796279907227
19.552515029907227
20.689477920532227
20.688013076782227
19.740503311157227
19.841577529907227
19.570581436157227
19.666772842407227
21.005151748657227
20.616724014282227
20.388696670532227
20.798608779907227
21.448755264282227
21.522974014282227
20.566431045532227
20.504663467407227
20.279809951782227
20.989282608032227
20.767847061157227
21.665552139282227
20.987573623657227
21.069360733032227
21.247095108032227
21.271997451782227
21.362085342407227
21.920190811157227
21.548120498657227
21.258813858032227
22.352807998657227
22.287378311157227
22.094995498657227
21.662622451782227
21.492944717407227
22.030054092407227
22.223413467407227
22.495386123657227
22.261743545532227
21.830835342407227
21.995630264282227
22.501733779907227
22.196802139282227
22.570581436157227
22.564477920532227
22.625268936157227
22.717554092407227
22.727807998657227
22.939233779907227
22.836450576782227
23.018335342407227
22.346216201782227
22.989526748657227
22.653589248657227
22.418970108032227
22.577417373657227
23.078882217407227
23.271753311157227
23.214868545532227
23.122339248657227
23.008569717407227
23.382104873657227
23.379419326782227
22.732446670532227
22.815698623657227
22.613550186157227
23.484643936157227
23.497827529907227
23.292261123657227
22.870141983032227
22.895776748657227
22.569604873657227
23.135278701782227
22.670679092407227
23.209253311157227
23.335718154907227
22.337671279907227
22.909448623657227
22.941675186157227
22.958520889282227
23.514917373657227
22.952905654907227
22.870386123657227
22.824243545532227
23.392358779907227
22.641870498657227
23.619897842407227
22.586450576782227
23.037378311157227
22.709497451782227
22.285669326782227
23.261011123657227
22.340112686157227
22.308130264282227
21.819116592407227
22.773950576782227
23.113061904907227
10.986108779907227
10.532739639282227
10.342554092407227
11.491724014282227
12.283227920532227
12.881860733032227
13.142358779907227
12.274927139282227
12.260766983032227
14.312036514282227
13.023706436157227
14.300561904907227
13.031518936157227
15.957788467407227
16.384790420532227
16.917016983032227
16.446802139282227
16.719018936157227
17.313501358032227
17.920190811157227
16.871118545532227
18.511011123657227
19.279077529907227
20.401880264282227
20.432886123657227
20.490015029907227
21.256128311157227
20.901147842407227
21.693628311157227
21.563745498657227
20.789331436157227
21.974634170532227
21.532983779907227
21.557153701782227
22.165796279907227
22.414575576782227
22.578882217407227
22.646020889282227
23.050561904907227
23.384790420532227
23.394067764282227
22.995874404907227
22.811792373657227
23.178491592407227
23.297143936157227
22.788110733032227
22.965356826782227
23.523462295532227
23.465112686157227
22.827661514282227
21.966821670532227
11.142602920532227
10.677515029907227
12.640893936157227
13.766870498657227
12.349878311157227
13.910181045532227
13.559839248657227
15.419946670532227
14.230249404907227
14.743188858032227
16.078149795532227
16.031274795532227
16.159936904907227
16.088159561157227
19.155054092407227
20.020044326782227
18.782495498657227
20.769067764282227
20.906763076782227
21.354516983032227
22.211938858032227
21.613550186157227
22.832300186157227
22.507349014282227
23.160913467407227
22.739770889282227
23.414575576782227
23.419702529907227
22.697290420532227
22.881372451782227
10.880151748657227
11.748559951782227
10.801050186157227
13.197046279907227
13.941919326782227
14.865015029907227
15.895044326782227
16.089868545532227
16.087182998657227
17.673120498657227
18.285913467407227
19.916040420532227
19.241235733032227
20.785913467407227
21.795923233032227
21.640893936157227
22.796411514282227
22.849878311157227
22.724634170532227
22.930200576782227
22.728540420532227
22.917261123657227
23.475610733032227
22.625757217407227
23.037622451782227
12.956323623657227
15.244653701782227
14.518335342407227
15.875268936157227
15.766382217407227
18.772485733032227
18.584985733032227
18.946313858032227
20.577661514282227
20.738306045532227
22.504663467407227
22.878442764282227
22.830835342407227
11.209253311157227
13.545434951782227
13.372827529907227
12.657495498657227
15.061548233032227
15.714624404907227
15.761987686157227
18.909936904907227
18.119165420532227
19.131372451782227
21.015893936157227
21.117456436157227
22.896265029907227
22.906763076782227
22.931909561157227
13.756128311157227
13.223413467407227
18.177515029907227
18.791528701782227
21.515649795532227
22.145044326782227
13.905054092407227
13.917261123657227
19.416772842407227
19.271753311157227
22.238306045532227
22.522974014282227
22.800317764282227
23.073755264282227
22.995386123657227
23.318140029907227
23.253198623657227
11.048608779907227
21.090356826782227
22.442895889282227
23.073266983032227
23.028100967407227
23.444604873657227
14.439722061157227
18.273950576782227
20.112573623657227
19.557397842407227
23.283716201782227
23.426782608032227
23.495386123657227
23.376733779907227
10.590112686157227
22.426538467407227
22.549585342407227
23.481470108032227
10.096460342407227
15.595727920532227
21.434106826782227
10.741724014282227
14.137964248657227
20.718042373657227
20.339136123657227
9.837182998657227
9.719995498657227
23.371850967407227
9.922876358032227
19.075220108032227
20.869165420532227
19.361841201782227
10.195337295532227
19.384057998657227
21.301538467407227
21.429468154907227
22.647729873657227
21.493921279907227
10.447290420532227
19.763208389282227
21.223657608032227
23.484643936157227
20.423120498657227
21.372339248657227
23.497339248657227
10.551050186157227
14.465600967407227
21.506616592407227
22.912378311157227
21.689722061157227
23.174341201782227
20.851343154907227
21.932397842407227
