9.876351576561311e-42
1.3997284173965454
6.286202907562256
0.0
3.723947048187256
0.0
9.459177017211914
10.419382095336914
6.494454860687256
22.540719985961914
7.528634548187256
20.695261001586914
20.840524673461914
23.964181900024414
23.274240493774414
19.514352798461914
24.067087173461914
22.301340103149414
24.180124282836914
18.861642837524414
23.866281509399414
24.105539321899414
12.269723892211914
15.434640884399414
14.904855728149414
23.901803970336914
24.148874282836914
20.222970962524414
21.295969009399414
23.854928970336914
22.851999282836914
23.946115493774414
19.963205337524414
23.396799087524414
21.734933853149414
22.785959243774414
22.645944595336914
22.732370376586914
24.023752212524414
22.459299087524414
22.743722915649414
22.915353775024414
4.665109157562256
15.791330337524414
0.0
6.030709743499756
12.725168228149414
20.275583267211914
23.853708267211914
12.885690689086914
21.970895767211914
24.369089126586914
21.295602798461914
24.060617446899414
10.765695571899414
24.065378189086914
17.758981704711914
22.987619400024414
23.946115493774414
22.650949478149414
10.325510025024414
20.556955337524414
5.835275173187256
16.914011001586914
11.136056900024414
24.081003189086914
24.128976821899414
21.968088150024414
13.988351821899414
23.063913345336914
22.808908462524414
22.639474868774414
8.184885025024414
17.615549087524414
7.354928493499756
15.769235610961914
24.341989517211914
24.247507095336914
13.413888931274414
23.166330337524414
21.954294204711914
22.577219009399414
17.053293228149414
20.550607681274414
19.076242446899414
24.264963150024414
23.934030532836914
23.920846939086914
23.481515884399414
22.522287368774414
20.570749282836914
13.415719985961914
24.136789321899414
23.675607681274414
22.670358657836914
22.574533462524414
23.976022720336914
23.938791275024414
22.725900650024414
16.329904556274414
17.164621353149414
23.992013931274414
22.825143814086914
22.601266860961914
15.001169204711914
21.804147720336914
17.858469009399414
23.906930923461914
21.949167251586914
22.835763931274414
19.466867446899414
22.855905532836914
20.391305923461914
23.149606704711914
23.399484634399414
21.101144790649414
22.358713150024414
15.757883071899414
22.719430923461914
18.898752212524414
23.850290298461914
21.771554946899414
22.993478775024414
22.853830337524414
23.129343032836914
23.776681900024414
23.088449478149414
23.814157485961914
23.994211196899414
23.200754165649414
23.346994400024414
17.587106704711914
23.689645767211914
23.864084243774414
24.010568618774414
24.231393814086914
20.250314712524414
22.595163345336914
23.004709243774414
22.791452407836914
23.816965103149414
23.234567642211914
22.896799087524414
23.323434829711914
23.595529556274414
23.924509048461914
24.069650650024414
24.159860610961914
24.238718032836914
24.161691665649414
24.177804946899414
24.228708267211914
24.221872329711914
24.236764907836914
24.168649673461914
24.116647720336914
24.052316665649414
24.034738540649414
24.010934829711914
23.956613540649414
24.043039321899414
24.228464126586914
2.626901149749756
4.057809352874756
3.114694118499756
4.076364040374756
4.036447048187256
7.538400173187256
11.678171157836914
8.307809829711914
12.090890884399414
12.545480728149414
2.896920680999756
8.433053970336914
14.039499282836914
3.555734157562256
15.358224868774414
8.231515884399414
11.267526626586914
20.117990493774414
7.429513454437256
19.619211196899414
17.358224868774414
7.215157985687256
0.0
21.194284439086914
17.855417251586914
15.388132095336914
8.635446548461914
12.722970962524414
16.326974868774414
2.645333766937256
18.269235610961914
14.176462173461914
17.620065689086914
13.480295181274414
3.689157009124756
5.030099391937256
3.123605251312256
8.295358657836914
10.449045181274414
3.152413845062256
11.300119400024414
11.821359634399414
18.101633071899414
10.671579360961914
13.973459243774414
7.102975368499756
21.210886001586914
11.454294204711914
21.134592056274414
5.363229274749756
6.909860134124756
16.061471939086914
8.865671157836914
21.232370376586914
15.404733657836914
5.725411891937256
10.518747329711914
22.676706314086914
14.649362564086914
9.557443618774414
13.409494400024414
10.997140884399414
16.251657485961914
7.022775173187256
17.529611587524414
8.889474868774414
9.363595962524414
19.296213150024414
15.882883071899414
11.356393814086914
14.342355728149414
14.475168228149414
11.283395767211914
17.822580337524414
17.680612564086914
16.983835220336914
16.012033462524414
19.150827407836914
20.399972915649414
13.559640884399414
19.113718032836914
15.104318618774414
22.214181900024414
16.035837173461914
21.660226821899414
17.792551040649414
18.770456314086914
20.593942642211914
17.902414321899414
17.250192642211914
18.694406509399414
20.517038345336914
21.251901626586914
22.107736587524414
22.523019790649414
22.815744400024414
18.052804946899414
18.784006118774414
17.853097915649414
11.316232681274414
9.675607681274414
10.417428970336914
9.191965103149414
7.443917751312256
1.8971649408340454
2.519479274749756
5.424874782562256
18.222970962524414
13.845895767211914
16.004587173461914
12.912424087524414
10.607858657836914
1.9777313470840454
3.183541774749756
4.670602321624756
3.518136501312256
7.055978298187256
15.661447525024414
14.708932876586914
3.447457790374756
5.381051540374756
14.591867446899414
6.628243923187256
17.229318618774414
11.156808853149414
19.781076431274414
11.897653579711914
9.516427993774414
10.819772720336914
17.064889907836914
2.196359157562256
10.215890884399414
4.757150173187256
13.183420181274414
7.149362087249756
4.877633571624756
11.686227798461914
18.068918228149414
11.456979751586914
2.031686305999756
7.995309352874756
4.489938259124756
14.320383071899414
2.312814235687256
3.878488063812256
14.281930923461914
9.410715103149414
4.462594509124756
17.103708267211914
11.387155532836914
14.166330337524414
4.213449001312256
13.002756118774414
5.045236110687256
3.199288845062256
5.811959743499756
6.762277126312256
6.834298610687256
13.554880142211914
7.595407009124756
6.324288845062256
8.956613540649414
7.829904079437256
14.221628189086914
7.840035915374756
13.748239517211914
9.124094009399414
9.141916275024414
10.331491470336914
12.525583267211914
11.708322525024414
12.055612564086914
12.751535415649414
12.494211196899414
14.155221939086914
14.141061782836914
18.525461196899414
19.091867446899414
18.855173110961914
19.879709243774414
19.570749282836914
21.534982681274414
19.070627212524414
13.771554946899414
15.284860610961914
20.235422134399414
16.043527603149414
19.143503189086914
21.217355728149414
16.415719985961914
9.638498306274414
17.716012954711914
20.669137954711914
22.616769790649414
22.940744400024414
24.609323501586914
22.418893814086914
23.700632095336914
24.589914321899414
25.405832290649414
25.245676040649414
22.985544204711914
23.367868423461914
24.283517837524414
17.481760025024414
14.468088150024414
20.252756118774414
19.635568618774414
21.734323501586914
21.051950454711914
14.037179946899414
23.105295181274414
22.575998306274414
24.698556900024414
24.331003189086914
23.148019790649414
24.430856704711914
17.666696548461914
18.214059829711914
20.591745376586914
18.789011001586914
23.145944595336914
19.146188735961914
18.054880142211914
22.935373306274414
21.664865493774414
24.298288345336914
20.191965103149414
16.352609634399414
22.459543228149414
21.139230728149414
18.652048110961914
24.810617446899414
21.808053970336914
22.505441665649414
20.077707290649414
22.186960220336914
22.896432876586914
21.567819595336914
24.922677993774414
22.704416275024414
22.886178970336914
24.378976821899414
23.083322525024414
23.110055923461914
24.254220962524414
25.310373306274414
23.015573501586914
23.820261001586914
25.085641860961914
23.542428970336914
23.212961196899414
25.103830337524414
24.820016860961914
23.731760025024414
20.576730728149414
20.493844985961914
21.250558853149414
21.381296157836914
21.748605728149414
21.869943618774414
22.106882095336914
22.249948501586914
22.579416275024414
22.431589126586914
22.701608657836914
23.173898696899414
23.128488540649414
23.227975845336914
23.047433853149414
23.128000259399414
23.651926040649414
23.942575454711914
24.203561782836914
24.332834243774414
24.218942642211914
11.099191665649414
8.420114517211914
5.203561305999756
21.244577407836914
24.290964126586914
18.678415298461914
18.278757095336914
24.106637954711914
24.234933853149414
10.185739517211914
23.082345962524414
23.126047134399414
19.181344985961914
23.875680923461914
24.187326431274414
18.605783462524414
24.629343032836914
19.352609634399414
21.059274673461914
20.940378189086914
12.952951431274414
25.118112564086914
24.102121353149414
23.776803970336914
24.650094985961914
15.981027603149414
24.808420181274414
22.953927993774414
25.103586196899414
24.333078384399414
25.379465103149414
24.997873306274414
25.487253189086914
24.572336196899414
23.912302017211914
23.875436782836914
23.888132095336914
24.023508071899414
23.100168228149414
20.927927017211914
18.276071548461914
24.132272720336914
16.716623306274414
21.159128189086914
23.856027603149414
18.764841079711914
24.066598892211914
23.790109634399414
20.749094009399414
23.493112564086914
24.074045181274414
22.984811782836914
24.324411392211914
23.213693618774414
22.996652603149414
24.344430923461914
24.422433853149414
24.663522720336914
23.716501235961914
24.315622329711914
23.955270767211914
24.133371353149414
23.927438735961914
23.891794204711914
20.374460220336914
23.554147720336914
16.991037368774414
23.837472915649414
19.614084243774414
20.921457290649414
24.170846939086914
24.324167251586914
23.805368423461914
23.184885025024414
24.315134048461914
23.980905532836914
24.020090103149414
23.836130142211914
23.538522720336914
23.704050064086914
23.753610610961914
24.166452407836914
23.917062759399414
23.875802993774414
23.827341079711914
23.812326431274414
23.648874282836914
18.674997329711914
23.843332290649414
23.455270767211914
24.042795181274414
24.004465103149414
23.917551040649414
23.966379165649414
20.852975845336914
22.107736587524414
23.798166275024414
23.877511978149414
24.043649673461914
23.914011001586914
23.793771743774414
24.424386978149414
23.883737564086914
24.262399673461914
24.155832290649414
24.442331314086914
23.827219009399414
24.526681900024414
24.045358657836914
23.785470962524414
24.235788345336914
24.025461196899414
23.925485610961914
24.015573501586914
24.064279556274414
24.125192642211914
23.960641860961914
24.290231704711914
23.923532485961914
24.060739517211914
24.073923110961914
24.130441665649414
24.204660415649414
24.209787368774414
24.180368423461914
24.049142837524414
24.068552017211914
24.071115493774414
24.067453384399414
24.203805923461914
22.565378189086914
22.211252212524414
22.084421157836914
21.926462173461914
22.521921157836914
22.960275650024414
21.625314712524414
22.190134048461914
23.244089126586914
22.177316665649414
21.046457290649414
22.470163345336914
22.725656509399414
21.683542251586914
21.084054946899414
22.481882095336914
22.200387954711914
22.288888931274414
22.837594985961914
22.364450454711914
23.156320571899414
23.000314712524414
23.216257095336914
22.824655532836914
23.343454360961914
23.105051040649414
23.463449478149414
23.225778579711914
23.559274673461914
23.257150650024414
21.772409439086914
22.667184829711914
23.014841079711914
22.963815689086914
21.822580337524414
21.498971939086914
22.864694595336914
21.975900650024414
23.091623306274414
21.793527603149414
23.208200454711914
24.018869400024414
22.132761001586914
21.961984634399414
22.369699478149414
23.263376235961914
22.234689712524414
22.308786392211914
22.889596939086914
23.320993423461914
22.725412368774414
23.342477798461914
22.297067642211914
22.614694595336914
21.955148696899414
22.808298110961914
23.061349868774414
22.949777603149414
22.848459243774414
23.148508071899414
23.173410415649414
22.886911392211914
23.201242446899414
23.080514907836914
23.073923110961914
22.976266860961914
23.058664321899414
23.325265884399414
22.941476821899414
23.073801040649414
23.124582290649414
23.371774673461914
23.461740493774414
24.167795181274414
17.621774673461914
12.306589126586914
16.854562759399414
17.294626235961914
18.360055923461914
18.723703384399414
20.825510025024414
19.543405532836914
19.329538345336914
20.820261001586914
20.186349868774414
21.143991470336914
20.798776626586914
21.049875259399414
21.229562759399414
20.521310806274414
21.665964126586914
21.144113540649414
21.463083267211914
21.209665298461914
21.659738540649414
21.714426040649414
21.677804946899414
21.490793228149414
21.774728775024414
21.805612564086914
21.820383071899414
21.717721939086914
22.023874282836914
22.528390884399414
22.221261978149414
22.514230728149414
21.975656509399414
22.253366470336914
21.820016860961914
22.078439712524414
21.849924087524414
22.452829360961914
21.832956314086914
22.059762954711914
21.907419204711914
22.213937759399414
22.287302017211914
22.648263931274414
22.383493423461914
22.360177993774414
22.511545181274414
22.581247329711914
23.077096939086914
23.296823501586914
24.024972915649414
23.392526626586914
23.800241470336914
23.342477798461914
23.602121353149414
23.597116470336914
23.925363540649414
24.261545181274414
24.016916275024414
23.909494400024414
23.957468032836914
24.059518814086914
24.400705337524414
24.176340103149414
23.981760025024414
23.848825454711914
24.003854751586914
22.930490493774414
24.448190689086914
24.268381118774414
24.320016860961914
24.481149673461914
24.304025650024414
24.114450454711914
24.380929946899414
24.030832290649414
24.382028579711914
24.282419204711914
24.349191665649414
24.498605728149414
24.321969985961914
24.220895767211914
24.082956314086914
24.278390884399414
24.146799087524414
23.431100845336914
24.231515884399414
24.046335220336914
24.067209243774414
23.965402603149414
24.138010025024414
24.244699478149414
24.003732681274414
24.017770767211914
23.755563735961914
24.073312759399414
23.411203384399414
23.505441665649414
23.840890884399414
23.595285415649414
23.882272720336914
24.085763931274414
24.035470962524414
24.080148696899414
24.003122329711914
24.235788345336914
24.286935806274414
24.002389907836914
23.491769790649414
24.306833267211914
23.982004165649414
23.673898696899414
23.671335220336914
24.135568618774414
24.472970962524414
24.308176040649414
24.505319595336914
24.353097915649414
24.397043228149414
24.376535415649414
23.592599868774414
24.063547134399414
23.620309829711914
24.390329360961914
24.505319595336914
24.253610610961914
23.827341079711914
23.588205337524414
23.258981704711914
24.277170181274414
23.293771743774414
23.917551040649414
24.513986587524414
22.926828384399414
24.065256118774414
23.747507095336914
24.050485610961914
24.141427993774414
23.769357681274414
23.904977798461914
23.945383071899414
24.378732681274414
23.644479751586914
24.479928970336914
23.653024673461914
24.071237564086914
23.670969009399414
23.035593032836914
23.994577407836914
23.126413345336914
22.806589126586914
22.638498306274414
23.620187759399414
23.852731704711914
14.044992446899414
20.897165298461914
19.948190689086914
21.438058853149414
20.677560806274414
20.683542251586914
20.876169204711914
21.586130142211914
21.685861587524414
21.536203384399414
21.995920181274414
21.844919204711914
21.981393814086914
22.433664321899414
22.567697525024414
22.025827407836914
21.949167251586914
22.212717056274414
22.764230728149414
21.935617446899414
22.728586196899414
23.309396743774414
23.949411392211914
23.478586196899414
24.477487564086914
24.498605728149414
24.367380142211914
24.294382095336914
24.242624282836914
24.251291275024414
24.169626235961914
24.239206314086914
24.102487564086914
23.944284439086914
23.984079360961914
24.016061782836914
24.190988540649414
23.936838150024414
24.195993423461914
24.588327407836914
24.572946548461914
23.934762954711914
23.640695571899414
24.056222915649414
24.332223892211914
23.513620376586914
24.079050064086914
24.350046157836914
24.246896743774414
23.616769790649414
22.519479751586914
14.402536392211914
20.883737564086914
20.731271743774414
20.332590103149414
21.473825454711914
21.172189712524414
22.401071548461914
21.939157485961914
22.622262954711914
21.726633071899414
22.499216079711914
22.070749282836914
22.092599868774414
22.381540298461914
23.675363540649414
24.254953384399414
23.978708267211914
23.386056900024414
24.103464126586914
24.202463150024414
24.054636001586914
23.928171157836914
24.085763931274414
23.801584243774414
24.158639907836914
23.706735610961914
24.359323501586914
24.199289321899414
23.408884048461914
23.856515884399414
17.263376235961914
21.934518814086914
20.479806900024414
20.562814712524414
22.036203384399414
22.778146743774414
22.391061782836914
22.203805923461914
22.467111587524414
22.119333267211914
23.591012954711914
24.287179946899414
23.801095962524414
24.127267837524414
24.191965103149414
24.028879165649414
24.097360610961914
24.207468032836914
23.966501235961914
23.786203384399414
23.612863540649414
23.791452407836914
24.349435806274414
23.695138931274414
24.026437759399414
20.787057876586914
21.818429946899414
22.304636001586914
22.192575454711914
22.166940689086914
23.148508071899414
23.680734634399414
23.783761978149414
24.523874282836914
23.511301040649414
24.003122329711914
23.752267837524414
24.037912368774414
16.746286392211914
20.817087173461914
21.069040298461914
21.327951431274414
22.509469985961914
22.396554946899414
22.049631118774414
23.206491470336914
23.490427017211914
23.972238540649414
23.239572525024414
23.948556900024414
23.572458267211914
23.998849868774414
23.724924087524414
21.101633071899414
21.115182876586914
23.432809829711914
24.025949478149414
23.886423110961914
23.945993423461914
21.119943618774414
21.786569595336914
23.667184829711914
24.008371353149414
24.014108657836914
23.966623306274414
24.042673110961914
23.794504165649414
23.781076431274414
24.355173110961914
24.107614517211914
17.507761001586914
24.410959243774414
24.080148696899414
24.108957290649414
24.038400650024414
24.228342056274414
21.638498306274414
23.340890884399414
23.677560806274414
24.125436782836914
24.279733657836914
24.239694595336914
24.194284439086914
24.045846939086914
17.648630142211914
24.186227798461914
24.008005142211914
24.425607681274414
17.921945571899414
22.356027603149414
24.318429946899414
18.970773696899414
21.570016860961914
23.706125259399414
24.188791275024414
19.383859634399414
19.930246353149414
24.111154556274414
20.217721939086914
23.370798110961914
24.343698501586914
23.837228775024414
20.425607681274414
23.766427993774414
24.318552017211914
24.138010025024414
24.155832290649414
23.953805923461914
20.722970962524414
24.019601821899414
23.704538345336914
24.240549087524414
24.317697525024414
23.619089126586914
24.228586196899414
20.650705337524414
21.284494400024414
23.768991470336914
24.221628189086914
23.519601821899414
24.311349868774414
24.329538345336914
24.138864517211914
