9.876351576561311e-42
0.0
5.126275539398193
0.0
2.2346739768981934
0.0
7.095513820648193
7.086724758148193
3.2256407737731934
19.81304359436035
4.360894680023193
18.74932289123535
18.93999671936035
21.11504554748535
20.39336585998535
17.86773109436035
22.87896156311035
20.18609046936035
22.68071937561035
17.35967445373535
21.90288734436035
23.18902015686035
10.252496719360352
13.547906875610352
13.309625625610352
22.50786781311035
22.96831703186035
18.42778968811035
19.58770179748535
22.77715492248535
21.20098304748535
22.84429359436035
18.81426429748535
21.92070960998535
21.00103187561035
20.97832679748535
20.55547523498535
20.61846351623535
23.23394203186035
20.82793617248535
20.54351234436035
21.07207679748535
3.2974181175231934
14.970026016235352
0.0
5.006402492523193
10.261529922485352
18.00152015686035
20.87017250061035
9.973932266235352
19.95049476623535
22.46831703186035
19.38701820373535
22.97100257873535
8.325983047485352
22.08989906311035
16.07891273498535
21.39556312561035
22.88164710998535
20.92339515686035
10.140924453735352
18.08819007873535
3.3086485862731934
14.908014297485352
8.343561172485352
21.62017250061035
22.84038734436035
20.37529945373535
11.849908828735352
21.71880531311035
21.10357093811035
20.58843421936035
7.808648586273193
15.630182266235352
4.775689601898193
13.363336563110352
22.03692054748535
23.08135414123535
10.986383438110352
21.62456703186035
20.87725257873535
20.51299476623535
15.376276016235352
18.34063148498535
17.31450843811035
22.28618812561035
22.79888343811035
22.92070960998535
21.42510414123535
20.60894203186035
18.19365882873535
10.640436172485352
22.76006507873535
21.56670570373535
20.49517250061035
19.82012367248535
22.58355140686035
22.82598304748535
20.79570960998535
14.768610000610352
15.689264297485352
22.49444007873535
20.53179359436035
20.50249671936035
13.371881484985352
19.43853187561035
16.49395179748535
22.78643226623535
20.20025062561035
21.14116859436035
17.35601234436035
20.31597328186035
18.82940101623535
21.23027992248535
20.46319007873535
19.41680335998535
20.66094398498535
13.364313125610352
20.97295570373535
16.61992835998535
21.21563148498535
19.85308265686035
21.23418617248535
21.06231117248535
21.41680335998535
21.23760414123535
21.51104164123535
21.20098304748535
22.98662757873535
21.66826820373535
21.73760414123535
15.191217422485352
22.02715492248535
22.20195960998535
22.34234046936035
22.23565101623535
18.35332679748535
20.91216468811035
21.09600257873535
20.72759437561035
21.15044593811035
21.31914710998535
20.85259437561035
21.18535804748535
21.35039710998535
21.59600257873535
21.75737953186035
21.87285804748535
22.28252601623535
21.91338539123535
22.04863929748535
22.25786781311035
22.39336585998535
22.74761390686035
22.63164710998535
22.81743812561035
22.97979164123535
22.97686195373535
23.21978187561035
23.36773109436035
23.30401039123535
23.43999671936035
2.0332579612731934
3.6128478050231934
2.0723204612731934
3.1895079612731934
3.2100157737731934
7.638238430023193
10.752985000610352
7.983453273773193
11.818658828735352
12.563043594360352
0.0
7.803033351898193
13.843317031860352
2.5464415550231934
15.267633438110352
7.258111476898193
11.334527969360352
19.01250648498535
7.564996242523193
18.43657875061035
17.56109046936035
7.531793117523193
0.0
19.77324867248535
16.53740882873535
14.687555313110352
8.770563125610352
12.870660781860352
15.408502578735352
1.345758080482483
16.84331703186035
14.321832656860352
16.48858070373535
13.661920547485352
3.4856505393981934
4.517877101898193
1.813287377357483
8.049860000610352
10.633844375610352
0.0
11.422418594360352
11.178522109985352
17.66436195373535
10.333551406860352
14.087457656860352
6.401177883148193
19.50762367248535
11.947076797485352
20.01812171936035
5.066949367523193
6.387017726898193
16.40020179748535
8.409479141235352
19.74468421936035
14.497369766235352
5.262017726898193
10.767389297485352
21.13945960998535
15.236383438110352
9.365045547485352
13.953912734985352
11.363824844360352
15.691217422485352
6.623589992523193
17.35625648498535
8.717584609985352
9.148004531860352
18.55181312561035
15.711725234985352
11.348932266235352
14.205621719360352
14.440485000610352
11.231744766235352
17.22808265686035
16.52813148498535
16.82476234436035
16.38237953186035
17.45830726623535
18.32964515686035
13.825738906860352
17.58379554748535
15.000787734985352
19.92095375061035
15.718072891235352
19.76055335998535
16.63164710998535
18.11553382873535
19.50005531311035
17.48736000061035
17.55938148498535
18.34014320373535
19.40679359436035
19.94610023498535
20.61919593811035
20.66655921936035
20.72612953186035
18.47930335998535
18.86895179748535
17.82232093811035
12.155817031860352
9.970514297485352
10.907526016235352
9.345758438110352
6.977838039398193
0.0
0.0
2.8731017112731934
17.82329750061035
14.237115859985352
16.08672523498535
13.550592422485352
11.450494766235352
0.0
1.148248314857483
3.0627989768981934
1.175347924232483
6.450982570648193
15.025201797485352
14.077447891235352
2.7693419456481934
6.028863430023193
13.784479141235352
6.594293117523193
17.91533851623535
11.939264297485352
19.28911781311035
12.715631484985352
9.195856094360352
11.426813125610352
16.93560218811035
0.0
10.610895156860352
2.0960021018981934
12.475641250610352
7.862359523773193
4.934136867523193
12.407526016235352
18.40996742248535
12.295709609985352
0.0
7.356256008148193
4.814996242523193
14.161188125610352
0.2935119569301605
2.6672911643981934
14.371637344360352
8.652887344360352
2.7705626487731934
17.60112953186035
11.785211563110352
14.611139297485352
2.0061583518981934
13.135797500610352
5.048638820648193
0.9880920648574829
4.163384914398193
5.995416164398193
6.296197414398193
13.549615859985352
7.449029445648193
4.615533351898193
9.193170547485352
7.164117336273193
14.116022109985352
8.434625625610352
13.879693984985352
10.059381484985352
8.986139297485352
10.390924453735352
13.316705703735352
12.432916641235352
12.883600234985352
13.109674453735352
12.980524063110352
14.562067031860352
14.825738906860352
17.95342445373535
18.84697914123535
18.39580726623535
19.28106117248535
18.89824867248535
20.66729164123535
18.52251625061035
14.086969375610352
15.648248672485352
19.56255531311035
16.20049476623535
19.58526039123535
20.96465492248535
15.516901016235352
9.992242813110352
16.96343421936035
20.70562171936035
21.76079750061035
21.67852210998535
21.97905921936035
21.17046546936035
21.80376625061035
22.08208656311035
22.50396156311035
22.23247718811035
21.72588539123535
22.22075843811035
22.34673500061035
17.25957679748535
14.596246719360352
19.73931312561035
18.24492835998535
21.37529945373535
20.03545570373535
13.430231094360352
21.73101234436035
21.40313148498535
22.05352210998535
22.25005531311035
21.77422523498535
22.18975257873535
17.65410804748535
17.03838539123535
19.18755531311035
17.38433265686035
21.62798500061035
18.83037757873535
18.59453773498535
20.89361000061035
19.86382484436035
21.97197914123535
20.08696937561035
16.13897132873535
20.42681312561035
20.50347328186035
18.22124671936035
21.87090492248535
21.16948890686035
21.48687171936035
20.28960609436035
21.44487953186035
21.72442054748535
21.27178382873535
21.97686195373535
21.76494789123535
21.25786781311035
21.89092445373535
21.71514320373535
21.76201820373535
21.99614906311035
22.33696937561035
21.74468421936035
22.07329750061035
22.17901039123535
21.83501625061035
21.88945960998535
22.32036781311035
22.10039710998535
22.18535804748535
19.91973304748535
19.71782875061035
20.72051429748535
20.82647132873535
21.04400062561035
21.19048500061035
21.25786781311035
21.11431312561035
21.20611000061035
21.38970375061035
21.58355140686035
21.67046546936035
21.67998695373535
21.70342445373535
21.78277015686035
21.98882484436035
22.13701820373535
22.09502601623535
22.23931312561035
22.14458656311035
22.20537757873535
10.742975234985352
8.272272109985352
5.173150539398193
19.44121742248535
21.89361000061035
17.70537757873535
16.87383460998535
21.69512367248535
22.23027992248535
9.640436172485352
21.19487953186035
20.72881507873535
18.61602210998535
21.45928382873535
22.13628578186035
17.22735023498535
22.14116859436035
18.53692054748535
19.69194984436035
19.51177406311035
12.046197891235352
22.41436195373535
21.48272132873535
21.41558265686035
21.69902992248535
14.782281875610352
21.93682289123535
21.18364906311035
22.38067054748535
22.05889320373535
22.59234046936035
22.43071937561035
22.47930335998535
22.15313148498535
21.84282875061035
21.67070960998535
21.51299476623535
21.54741859436035
22.09868812561035
19.60381507873535
17.08794593811035
21.53252601623535
15.512506484985352
19.23150062561035
22.19365882873535
17.15581703186035
22.27520179748535
21.35283851623535
19.07451820373535
21.41607093811035
21.52178382873535
21.38970375061035
22.36602210998535
21.57476234436035
21.25713539123535
21.59600257873535
21.67486000061035
21.59722328186035
21.72905921936035
21.81670570373535
22.58696937561035
22.15679359436035
22.09234046936035
22.48491859436035
18.52837562561035
22.25615882873535
15.526422500610352
21.24712562561035
18.18120765686035
19.50249671936035
21.42119789123535
21.78667640686035
21.60503578186035
21.28154945373535
21.78985023498535
21.76641273498535
22.07671546936035
22.05864906311035
21.22368812561035
22.12554359436035
21.20781898498535
22.27813148498535
21.66851234436035
21.88237953186035
21.97832679748535
22.10039710998535
20.91607093811035
17.15166664123535
21.67852210998535
21.61724281311035
22.05327796936035
22.15410804748535
22.40093421936035
22.17315101623535
19.06084632873535
20.09649085998535
21.49126625061035
21.77813148498535
22.36480140686035
21.57598304748535
21.54717445373535
21.66143226623535
21.75957679748535
22.25933265686035
22.26030921936035
22.13604164123535
20.94610023498535
21.62359046936035
22.51909828186035
21.51079750061035
22.21831703186035
22.82402992248535
21.68242835998535
22.35381507873535
21.93462562561035
22.63360023498535
21.58916664123535
21.50713539123535
21.85943031311035
21.93975257873535
22.31060218811035
21.84258460998535
22.15410804748535
22.40972328186035
22.84331703186035
22.66460609436035
22.72100257873535
22.87114906311035
22.85479164123535
23.07793617248535
19.96538734436035
20.07110023498535
20.27398109436035
17.76275062561035
19.78814125061035
21.01445960998535
16.32012367248535
17.19292640686035
17.08452796936035
15.985651016235352
13.006402969360352
18.63360023498535
20.68145179748535
15.966852188110352
13.356500625610352
18.73418617248535
16.10112953186035
20.05816078186035
16.66143226623535
15.625299453735352
17.63677406311035
16.57988929748535
17.47124671936035
20.05449867248535
18.81524085998535
20.36260414123535
20.70977210998535
19.06084632873535
20.19634437561035
18.54986000061035
14.619440078735352
18.80938148498535
19.78740882873535
16.96367835998535
15.011041641235352
14.507135391235352
19.49859046936035
14.613824844360352
20.59111976623535
15.205377578735352
18.56011390686035
21.55230140686035
15.916803359985352
15.798639297485352
18.42070960998535
19.89995765686035
19.42095375061035
15.965631484985352
19.77617835998535
20.68902015686035
18.02617835998535
20.02837562561035
15.568902969360352
18.60088539123535
15.435602188110352
16.12041664123535
18.17901039123535
19.24932289123535
16.35210609436035
19.35186195373535
19.16704750061035
16.65825843811035
20.24297523498535
17.19121742248535
18.50957679748535
18.27105140686035
18.29693031311035
18.57476234436035
19.04155921936035
19.37578773498535
20.07329750061035
20.90044593811035
20.65288734436035
21.47319984436035
16.84502601623535
11.609918594360352
17.31890296936035
17.58501625061035
18.24883460998535
19.00371742248535
19.70464515686035
19.44780921936035
19.25933265686035
19.74028968811035
19.61016273498535
19.97808265686035
19.02178382873535
19.50322914123535
19.53960609436035
19.66118812561035
20.67925453186035
20.05108070373535
20.80230140686035
18.92998695373535
20.90044593811035
19.41753578186035
19.80767250061035
19.90117835998535
19.39800453186035
20.90923500061035
20.99248695373535
19.53936195373535
19.64361000061035
19.14653968811035
20.09722328186035
19.27617835998535
19.91900062561035
19.70952796936035
19.85918617248535
20.09404945373535
19.94146156311035
20.37383460998535
20.09331703186035
20.26519203186035
20.27007484436035
20.21758460998535
20.20269203186035
20.83135414123535
20.36382484436035
20.55181312561035
20.46050453186035
20.54839515686035
21.93560218811035
21.21953773498535
21.43242835998535
20.75811195373535
21.48320960998535
22.04863929748535
21.14092445373535
21.14556312561035
21.61040687561035
21.51861000061035
21.57110023498535
22.00127601623535
22.04033851623535
21.89165687561035
21.93364906311035
21.19048500061035
22.15337562561035
22.29473304748535
22.01983070373535
19.42461585998535
21.07525062561035
22.31402015686035
22.38482093811035
22.41094398498535
22.19219398498535
22.51104164123535
22.15044593811035
22.06768226623535
22.46074867248535
22.25591468811035
22.07915687561035
21.21489906311035
21.06035804748535
22.00811195373535
22.79448890686035
20.96978187561035
22.06328773498535
20.57940101623535
22.33135414123535
21.62871742248535
22.07744789123535
21.95611000061035
22.64361000061035
22.67363929748535
21.87627601623535
22.57793617248535
21.57891273498535
22.69341468811035
20.74444007873535
21.02984046936035
22.40435218811035
21.03081703186035
21.27056312561035
22.89776039123535
22.11016273498535
22.43389320373535
21.28594398498535
22.38652992248535
22.35064125061035
22.13506507873535
20.44634437561035
22.13677406311035
22.70049476623535
21.08355140686035
21.27837562561035
22.89190101623535
22.11870765686035
22.60186195373535
22.33867835998535
22.31963539123535
22.57110023498535
22.39190101623535
21.35332679748535
21.90679359436035
21.20293617248535
22.34160804748535
22.52105140686035
23.05059242248535
21.90361976623535
21.67461585998535
21.39702796936035
21.93291664123535
21.51299476623535
22.09575843811035
22.97490882873535
21.37603187561035
22.13042640686035
21.78008460998535
22.10308265686035
21.82793617248535
21.79351234436035
21.91875648498535
21.99151039123535
21.73833656311035
21.68975257873535
22.37114906311035
21.79326820373535
21.66460609436035
21.95611000061035
21.51909828186035
21.81475257873535
21.59038734436035
21.53032875061035
20.99077796936035
21.98784828186035
22.12114906311035
14.174371719360352
19.93853187561035
19.70903968811035
20.59307289123535
19.60235023498535
18.87578773498535
19.83745765686035
20.72979164123535
20.73809242248535
19.66777992248535
20.88067054748535
20.22222328186035
21.04497718811035
19.75957679748535
19.80913734436035
19.82012367248535
20.14116859436035
20.22735023498535
20.38530921936035
20.42290687561035
21.19219398498535
21.18169593811035
21.53667640686035
20.89214515686035
21.64946937561035
21.47100257873535
22.27788734436035
22.44610023498535
21.83062171936035
22.20049476623535
22.01665687561035
21.79937171936035
21.98980140686035
22.80083656311035
22.30620765686035
22.06304359436035
22.63848304748535
21.22051429748535
22.15264320373535
22.28203773498535
22.19072914123535
21.64922523498535
21.49297523498535
21.91533851623535
22.29766273498535
21.63530921936035
21.98223304748535
22.08648109436035
21.80742835998535
21.80254554748535
21.12749671936035
15.033014297485352
19.91680335998535
19.73711585998535
19.81426429748535
20.71099281311035
19.56865882873535
20.93145179748535
19.88286781311035
21.03350257873535
20.16729164123535
20.02837562561035
20.06719398498535
20.09038734436035
20.19146156311035
21.65044593811035
21.72319984436035
21.94902992248535
20.67315101623535
22.67632484436035
22.53814125061035
22.69317054748535
20.97319984436035
21.78374671936035
21.45220375061035
23.00444984436035
21.48662757873535
22.25322914123535
21.76641273498535
21.96660804748535
21.88482093811035
16.88555335998535
20.48687171936035
20.07354164123535
18.95903968811035
20.92070960998535
21.06109046936035
20.12188148498535
20.24907875061035
20.68340492248535
20.51690101623535
21.08233070373535
21.78521156311035
22.26909828186035
22.44390296936035
21.88701820373535
22.64361000061035
22.05962562561035
22.57256507873535
21.35064125061035
21.73125648498535
21.52056312561035
21.79546546936035
21.96050453186035
21.90606117248535
22.01152992248535
19.02593421936035
19.86944007873535
20.92803382873535
20.01079750061035
20.27788734436035
21.20122718811035
21.05156898498535
22.23443031311035
21.81792640686035
21.06279945373535
22.59087562561035
21.63604164123535
22.09673500061035
16.99297523498535
19.15410804748535
19.09258460998535
20.73467445373535
20.91460609436035
20.01543617248535
20.06377601623535
21.14873695373535
21.21441078186035
21.33428382873535
20.37310218811035
22.51909828186035
21.70855140686035
22.10479164123535
21.66558265686035
19.03618812561035
20.03350257873535
21.47832679748535
21.39214515686035
22.60015296936035
22.28057289123535
19.22368812561035
20.19732093811035
21.43438148498535
21.30571937561035
22.65435218811035
21.98198890686035
21.36748695373535
21.93853187561035
21.89531898498535
21.86358070373535
21.70049476623535
17.44658851623535
21.86260414123535
22.61406898498535
22.27178382873535
21.89556312561035
21.92901039123535
19.45684242248535
21.71123695373535
21.38652992248535
21.63994789123535
22.47661781311035
22.16045570373535
21.75664710998535
21.73467445373535
18.00933265686035
22.68291664123535
22.01885414123535
22.35991859436035
18.56670570373535
20.09087562561035
21.87407875061035
18.87578773498535
20.03374671936035
21.39824867248535
21.77080726623535
19.37261390686035
19.37993812561035
21.91289710998535
19.55059242248535
21.98516273498535
21.59795570373535
22.03179359436035
19.73394203186035
22.03618812561035
21.45977210998535
21.02886390686035
22.54253578186035
21.33867835998535
19.79937171936035
21.98540687561035
21.21904945373535
22.33623695373535
22.20757484436035
20.84551429748535
22.54204750061035
19.98760414123535
19.52373695373535
20.79619789123535
22.44121742248535
20.73443031311035
22.36992835998535
22.36455726623535
21.56133460998535
