9.876351576561311e-42
3.1053786277770996
8.863435745239258
0.22451934218406677
5.1095290184021
0.0
8.837556838989258
7.8309645652771
5.4825758934021
20.961580276489258
6.8812575340271
19.457674026489258
19.790925979614258
22.744539260864258
22.059480667114258
17.450105667114258
23.739412307739258
21.043367385864258
23.590242385864258
18.279207229614258
23.296052932739258
23.485750198364258
13.878328323364258
16.308259963989258
16.173006057739258
23.610994338989258
23.395418167114258
19.627107620239258
20.298006057739258
23.815340042114258
23.136140823364258
23.252107620239258
19.716463088989258
23.062410354614258
20.974519729614258
22.067781448364258
21.995027542114258
22.143465042114258
23.536775588989258
21.823640823364258
22.351716995239258
22.019929885864258
6.5565505027771
16.470125198364258
0.0
7.6061110496521
10.425935745239258
18.155916213989258
22.475984573364258
10.990633010864258
21.274080276489258
23.544099807739258
20.126131057739258
23.485994338989258
12.294343948364258
23.260652542114258
18.097566604614258
23.399324417114258
23.599275588989258
22.456453323364258
12.304353713989258
19.631258010864258
4.2262282371521
14.725984573364258
9.419832229614258
23.468904495239258
23.495027542114258
20.989900588989258
14.543123245239258
22.929841995239258
23.131258010864258
22.131013870239258
10.007234573364258
17.713777542114258
6.5318922996521
12.583894729614258
23.506258010864258
23.531648635864258
12.778230667114258
23.108797073364258
20.923250198364258
22.240388870239258
16.566560745239258
19.634920120239258
16.599763870239258
23.535554885864258
23.737459182739258
23.367341995239258
22.801179885864258
21.273836135864258
18.939119338989258
10.522371292114258
23.636873245239258
23.092439651489258
22.428865432739258
20.555086135864258
23.812898635864258
23.403718948364258
21.675935745239258
15.278474807739258
15.075838088989258
23.754793167114258
22.644197463989258
22.579744338989258
13.704011917114258
20.112215042114258
16.677400588989258
23.591463088989258
21.046297073364258
23.103425979614258
17.084138870239258
21.626619338989258
18.773347854614258
23.313875198364258
21.848787307739258
20.096345901489258
21.693269729614258
13.213777542114258
22.306795120239258
16.878572463989258
22.508943557739258
21.024568557739258
23.373689651489258
22.497957229614258
23.381746292114258
22.858308792114258
23.407869338989258
23.127840042114258
23.509187698364258
23.415925979614258
23.287508010864258
14.731355667114258
23.314363479614258
23.227449417114258
23.107332229614258
23.178621292114258
18.195466995239258
21.466463088989258
21.942781448364258
21.960115432739258
22.213045120239258
22.509920120239258
21.750154495239258
22.133699417114258
22.517488479614258
22.754793167114258
22.884675979614258
23.018709182739258
23.212312698364258
23.170320510864258
23.480379104614258
23.491853713989258
23.564119338989258
23.563386917114258
23.245759963989258
23.402254104614258
23.443513870239258
23.517244338989258
23.518220901489258
23.523836135864258
23.695466995239258
23.613191604614258
3.6669020652770996
3.7909255027770996
4.2142653465271
6.4300856590271
5.2523512840271
8.777254104614258
11.485750198364258
8.540681838989258
12.902009963989258
11.407136917114258
3.8905348777770996
8.822908401489258
13.163240432739258
6.1124587059021
14.647859573364258
8.368318557739258
10.785799026489258
19.673250198364258
9.016023635864258
19.274812698364258
16.338777542114258
9.176424026489258
3.7877516746520996
20.737215042114258
18.015535354614258
16.201570510864258
10.843660354614258
13.522371292114258
16.969881057739258
5.4222731590271
18.590486526489258
14.528718948364258
18.029695510864258
14.278718948364258
4.2015700340271
4.8270583152771
3.6874098777770996
10.131258010864258
11.452302932739258
3.6791090965270996
11.208650588989258
10.873933792114258
17.697908401489258
10.729890823364258
13.175935745239258
7.9105544090271
20.185701370239258
11.674226760864258
19.528230667114258
5.3624587059021
7.4203200340271
15.002840042114258
9.348054885864258
20.390047073364258
14.351716995239258
6.0331130027771
10.859041213989258
21.698640823364258
14.173006057739258
9.067293167114258
12.702547073364258
12.088045120239258
15.649568557739258
7.5289626121521
16.763826370239258
9.081697463989258
9.367341995239258
18.320222854614258
16.154207229614258
11.668855667114258
14.107576370239258
14.235261917114258
10.696443557739258
15.920320510864258
17.779451370239258
15.882966995239258
15.024324417114258
19.089265823364258
19.978670120239258
12.844636917114258
19.284578323364258
13.729890823364258
21.435213088989258
15.326814651489258
21.142000198364258
18.018465042114258
17.087800979614258
18.575593948364258
17.803865432739258
18.476228713989258
18.783357620239258
19.440584182739258
20.170808792114258
21.342683792114258
21.842927932739258
22.211580276489258
15.302400588989258
16.232088088989258
16.396150588989258
13.464509963989258
12.087800979614258
12.726716995239258
11.497468948364258
9.849031448364258
2.7347731590270996
3.1986403465270996
6.5462965965271
17.469881057739258
15.444734573364258
16.628572463989258
14.281892776489258
12.328767776489258
3.1129469871520996
4.8741774559021
6.3465895652771
3.5165114402770996
9.985506057739258
15.567049026489258
14.675447463989258
3.6429762840270996
10.599275588989258
15.424470901489258
9.965242385864258
15.581697463989258
12.973054885864258
17.288484573364258
13.955965042114258
11.511873245239258
12.860994338989258
16.751863479614258
3.4017653465270996
11.746492385864258
4.5758376121521
13.784578323364258
11.927644729614258
9.157136917114258
12.482576370239258
16.317537307739258
13.745271682739258
3.4398512840270996
11.061922073364258
6.8719801902771
13.697175979614258
4.1617751121521
5.3314528465271
14.254793167114258
12.081941604614258
4.8832106590271
15.902009963989258
12.512117385864258
14.684480667114258
5.2106032371521
13.720613479614258
6.1234450340271
4.0580153465271
5.6358962059021
8.659090042114258
8.720369338989258
14.432771682739258
9.672273635864258
7.7516188621521
10.927400588989258
9.479158401489258
15.144929885864258
10.209871292114258
15.010408401489258
11.333406448364258
10.911531448364258
12.141023635864258
13.553133010864258
13.384431838989258
14.130525588989258
14.876375198364258
14.629793167114258
15.367097854614258
15.071931838989258
16.822908401489258
17.090974807739258
17.455965042114258
18.059480667114258
18.214754104614258
19.335847854614258
18.343172073364258
15.547029495239258
16.690584182739258
18.881746292114258
16.761873245239258
19.256258010864258
20.672273635864258
16.328523635864258
13.201814651489258
17.232820510864258
20.269929885864258
22.089509963989258
22.225008010864258
23.002595901489258
22.181062698364258
23.071931838989258
23.016023635864258
23.166170120239258
23.186677932739258
22.775545120239258
23.054109573364258
23.183259963989258
17.558015823364258
15.653963088989258
19.096101760864258
18.454744338989258
21.349031448364258
20.062654495239258
14.734285354614258
22.668123245239258
22.372713088989258
23.008943557739258
23.029939651489258
22.858797073364258
23.146150588989258
17.653718948364258
17.561189651489258
19.348299026489258
16.804109573364258
22.614900588989258
18.477449417114258
18.568758010864258
20.975252151489258
19.534578323364258
21.467195510864258
19.847322463989258
16.601716995239258
20.255037307739258
20.150056838989258
18.163728713989258
22.872224807739258
20.891756057739258
21.700105667114258
19.805818557739258
21.541170120239258
22.116121292114258
21.146394729614258
22.741853713989258
22.090242385864258
21.467439651489258
23.088533401489258
22.647127151489258
22.826082229614258
23.052156448364258
22.956209182739258
22.840730667114258
23.016756057739258
22.982576370239258
23.030427932739258
22.988924026489258
23.090974807739258
23.108308792114258
23.003572463989258
18.360994338989258
18.670564651489258
19.689119338989258
20.042634963989258
20.735506057739258
21.311922073364258
21.959627151489258
22.060213088989258
22.293367385864258
22.313875198364258
22.435457229614258
22.640291213989258
22.686189651489258
22.726228713989258
22.854646682739258
22.945955276489258
23.043611526489258
23.048738479614258
23.115877151489258
23.098054885864258
23.164216995239258
13.166658401489258
11.548494338989258
8.033601760864258
18.520418167114258
21.767000198364258
17.191316604614258
18.126375198364258
22.827302932739258
23.124177932739258
11.629304885864258
20.175691604614258
20.562898635864258
19.399812698364258
22.876619338989258
23.231111526489258
16.451814651489258
22.273836135864258
17.399080276489258
18.559236526489258
18.877840042114258
13.413728713989258
22.686677932739258
21.440340042114258
22.260408401489258
22.714509963989258
15.156160354614258
22.898103713989258
20.129793167114258
22.249666213989258
21.310457229614258
23.014802932739258
22.469148635864258
23.017488479614258
23.051912307739258
23.091707229614258
23.119295120239258
23.136140823364258
23.416170120239258
23.028718948364258
20.673250198364258
19.216218948364258
22.483308792114258
18.169099807739258
20.548738479614258
23.162996292114258
18.727205276489258
23.187654495239258
23.034578323364258
19.917879104614258
22.261140823364258
23.175203323364258
21.805086135864258
23.234529495239258
22.548738479614258
22.311922073364258
23.000642776489258
23.124910354614258
23.259675979614258
23.457429885864258
23.214998245239258
23.531160354614258
23.689851760864258
23.682527542114258
23.267244338989258
20.325105667114258
23.261873245239258
18.107332229614258
22.561189651489258
19.638093948364258
20.600740432739258
22.556795120239258
22.808992385864258
23.492341995239258
22.741365432739258
23.320955276489258
23.517244338989258
23.605379104614258
23.586091995239258
21.932039260864258
23.115877151489258
22.914949417114258
23.147371292114258
23.533113479614258
23.490144729614258
23.451082229614258
23.049959182739258
22.041902542114258
18.837556838989258
23.381502151489258
23.023836135864258
23.555086135864258
23.423250198364258
23.312654495239258
23.084138870239258
19.968904495239258
21.283357620239258
23.397371292114258
23.620515823364258
23.398103713989258
21.929841995239258
21.965974807739258
22.875642776489258
23.523591995239258
23.189363479614258
23.590242385864258
23.303865432739258
22.543611526489258
23.198396682739258
23.297517776489258
23.353181838989258
23.325838088989258
23.343172073364258
23.585359573364258
23.428621292114258
23.587556838989258
23.433992385864258
23.521150588989258
23.519197463989258
23.520906448364258
23.496248245239258
23.475252151489258
23.618074417114258
23.612459182739258
23.607088088989258
23.411775588989258
23.372713088989258
23.333406448364258
23.374422073364258
23.417634963989258
23.670564651489258
22.495759963989258
22.080232620239258
22.177156448364258
23.150545120239258
22.923006057739258
22.505769729614258
23.104890823364258
23.200349807739258
23.278230667114258
22.935701370239258
21.250642776489258
23.198396682739258
22.886140823364258
23.053133010864258
21.595369338989258
23.295808792114258
23.197175979614258
22.619539260864258
23.196931838989258
22.755037307739258
23.260408401489258
23.114168167114258
23.157381057739258
23.130037307739258
23.359529495239258
23.210847854614258
23.178133010864258
23.324373245239258
23.044832229614258
23.200593948364258
22.131746292114258
23.102937698364258
23.159578323364258
23.017976760864258
22.088289260864258
21.983797073364258
23.155183792114258
22.221345901489258
23.294099807739258
22.041658401489258
22.709871292114258
23.374177932739258
22.377595901489258
22.196687698364258
22.423250198364258
22.921541213989258
22.105867385864258
22.553133010864258
23.150789260864258
23.390291213989258
22.541414260864258
23.068758010864258
22.506013870239258
23.025056838989258
22.387117385864258
22.563142776489258
22.640291213989258
22.717683792114258
22.784334182739258
22.882234573364258
22.825349807739258
22.790437698364258
23.152986526489258
23.062410354614258
23.030672073364258
23.087800979614258
22.944978713989258
22.802156448364258
22.947664260864258
22.916658401489258
23.188631057739258
23.377351760864258
23.312166213989258
23.547273635864258
14.205965042114258
12.066316604614258
15.202791213989258
14.959138870239258
14.757966995239258
15.148103713989258
17.241609573364258
15.843172073364258
16.127595901489258
17.805330276489258
17.275789260864258
20.046052932739258
20.739656448364258
21.672273635864258
21.989656448364258
21.945711135864258
19.545564651489258
20.503572463989258
19.958406448364258
21.701326370239258
20.370271682739258
21.804841995239258
21.865144729614258
21.946687698364258
21.988191604614258
21.379549026489258
21.017976760864258
22.199861526489258
22.049715042114258
22.315584182739258
22.283601760864258
22.496980667114258
22.302156448364258
22.405183792114258
22.032381057739258
22.039705276489258
21.890047073364258
22.202058792114258
21.753084182739258
21.954744338989258
21.631746292114258
22.248689651489258
22.338045120239258
22.393709182739258
22.400545120239258
22.146150588989258
22.379793167114258
22.434236526489258
22.944490432739258
22.484529495239258
23.013582229614258
23.033601760864258
22.531892776489258
23.203523635864258
22.776765823364258
22.904207229614258
22.697908401489258
22.774080276489258
23.039216995239258
23.008211135864258
22.873689651489258
22.812654495239258
22.619539260864258
22.938875198364258
23.353670120239258
22.823884963989258
23.046541213989258
23.017488479614258
23.169099807739258
23.014314651489258
23.190828323364258
22.834627151489258
23.046052932739258
23.165193557739258
23.311433792114258
22.797761917114258
23.185213088989258
23.280183792114258
23.022615432739258
23.107820510864258
23.412019729614258
23.085847854614258
23.342439651489258
23.109773635864258
23.034822463989258
23.246004104614258
23.369539260864258
23.223299026489258
23.185457229614258
23.127351760864258
23.617586135864258
23.486238479614258
23.193025588989258
23.418123245239258
23.461336135864258
23.477693557739258
23.197908401489258
23.380769729614258
23.478181838989258
23.331697463989258
23.614412307739258
23.366121292114258
23.647615432739258
23.436677932739258
23.799959182739258
23.544832229614258
23.701082229614258
24.156892776489258
23.162996292114258
23.807039260864258
23.249177932739258
23.157625198364258
23.368806838989258
23.652254104614258
23.976961135864258
23.487703323364258
24.029939651489258
23.841951370239258
23.709627151489258
23.788972854614258
23.414705276489258
23.608797073364258
23.319734573364258
23.819490432739258
23.931306838989258
23.614900588989258
23.585603713989258
23.555818557739258
23.343172073364258
23.571687698364258
23.299470901489258
23.537752151489258
23.709871292114258
23.147859573364258
23.109285354614258
22.784822463989258
23.240144729614258
23.871980667114258
22.733552932739258
22.895418167114258
22.711336135864258
23.469148635864258
22.750886917114258
23.581941604614258
22.479890823364258
22.985994338989258
22.662263870239258
22.564119338989258
22.892244338989258
22.433259963989258
22.454744338989258
22.515779495239258
22.912019729614258
23.165193557739258
13.154451370239258
18.169343948364258
16.693758010864258
18.876863479614258
20.342195510864258
21.137361526489258
21.291414260864258
20.175935745239258
20.596345901489258
21.821443557739258
21.213045120239258
22.044343948364258
21.512605667114258
22.354646682739258
22.476961135864258
22.191560745239258
21.832429885864258
22.277986526489258
22.474763870239258
21.846590042114258
22.511140823364258
22.660554885864258
22.618318557739258
23.056062698364258
22.569734573364258
22.981843948364258
22.623689651489258
23.053133010864258
23.160554885864258
22.883699417114258
22.879304885864258
23.113435745239258
23.291902542114258
23.533845901489258
23.685457229614258
23.269685745239258
23.485506057739258
23.871492385864258
24.069246292114258
24.136384963989258
23.937898635864258
23.398836135864258
23.371004104614258
23.739412307739258
23.412508010864258
22.857332229614258
23.022859573364258
23.585115432739258
23.527254104614258
22.891511917114258
22.493806838989258
13.168123245239258
18.659090042114258
20.816804885864258
21.945222854614258
20.376131057739258
21.904939651489258
21.677888870239258
22.079988479614258
22.190584182739258
22.318513870239258
22.421785354614258
22.042879104614258
22.246980667114258
22.152986526489258
22.704500198364258
22.660066604614258
23.003328323364258
22.965974807739258
23.150300979614258
23.280916213989258
23.405183792114258
23.051179885864258
23.575593948364258
23.604402542114258
23.684236526489258
23.579988479614258
23.342439651489258
23.221345901489258
22.756258010864258
22.987459182739258
14.257478713989258
19.540437698364258
17.655427932739258
21.574373245239258
21.831453323364258
22.368318557739258
22.369783401489258
22.276277542114258
22.128572463989258
21.858064651489258
22.781648635864258
22.622224807739258
22.998689651489258
23.238435745239258
23.107576370239258
23.509187698364258
23.857332229614258
23.495515823364258
23.901521682739258
23.360017776489258
22.801179885864258
22.905916213989258
23.308259963989258
22.519441604614258
23.063142776489258
21.195222854614258
22.121004104614258
22.331453323364258
22.130769729614258
22.216707229614258
22.308748245239258
22.724519729614258
23.019441604614258
22.426179885864258
22.903230667114258
23.387849807739258
22.768220901489258
22.773347854614258
14.380281448364258
21.893953323364258
21.592683792114258
20.788728713989258
22.475008010864258
22.353914260864258
22.218416213989258
22.230623245239258
22.812898635864258
22.831453323364258
23.049226760864258
23.385408401489258
23.292390823364258
22.917146682739258
22.782625198364258
21.985994338989258
21.432039260864258
22.842683792114258
23.032625198364258
23.532625198364258
23.414949417114258
22.210359573364258
21.792634963989258
22.578279495239258
23.077791213989258
23.441560745239258
23.468904495239258
23.931795120239258
23.337312698364258
22.950105667114258
23.299715042114258
23.134187698364258
14.271638870239258
22.801424026489258
23.427888870239258
23.662263870239258
23.069002151489258
23.660554885864258
22.129793167114258
22.867341995239258
22.780427932739258
22.908845901489258
23.878328323364258
23.540193557739258
23.845125198364258
23.004304885864258
14.102449417114258
23.467927932739258
23.787019729614258
23.782869338989258
14.090242385864258
22.348787307739258
23.087800979614258
14.682527542114258
21.944734573364258
22.851472854614258
22.832918167114258
15.331453323364258
16.056795120239258
23.116609573364258
16.692781448364258
23.119539260864258
22.879549026489258
23.148347854614258
17.364900588989258
23.307283401489258
23.031404495239258
23.231843948364258
23.461091995239258
23.183504104614258
18.366365432739258
23.318269729614258
23.069978713989258
23.446931838989258
23.266267776489258
23.197908401489258
23.407136917114258
18.048250198364258
22.231599807739258
23.111238479614258
23.520418167114258
23.229890823364258
23.758455276489258
23.227449417114258
23.192293167114258
