9.876351576561311e-42
1.214379906654358
10.021753311157227
1.316918969154358
4.556420803070068
1.472436547279358
5.929711818695068
9.464624404907227
6.129907131195068
23.266382217407227
7.139184474945068
23.112817764282227
23.320093154907227
24.347925186157227
24.379419326782227
22.928003311157227
24.888940811157227
23.669458389282227
24.078638076782227
21.649194717407227
23.882837295532227
24.593286514282227
17.169702529907227
19.872095108032227
19.540307998657227
24.258569717407227
24.822290420532227
22.904077529907227
23.291040420532227
24.261011123657227
23.327173233032227
24.665552139282227
22.148462295532227
23.719018936157227
22.425073623657227
22.951196670532227
22.413843154907227
22.694849014282227
24.797632217407227
22.422388076782227
22.818384170532227
22.336206436157227
6.577905178070068
16.352563858032227
1.490991234779358
7.912377834320068
13.672876358032227
21.878442764282227
24.232690811157227
13.784204483032227
22.758569717407227
23.970239639282227
22.998315811157227
24.559839248657227
15.595483779907227
24.136255264282227
21.399927139282227
23.716577529907227
24.487085342407227
23.297876358032227
14.167993545532227
20.961450576782227
3.3379149436950684
20.204614639282227
11.945337295532227
24.427026748657227
24.639917373657227
23.723169326782227
19.111597061157227
23.147974014282227
23.435327529907227
22.344507217407227
11.344507217407227
18.830835342407227
5.178735256195068
16.815454483032227
24.099390029907227
24.899438858032227
18.521753311157227
23.633081436157227
23.082056045532227
22.764429092407227
19.178979873657227
21.726343154907227
22.029321670532227
24.036157608032227
24.495630264282227
24.311059951782227
23.709741592407227
22.224634170532227
21.400415420532227
11.783472061157227
24.669946670532227
23.911890029907227
22.943384170532227
22.299097061157227
24.146997451782227
24.199243545532227
22.448022842407227
18.039819717407227
22.038110733032227
24.136011123657227
23.113550186157227
23.047143936157227
14.087182998657227
22.838403701782227
21.832300186157227
24.100122451782227
22.953393936157227
23.628686904907227
20.436304092407227
23.636987686157227
23.039087295532227
23.647729873657227
24.116968154907227
22.947290420532227
22.787866592407227
14.342309951782227
23.254663467407227
21.181177139282227
24.543725967407227
23.552270889282227
23.470972061157227
23.876245498657227
23.712915420532227
24.462427139282227
24.012964248657227
24.369409561157227
24.069604873657227
23.975122451782227
23.769556045532227
18.933862686157227
23.826684951782227
23.896265029907227
23.628931045532227
23.978052139282227
22.616479873657227
24.182886123657227
24.506616592407227
24.526636123657227
24.393335342407227
24.330347061157227
24.558374404907227
24.751733779907227
24.481470108032227
24.032495498657227
24.372583389282227
24.895776748657227
23.886011123657227
24.964380264282227
24.222436904907227
24.147241592407227
24.543970108032227
24.573022842407227
24.353296279907227
24.713891983032227
24.394067764282227
24.481958389282227
24.560815811157227
25.053003311157227
25.225610733032227
24.917749404907227
4.429467678070068
6.314233303070068
2.4243407249450684
3.9260497093200684
4.348168849945068
7.366723537445068
11.413110733032227
6.980004787445068
13.556909561157227
10.747339248657227
2.6294188499450684
7.404077053070068
14.353052139282227
2.6699461936950684
15.672388076782227
3.6452879905700684
9.694849014282227
21.324243545532227
8.934839248657227
21.333032608032227
19.205835342407227
9.389673233032227
1.005151391029358
22.196069717407227
17.247095108032227
17.485376358032227
11.953393936157227
17.277856826782227
16.465600967407227
3.5046629905700684
17.053003311157227
17.066186904907227
17.588891983032227
15.923364639282227
5.599389553070068
5.816674709320068
2.0388426780700684
8.201196670532227
11.853784561157227
3.5127196311950684
11.633081436157227
11.042261123657227
18.250757217407227
9.191431045532227
15.079370498657227
6.507104396820068
22.047632217407227
14.357690811157227
20.609888076782227
7.171166896820068
7.212914943695068
19.148950576782227
7.337426662445068
22.131616592407227
16.761743545532227
7.160424709320068
12.383569717407227
23.340600967407227
17.948999404907227
7.365991115570068
16.121118545532227
14.960474014282227
17.334497451782227
7.214135646820068
18.115991592407227
9.597436904907227
10.666772842407227
20.369165420532227
17.272485733032227
11.529321670532227
15.361108779907227
14.396997451782227
11.115747451782227
18.258569717407227
17.521753311157227
17.035425186157227
19.191186904907227
19.257593154907227
20.514917373657227
14.238061904907227
18.490747451782227
13.950464248657227
23.565210342407227
15.776880264282227
22.865747451782227
20.448755264282227
20.651391983032227
21.297388076782227
18.895044326782227
20.205102920532227
20.343774795532227
21.382837295532227
21.823022842407227
23.228052139282227
23.744897842407227
24.348413467407227
18.126489639282227
18.554468154907227
18.592554092407227
13.074487686157227
11.586938858032227
11.210474014282227
9.737085342407227
8.727319717407227
3.7954344749450684
3.1152586936950684
5.043237209320068
16.785669326782227
14.492212295532227
14.874048233032227
13.889917373657227
12.128198623657227
3.6577391624450684
3.1772704124450684
5.020043849945068
4.274682521820068
6.611596584320068
15.078882217407227
14.046167373657227
5.364526271820068
4.975610256195068
13.620630264282227
6.620385646820068
18.493432998657227
14.426050186157227
18.941675186157227
13.018579483032227
10.321313858032227
11.498071670532227
16.774927139282227
3.5337157249450684
11.092065811157227
5.481957912445068
12.273706436157227
7.609643459320068
5.338159084320068
14.526636123657227
18.680444717407227
12.926294326782227
3.9001708030700684
7.987329006195068
6.265405178070068
16.113061904907227
3.6880125999450684
5.527123928070068
15.905542373657227
9.995874404907227
6.131860256195068
18.448511123657227
11.885034561157227
15.313745498657227
5.844506740570068
13.223901748657227
6.860620021820068
4.502221584320068
6.292748928070068
5.732202053070068
7.966577053070068
13.886987686157227
8.120630264282227
7.257348537445068
9.705591201782227
8.807886123657227
14.534448623657227
9.320337295532227
14.377222061157227
10.612817764282227
10.816675186157227
12.150903701782227
13.145532608032227
12.844995498657227
13.505640029907227
14.285913467407227
14.027612686157227
14.782739639282227
15.471460342407227
18.824243545532227
19.175561904907227
18.836206436157227
20.110620498657227
19.540552139282227
21.594507217407227
19.317651748657227
14.664331436157227
15.051294326782227
21.087427139282227
15.991235733032227
21.011499404907227
22.724145889282227
16.051294326782227
10.779809951782227
17.717798233032227
22.525903701782227
23.012475967407227
22.844018936157227
24.116235733032227
22.536401748657227
23.229272842407227
23.653345108032227
23.793970108032227
23.844751358032227
23.922876358032227
24.523218154907227
24.342309951782227
16.841821670532227
15.375513076782227
21.351099014282227
20.481470108032227
23.229028701782227
22.448755264282227
14.572778701782227
23.235864639282227
22.969507217407227
23.935327529907227
24.135766983032227
23.820093154907227
24.322534561157227
17.442895889282227
18.486841201782227
21.551538467407227
21.075952529907227
23.575952529907227
19.708765029907227
19.748559951782227
24.067895889282227
22.926538467407227
24.356958389282227
22.006860733032227
16.425073623657227
23.728540420532227
22.516382217407227
19.203638076782227
24.102319717407227
22.670679092407227
22.716577529907227
21.968286514282227
22.870386123657227
22.821802139282227
23.665063858032227
24.150171279907227
23.552759170532227
24.222925186157227
23.959497451782227
23.259790420532227
23.245141983032227
23.712671279907227
24.683618545532227
23.430688858032227
23.692651748657227
24.523950576782227
23.382349014282227
23.542016983032227
24.248559951782227
24.265893936157227
23.725122451782227
21.343286514282227
21.395288467407227
22.088647842407227
21.985132217407227
22.241479873657227
22.547632217407227
22.698999404907227
22.448755264282227
22.426782608032227
22.866479873657227
22.838891983032227
23.541772842407227
23.602075576782227
23.985132217407227
23.631372451782227
24.025171279907227
24.196802139282227
24.090845108032227
23.968042373657227
24.028589248657227
24.254663467407227
11.208520889282227
7.388207912445068
5.792016506195068
22.215845108032227
24.287622451782227
19.932641983032227
21.771997451782227
23.703393936157227
24.414575576782227
10.689722061157227
24.074243545532227
23.815698623657227
23.050561904907227
23.602807998657227
23.958520889282227
20.138452529907227
24.386255264282227
20.213891983032227
23.524194717407227
21.853784561157227
13.224390029907227
24.045679092407227
24.574731826782227
23.916040420532227
23.898218154907227
17.150903701782227
23.832056045532227
24.812036514282227
24.610864639282227
24.580102920532227
24.518091201782227
24.346704483032227
24.142847061157227
23.865991592407227
23.691186904907227
23.837915420532227
24.197046279907227
24.292505264282227
24.141626358032227
24.057153701782227
23.746850967407227
24.043481826782227
21.551050186157227
24.055688858032227
23.888696670532227
23.900415420532227
23.983667373657227
24.049829483032227
24.326684951782227
24.734155654907227
24.057641983032227
24.069604873657227
24.048608779907227
24.544946670532227
23.526147842407227
24.767602920532227
24.350610733032227
24.564477920532227
24.329126358032227
24.746606826782227
24.406030654907227
24.638452529907227
24.493921279907227
24.637720108032227
24.099390029907227
24.205591201782227
22.868432998657227
23.799829483032227
24.082300186157227
24.315942764282227
24.694360733032227
24.500268936157227
24.166528701782227
24.264429092407227
24.199243545532227
24.244409561157227
24.468042373657227
24.502222061157227
24.144800186157227
23.832300186157227
23.838647842407227
23.909692764282227
24.076440811157227
24.411890029907227
24.602807998657227
24.051050186157227
24.138208389282227
22.966577529907227
24.247095108032227
24.877466201782227
24.124780654907227
24.665796279907227
24.766626358032227
23.861841201782227
24.168237686157227
24.580347061157227
24.205591201782227
24.950952529907227
24.625268936157227
24.662378311157227
24.496850967407227
24.697534561157227
23.883081436157227
23.911401748657227
24.330835342407227
24.273218154907227
23.957788467407227
24.941186904907227
24.782495498657227
24.538599014282227
24.526147842407227
24.691919326782227
24.225366592407227
24.509790420532227
24.328393936157227
24.600366592407227
24.699731826782227
24.280786514282227
24.306665420532227
24.355005264282227
24.531763076782227
24.436792373657227
24.692163467407227
24.707056045532227
24.673120498657227
24.564477920532227
24.609888076782227
24.839624404907227
24.839380264282227
25.067163467407227
23.572534561157227
23.186548233032227
23.693384170532227
23.252710342407227
24.258813858032227
24.174097061157227
22.751733779907227
23.415063858032227
24.141870498657227
24.185083389282227
21.896265029907227
24.127954483032227
24.489526748657227
23.625024795532227
21.988794326782227
24.525659561157227
23.677270889282227
24.026880264282227
24.178979873657227
24.083520889282227
24.582544326782227
24.455102920532227
24.659936904907227
24.759057998657227
24.668725967407227
24.742212295532227
24.603052139282227
24.721460342407227
24.566431045532227
24.564477920532227
22.867456436157227
23.136499404907227
23.076196670532227
24.246606826782227
22.978540420532227
22.889917373657227
22.894800186157227
23.391626358032227
23.384302139282227
22.395288467407227
24.256128311157227
24.505884170532227
22.707788467407227
22.298608779907227
23.149194717407227
23.791040420532227
22.744409561157227
23.583032608032227
23.411890029907227
24.010034561157227
23.474390029907227
24.597925186157227
23.434839248657227
23.342309951782227
23.646997451782227
24.231714248657227
23.678247451782227
23.741968154907227
23.861841201782227
24.337427139282227
23.990991592407227
24.368677139282227
24.367212295532227
23.955591201782227
23.721948623657227
23.739770889282227
24.227563858032227
24.594507217407227
23.965112686157227
24.557886123657227
24.089136123657227
24.703882217407227
24.908472061157227
24.749292373657227
18.248559951782227
15.511255264282227
18.456079483032227
18.554712295532227
18.444604873657227
19.084497451782227
20.543725967407227
20.516382217407227
19.377710342407227
20.686792373657227
19.913110733032227
20.610376358032227
20.749292373657227
20.820337295532227
21.389184951782227
21.319604873657227
21.616724014282227
21.032007217407227
21.723413467407227
21.679468154907227
21.817651748657227
22.527368545532227
22.556177139282227
22.431909561157227
21.616235733032227
21.799097061157227
22.193628311157227
22.086450576782227
22.612085342407227
22.709009170532227
22.232446670532227
22.842798233032227
22.141138076782227
23.062768936157227
22.622339248657227
22.346216201782227
22.693628311157227
22.180200576782227
23.037622451782227
22.650415420532227
23.008813858032227
22.310571670532227
22.412622451782227
22.384546279907227
22.640161514282227
22.992700576782227
22.396753311157227
22.829858779907227
23.734399795532227
23.714380264282227
23.624292373657227
24.543725967407227
24.169946670532227
24.090112686157227
24.307886123657227
24.504663467407227
24.498804092407227
24.120874404907227
23.796167373657227
24.071557998657227
24.491235733032227
24.600610733032227
24.474145889282227
24.279565811157227
24.353540420532227
24.267114639282227
24.002954483032227
23.528345108032227
24.159448623657227
23.985376358032227
23.959985733032227
24.336206436157227
24.737573623657227
23.824487686157227
24.584009170532227
24.763696670532227
23.789331436157227
24.460962295532227
24.869653701782227
24.873804092407227
24.734888076782227
25.491968154907227
23.774438858032227
25.247339248657227
24.477075576782227
23.335718154907227
24.580347061157227
24.867944717407227
24.497583389282227
24.246362686157227
24.394556045532227
24.349390029907227
25.562768936157227
24.722192764282227
24.644067764282227
24.827417373657227
24.935083389282227
24.962915420532227
24.910913467407227
25.067895889282227
24.813257217407227
24.834497451782227
25.110864639282227
24.933130264282227
24.893335342407227
25.017358779907227
25.029321670532227
25.050806045532227
24.152124404907227
25.161645889282227
24.858179092407227
23.671899795532227
23.752954483032227
24.541284561157227
24.972436904907227
25.097192764282227
24.790796279907227
24.859643936157227
24.892847061157227
24.863794326782227
23.440698623657227
24.858423233032227
23.561548233032227
24.929956436157227
24.656763076782227
24.661890029907227
24.649194717407227
24.469995498657227
23.460718154907227
24.712182998657227
23.860132217407227
24.122827529907227
24.720239639282227
23.551050186157227
23.806421279907227
24.148218154907227
24.340112686157227
24.439477920532227
24.086694717407227
24.398706436157227
23.822046279907227
24.393579483032227
24.018823623657227
25.050317764282227
23.692163467407227
24.267847061157227
23.939233779907227
23.685327529907227
24.323511123657227
23.546899795532227
23.087671279907227
22.563257217407227
24.086206436157227
24.140161514282227
16.817651748657227
20.352563858032227
20.832056045532227
21.359155654907227
20.738306045532227
20.880151748657227
21.505151748657227
21.541284561157227
21.630395889282227
21.668237686157227
21.919946670532227
22.086206436157227
22.330835342407227
22.754175186157227
22.833032608032227
22.783960342407227
22.620874404907227
22.550073623657227
22.790063858032227
23.425561904907227
22.686304092407227
23.474145889282227
23.939966201782227
24.661157608032227
24.401636123657227
24.622583389282227
24.359399795532227
24.400903701782227
24.864770889282227
24.837182998657227
25.103052139282227
25.259302139282227
25.636987686157227
23.876001358032227
24.941675186157227
25.497095108032227
24.743677139282227
24.828638076782227
24.695093154907227
24.949487686157227
24.883813858032227
24.333276748657227
23.970972061157227
24.835718154907227
24.814233779907227
24.042993545532227
23.966333389282227
24.553491592407227
24.451929092407227
24.261987686157227
22.417261123657227
18.406518936157227
20.536157608032227
21.192651748657227
21.670923233032227
21.423852920532227
21.512964248657227
22.081567764282227
22.682397842407227
22.231958389282227
22.324731826782227
22.847681045532227
22.365015029907227
22.346460342407227
22.360132217407227
23.879907608032227
24.343530654907227
23.724878311157227
24.670434951782227
23.566186904907227
24.390649795532227
24.570337295532227
24.896020889282227
24.864038467407227
25.039331436157227
24.972436904907227
23.999536514282227
24.669946670532227
24.434839248657227
23.635034561157227
24.367456436157227
18.356470108032227
21.174341201782227
21.035181045532227
21.439966201782227
21.940942764282227
22.250513076782227
22.703393936157227
22.307886123657227
22.538110733032227
23.390161514282227
23.377466201782227
24.282007217407227
23.993677139282227
24.170679092407227
24.672143936157227
24.385522842407227
25.266870498657227
24.738306045532227
24.357934951782227
24.520288467407227
23.799097061157227
24.482446670532227
24.381616592407227
23.490747451782227
24.564722061157227
21.177515029907227
22.513452529907227
22.116724014282227
22.046899795532227
22.417993545532227
24.001733779907227
23.485864639282227
23.827417373657227
24.474390029907227
24.760522842407227
24.797388076782227
24.097681045532227
23.590112686157227
18.510034561157227
21.630884170532227
21.532739639282227
21.550561904907227
22.259302139282227
22.783227920532227
22.233179092407227
23.871850967407227
23.449243545532227
23.849145889282227
23.688745498657227
24.335962295532227
24.261743545532227
24.026391983032227
24.373804092407227
21.555688858032227
21.462182998657227
23.395776748657227
23.630151748657227
24.177270889282227
24.881616592407227
21.597681045532227
21.861108779907227
24.149682998657227
24.015405654907227
24.656518936157227
24.898218154907227
24.502222061157227
24.157251358032227
24.319604873657227
24.424829483032227
24.356714248657227
18.843530654907227
24.704614639282227
24.847925186157227
24.476099014282227
24.744653701782227
24.580835342407227
21.854272842407227
23.289087295532227
24.466577529907227
24.378931045532227
24.303735733032227
24.187280654907227
24.435815811157227
24.651880264282227
18.534204483032227
24.978540420532227
24.855981826782227
24.322534561157227
19.264429092407227
22.563989639282227
24.724634170532227
19.070825576782227
21.833276748657227
24.750268936157227
25.261011123657227
20.524927139282227
20.598413467407227
24.672632217407227
20.690454483032227
23.903345108032227
25.252222061157227
24.269556045532227
20.803979873657227
24.204370498657227
25.530542373657227
24.957544326782227
24.792261123657227
25.595972061157227
20.756372451782227
24.311792373657227
24.273950576782227
24.743677139282227
24.357934951782227
23.643823623657227
24.791528701782227
20.995386123657227
21.951196670532227
25.297143936157227
24.833276748657227
25.058618545532227
24.847436904907227
24.588647842407227
24.977319717407227
