9.876351576561311e-42
2.7726073265075684
7.343163967132568
0.3221679627895355
4.969872951507568
2.2032713890075684
8.582666397094727
8.526514053344727
6.686181545257568
17.453027725219727
6.665673732757568
16.449365615844727
17.373193740844727
18.164697647094727
18.299707412719727
15.413232803344727
18.273584365844727
18.353662490844727
18.512598037719727
15.714014053344727
19.315820693969727
18.576807022094727
12.220117568969727
14.072412490844727
13.951318740844727
18.673242568969727
18.808252334594727
16.824853897094727
17.160791397094727
19.083887100219727
19.693506240844727
19.072168350219727
17.077295303344727
18.702051162719727
18.877588272094727
19.035791397094727
19.017480850219727
19.159082412719727
19.420557022094727
19.210596084594727
19.309961318969727
19.362451553344727
5.630761623382568
12.997705459594727
1.262353539466858
6.675195217132568
9.841455459594727
15.143945693969727
17.951562881469727
9.526269912719727
18.222070693969727
18.355371475219727
17.828516006469727
18.683496475219727
10.810205459594727
19.010156631469727
15.527734756469727
19.763330459594727
19.115869522094727
19.325342178344727
10.149072647094727
15.288965225219727
5.462304592132568
12.819971084594727
8.570215225219727
18.319482803344727
18.502832412719727
18.736230850219727
12.920801162719727
19.613916397094727
19.508203506469727
19.225976943969727
8.488916397094727
14.681787490844727
7.022607326507568
11.706689834594727
18.337060928344727
18.398096084594727
11.769433975219727
19.694238662719727
18.307519912719727
19.270898818969727
13.955713272094727
16.311426162719727
14.577539443969727
18.477197647094727
18.411279678344727
18.777002334594727
19.761865615844727
18.217920303344727
15.957178115844727
10.157617568969727
18.669336318969727
20.145166397094727
19.372949600219727
17.346826553344727
18.291650772094727
19.026025772094727
18.698389053344727
12.747705459594727
13.669824600219727
18.592187881469727
19.493310928344727
19.464258193969727
11.479150772094727
16.948633193969727
14.691553115844727
19.029687881469727
18.085840225219727
19.370996475219727
14.229150772094727
18.356836318969727
16.349756240844727
19.255029678344727
18.395410537719727
17.286035537719727
18.668848037719727
11.788476943969727
19.138086318969727
14.845117568969727
19.227930068969727
18.028711318969727
19.471582412719727
19.272607803344727
19.249658584594727
18.829004287719727
19.400049209594727
18.559473037719727
18.908838272094727
19.037012100219727
19.774560928344727
13.276269912719727
19.038232803344727
18.857812881469727
18.740137100219727
18.741846084594727
15.975488662719727
19.279199600219727
19.821924209594727
18.878808975219727
19.559717178344727
19.378320693969727
19.056787490844727
19.520410537719727
19.983301162719727
19.437646865844727
19.119287490844727
18.785303115844727
18.595361709594727
18.577539443969727
18.442285537719727
18.565088272094727
18.616846084594727
18.771631240844727
19.046777725219727
19.068262100219727
18.892724990844727
18.893457412719727
18.921777725219727
19.219873428344727
19.782373428344727
19.868310928344727
1.788720726966858
2.2796874046325684
2.0301756858825684
3.9749999046325684
2.8680663108825684
4.852441310882568
8.982080459594727
5.165673732757568
9.400781631469727
7.759912014007568
2.8602538108825684
5.956201076507568
9.411035537719727
4.135400295257568
10.520898818969727
5.172265529632568
7.600244045257568
15.459375381469727
6.008935451507568
14.951318740844727
12.427392959594727
6.330468654632568
3.2738280296325684
16.403955459594727
13.999658584594727
12.662256240844727
7.928857326507568
10.295312881469727
13.397119522094727
4.537499904632568
14.539941787719727
11.212305068969727
14.041650772094727
11.012353897094727
2.3426756858825684
2.7286620140075684
1.620996117591858
6.917138576507568
7.703027248382568
2.2806639671325684
7.812402248382568
7.705224514007568
13.169824600219727
7.371972560882568
9.531641006469727
5.112939357757568
15.976709365844727
8.547754287719727
15.199121475219727
3.0694823265075684
4.835107326507568
11.149805068969727
6.357079982757568
16.383691787719727
11.098535537719727
3.7284178733825684
7.726708889007568
17.762109756469727
10.766016006469727
5.579247951507568
9.443994522094727
9.027490615844727
11.843896865844727
4.548730373382568
12.521142959594727
5.313378810882568
6.181054592132568
14.006982803344727
12.527490615844727
7.929345607757568
10.507715225219727
10.506738662719727
7.156152248382568
11.336084365844727
13.842432022094727
11.373437881469727
11.199853897094727
14.686914443969727
15.737207412719727
9.132959365844727
15.138818740844727
9.916894912719727
17.103906631469727
11.034570693969727
16.765039443969727
12.835351943969727
12.829492568969727
14.166894912719727
13.095605850219727
13.988428115844727
14.393701553344727
15.197900772094727
16.124658584594727
17.379541397094727
17.826318740844727
17.896142959594727
9.506494522094727
10.668603897094727
9.786279678344727
6.707910060882568
5.656396389007568
6.406884670257568
5.677148342132568
4.136620998382568
0.5602051019668579
0.8978515863418579
3.0414061546325684
10.652978897094727
7.440576076507568
9.481103897094727
6.975244045257568
5.952050685882568
0.9420410394668579
1.821679711341858
2.8590331077575684
1.978173851966858
4.736474514007568
10.565332412719727
10.034326553344727
2.1886229515075684
6.318994045257568
11.081933975219727
6.942529201507568
9.677392959594727
6.384423732757568
12.089746475219727
7.136620998382568
5.272607326507568
6.405419826507568
9.468164443969727
0.7838379144668579
5.406884670257568
2.6593260765075684
9.503076553344727
7.662499904632568
5.254785060882568
6.383203029632568
10.337793350219727
6.607812404632568
1.400781273841858
6.051660060882568
4.081445217132568
7.482324123382568
1.610009789466858
3.1805663108825684
7.723535060882568
7.311425685882568
2.9408202171325684
9.736719131469727
6.163720607757568
7.817285060882568
2.2774901390075684
6.825829982757568
3.6939940452575684
1.692529320716858
3.3412108421325684
3.9530272483825684
3.7450194358825684
7.345361232757568
3.8495116233825684
3.6400389671325684
4.507958889007568
4.502343654632568
7.865136623382568
4.504052639007568
7.275537014007568
5.280175685882568
5.155663967132568
5.745263576507568
6.675439357757568
6.538720607757568
6.616357326507568
6.693994045257568
6.809472560882568
7.494042873382568
7.861718654632568
9.651269912719727
11.058984756469727
10.882715225219727
12.103174209594727
11.782861709594727
14.387598037719727
11.858057022094727
7.979882717132568
9.753320693969727
13.099756240844727
10.032129287719727
12.344385147094727
13.528467178344727
11.467676162719727
8.937891006469727
11.853174209594727
12.970361709594727
14.286279678344727
15.366113662719727
17.112695693969727
15.967676162719727
15.723779678344727
17.097803115844727
18.567773818969727
18.285547256469727
16.452539443969727
16.729394912719727
17.560205459594727
10.778467178344727
8.527490615844727
13.414209365844727
12.928125381469727
13.568262100219727
13.136377334594727
10.890039443969727
16.044092178344727
16.098535537719727
17.107568740844727
16.845605850219727
16.505029678344727
17.070215225219727
10.910303115844727
12.735254287719727
13.120996475219727
12.996484756469727
16.175195693969727
11.938379287719727
11.918603897094727
14.511133193969727
14.715234756469727
17.144433975219727
12.999414443969727
11.033838272094727
14.613428115844727
14.342676162719727
12.112207412719727
17.885156631469727
14.695703506469727
15.014795303344727
12.615381240844727
14.056299209594727
14.663232803344727
13.236230850219727
18.656885147094727
14.017969131469727
14.285058975219727
16.506982803344727
15.910058975219727
15.811182022094727
16.627588272094727
18.614892959594727
16.136377334594727
16.742578506469727
17.861230850219727
16.073877334594727
16.418115615844727
17.832666397094727
17.565820693969727
16.607324600219727
12.738428115844727
12.787256240844727
14.770166397094727
15.151758193969727
15.676904678344727
15.782861709594727
15.839502334594727
15.705957412719727
15.756982803344727
15.912744522094727
16.073144912719727
16.109766006469727
16.168359756469727
16.421533584594727
16.455224990844727
16.495752334594727
16.535058975219727
16.542627334594727
17.051660537719727
16.810937881469727
16.829492568969727
9.671045303344727
8.354394912719727
5.221093654632568
14.647119522094727
17.540918350219727
13.179346084594727
12.671777725219727
17.783838272094727
16.743066787719727
8.845849990844727
16.087060928344727
16.316308975219727
13.578760147094727
17.524316787719727
16.811426162719727
12.947412490844727
17.726953506469727
12.521142959594727
14.604883193969727
13.706445693969727
10.457178115844727
18.393945693969727
16.640039443969727
16.875635147094727
17.706689834594727
11.785791397094727
18.132226943969727
15.948144912719727
18.069971084594727
17.181543350219727
18.972070693969727
18.387109756469727
18.826318740844727
18.352441787719727
17.970361709594727
17.669580459594727
17.441308975219727
17.284082412719727
16.639795303344727
14.485742568969727
13.872705459594727
17.385889053344727
13.352930068969727
14.751611709594727
16.791894912719727
13.595117568969727
16.943017959594727
17.343164443969727
14.184961318969727
15.969629287719727
17.220361709594727
17.550439834594727
16.958154678344727
18.183496475219727
18.299219131469727
16.940088272094727
17.193994522094727
17.315820693969727
17.782617568969727
17.645898818969727
17.158594131469727
17.688135147094727
17.662500381469727
17.656641006469727
14.658594131469727
16.908594131469727
13.087060928344727
17.190332412719727
14.172998428344727
14.479394912719727
16.155420303344727
17.313379287719727
17.795068740844727
18.273828506469727
17.435937881469727
17.678613662719727
17.681055068969727
17.651269912719727
16.668603897094727
16.655908584594727
17.107324600219727
16.848535537719727
17.790185928344727
17.639551162719727
17.603662490844727
16.551172256469727
16.550928115844727
14.028467178344727
17.774560928344727
18.235742568969727
17.747461318969727
17.693262100219727
17.659814834594727
16.656641006469727
14.845361709594727
14.773584365844727
17.399072647094727
17.977930068969727
17.656885147094727
16.498437881469727
15.783838272094727
16.686670303344727
17.771142959594727
16.829980850219727
17.594385147094727
16.813135147094727
16.513086318969727
17.195947647094727
17.680322647094727
17.473779678344727
16.830224990844727
17.809228897094727
17.540918350219727
16.994043350219727
17.567529678344727
17.504541397094727
17.705713272094727
17.692041397094727
17.673730850219727
17.727685928344727
17.663965225219727
17.292139053344727
17.368066787719727
17.443994522094727
17.387109756469727
17.551416397094727
17.684473037719727
17.695703506469727
17.878564834594727
18.098047256469727
17.092920303344727
17.091699600219727
17.298242568969727
18.446924209594727
17.486963272094727
17.784570693969727
19.184961318969727
18.741113662719727
19.184473037719727
19.081933975219727
17.415674209594727
18.048242568969727
17.820947647094727
19.072168350219727
17.720117568969727
18.297266006469727
19.783838272094727
17.335840225219727
19.875391006469727
18.848291397094727
19.365869522094727
19.514062881469727
19.312158584594727
17.915674209594727
18.585840225219727
18.136133193969727
18.548486709594727
18.855859756469727
19.131738662719727
19.110254287719727
18.227685928344727
19.492578506469727
18.822900772094727
18.972070693969727
18.237695693969727
18.286767959594727
18.945703506469727
18.629053115844727
19.184473037719727
18.609521865844727
19.374170303344727
19.587305068969727
19.319726943969727
19.302392959594727
19.131982803344727
19.613183975219727
19.073144912719727
18.604883193969727
19.068262100219727
19.337793350219727
19.255762100219727
19.514551162719727
18.673974990844727
19.227197647094727
18.617090225219727
18.922998428344727
19.420557022094727
19.324609756469727
18.891992568969727
19.409082412719727
19.348779678344727
18.947168350219727
19.423242568969727
19.110254287719727
19.618555068969727
19.657373428344727
19.292383193969727
18.927881240844727
18.961572647094727
19.331689834594727
19.317285537719727
19.437891006469727
19.592432022094727
19.465967178344727
9.082422256469727
6.873681545257568
9.124170303344727
9.203760147094727
9.135889053344727
9.001855850219727
12.114160537719727
9.967920303344727
10.337060928344727
12.919824600219727
11.987451553344727
14.430322647094727
14.147363662719727
14.334131240844727
14.805078506469727
14.440820693969727
14.983301162719727
14.658105850219727
15.199121475219727
15.541650772094727
15.413232803344727
15.969873428344727
15.563379287719727
15.241357803344727
14.948144912719727
15.191308975219727
15.668603897094727
15.219873428344727
16.410547256469727
17.336572647094727
15.889307022094727
17.621973037719727
15.719141006469727
17.068506240844727
16.658838272094727
16.643945693969727
16.872705459594727
15.895898818969727
17.085107803344727
16.781396865844727
17.039941787719727
16.136377334594727
16.329248428344727
16.246484756469727
16.088037490844727
17.007471084594727
16.197656631469727
16.672998428344727
16.433740615844727
17.769678115844727
17.576074600219727
18.062402725219727
18.706689834594727
16.615625381469727
18.085351943969727
18.387353897094727
18.890771865844727
18.303125381469727
18.011377334594727
17.988183975219727
18.032373428344727
18.737207412719727
18.805322647094727
18.131982803344727
17.217676162719727
17.856836318969727
17.495752334594727
19.451074600219727
18.504541397094727
18.029199600219727
17.176172256469727
19.024316787719727
18.687402725219727
17.102685928344727
17.588769912719727
18.366846084594727
17.275293350219727
17.719873428344727
19.152246475219727
18.764307022094727
18.661767959594727
18.386621475219727
17.291650772094727
18.498926162719727
19.418603897094727
18.776025772094727
17.648584365844727
19.472070693969727
19.276758193969727
19.147119522094727
18.258935928344727
17.514795303344727
18.041650772094727
17.345849990844727
19.079004287719727
17.400293350219727
18.741601943969727
18.336084365844727
17.580469131469727
18.741846084594727
19.003808975219727
17.482812881469727
18.231592178344727
17.880517959594727
19.223535537719727
18.226953506469727
18.448877334594727
18.483789443969727
19.758203506469727
18.565088272094727
17.720117568969727
20.066797256469727
19.557031631469727
18.152246475219727
19.228174209594727
18.210351943969727
18.613183975219727
18.779443740844727
18.509668350219727
18.886377334594727
19.566797256469727
18.730859756469727
19.779199600219727
19.360742568969727
18.809228897094727
18.403223037719727
18.847558975219727
18.955469131469727
19.741846084594727
19.731836318969727
19.484033584594727
19.485498428344727
18.617822647094727
19.918115615844727
19.854639053344727
20.840967178344727
20.035791397094727
20.098779678344727
20.958887100219727
19.986719131469727
19.745019912719727
20.464746475219727
20.014551162719727
19.627344131469727
19.782373428344727
20.333398818969727
19.810937881469727
19.971338272094727
20.673974990844727
20.002099990844727
19.950342178344727
20.372949600219727
20.993555068969727
21.092920303344727
7.755029201507568
13.155664443969727
11.221826553344727
13.998193740844727
14.119775772094727
14.174951553344727
14.403955459594727
15.287988662719727
15.311426162719727
15.386133193969727
15.462549209594727
15.117822647094727
15.701562881469727
16.921289443969727
17.144922256469727
16.822412490844727
16.930078506469727
16.522851943969727
16.404687881469727
17.277734756469727
16.112451553344727
17.393701553344727
18.396387100219727
18.460351943969727
18.642724990844727
18.511865615844727
19.360742568969727
18.171289443969727
18.745019912719727
19.559961318969727
18.586816787719727
19.263330459594727
18.185937881469727
17.389062881469727
18.389551162719727
18.105371475219727
17.762842178344727
19.183740615844727
18.647119522094727
19.242090225219727
19.572168350219727
18.726465225219727
19.233789443969727
20.129053115844727
19.455713272094727
20.073144912719727
19.786767959594727
20.261621475219727
20.362695693969727
20.675439834594727
20.204004287719727
8.269678115844727
13.731103897094727
14.230127334594727
14.821435928344727
15.263574600219727
15.097070693969727
15.508203506469727
15.910058975219727
15.544824600219727
15.269922256469727
16.600244522094727
16.825098037719727
16.357568740844727
16.267724990844727
18.085596084594727
18.730859756469727
17.585351943969727
18.998193740844727
17.193506240844727
18.257471084594727
17.276758193969727
18.701562881469727
19.177881240844727
18.436914443969727
18.099267959594727
19.047021865844727
19.273828506469727
20.526025772094727
20.742578506469727
20.751611709594727
9.528467178344727
15.001367568969727
12.684473037719727
14.295312881469727
15.277490615844727
15.606592178344727
16.158105850219727
16.131006240844727
16.316797256469727
17.341211318969727
16.632959365844727
18.571191787719727
17.565332412719727
17.012109756469727
19.229150772094727
18.344141006469727
18.415430068969727
17.943262100219727
19.019922256469727
18.693262100219727
20.197168350219727
20.593896865844727
20.481103897094727
19.761621475219727
20.509180068969727
14.262353897094727
15.511133193969727
15.374902725219727
16.508447647094727
15.929834365844727
18.145410537719727
17.057764053344727
17.135889053344727
18.873437881469727
18.690088272094727
17.465967178344727
20.601465225219727
19.765527725219727
9.019922256469727
14.456689834594727
14.430078506469727
15.088037490844727
15.459131240844727
16.337793350219727
16.191553115844727
17.800195693969727
16.751611709594727
17.782129287719727
18.857080459594727
17.142969131469727
19.491846084594727
19.874170303344727
20.479394912719727
14.598291397094727
14.706689834594727
16.782617568969727
17.412988662719727
17.273584365844727
18.272851943969727
14.620019912719727
14.970361709594727
18.170068740844727
17.901758193969727
17.338769912719727
18.300683975219727
18.856103897094727
19.495019912719727
20.585107803344727
20.302881240844727
20.570947647094727
8.905908584594727
19.130517959594727
17.514062881469727
18.788721084594727
20.058496475219727
20.322900772094727
15.120264053344727
16.551904678344727
18.395166397094727
18.100732803344727
18.878808975219727
19.374902725219727
20.356592178344727
20.456689834594727
8.519189834594727
17.561670303344727
18.437158584594727
19.000879287719727
8.011621475219727
15.858301162719727
19.311426162719727
8.627344131469727
15.197900772094727
18.489892959594727
18.486719131469727
9.349267959594727
10.580224990844727
20.239404678344727
11.439599990844727
16.650781631469727
18.790674209594727
17.010156631469727
12.438867568969727
16.877344131469727
18.366357803344727
18.681543350219727
17.821680068969727
17.942773818969727
13.704248428344727
17.311426162719727
18.442285537719727
19.796533584594727
17.811426162719727
18.368066787719727
20.453027725219727
13.484521865844727
15.108301162719727
18.232812881469727
18.084863662719727
18.259668350219727
18.411767959594727
17.958642959594727
19.108545303344727
