9.876351576561311e-42
5.150979518890381
10.389993667602539
2.884866237640381
7.507424831390381
4.711038112640381
11.014261245727539
10.379739761352539
8.808938980102539
21.70908546447754
10.401224136352539
20.32944679260254
21.00669288635254
23.36216163635254
22.74424171447754
18.98472023010254
24.71470069885254
22.62656593322754
24.43515968322754
19.31186866760254
24.54306983947754
24.51181983947754
15.094583511352539
17.54306983947754
17.17051124572754
24.66196632385254
24.49155616760254
20.36509132385254
20.99375343322754
24.43052101135254
23.46030616760254
24.23960304260254
20.75644874572754
24.14902687072754
21.98008155822754
22.46274757385254
22.44687843322754
22.56015968322754
24.07358741760254
22.46982765197754
22.85776710510254
22.65879249572754
8.309183120727539
17.61802101135254
3.798196315765381
9.404397964477539
13.027200698852539
19.11777687072754
23.05088233947754
13.853372573852539
22.17392921447754
24.13144874572754
22.35508155822754
24.54087257385254
14.076028823852539
24.55967140197754
19.04404640197754
23.82187843322754
24.28745460510254
22.92197608947754
13.577737808227539
20.47788429260254
7.064309597015381
16.83603858947754
12.144632339477539
24.17612648010254
24.38901710510254
23.55503273010254
16.20762062072754
23.69858741760254
23.58774757385254
22.91538429260254
11.467386245727539
18.72495460510254
9.039407730102539
14.521097183227539
24.15415382385254
24.49570655822754
14.872903823852539
23.98618507385254
21.73252296447754
23.11264991760254
17.65732765197754
20.51865577697754
18.24546241760254
24.34629249572754
24.80307960510254
24.48325538635254
23.97861671447754
21.76645851135254
19.87461280822754
12.449808120727539
24.73887062072754
24.33408546447754
23.23056983947754
21.34800148010254
24.84507179260254
24.22202491760254
22.04795265197754
16.46445655822754
16.89438819885254
24.69931983947754
23.32163429260254
23.21689796447754
15.063821792602539
20.92734718322754
18.10288429260254
24.28550148010254
21.55332374572754
23.65659523010254
18.10239601135254
22.43955421447754
19.91880226135254
23.80088233947754
22.59873390197754
20.85386085510254
22.05796241760254
14.520120620727539
22.54453468322754
18.07016944885254
23.99912452697754
21.50205421447754
23.81992530822754
23.10801124572754
23.87681007385254
24.00034523010254
23.92319679260254
24.04136085510254
24.07676124572754
24.02475929260254
24.27329444885254
16.29526710510254
24.43271827697754
24.46860694885254
24.48935890197754
24.54697608947754
19.62583351135254
23.70322608947754
23.85215187072754
22.89756202697754
23.98203468322754
23.62314796447754
23.58921241760254
23.84116554260254
24.09311866760254
24.26230812072754
24.27939796447754
24.27353858947754
24.48447608947754
24.26304054260254
24.25766944885254
24.33847999572754
24.53867530822754
24.60483741760254
24.12998390197754
23.90293312072754
23.94858741760254
23.71958351135254
23.87461280822754
24.09751319885254
23.89975929260254
23.91318702697754
3.727395534515381
4.443948268890381
6.143167018890381
7.596780300140381
6.809426784515381
10.128763198852539
12.763772964477539
10.064554214477539
14.586526870727539
13.114358901977539
6.254006862640381
9.834817886352539
14.615823745727539
7.904153347015381
16.17075538635254
9.321634292602539
12.124124526977539
20.97324562072754
9.068216323852539
20.52744483947754
17.76035499572754
9.374124526977539
5.872415065765381
21.31748390197754
18.95176124572754
17.38999366760254
11.655374526977539
14.522562026977539
17.80430030822754
7.202249050140381
19.22788429260254
15.543802261352539
18.76865577697754
15.450540542602539
4.980569362640381
6.005471706390381
5.773538112640381
11.446390151977539
13.248636245727539
5.777688503265381
12.508401870727539
12.167337417602539
19.18369483947754
11.998880386352539
14.674417495727539
8.299417495727539
21.33921241760254
12.579202651977539
20.67954444885254
6.585061550140381
8.347757339477539
16.63681983947754
10.211771011352539
21.49839210510254
15.924661636352539
6.880471706390381
11.661233901977539
22.33164405822754
15.783792495727539
10.816263198852539
14.254007339477539
13.283304214477539
17.68515968322754
8.752298355102539
18.35801124572754
10.684671401977539
10.627786636352539
19.85605812072754
17.10947608947754
13.488138198852539
16.32920265197754
16.25693702697754
12.216409683227539
17.69907569885254
18.67563819885254
17.53403663635254
16.56723976135254
19.73276710510254
20.65097999572754
14.361185073852539
19.93955421447754
15.392923355102539
21.88535499572754
16.83188819885254
21.46445655822754
19.08555030822754
18.71689796447754
20.03769874572754
19.11338233947754
19.78281593322754
20.21103858947754
20.80991554260254
21.27817726135254
21.86850929260254
22.07480812072754
22.52793312072754
20.22568702697754
20.48105812072754
19.47690773010254
14.648782730102539
12.386575698852539
12.925638198852539
10.812845230102539
8.307718276977539
3.180764675140381
3.465188503265381
6.265237331390381
20.09214210510254
16.89512062072754
19.23960304260254
14.861917495727539
11.462991714477539
3.881448268890381
4.951516628265381
5.824563503265381
2.507668972015381
8.737649917602539
17.70298194885254
16.81235694885254
3.241067409515381
10.241800308227539
17.65146827697754
10.376321792602539
19.83115577697754
14.323587417602539
20.80161476135254
15.038675308227539
10.311868667602539
12.511331558227539
19.39097023010254
4.078713893890381
10.519876480102539
3.212258815765381
15.921731948852539
12.291849136352539
8.399271011352539
14.196634292602539
20.04380226135254
13.974466323852539
4.014749050140381
10.554788589477539
7.367288112640381
16.15439796447754
4.490823268890381
5.905862331390381
16.30967140197754
12.362405776977539
4.262551784515381
19.31797218322754
11.829202651977539
16.54062843322754
5.099954128265381
14.092630386352539
5.283547878265381
4.356545925140381
3.917092800140381
6.998879909515381
7.655862331390381
15.264749526977539
7.928079128265381
7.375588893890381
9.151224136352539
8.793313980102539
16.43686866760254
8.974466323852539
16.03769874572754
10.237894058227539
9.952737808227539
11.095804214477539
13.685403823852539
13.284036636352539
14.462503433227539
15.641458511352539
15.437601089477539
16.86557960510254
16.79648780822754
19.59580421447754
20.27695655822754
20.19272804260254
20.85923194885254
20.82871437072754
21.73691749572754
20.90244483947754
17.11875343322754
19.15513038635254
21.40537452697754
19.07920265197754
21.28794288635254
22.45420265197754
18.34238624572754
14.253763198852539
19.03354835510254
21.94321632385254
23.10410499572754
23.23569679260254
23.82456398010254
23.54380226135254
23.70713233947754
24.36362648010254
23.78940773010254
23.91074562072754
24.19785499572754
24.16782569885254
23.91025733947754
20.08164405822754
17.34678077697754
21.59458351135254
20.10630226135254
22.61387062072754
21.19199562072754
16.64756202697754
23.67026710510254
23.69321632385254
24.09678077697754
24.39682960510254
24.15293312072754
23.71665382385254
20.07847023010254
19.63389015197754
20.57920265197754
18.91782569885254
24.04795265197754
20.98105812072754
20.43589210510254
21.88389015197754
21.41196632385254
22.71665382385254
22.02060890197754
18.62021827697754
21.64780616760254
22.39414405822754
19.81943702697754
23.96958351135254
22.70395851135254
22.98545265197754
21.34531593322754
22.86094093322754
23.19346046447754
22.32627296447754
24.11484718322754
22.99814796447754
22.27695655822754
23.76181983947754
23.69199562072754
23.70151710510254
24.03647804260254
23.94883155822754
23.85972023010254
24.30527687072754
24.02280616760254
23.87265968322754
24.03574562072754
24.07651710510254
24.15390968322754
24.32163429260254
21.12046241760254
21.21787452697754
21.98887062072754
22.24033546447754
22.67563819885254
22.87168312072754
23.06089210510254
23.01230812072754
23.21836280822754
23.24839210510254
23.59604835510254
23.85972023010254
23.85166358947754
24.01181983947754
24.01694679260254
24.08384132385254
24.32627296447754
24.37021827697754
24.14023780822754
24.00034523010254
23.86924171447754
14.559915542602539
12.274026870727539
9.188089370727539
20.20786476135254
22.99643898010254
19.04087257385254
19.10556983947754
23.17075538635254
24.07139015197754
12.792581558227539
21.67392921447754
22.15513038635254
20.16001319885254
23.37998390197754
24.33139991760254
18.22056007385254
22.95591163635254
18.95176124572754
20.32041358947754
20.20444679260254
14.796731948852539
23.14097023010254
22.34189796447754
22.44736671447754
22.87851905822754
16.97348976135254
23.18735694885254
21.58970069885254
22.97739601135254
22.34922218322754
23.23496437072754
23.09311866760254
23.34971046447754
23.47300148010254
23.45005226135254
23.66196632385254
24.08408546447754
24.55967140197754
24.25742530822754
21.21421241760254
19.71714210510254
22.84336280822754
19.06968116760254
20.90879249572754
24.27890968322754
19.36924171447754
24.24253273010254
23.79038429260254
20.84263038635254
23.27817726135254
24.11582374572754
22.70810890197754
24.48569679260254
23.30942726135254
22.68979835510254
24.10483741760254
24.22471046447754
24.34263038635254
24.74546241760254
24.08970069885254
24.10556983947754
24.61606788635254
24.61191749572754
23.78110694885254
20.67832374572754
24.20029640197754
18.75644874572754
23.03867530822754
20.13926124572754
21.33384132385254
23.47153663635254
23.89145851135254
24.81479835510254
23.08994483947754
24.47056007385254
24.71640968322754
24.41684913635254
24.36802101135254
22.28843116760254
24.30698585510254
23.43955421447754
24.33262062072754
24.77964210510254
24.12436866760254
24.21640968322754
24.28379249572754
22.47495460510254
19.73594093322754
24.71128273010254
23.57163429260254
24.66977882385254
24.17051124572754
23.95005226135254
24.27402687072754
21.01059913635254
21.82480812072754
24.47348976135254
24.28745460510254
24.07920265197754
23.04306983947754
23.08506202697754
23.98472023010254
24.74253273010254
24.33188819885254
24.43418312072754
24.49790382385254
22.97153663635254
24.21518898010254
23.80234718322754
24.34873390197754
24.36875343322754
23.48105812072754
24.76133155822754
24.23691749572754
24.59751319885254
24.03574562072754
24.44516944885254
24.58066749572754
24.21689796447754
24.39170265197754
24.31577491760254
24.68174171447754
24.46103858947754
24.24057960510254
23.82920265197754
23.83506202697754
23.63633155822754
23.53574562072754
23.44077491760254
23.41880226135254
23.13120460510254
23.05600929260254
23.23667335510254
23.18174171447754
23.28916358947754
23.53476905822754
23.22104835510254
23.17173194885254
23.18247413635254
22.55649757385254
21.18369483947754
23.26474952697754
23.43369483947754
22.63828468322754
21.56528663635254
23.12217140197754
23.34824562072754
23.27231788635254
23.19053077697754
22.44175148010254
23.06675148010254
22.77793312072754
22.83750343322754
23.32261085510254
23.01719093322754
23.23716163635254
23.36460304260254
22.94370460510254
23.68174171447754
22.89707374572754
21.97348976135254
23.50547218322754
23.45639991760254
22.92661476135254
22.03354835510254
21.90146827697754
23.38193702697754
22.11606788635254
23.62143898010254
21.83091163635254
22.74497413635254
24.11826515197754
22.22886085510254
22.14243507385254
21.99643898010254
22.60898780822754
21.97056007385254
22.47983741760254
23.30796241760254
23.67002296447754
22.24302101135254
22.88071632385254
22.22837257385254
23.22886085510254
22.29819679260254
22.46347999572754
22.58506202697754
22.19712257385254
22.56650733947754
22.85923194885254
22.47519874572754
22.69492530822754
23.20688819885254
22.90415382385254
23.63779640197754
23.42075538635254
23.07261085510254
22.72446632385254
22.95224952697754
23.03061866760254
23.36411476135254
23.53306007385254
23.26035499572754
24.05552101135254
20.11435890197754
14.659280776977539
19.03745460510254
19.67930030822754
20.17124366760254
20.26597023010254
20.70151710510254
20.44785499572754
20.52720069885254
20.95420265197754
20.85776710510254
21.64438819885254
21.43491554260254
21.47959327697754
21.64121437072754
21.53769874572754
21.86680030822754
21.71396827697754
22.06968116760254
22.29648780822754
22.27231788635254
22.44468116760254
21.96909523010254
21.61167335510254
21.65000343322754
22.48569679260254
22.58310890197754
21.70224952697754
22.56772804260254
22.98545265197754
21.68271827697754
23.05649757385254
21.89658546447754
22.82554054260254
22.29844093322754
22.60264015197754
22.64243507385254
23.00669288635254
22.98349952697754
22.96225929260254
22.85434913635254
23.13633155822754
23.08139991760254
23.80747413635254
23.64927101135254
23.25132179260254
23.71592140197754
23.37119483947754
24.27353858947754
23.78208351135254
24.20566749572754
23.41929054260254
23.96811866760254
24.17099952697754
23.63389015197754
23.68027687072754
24.11582374572754
24.23227882385254
24.10703468322754
23.95884132385254
23.73056983947754
24.14414405822754
24.14438819885254
24.15659523010254
23.94321632385254
23.62851905822754
23.68564796447754
23.73374366760254
23.80820655822754
23.43564796447754
24.29892921447754
24.17148780822754
24.25034523010254
24.47324562072754
23.79477882385254
23.42319679260254
24.35361671447754
23.75132179260254
24.17759132385254
23.69248390197754
23.62803077697754
23.55137062072754
24.25718116760254
23.66977882385254
23.92588233947754
23.56992530822754
23.83042335510254
23.99521827697754
23.80625343322754
23.67270851135254
23.62998390197754
23.91391944885254
23.68052101135254
23.75034523010254
23.93906593322754
23.85556983947754
23.74546241760254
23.80869483947754
23.73569679260254
23.79795265197754
23.99936866760254
23.66538429260254
23.82749366760254
23.76792335510254
23.86509132385254
23.79111671447754
23.79722023010254
23.74497413635254
23.00229835510254
23.70859718322754
23.58896827697754
23.32895851135254
23.43003273010254
23.25864601135254
23.79429054260254
23.84214210510254
23.77695655822754
23.86264991760254
23.79014015197754
23.76889991760254
23.39927101135254
23.79331398010254
23.27720069885254
23.72837257385254
23.73813819885254
23.19199562072754
23.62973976135254
23.48667335510254
23.33994483947754
23.59800148010254
23.29673194885254
23.72080421447754
23.24448585510254
23.32895851135254
23.51792335510254
23.38779640197754
23.52109718322754
23.58799171447754
23.33042335510254
23.38804054260254
23.37827491760254
23.55747413635254
23.29404640197754
23.32187843322754
23.25205421447754
23.42392921447754
23.26865577697754
23.07480812072754
23.41367530822754
23.13779640197754
23.09946632385254
22.97129249572754
23.34360694885254
23.53965187072754
16.56406593322754
21.05259132385254
20.71006202697754
21.50669288635254
21.53110694885254
21.33847999572754
21.60898780822754
22.07602882385254
22.21982765197754
22.07407569885254
22.52793312072754
22.01963233947754
22.78989601135254
22.70664405822754
22.77573585510254
22.54624366760254
22.42588233947754
23.06919288635254
23.47300148010254
23.20102882385254
23.97495460510254
23.87632179260254
24.00937843322754
23.55600929260254
24.18662452697754
23.73862648010254
24.09287452697754
23.42783546447754
24.30942726135254
24.04575538635254
23.46567726135254
24.03916358947754
23.63779640197754
23.97617530822754
23.62192726135254
23.70688819885254
23.72519874572754
23.67856788635254
23.68882179260254
23.92319679260254
23.88047218322754
23.68784523010254
23.51426124572754
23.63559913635254
23.68345069885254
23.45127296447754
23.50986671447754
23.58750343322754
23.57261085510254
23.33017921447754
22.93613624572754
17.12827491760254
21.31699562072754
21.54355812072754
21.69419288635254
22.05722999572754
21.85947608947754
22.67148780822754
22.07334327697754
22.81162452697754
22.13096046447754
22.34043312072754
21.99350929260254
22.77964210510254
23.30259132385254
24.05112648010254
24.12656593322754
24.10141944885254
23.82798194885254
24.53769874572754
23.50937843322754
23.75571632385254
23.51792335510254
24.05014991760254
23.81919288635254
23.34140968322754
23.53110694885254
23.75498390197754
23.53843116760254
23.18149757385254
23.46665382385254
19.82871437072754
21.78696632385254
21.01889991760254
21.31308937072754
22.54111671447754
22.96421241760254
21.97666358947754
22.84043312072754
23.50058937072754
23.13144874572754
24.31894874572754
24.13730812072754
23.98569679260254
24.45322608947754
23.77329444885254
23.59116554260254
23.86582374572754
23.71128273010254
23.81992530822754
23.71958351135254
23.11191749572754
23.36387062072754
23.57114601135254
23.25303077697754
23.58970069885254
21.42832374572754
21.69443702697754
22.56040382385254
22.24204444885254
22.60239601135254
23.68760108947754
24.05698585510254
24.17930030822754
24.14463233947754
23.68027687072754
23.73276710510254
23.26377296447754
23.38926124572754
19.29282569885254
21.33872413635254
21.47397804260254
22.13974952697754
22.63511085510254
22.22568702697754
22.49057960510254
23.61875343322754
24.21494483947754
24.19223976135254
23.55381202697754
24.24692726135254
23.47324562072754
23.40708351135254
23.28843116760254
21.51987648010254
21.84165382385254
24.14780616760254
24.37119483947754
24.04111671447754
23.60801124572754
21.36557960510254
21.92514991760254
23.81406593322754
24.31333351135254
23.80576515197754
23.62412452697754
23.96201515197754
23.62876319885254
23.42710304260254
23.50791358947754
23.50571632385254
19.82016944885254
23.99619483947754
23.75278663635254
23.76401710510254
23.48862648010254
23.56919288635254
21.77378273010254
24.19028663635254
23.81162452697754
23.92759132385254
23.87265968322754
23.78428077697754
23.59140968322754
23.46177101135254
20.08188819885254
23.77280616760254
23.62900733947754
23.91709327697754
20.07773780822754
21.83847999572754
23.87388038635254
20.21543312072754
21.84751319885254
23.63315773010254
23.63413429260254
20.32700538635254
20.39438819885254
23.51011085510254
20.58970069885254
24.21396827697754
23.68540382385254
24.01328468322754
20.84653663635254
24.01377296447754
23.70395851135254
23.57285499572754
23.74643898010254
23.72300148010254
21.22178077697754
23.84482765197754
23.51133155822754
23.31284523010254
23.65854835510254
23.51841163635254
23.49765968322754
21.12388038635254
21.60508155822754
23.64731788635254
23.75132179260254
23.76987648010254
23.80942726135254
23.60996437072754
24.15220069885254
