9.876351576561311e-42
3.950540065765381
9.588846206665039
1.0029083490371704
5.162820339202881
0.5191437005996704
9.245096206665039
10.849588394165039
5.531228542327881
20.59397315979004
5.630105495452881
20.01096534729004
20.50657081604004
21.35837745666504
21.10984230041504
19.10666847229004
23.31296730041504
21.43564796447754
23.44895362854004
19.20578956604004
23.15781593322754
23.57383155822754
13.818460464477539
16.54795265197754
15.825418472290039
23.78843116760254
23.86875343322754
20.68113136291504
21.27439308166504
23.72971534729004
22.16086769104004
23.95652198791504
20.03598976135254
23.18308448791504
21.87424659729004
21.83896827697754
21.75950050354004
21.77866554260254
23.60312843322754
21.97361183166504
21.78379249572754
22.13596534729004
7.450784206390381
16.64475440979004
0.461892694234848
8.610818862915039
12.398904800415039
19.44895362854004
21.27927589416504
11.327737808227539
21.11509132385254
22.47300148010254
20.92795753479004
23.85569190979004
12.511453628540039
23.43186378479004
18.57187843322754
22.53721046447754
23.68784523010254
21.71152687072754
13.214456558227539
19.06174659729004
6.522561550140381
17.00486183166504
8.578714370727539
22.41611671447754
23.40342140197754
21.45578956604004
14.960550308227539
22.43808937072754
22.23557472229004
21.96665382385254
11.445657730102539
17.60825538635254
7.073586940765381
15.810281753540039
22.52695655822754
23.18723487854004
13.786966323852539
22.57273292541504
21.82920265197754
21.96897315979004
17.31528663635254
19.65854835510254
19.22910499572754
23.45176124572754
23.66184425354004
23.89109230041504
22.55625343322754
21.97141456604004
19.72275733947754
13.678812026977539
23.78879737854004
22.75937843322754
21.99582862854004
20.86411476135254
23.66037940979004
23.89585304260254
21.95371437072754
16.65793800354004
16.51633644104004
23.71396827697754
21.99375343322754
21.78049659729004
15.344583511352539
20.58823585510254
17.80625343322754
23.80979347229004
21.70469093322754
22.45176124572754
18.77317237854004
21.37851905822754
20.02781105041504
22.92612648010254
21.40183448791504
20.80613136291504
21.80954933166504
15.813821792602539
21.71604347229004
18.84568214416504
22.76560401916504
21.49729347229004
22.71555519104004
22.16160011291504
22.80881690979004
22.59409523010254
22.73581886291504
22.50278663635254
23.74949073791504
22.87046241760254
22.88096046447754
17.73081398010254
23.37034034729004
23.43100929260254
23.43064308166504
23.65171241760254
20.10886573791504
21.97983741760254
22.36411476135254
21.84739112854004
22.86753273010254
22.38523292541504
22.05686378479004
22.37034034729004
22.59580421447754
22.98594093322754
23.21872901916504
23.39817237854004
23.70224952697754
23.46579933166504
23.35532569885254
23.73081398010254
23.86692237854004
23.57407569885254
23.75925636291504
23.87339210510254
23.82285499572754
23.78537940979004
23.74985694885254
23.72580909729004
23.61728858947754
23.72129249572754
6.609597682952881
7.606545925140381
5.785012722015381
6.618020534515381
6.438333034515381
8.372781753540039
12.079080581665039
9.474222183227539
12.555521011352539
13.100809097290039
4.450906276702881
9.108743667602539
14.211282730102539
4.356667995452881
15.760232925415039
6.412820339202881
12.192850112915039
19.38266944885254
9.627664566040039
18.99912452697754
17.79136085510254
10.361673355102539
1.9600616693496704
19.67417335510254
17.14682960510254
15.769021987915039
11.653177261352539
14.622171401977539
16.20359230041504
5.404885768890381
17.21921730041504
15.648782730102539
16.95078468322754
15.318338394165039
7.295754909515381
7.322854518890381
5.745461940765381
9.171487808227539
11.050149917602539
5.255959987640381
11.925882339477539
11.842874526977539
18.08408546447754
10.336893081665039
15.030008316040039
7.975442409515381
19.66477394104004
13.661844253540039
19.92234230041504
7.969705104827881
8.632181167602539
16.89194679260254
9.491678237915039
19.95237159729004
15.284402847290039
8.246927261352539
12.315286636352539
20.78183937072754
15.960672378540039
10.552835464477539
14.817728042602539
13.505228042602539
16.13669776916504
8.720438003540039
17.66953468322754
9.655740737915039
10.396707534790039
18.90281105041504
16.72690773010254
11.867288589477539
14.613992691040039
14.746072769165039
11.906839370727539
17.63633155822754
17.67832374572754
17.34433937072754
16.94455909729004
17.89267921447754
18.47080421447754
13.997049331665039
17.68381690979004
15.237161636352539
20.11655616760254
16.64243507385254
19.84128761291504
17.47019386291504
18.58176612854004
19.59202003479004
18.24582862854004
18.36741065979004
18.83432960510254
19.59922218322754
20.06711769104004
20.38608741760254
20.50864601135254
20.64988136291504
18.13681983947754
18.49314308166504
17.50779151916504
12.586038589477539
11.168802261352539
11.582864761352539
10.817728042602539
9.863138198852539
5.058084011077881
5.720559597015381
7.484475612640381
17.60874366760254
14.131326675415039
15.618387222290039
13.745584487915039
12.264627456665039
5.841287136077881
6.787454128265381
8.127298355102539
6.932717800140381
10.326639175415039
14.807718276977539
14.393899917602539
7.813333034515381
9.009744644165039
14.751565933227539
9.760599136352539
17.64609718322754
12.520120620727539
18.93503761291504
12.855813980102539
11.165262222290039
12.315652847290039
16.58823585510254
5.726663112640381
11.925882339477539
8.683816909790039
13.700174331665039
9.557107925415039
9.281839370727539
12.614114761352539
18.06601905822754
12.796121597290039
5.973611354827881
10.656961441040039
8.421487808227539
14.427713394165039
6.442727565765381
7.804299831390381
14.454813003540039
11.337747573852539
9.292825698852539
17.17966651916504
12.568216323852539
14.495462417602539
7.643533229827881
13.606424331665039
9.823709487915039
6.814553737640381
9.725076675415039
10.225076675415039
10.081766128540039
13.818704605102539
10.338602066040039
8.751199722290039
11.226785659790039
9.794778823852539
14.077981948852539
10.970682144165039
13.999002456665039
11.611307144165039
10.816995620727539
11.792459487915039
13.583230972290039
12.973245620727539
13.256937026977539
13.639871597290039
13.516580581665039
14.452127456665039
14.580911636352539
17.78904151916504
18.53440284729004
18.23887062072754
19.55002784729004
19.53257179260254
21.80259132385254
19.06894874572754
13.953470230102539
14.839700698852539
20.56516456604004
15.341287612915039
18.95359230041504
20.92417335510254
15.991067886352539
10.847757339477539
16.81028175354004
20.03562355041504
21.71958351135254
21.95127296447754
22.09763526916504
21.33030128479004
22.29514503479004
22.48191261291504
22.19236183166504
22.35178565979004
21.98069190979004
22.37986183166504
22.31101417541504
16.99802589416504
14.339822769165039
20.50156593322754
18.52231788635254
20.96702003479004
19.71567726135254
14.221292495727539
22.32029151916504
21.24180030822754
22.34226417541504
22.30356788635254
22.18052101135254
22.30039405822754
17.02573585510254
17.48227882385254
19.16196632385254
18.07773780822754
21.86643409729004
19.00913429260254
17.59433937072754
20.94358253479004
20.04770851135254
22.18638038635254
20.27878761291504
15.709207534790039
20.61045265197754
21.23508644104004
17.66599464416504
22.08298683166504
21.52720069885254
21.71775245666504
18.99424171447754
21.37424659729004
21.82969093322754
20.73655128479004
22.13645362854004
21.94126319885254
21.22385597229004
22.18894386291504
22.31943702697754
22.24180030822754
22.33652687072754
22.20969581604004
22.19211769104004
22.39878273010254
22.19748878479004
22.40635108947754
22.51230812072754
22.22690773010254
22.38681983947754
22.38706398010254
20.49595069885254
20.77292823791504
21.83396339416504
21.52243995666504
21.78464698791504
21.58286476135254
21.74045753479004
21.81723976135254
22.09336280822754
21.99790382385254
21.60666847229004
22.14658546447754
22.19944190979004
22.04319190979004
22.14426612854004
22.33164405822754
22.35264015197754
22.40439796447754
22.44285011291504
22.41147804260254
22.29844093322754
12.311502456665039
10.713968276977539
7.806741237640381
19.97947120666504
21.79697608947754
18.10410499572754
17.44895362854004
21.61606788635254
22.36155128479004
11.747659683227539
21.18992042541504
20.86521339416504
18.47117042541504
21.54514503479004
22.33628273010254
18.26194190979004
21.75058937072754
18.61069679260254
19.99668312072754
19.64573097229004
13.882059097290039
22.00498390197754
21.38450050354004
21.31479835510254
21.68259620666504
16.09543800354004
21.91025733947754
21.33274269104004
22.43259620666504
22.00278663635254
22.32224464416504
22.21360206604004
22.16733741760254
22.03708839416504
21.81479835510254
21.81577491760254
21.88096046447754
21.86228370666504
22.22483253479004
19.69382667541504
17.27939796447754
21.38462257385254
15.948587417602539
19.40110206604004
22.29209327697754
17.28232765197754
22.41575050354004
21.58262062072754
18.83555030822754
20.81809425354004
21.37546730041504
20.92026710510254
22.63120460510254
20.94712257385254
20.84092140197754
21.30674171447754
21.39597511291504
21.49509620666504
21.72214698791504
21.52842140197754
22.54282569885254
21.14963722229004
21.23252296447754
21.73374366760254
18.90220069885254
22.30076026916504
15.786355972290039
21.27060890197754
18.19590187072754
19.19870948791504
21.08603858947754
21.40134620666504
21.95676612854004
20.90574073791504
21.49997901916504
21.33591651916504
20.87632179260254
21.07480812072754
21.06199073791504
22.30417823791504
21.30283546447754
22.34873390197754
21.75791358947754
21.16013526916504
21.42185401916504
22.35666847229004
20.97690773010254
17.48923683166504
21.57139015197754
21.00742530822754
22.02720069885254
21.68076515197754
21.65635108947754
22.28342628479004
19.16538429260254
19.99094581604004
21.80954933166504
21.24704933166504
21.82395362854004
21.03757667541504
20.80332374572754
21.26597023010254
22.06968116760254
22.39267921447754
22.21763038635254
22.49289894104004
21.06089210510254
21.45493507385254
21.75657081604004
21.73764991760254
22.49045753479004
21.94651222229004
22.11069679260254
22.49106788635254
22.30588722229004
21.99106788635254
21.22788429260254
21.24363136291504
21.04404640197754
21.68747901916504
21.86191749572754
22.18955421447754
22.44236183166504
22.34873390197754
22.09531593322754
21.94101905822754
21.78476905822754
21.83738136291504
22.14695167541504
23.41257667541504
22.79221534729004
22.70676612854004
22.71384620666504
23.40854835510254
23.42356300354004
22.69944190979004
22.69285011291504
22.91904640197754
23.22080421447754
23.11460304260254
21.34299659729004
23.64426612854004
22.87693214416504
23.19639015197754
21.63193702697754
23.15500831604004
23.19956398010254
23.05442237854004
23.23447608947754
22.82627296447754
23.23984718322754
23.06809425354004
23.33677101135254
23.17795753479004
23.33262062072754
23.07346534729004
23.29636573791504
23.28306007385254
23.46885108947754
23.24949073791504
21.78513526916504
23.04660987854004
22.98984718322754
23.11142921447754
21.95505714416504
21.86570167541504
23.05808448791504
22.65097999572754
23.05942726135254
22.49033546447754
23.64463233947754
24.22727394104004
22.86911964416504
22.58347511291504
22.57517433166504
23.35007667541504
22.46311378479004
22.56687355041504
23.04050636291504
23.64121437072754
23.51853370666504
23.70554542541504
22.19846534729004
23.12119483947754
22.34971046447754
23.26609230041504
23.94639015197754
22.98118019104004
23.04624366760254
23.95945167541504
23.78281593322754
23.16062355041504
23.67222023010254
23.12034034729004
23.15159034729004
23.19480323791504
23.37937355041504
23.60019874572754
23.09995460510254
23.49326515197754
23.48386573791504
23.54953956604004
23.59470558166504
24.60288429260254
17.09189796447754
13.052713394165039
17.10459327697754
17.49131202697754
18.05381202697754
18.58115577697754
21.87412452697754
20.51499366760254
19.04111671447754
22.07065773010254
19.61106300354004
22.10447120666504
22.31894874572754
22.49729347229004
22.51694679260254
22.33298683166504
21.95456886291504
22.32676124572754
21.95249366760254
22.83237648010254
21.82969093322754
22.71775245666504
22.75486183166504
22.67746925354004
22.33054542541504
22.01023292541504
21.98703956604004
22.25705909729004
23.15488624572754
23.42539405822754
22.39731788635254
23.59421730041504
22.26413917541504
23.05954933166504
22.28000831604004
21.82724952697754
22.43577003479004
21.23362159729004
22.61741065979004
21.87009620666504
21.88535499572754
21.38865089416504
21.82578468322754
21.58640480041504
21.63132667541504
22.03183937072754
21.59751319885254
21.80491065979004
22.07529640197754
22.36130714416504
22.36448097229004
23.11277198791504
22.67038917541504
22.27353858947754
23.10923194885254
22.99778175354004
23.05307960510254
22.89365577697754
22.43686866760254
22.39121437072754
22.45688819885254
23.25559425354004
23.18564796447754
22.67258644104004
22.60862159729004
22.49778175354004
22.67539405822754
22.97995948791504
22.66709327697754
22.47019386291504
22.78489112854004
23.42185401916504
23.19590187072754
22.78135108947754
22.46946144104004
22.65183448791504
22.86521339416504
22.36155128479004
23.43808937072754
23.03428077697754
22.99082374572754
22.98716163635254
23.06919288635254
23.12082862854004
23.58201026916504
23.01243019104004
22.50229835510254
23.01719093322754
23.53025245666504
23.33017921447754
22.89939308166504
22.90903663635254
23.24045753479004
22.67197608947754
23.11911964416504
22.14255714416504
22.85703468322754
23.11057472229004
22.49949073791504
23.27292823791504
23.62192726135254
22.04685401916504
23.75449562072754
22.79416847229004
23.89853858947754
23.34238624572754
24.15317726135254
23.64182472229004
23.68064308166504
23.95261573791504
21.82749366760254
23.30845069885254
23.48728370666504
22.61094093322754
23.92197608947754
23.81223487854004
23.92954444885254
23.99326515197754
23.95652198791504
23.94773292541504
23.09165382385254
23.90610694885254
23.20530128479004
23.94809913635254
23.98899269104004
23.63572120666504
23.79795265197754
23.59983253479004
23.19455909729004
23.73362159729004
23.41941261291504
23.86472511291504
23.62973976135254
23.02219581604004
23.62864112854004
23.56284523010254
23.44272804260254
23.76816749572754
23.45993995666504
23.68662452697754
23.56369972229004
23.59775733947754
23.44370460510254
23.83274269104004
23.36948585510254
23.91391944885254
23.42930030822754
23.27890968322754
24.16526222229004
23.25010108947754
23.12900733947754
22.95969581604004
23.54282569885254
23.63498878479004
14.641458511352539
22.00864601135254
20.77500343322754
21.69480323791504
21.88352394104004
22.49997901916504
22.85801124572754
21.84922218322754
22.05405616760254
22.85679054260254
22.16660499572754
22.37815284729004
21.70347023010254
23.32212257385254
23.33689308166504
22.67209815979004
21.81260108947754
21.85520362854004
21.91282081604004
22.40549659729004
21.54099464416504
22.36985206604004
22.73252296447754
23.12925148010254
22.98166847229004
22.82639503479004
23.29306983947754
22.59165382385254
23.13364601135254
23.47934913635254
22.82554054260254
23.42685890197754
23.14560890197754
23.17734718322754
23.34861183166504
23.47202491760254
22.32920265197754
23.99155616760254
23.86069679260254
23.98801612854004
24.00132179260254
23.68479347229004
23.42099952697754
23.97519874572754
24.55808448791504
23.65964698791504
23.82419776916504
23.85264015197754
23.70188331604004
23.49936866760254
22.90940284729004
15.494607925415039
21.97593116760254
22.19236183166504
22.35349464416504
22.15806007385254
22.46994972229004
22.00559425354004
22.98166847229004
22.06003761291504
22.17038917541504
22.83225440979004
21.87790870666504
21.91062355041504
20.99619483947754
22.57517433166504
22.97165870666504
22.23996925354004
23.14011573791504
22.94370460510254
22.77256202697754
22.44968605041504
22.97226905822754
23.94626808166504
23.63901710510254
22.95884132385254
23.49643898010254
24.25669288635254
23.94956398010254
23.57383155822754
23.72556495666504
16.97934913635254
21.96311378479004
21.17002296447754
22.59531593322754
22.20066261291504
22.21836280822754
22.39927101135254
21.71885108947754
20.99912452697754
22.12485694885254
22.06699562072754
22.76853370666504
22.45102882385254
22.65488624572754
23.45127296447754
22.98667335510254
24.00889015197754
22.82688331604004
24.14573097229004
23.78952980041504
23.52622413635254
23.49204444885254
24.07383155822754
23.33078956604004
23.85544776916504
22.50351905822754
22.71238136291504
22.29697608947754
21.91416358947754
21.71006202697754
22.31577491760254
22.51597023010254
22.18747901916504
22.95102882385254
22.93210792541504
22.38755226135254
23.48606300354004
23.41013526916504
16.88035011291504
22.80478858947754
22.90635108947754
22.03537940979004
22.24729347229004
22.92283058166504
21.99656105041504
22.55039405822754
21.87388038635254
22.70054054260254
22.90061378479004
22.68638038635254
23.74167823791504
23.50852394104004
24.01963233947754
22.76413917541504
22.40464210510254
21.88144874572754
22.49277687072754
22.79136085510254
23.40976905822754
22.72666358947754
22.47873878479004
22.97886085510254
22.70859718322754
22.20469093322754
23.52988624572754
24.49070167541504
23.84311866760254
23.72373390197754
23.74778175354004
24.09824562072754
17.21482276916504
23.23435401916504
22.24534034729004
23.90928077697754
23.94956398010254
23.75010108947754
22.23801612854004
21.95322608947754
22.93454933166504
22.53928565979004
23.98374366760254
23.90036964416504
23.96445655822754
24.18357276916504
17.91160011291504
22.18100929260254
23.45725440979004
24.28489112854004
18.58323097229004
22.55234718322754
23.39853858947754
18.52341651916504
22.74338722229004
22.89011573791504
22.71958351135254
20.55149269104004
21.36948585510254
24.13083839416504
21.44516944885254
22.26938819885254
22.95908546447754
22.65024757385254
21.55307960510254
22.58408546447754
23.10910987854004
23.16074562072754
22.57004737854004
23.09324073791504
22.23667335510254
22.63852882385254
22.85886573791504
23.71665382385254
22.39512062072754
22.93332862854004
23.90586280822754
21.72654151916504
22.46006202697754
22.96860694885254
23.08408546447754
22.75840187072754
23.81614112854004
22.46433448791504
23.07920265197754
