9.876351576561311e-42
1.9534088373184204
8.220743179321289
0.0
5.074746608734131
0.0
8.967081069946289
8.918985366821289
6.466348171234131
20.80423927307129
7.235146999359131
19.37162208557129
19.54007911682129
22.27958106994629
21.75712013244629
17.09037208557129
23.37186622619629
20.77176856994629
23.31034278869629
18.10721778869629
22.84452247619629
23.42069435119629
13.516153335571289
15.994424819946289
15.863321304321289
23.36283302307129
23.41141700744629
19.45292091369629
20.11795997619629
23.08768653869629
22.55716896057129
23.12601661682129
19.68729591369629
22.93876075744629
21.28519630432129
21.91434669494629
22.09769630432129
22.11039161682129
23.22269630432129
22.10477638244629
22.21097755432129
22.11234474182129
5.800088405609131
16.47635841369629
0.0
7.436074733734131
10.783975601196289
18.21195411682129
21.94632911682129
11.145059585571289
21.11673927307129
23.23026466369629
19.83768653869629
23.39920997619629
11.755167007446289
22.83011817932129
17.84501075744629
22.72513771057129
22.91410255432129
22.20292091369629
11.952920913696289
19.72733497619629
5.226846218109131
14.614542007446289
9.280313491821289
22.74857521057129
23.27030372619629
20.76224708557129
14.261758804321289
22.40629005432129
22.53470802307129
22.15262794494629
9.646524429321289
17.73587989807129
7.097207546234131
12.845743179321289
22.98929786682129
23.28495216369629
12.529336929321289
22.58451271057129
21.11087989807129
22.20365333557129
16.59623146057129
19.64628028869629
16.28934669494629
23.11210060119629
23.43583106994629
23.38382911682129
22.31815528869629
21.27518653869629
18.97294044494629
11.085489273071289
23.39042091369629
22.56400489807129
22.27518653869629
20.44925880432129
23.43461036682129
23.01346778869629
21.61332130432129
15.381875991821289
14.846231460571289
23.34574317932129
22.35355567932129
22.34037208557129
13.858926773071289
20.02079200744629
16.47660255432129
23.00077247619629
20.94120216369629
22.50956153869629
17.15311622619629
21.45170021057129
18.59452247619629
22.56888771057129
21.63504981994629
20.09818458557129
21.51761817932129
13.251749038696289
22.01151466369629
16.75028419494629
22.46903419494629
20.93656349182129
22.63993263244629
22.13407325744629
22.68705177307129
22.58231544494629
22.80106544494629
22.65018653869629
22.67801856994629
22.87699317932129
22.76200294494629
14.797891616821289
22.94632911682129
22.94071388244629
22.90213966369629
22.76493263244629
17.91507911682129
21.21024513244629
21.65824317932129
21.70585060119629
22.30375099182129
22.07279396057129
21.41776466369629
21.76420021057129
22.11087989807129
22.57401466369629
22.64969825744629
22.67362403869629
22.80057716369629
22.72513771057129
22.91361427307129
23.07889747619629
23.23490333557129
23.42069435119629
23.24491310119629
22.87137794494629
22.66385841369629
22.48490333557129
22.52762794494629
22.83475685119629
23.24027442932129
23.33402442932129
0.0
1.1836334466934204
0.0
5.393105983734131
1.8425689935684204
8.437784194946289
11.912149429321289
7.902139186859131
13.605264663696289
11.282754898071289
0.0
7.343057155609131
12.992715835571289
2.752969264984131
14.928018569946289
6.464150905609131
9.822061538696289
20.17679786682129
5.843789577484131
19.90946388244629
16.12699317932129
6.771279811859131
2.193643093109131
20.78129005432129
17.72269630432129
15.765909194946289
9.562540054321289
12.664346694946289
16.47464942932129
4.488564968109131
18.16312599182129
13.863809585571289
17.75296974182129
13.864786148071289
0.473184198141098
3.760537624359131
0.0
10.174844741821289
11.936563491821289
0.0
10.752237319946289
10.009073257446289
18.13041114807129
9.523965835571289
12.489542007446289
4.340859889984131
20.92045021057129
10.271036148071289
19.68070411682129
3.577920436859131
5.003701686859131
14.903360366821289
7.081338405609131
20.90555763244629
15.274209976196289
2.671670436859131
9.033731460571289
22.13627052307129
13.771036148071289
8.367227554321289
12.223917007446289
11.252725601196289
16.99027442932129
6.003701686859131
16.97684669494629
8.561075210571289
8.379678726196289
18.57621192932129
15.808633804321289
11.915811538696289
15.392374038696289
15.229532241821289
10.472940444946289
16.96781349182129
17.75345802307129
16.75199317932129
14.662393569946289
19.03080177307129
20.01932716369629
13.028116226196289
19.09134864807129
14.169961929321289
21.42655372619629
15.815958023071289
21.02640724182129
18.69315528869629
17.00370216369629
18.57767677307129
18.36454200744629
19.05155372619629
19.25907325744629
19.73246192932129
20.49247169494629
21.59867286682129
22.03031349182129
22.30985450744629
16.79691505432129
17.14628028869629
16.26566505432129
13.485147476196289
11.244913101196289
11.971719741821289
10.125040054321289
4.225869655609131
0.0
0.0
0.0
17.59769630432129
15.720987319946289
16.91092872619629
14.761270523071289
10.665323257446289
0.0
0.0
0.0
0.0
6.329873561859131
16.89774513244629
15.937051773071289
0.0
8.485635757446289
16.65091896057129
8.454385757446289
16.44144630432129
13.141641616821289
17.56156349182129
13.818399429321289
8.213174819946289
12.553995132446289
16.79569435119629
0.0
7.957070827484131
0.0
14.976358413696289
11.256631851196289
5.651650905609131
12.768350601196289
16.73441505432129
13.625528335571289
0.0
9.351358413696289
4.037393093109131
14.071329116821289
0.0
2.610635280609131
14.452920913696289
11.990518569946289
0.0
16.04056739807129
11.456338882446289
14.707071304321289
0.0
14.713418960571289
0.313516229391098
0.0
0.0
3.161660671234131
0.0
15.157266616821289
0.20731505751609802
0.0
3.833535671234131
2.289102077484131
15.601114273071289
3.059121608734131
15.354043960571289
7.155557155609131
6.352578639984131
9.868448257446289
14.168985366821289
13.619668960571289
14.365518569946289
15.111612319946289
14.697061538696289
15.467813491821289
14.919229507446289
16.48514747619629
17.06083106994629
17.44242286682129
18.09159278869629
18.32254981994629
20.25052833557129
18.59794044494629
15.857461929321289
16.97171974182129
19.44877052307129
17.04374122619629
19.76908302307129
20.99686622619629
17.56131935119629
13.703653335571289
18.47245216369629
20.64920997619629
22.17582130432129
22.05863380432129
23.95536231994629
21.83231544494629
23.19999122619629
23.89652442932129
24.23270606994629
24.02225685119629
23.25931739807129
23.85306739807129
23.77811622619629
17.77909278869629
16.00174903869629
19.73954200744629
19.56717872619629
21.52298927307129
20.81449317932129
15.863077163696289
22.61673927307129
22.33573341369629
23.92630958557129
23.83329200744629
23.46854591369629
23.79642677307129
17.96903419494629
18.80204200744629
20.33304786682129
17.95340919494629
22.89725685119629
18.87870216369629
19.12845802307129
21.86014747619629
20.65311622619629
21.81058692932129
20.35575294494629
17.69462013244629
21.25638771057129
20.78226661682129
19.15921974182129
23.71512794494629
21.24491310119629
21.68876075744629
20.26786231994629
21.60721778869629
22.09525489807129
21.43754005432129
23.47464942932129
22.27128028869629
22.11356544494629
23.77860450744629
22.79056739807129
22.99100685119629
23.75614356994629
23.86014747619629
23.15140724182129
23.73514747619629
23.89335060119629
23.31644630432129
23.43412208557129
24.06473731994629
23.92777442932129
23.76102638244629
18.74662208557129
19.16044044494629
20.54715919494629
20.84354591369629
21.28568458557129
21.49076271057129
21.69046974182129
21.61087989807129
21.68924903869629
21.85575294494629
22.13797950744629
22.75956153869629
22.97416114807129
23.15531349182129
23.31156349182129
23.59842872619629
23.80643653869629
23.74344825744629
23.76078224182129
23.76175880432129
23.79984474182129
13.535684585571289
10.921915054321289
7.025674343109131
19.49735450744629
23.05692481994629
18.58841896057129
18.81522560119629
23.19217872619629
23.77836036682129
11.337442398071289
21.12870216369629
21.85013771057129
19.97489356994629
23.22562599182129
23.79032325744629
17.10135841369629
23.15409278869629
18.38309669494629
19.15848731994629
19.79862403869629
13.600625991821289
23.64676856994629
22.29593849182129
22.71659278869629
23.16312599182129
15.894815444946289
23.31766700744629
20.55521583557129
23.12357521057129
22.21634864807129
24.39896583557129
23.83573341369629
24.01639747619629
23.47171974182129
23.37381935119629
23.40165138244629
23.54154396057129
23.75541114807129
23.67411231994629
21.13480567932129
19.82718849182129
23.02030372619629
18.79178810119629
21.29007911682129
23.86161231994629
19.40921974182129
23.91629981994629
23.40140724182129
20.83085060119629
23.08280372619629
23.45414161682129
22.39457130432129
23.86576271057129
22.96293067932129
22.67582130432129
23.69022560119629
23.65775489807129
23.65580177307129
23.74198341369629
23.47464942932129
24.09037208557129
23.57425880432129
23.61600685119629
23.78885841369629
20.94608497619629
23.92240333557129
18.70829200744629
23.05790138244629
20.34940528869629
21.47001075744629
23.24515724182129
23.48075294494629
23.67704200744629
22.86722755432129
23.67411231994629
23.69071388244629
23.65677833557129
23.69559669494629
22.55472755432129
23.82425880432129
23.25638771057129
23.82792091369629
23.84745216369629
23.77469825744629
23.82035255432129
23.72684669494629
22.65189552307129
19.54252052307129
23.63700294494629
23.09794044494629
23.92191505432129
23.91068458557129
23.84525489807129
23.75663185119629
20.87577247619629
22.10965919494629
23.66044044494629
23.46879005432129
23.92728614807129
22.77274513244629
22.92069435119629
23.72269630432129
23.79960060119629
23.80912208557129
23.99222755432129
23.88358497619629
22.98050880432129
23.63700294494629
23.83378028869629
23.55497169494629
23.96122169494629
23.73368263244629
23.76395606994629
24.02567481994629
23.87821388244629
23.95707130432129
23.55155372619629
23.62088966369629
23.73905372619629
23.93045997619629
23.97171974182129
23.84379005432129
23.94706153869629
24.04960060119629
23.94901466369629
23.89457130432129
23.80716896057129
23.80228614807129
23.73856544494629
23.66703224182129
22.60331153869629
22.40238380432129
22.53153419494629
22.65970802307129
22.81937599182129
22.57547950744629
22.36600685119629
22.51493263244629
22.53275489807129
22.23075294494629
21.40531349182129
22.70487403869629
22.89945411682129
22.33353614807129
21.59647560119629
22.66288185119629
22.36747169494629
22.74344825744629
22.31571388244629
22.07767677307129
22.49979591369629
22.21586036682129
22.42118263244629
22.98124122619629
22.69779396057129
23.02420997619629
23.01346778869629
22.68387794494629
22.95414161682129
22.62650489807129
21.77884864807129
22.59525489807129
22.55521583557129
22.30448341369629
21.82865333557129
21.77469825744629
22.25907325744629
21.94632911682129
21.96341896057129
21.74149513244629
22.35209083557129
23.57206153869629
21.90751075744629
21.78910255432129
21.97538185119629
22.67557716369629
21.90238380432129
22.06669044494629
21.96317481994629
22.90116310119629
22.10502052307129
22.79252052307129
21.96561622619629
22.41385841369629
22.00687599182129
22.17215919494629
22.27225685119629
22.27811622619629
22.19608497619629
22.55887794494629
22.41629981994629
22.23832130432129
22.86698341369629
22.42655372619629
22.71293067932129
22.55936622619629
22.44779396057129
22.33597755432129
22.23221778869629
22.54471778869629
22.70072364807129
23.14261817932129
23.11014747619629
23.50004005432129
15.766641616821289
12.620401382446289
15.797403335571289
16.25126075744629
16.64896583557129
17.01395606994629
17.91214942932129
17.53397560119629
17.38627052307129
18.38407325744629
17.83597755432129
20.14042091369629
20.31839942932129
20.62504005432129
20.80130958557129
20.75101661682129
20.50223731994629
20.42655372619629
20.79496192932129
21.28251075744629
21.08622169494629
21.77079200744629
21.76053810119629
21.68338966369629
20.96708106994629
21.31254005432129
21.36283302307129
21.24784278869629
21.89579200744629
21.92875099182129
21.96048927307129
22.03592872619629
21.67093849182129
22.25956153869629
22.10965919494629
21.91678810119629
22.15360450744629
21.97709083557129
22.19925880432129
21.91898536682129
21.77689552307129
22.13968849182129
22.08719825744629
22.65336036682129
22.42557716369629
21.91068458557129
22.57596778869629
22.10746192932129
22.68045997619629
22.35233497619629
22.85868263244629
22.87992286682129
23.02274513244629
23.34330177307129
22.42826271057129
22.49149513244629
23.30668067932129
22.71317481994629
23.01908302307129
23.41214942932129
23.71170997619629
23.14725685119629
23.20878028869629
22.79032325744629
23.82938575744629
23.39188575744629
23.35209083557129
22.75882911682129
23.23856544494629
23.70731544494629
23.87406349182129
23.13358497619629
23.05521583557129
23.84769630432129
23.86405372619629
23.74003028869629
23.81131935119629
23.84232521057129
23.08597755432129
23.62015724182129
23.32059669494629
23.61844825744629
23.81913185119629
23.52958106994629
23.33207130432129
22.27494239807129
23.76957130432129
23.57840919494629
23.57230567932129
23.55814552307129
23.71610450744629
23.75541114807129
23.56864356994629
23.75589942932129
23.79203224182129
23.97440528869629
23.61332130432129
23.53885841369629
23.78446388244629
23.58060646057129
23.72611427307129
23.87699317932129
23.60526466369629
23.84671974182129
23.39432716369629
23.84623146057129
23.74564552307129
23.74442481994629
23.00248146057129
23.73636817932129
23.75834083557129
22.65555763244629
22.99662208557129
23.58060646057129
23.67460060119629
23.91629981994629
23.67557716369629
23.83719825744629
23.88358497619629
23.78299903869629
23.26200294494629
23.87723731994629
22.94877052307129
23.76957130432129
23.85087013244629
23.53544044494629
23.76468849182129
23.74125099182129
23.41532325744629
23.61234474182129
23.69803810119629
23.87699317932129
23.47025489807129
23.23441505432129
23.44266700744629
23.77323341369629
23.47733497619629
23.62137794494629
23.63358497619629
23.37601661682129
23.25785255432129
23.56254005432129
23.21781349182129
23.48221778869629
23.11380958557129
23.44877052307129
23.24735450744629
23.30545997619629
23.45755958557129
23.06766700744629
23.16385841369629
23.39896583557129
23.71146583557129
23.77128028869629
13.836709976196289
18.39286231994629
17.96024513244629
19.69364356994629
20.26420021057129
20.37211036682129
20.67850685119629
20.81669044494629
21.15043067932129
21.26981544494629
21.35209083557129
21.12430763244629
21.48880958557129
21.98392677307129
22.06937599182129
22.18607521057129
21.85599708557129
22.06131935119629
22.22123146057129
22.29960060119629
22.51127052307129
22.46415138244629
22.93656349182129
22.89335060119629
23.02543067932129
23.61722755432129
23.21195411682129
23.71463966369629
23.08060646057129
23.09134864807129
23.71122169494629
23.33085060119629
23.52567481994629
23.81424903869629
23.69193458557129
23.61869239807129
23.92264747619629
23.23319435119629
23.66654396057129
23.82010841369629
23.74418067932129
23.69681739807129
23.55594825744629
23.62650489807129
23.69095802307129
23.14603614807129
23.44437599182129
23.50589942932129
23.53421974182129
23.43607521057129
23.60282325744629
13.983926773071289
19.00956153869629
20.48441505432129
20.98246192932129
20.76249122619629
21.03544044494629
21.43607521057129
21.95780372619629
21.51517677307129
21.19071388244629
22.21146583557129
21.93534278869629
21.97733497619629
22.28275489807129
22.85038185119629
23.21073341369629
23.18876075744629
22.93705177307129
23.82352638244629
23.69437599182129
23.79667091369629
23.50077247619629
23.82499122619629
23.53861427307129
23.62308692932129
23.33793067932129
23.77030372619629
23.46146583557129
23.73026466369629
23.58329200744629
15.396524429321289
19.95023536682129
18.46854591369629
20.48026466369629
21.36698341369629
21.59061622619629
22.27836036682129
21.97806739807129
22.41776466369629
21.71341896057129
22.52836036682129
23.11503028869629
22.86063575744629
23.89237403869629
23.33841896057129
23.67411231994629
23.68631935119629
23.91410255432129
23.30155372619629
23.94999122619629
23.69632911682129
23.56376075744629
23.40873146057129
23.15604591369629
23.45511817932129
20.48221778869629
21.94046974182129
21.41410255432129
21.91410255432129
21.86991310119629
22.24100685119629
22.44169044494629
22.56107521057129
23.27054786682129
22.74418067932129
23.81131935119629
23.74808692932129
23.27225685119629
15.475381851196289
20.65751075744629
20.66800880432129
21.15506935119629
21.51468849182129
22.13993263244629
21.89286231994629
22.32206153869629
22.90189552307129
22.51420021057129
22.72025489807129
23.92264747619629
23.75907325744629
23.33133888244629
23.43631935119629
20.85282325744629
20.96976661682129
23.05008888244629
22.20951271057129
23.95218849182129
23.68143653869629
20.83426856994629
21.06254005432129
22.19291114807129
22.31180763244629
23.88553810119629
23.69388771057129
23.37040138244629
23.81937599182129
23.72001075744629
23.49979591369629
23.51371192932129
15.913858413696289
23.17093849182129
23.87284278869629
23.80838966369629
23.55521583557129
23.56742286682129
21.06571388244629
22.52128028869629
22.31449317932129
23.36234474182129
23.91337013244629
23.85282325744629
23.60721778869629
23.42240333557129
16.26688575744629
23.93461036682129
23.68045997619629
23.94877052307129
16.51883888244629
22.20438575744629
23.11844825744629
16.87894630432129
21.21317481994629
22.66068458557129
23.86869239807129
17.35746192932129
17.60672950744629
23.38675880432129
17.83646583557129
22.63895606994629
23.81839942932129
22.87235450744629
18.29398536682129
23.43558692932129
23.61869239807129
23.41044044494629
23.88456153869629
23.41922950744629
18.95585060119629
23.63212013244629
22.73197364807129
23.47831153869629
23.80375099182129
22.58695411682129
23.55668067932129
18.82596778869629
21.12186622619629
23.43900489807129
23.88065528869629
23.51444435119629
23.79593849182129
23.82499122619629
23.32938575744629
