9.876351576561311e-42
2.2338881492614746
9.962160110473633
1.0341812372207642
3.8916029930114746
1.0749527215957642
6.918458461761475
7.624513149261475
4.206056118011475
22.828371047973633
3.9404311180114746
21.868165969848633
22.006105422973633
23.568849563598633
23.560792922973633
21.806642532348633
24.035646438598633
22.985841751098633
23.912843704223633
21.141603469848633
23.321779251098633
23.962648391723633
16.404787063598633
19.383058547973633
19.104005813598633
23.698732376098633
24.020265579223633
22.053956985473633
21.880617141723633
23.807619094848633
21.958009719848633
24.033937454223633
21.370851516723633
23.137208938598633
21.678712844848633
21.957033157348633
21.525636672973633
21.937746047973633
23.835206985473633
21.883790969848633
21.936525344848633
21.704591751098633
6.306397914886475
16.639162063598633
1.6604019403457642
8.286378860473633
12.915773391723633
20.464601516723633
23.666994094848633
13.038820266723633
22.854005813598633
23.519044876098633
22.485109329223633
23.896242141723633
15.583009719848633
23.875490188598633
21.267335891723633
22.141603469848633
23.877443313598633
21.984132766723633
14.040040969848633
20.152345657348633
1.0034195184707642
19.458742141723633
11.561525344848633
23.676515579223633
23.839845657348633
23.023927688598633
19.117189407348633
22.464113235473633
22.009767532348633
21.533449172973633
12.369630813598633
18.354005813598633
3.6911635398864746
16.135011672973633
23.600831985473633
24.029054641723633
18.547853469848633
22.679933547973633
22.124025344848633
21.656496047973633
17.432374954223633
20.794191360473633
21.113039016723633
23.874513626098633
23.749757766723633
24.164064407348633
23.139406204223633
21.617921829223633
20.099611282348633
11.560304641723633
24.037355422973633
23.327882766723633
21.616456985473633
22.195070266723633
23.451906204223633
23.708498001098633
21.871095657348633
16.953126907348633
21.340822219848633
23.463869094848633
21.943849563598633
21.969728469848633
14.063966751098633
22.207521438598633
21.165773391723633
23.533449172973633
21.887453079223633
22.339113235473633
19.574708938598633
23.208986282348633
21.620119094848633
22.475587844848633
23.460206985473633
22.429689407348633
22.039796829223633
14.438234329223633
22.020998001098633
19.905763626098633
23.459718704223633
22.447023391723633
22.419679641723633
22.645998001098633
22.619142532348633
23.720216751098633
22.587160110473633
23.676027297973633
23.938966751098633
22.421388626098633
23.025392532348633
18.258546829223633
23.223634719848633
23.711183547973633
24.062990188598633
24.464113235473633
21.520021438598633
23.102052688598633
23.296388626098633
23.243410110473633
23.414552688598633
23.236818313598633
23.285402297973633
23.653078079223633
23.487550735473633
23.508058547973633
23.905519485473633
24.389894485473633
24.514650344848633
24.244142532348633
23.847658157348633
24.176027297973633
24.063234329223633
24.033693313598633
23.991945266723633
23.984132766723633
23.626955032348633
23.936769485473633
24.042726516723633
23.853029251098633
23.685792922973633
23.942140579223633
5.512940883636475
7.649415493011475
4.068604946136475
4.239015102386475
5.140382289886475
8.801271438598633
11.188478469848633
8.452882766723633
14.671876907348633
11.694093704223633
4.142823696136475
8.749269485473633
15.678956985473633
3.4123549461364746
15.767824172973633
5.191163539886475
11.584474563598633
21.145021438598633
8.886964797973633
20.796876907348633
19.383546829223633
8.621583938598633
2.1601576805114746
21.964601516723633
17.525636672973633
17.203126907348633
12.431154251098633
16.906496047973633
16.170900344848633
4.253907680511475
17.425050735473633
16.539552688598633
17.026369094848633
16.907472610473633
6.905030727386475
6.982911586761475
4.806397914886475
8.330812454223633
12.801759719848633
5.191163539886475
12.823244094848633
12.821290969848633
18.811281204223633
10.521486282348633
15.908693313598633
7.559571743011475
21.319093704223633
14.144533157348633
20.136964797973633
8.386232376098633
7.218263149261475
19.140138626098633
9.448732376098633
21.611330032348633
16.898439407348633
6.635987758636475
13.590333938598633
22.661623001098633
18.189455032348633
7.350587368011475
16.379884719848633
14.677248001098633
17.743654251098633
7.729249477386475
18.608400344848633
10.276124954223633
11.238039016723633
19.838869094848633
17.272462844848633
11.943117141723633
16.256349563598633
14.711671829223633
12.804201126098633
18.512697219848633
17.526613235473633
17.445802688598633
19.083742141723633
18.335451126098633
19.489992141723633
15.471681594848633
18.030519485473633
15.298097610473633
22.659181594848633
16.667726516723633
22.537355422973633
19.773195266723633
19.990724563598633
19.944337844848633
19.300539016723633
20.303712844848633
19.987062454223633
20.788087844848633
21.390626907348633
22.656007766723633
22.976564407348633
23.354494094848633
15.786623001098633
16.558595657348633
16.977296829223633
13.078126907348633
11.985841751098633
12.518556594848633
11.579347610473633
11.467287063598633
5.544923305511475
5.911378383636475
6.979737758636475
17.763429641723633
14.562013626098633
15.462892532348633
15.550294876098633
13.785890579223633
5.625733852386475
6.176515102386475
7.892579555511475
5.954347133636475
10.129396438598633
15.473634719848633
14.864259719848633
6.503907680511475
7.711915493011475
14.527101516723633
7.897462368011475
16.351808547973633
13.278566360473633
17.590089797973633
13.434328079223633
12.653810501098633
13.247560501098633
17.528322219848633
5.337892055511475
12.609621047973633
7.942872524261475
13.578371047973633
9.153322219848633
8.766603469848633
12.755617141723633
16.839845657348633
14.560060501098633
6.260255336761475
11.586427688598633
8.835206985473633
14.091554641723633
6.397706508636475
8.365968704223633
14.577394485473633
12.707521438598633
8.877931594848633
16.685792922973633
13.418458938598633
14.454591751098633
7.168458461761475
14.839113235473633
10.640138626098633
6.769776821136475
8.880128860473633
10.872316360473633
11.225587844848633
15.187990188598633
12.079103469848633
9.533693313598633
13.076662063598633
11.605470657348633
15.512208938598633
13.053712844848633
15.079591751098633
13.242921829223633
12.822511672973633
13.779787063598633
15.432863235473633
14.739259719848633
15.422365188598633
15.164308547973633
15.233400344848633
15.424318313598633
15.165285110473633
18.442628860473633
18.259767532348633
19.201662063598633
20.882081985473633
19.958253860473633
19.915040969848633
19.263673782348633
14.777101516723633
15.032228469848633
20.065187454223633
16.008546829223633
20.000246047973633
21.267335891723633
16.316164016723633
10.829103469848633
17.615968704223633
21.427980422973633
21.195314407348633
21.234132766723633
22.951417922973633
21.442873001098633
21.886232376098633
22.752931594848633
23.439210891723633
23.312013626098633
22.583498001098633
23.165040969848633
23.544923782348633
17.030519485473633
15.788820266723633
20.011232376098633
20.182374954223633
21.566164016723633
21.899415969848633
14.972658157348633
21.527833938598633
21.717531204223633
22.728517532348633
23.055177688598633
22.626222610473633
23.435304641723633
17.303956985473633
18.697755813598633
20.996828079223633
20.606203079223633
22.156007766723633
19.011964797973633
19.071779251098633
23.260988235473633
22.649415969848633
23.503175735473633
20.606447219848633
16.970949172973633
23.371095657348633
20.505128860473633
19.179201126098633
23.021974563598633
20.875490188598633
20.997560501098633
21.519777297973633
21.172609329223633
21.115236282348633
22.228761672973633
22.761232376098633
21.912843704223633
22.917970657348633
22.787355422973633
21.707033157348633
21.896974563598633
22.549806594848633
23.332277297973633
21.779298782348633
22.415773391723633
23.094240188598633
22.125490188598633
22.447755813598633
23.004640579223633
23.350831985473633
22.633302688598633
20.828126907348633
20.447511672973633
20.435060501098633
20.386720657348633
20.381349563598633
20.659669876098633
20.711915969848633
20.627931594848633
20.677980422973633
21.111085891723633
21.475831985473633
21.748292922973633
21.706544876098633
22.163331985473633
22.017824172973633
22.906007766723633
23.057863235473633
23.518312454223633
23.418703079223633
23.317140579223633
23.138673782348633
11.610597610473633
8.157960891723633
6.946778774261475
21.378664016723633
23.925050735473633
19.297853469848633
20.885988235473633
23.499025344848633
23.505617141723633
11.150392532348633
23.037599563598633
22.838380813598633
22.173341751098633
23.143068313598633
23.285646438598633
19.960939407348633
23.569581985473633
19.567384719848633
22.206056594848633
21.157472610473633
14.156251907348633
23.415285110473633
23.785646438598633
22.970460891723633
23.076417922973633
17.206056594848633
23.545900344848633
23.621095657348633
23.433351516723633
23.745363235473633
23.652589797973633
23.892824172973633
23.565187454223633
23.492189407348633
23.375734329223633
23.398439407348633
23.406496047973633
23.503419876098633
22.776613235473633
23.477785110473633
23.072755813598633
23.389650344848633
20.691896438598633
22.883546829223633
23.433595657348633
22.963624954223633
23.170167922973633
23.188966751098633
23.350831985473633
23.524171829223633
23.476320266723633
22.971925735473633
23.002931594848633
22.938234329223633
22.627443313598633
23.891847610473633
23.422609329223633
23.665529251098633
23.694093704223633
23.645509719848633
23.208009719848633
23.799562454223633
23.572755813598633
23.902833938598633
23.299562454223633
23.102785110473633
22.160158157348633
23.152833938598633
23.134279251098633
23.335206985473633
23.716798782348633
23.333253860473633
23.422609329223633
22.648683547973633
23.346925735473633
23.581300735473633
23.832277297973633
23.513917922973633
23.125001907348633
23.180177688598633
23.208742141723633
23.100343704223633
23.430665969848633
23.666994094848633
23.640138626098633
23.316164016723633
23.508058547973633
21.697999954223633
23.633790969848633
23.070070266723633
22.959230422973633
23.382814407348633
23.595460891723633
23.352296829223633
23.015626907348633
23.247560501098633
23.452394485473633
23.760011672973633
23.353273391723633
23.097658157348633
23.425294876098633
23.572511672973633
23.185304641723633
23.025880813598633
23.439210891723633
23.432619094848633
23.591310501098633
23.740724563598633
23.584962844848633
23.103273391723633
23.481203079223633
23.632081985473633
23.499025344848633
23.213624954223633
23.552736282348633
23.435060501098633
23.687990188598633
23.602052688598633
23.737062454223633
22.878175735473633
23.465578079223633
23.624269485473633
23.680421829223633
23.569093704223633
23.277345657348633
23.296144485473633
23.630128860473633
23.642580032348633
23.653810501098633
23.752931594848633
22.756105422973633
22.345705032348633
22.836183547973633
22.855470657348633
23.261964797973633
23.303956985473633
22.465822219848633
23.173097610473633
23.212404251098633
22.920412063598633
20.733644485473633
23.488527297973633
23.550050735473633
22.654787063598633
21.186525344848633
24.002687454223633
22.462648391723633
23.161134719848633
22.983156204223633
22.939455032348633
23.847902297973633
23.494142532348633
23.812257766723633
23.786867141723633
23.979982376098633
24.175294876098633
23.833498001098633
24.046388626098633
23.367433547973633
23.563234329223633
22.077150344848633
21.880128860473633
21.478273391723633
23.307130813598633
22.060792922973633
22.017091751098633
21.525148391723633
22.533693313598633
21.642824172973633
21.762941360473633
23.098390579223633
23.482667922973633
21.918214797973633
21.390626907348633
22.360109329223633
22.811769485473633
21.440187454223633
22.565919876098633
21.881837844848633
22.108644485473633
22.432863235473633
23.158205032348633
22.653078079223633
22.326417922973633
22.365236282348633
22.949708938598633
22.611085891723633
22.761964797973633
22.834474563598633
22.958009719848633
22.932374954223633
23.307619094848633
23.009523391723633
23.145265579223633
22.818117141723633
23.144533157348633
23.419923782348633
23.405519485473633
23.030031204223633
23.058839797973633
22.723878860473633
23.061769485473633
23.220705032348633
23.427736282348633
15.016359329223633
12.603761672973633
16.264894485473633
15.733156204223633
15.351808547973633
15.767335891723633
17.761476516723633
16.269777297973633
16.401857376098633
18.069337844848633
17.677492141723633
19.570802688598633
19.846437454223633
20.367189407348633
20.790529251098633
20.677492141723633
20.108644485473633
19.981935501098633
20.242677688598633
21.114015579223633
20.209718704223633
21.983400344848633
21.789308547973633
21.572267532348633
20.657472610473633
19.970705032348633
20.431398391723633
21.203615188598633
22.537355422973633
22.227052688598633
21.750490188598633
22.506593704223633
21.299318313598633
22.678956985473633
22.031007766723633
21.519044876098633
21.860109329223633
20.970460891723633
22.162599563598633
21.816164016723633
21.971193313598633
20.908937454223633
21.023927688598633
21.275148391723633
21.295412063598633
21.919923782348633
21.305665969848633
21.833742141723633
22.694337844848633
22.195558547973633
22.476076126098633
23.772462844848633
22.774171829223633
22.927492141723633
23.305910110473633
23.388917922973633
22.987794876098633
22.447999954223633
23.194826126098633
23.032960891723633
23.144289016723633
23.128664016723633
22.860109329223633
23.195070266723633
23.451906204223633
23.071046829223633
23.121583938598633
22.420167922973633
23.155763626098633
23.420656204223633
22.834230422973633
22.936037063598633
23.274171829223633
22.803712844848633
23.607179641723633
23.109621047973633
22.731447219848633
23.663820266723633
22.717042922973633
23.564943313598633
23.382081985473633
23.082033157348633
23.348390579223633
23.654542922973633
22.862062454223633
21.910158157348633
23.577882766723633
23.626710891723633
23.203371047973633
23.138917922973633
23.561037063598633
22.882326126098633
23.943117141723633
23.345460891723633
23.323976516723633
23.536867141723633
23.406251907348633
23.562501907348633
23.308351516723633
23.289064407348633
23.347169876098633
23.577150344848633
23.606691360473633
23.501710891723633
23.615724563598633
23.906007766723633
23.539064407348633
23.430177688598633
23.234376907348633
23.567384719848633
23.696779251098633
23.219240188598633
23.231203079223633
23.887208938598633
23.324708938598633
23.953371047973633
23.905763626098633
23.480470657348633
23.727052688598633
23.756105422973633
23.459718704223633
23.284181594848633
23.414796829223633
23.553468704223633
23.652101516723633
23.416261672973633
23.048830032348633
23.127199172973633
23.372072219848633
23.083253860473633
23.301515579223633
23.306398391723633
23.501710891723633
22.947023391723633
22.932130813598633
22.817140579223633
22.730470657348633
23.190919876098633
23.325197219848633
23.329103469848633
23.044435501098633
22.858400344848633
23.117921829223633
23.564943313598633
23.034669876098633
23.089845657348633
23.194826126098633
22.598390579223633
23.064210891723633
23.070558547973633
22.413087844848633
21.360597610473633
22.555421829223633
22.434572219848633
13.844728469848633
18.528566360473633
16.925783157348633
19.766847610473633
19.728761672973633
20.016359329223633
20.563722610473633
20.092287063598633
20.119142532348633
21.315675735473633
20.217531204223633
20.707033157348633
20.649171829223633
22.498292922973633
22.470460891723633
22.301515579223633
21.731203079223633
21.552736282348633
21.466310501098633
22.473390579223633
21.374269485473633
22.045412063598633
22.269044876098633
23.917726516723633
22.693117141723633
23.159181594848633
22.910646438598633
23.361574172973633
23.051515579223633
22.830568313598633
23.095705032348633
23.035890579223633
23.795412063598633
23.242189407348633
23.555910110473633
23.843996047973633
23.660890579223633
23.544923782348633
23.218019485473633
23.275392532348633
23.294679641723633
23.532960891723633
23.359132766723633
23.532228469848633
23.119874954223633
23.197999954223633
23.461671829223633
23.183107376098633
23.081544876098633
23.529542922973633
21.346193313598633
15.120363235473633
18.983644485473633
20.096437454223633
20.976808547973633
20.251710891723633
21.126955032348633
20.220705032348633
22.141847610473633
20.404298782348633
20.993410110473633
22.448488235473633
21.521486282348633
21.532228469848633
21.266359329223633
22.158937454223633
22.502443313598633
22.389650344848633
23.408205032348633
22.211183547973633
23.261720657348633
23.268556594848633
23.190919876098633
23.540529251098633
23.608888626098633
23.665040969848633
23.297853469848633
23.487794876098633
23.150148391723633
22.089357376098633
22.624025344848633
14.959474563598633
19.918947219848633
17.948976516723633
20.567628860473633
20.160402297973633
20.612306594848633
22.282228469848633
21.050539016723633
21.431642532348633
22.200197219848633
22.046144485473633
22.466066360473633
22.882570266723633
22.951662063598633
23.397462844848633
23.801515579223633
23.290773391723633
23.984132766723633
23.291017532348633
23.166749954223633
23.075197219848633
23.145998001098633
23.102540969848633
22.938722610473633
22.882326126098633
20.204835891723633
21.729249954223633
20.608888626098633
21.270021438598633
21.148683547973633
22.527345657348633
22.060792922973633
22.561769485473633
22.750734329223633
23.426271438598633
23.477785110473633
22.862550735473633
22.771730422973633
15.620119094848633
21.233400344848633
20.712404251098633
20.054445266723633
21.022462844848633
22.368165969848633
21.215333938598633
23.005861282348633
22.060548782348633
22.279054641723633
22.470460891723633
23.103517532348633
22.989748001098633
22.920412063598633
23.031984329223633
21.018312454223633
20.454835891723633
22.234132766723633
22.487794876098633
23.168214797973633
23.857423782348633
21.302492141723633
20.422121047973633
23.068117141723633
22.936037063598633
23.295900344848633
23.873292922973633
23.752931594848633
23.105714797973633
23.010744094848633
22.744142532348633
23.128175735473633
15.842287063598633
23.217042922973633
23.489503860473633
23.083498001098633
23.415285110473633
22.906496047973633
20.978029251098633
22.368654251098633
23.226320266723633
23.306154251098633
23.330324172973633
23.576662063598633
23.020021438598633
23.161867141723633
15.445070266723633
23.470705032348633
23.629152297973633
23.781740188598633
15.747804641723633
22.054445266723633
23.286134719848633
15.674562454223633
21.041749954223633
23.495607376098633
22.992677688598633
16.391115188598633
16.846193313598633
23.106447219848633
17.163576126098633
22.872072219848633
23.206300735473633
22.865480422973633
17.454103469848633
23.114015579223633
23.058351516723633
23.677492141723633
23.486330032348633
23.743898391723633
18.516115188598633
23.428712844848633
23.154787063598633
23.664552688598633
23.672609329223633
21.898683547973633
23.443849563598633
18.044679641723633
20.926759719848633
23.334962844848633
23.910646438598633
23.544923782348633
23.934328079223633
23.672365188598633
23.384279251098633
