9.876351576561311e-42
0.0
3.680551052093506
0.0
0.0
0.0
3.031625270843506
4.883187770843506
1.1187835931777954
20.343149185180664
3.019418239593506
20.113412857055664
20.607553482055664
21.495492935180664
21.186899185180664
20.849252700805664
21.253061294555664
21.307016372680664
21.401498794555664
19.732797622680664
20.872446060180664
21.039682388305664
14.786996841430664
17.732553482055664
17.517465591430664
21.017953872680664
21.201303482055664
20.070688247680664
19.965463638305664
21.441537857055664
19.811655044555664
21.342660903930664
19.560678482055664
20.710824966430664
20.348031997680664
19.686899185180664
19.643686294555664
19.688119888305664
22.188852310180664
20.074106216430664
19.831918716430664
19.810190200805664
0.0
15.393930435180664
0.0
1.8980804681777954
11.557504653930664
18.869272232055664
21.456186294555664
11.121469497680664
20.761850357055664
21.604867935180664
21.070688247680664
21.228158950805664
12.978403091430664
21.044076919555664
19.151498794555664
20.144662857055664
21.593881607055664
19.732553482055664
11.562387466430664
18.361703872680664
0.0
17.537973403930664
8.777475357055664
21.680307388305664
21.306772232055664
21.135629653930664
17.021615982055664
19.689340591430664
19.995981216430664
19.794076919555664
7.308236598968506
17.089731216430664
0.05310974270105362
14.392221450805664
21.671274185180664
21.210580825805664
16.850229263305664
20.019662857055664
20.306283950805664
19.907114028930664
16.804819107055664
19.192514419555664
19.346811294555664
21.530160903930664
21.151254653930664
20.892465591430664
21.027963638305664
19.961557388305664
19.112924575805664
9.033578872680664
21.339487075805664
21.040414810180664
20.056772232055664
20.234994888305664
21.277231216430664
21.289194107055664
19.788949966430664
15.046762466430664
20.146371841430664
21.184701919555664
20.167856216430664
19.887094497680664
11.848764419555664
20.170297622680664
19.835824966430664
21.306772232055664
19.990365982055664
20.322153091430664
18.240854263305664
20.990610122680664
20.461557388305664
20.660531997680664
21.193002700805664
20.179574966430664
19.917856216430664
13.104623794555664
19.891489028930664
18.559946060180664
21.979135513305664
20.194223403930664
20.401742935180664
20.139535903930664
20.770395278930664
21.770395278930664
20.531381607055664
21.703989028930664
21.477426528930664
20.635629653930664
20.320199966430664
16.630014419555664
20.705453872680664
20.883676528930664
21.031137466430664
21.262094497680664
20.151254653930664
21.443002700805664
21.777719497680664
20.947397232055664
22.170297622680664
20.913217544555664
21.482553482055664
21.581186294555664
21.594614028930664
21.397104263305664
21.426645278930664
21.515756607055664
21.400278091430664
21.614145278930664
21.607065200805664
21.367074966430664
21.300180435180664
21.350961685180664
20.779428482055664
21.528940200805664
21.482309341430664
21.591928482055664
21.808237075805664
21.932016372680664
22.073373794555664
22.287240982055664
0.0
0.0
0.0
0.0
0.0
5.268929958343506
8.448862075805664
0.0
11.661020278930664
7.308969020843506
0.0
0.0
11.057016372680664
0.0
13.107797622680664
0.0
9.081674575805664
19.496469497680664
0.252084344625473
19.309946060180664
17.347299575805664
0.5623871088027954
0.0
19.936899185180664
15.857797622680664
14.915903091430664
7.514291286468506
14.430551528930664
14.666879653930664
0.0
15.702524185180664
14.914682388305664
15.149057388305664
13.587045669555664
0.0
0.0
0.0
4.983773708343506
10.197153091430664
0.0
6.182015895843506
7.419564723968506
17.201791763305664
5.328988552093506
13.825571060180664
1.7572113275527954
19.641489028930664
9.808237075805664
19.605600357055664
0.0
0.0
17.105844497680664
4.900521755218506
19.988412857055664
14.004281997680664
0.0
7.011117458343506
20.463998794555664
15.217172622680664
1.1444183588027954
13.120492935180664
10.971078872680664
16.816781997680664
0.0
16.939340591430664
4.936898708343506
2.020638942718506
18.585824966430664
15.285776138305664
8.943246841430664
14.142709732055664
12.342416763305664
6.425912380218506
16.713754653930664
16.000864028930664
15.756723403930664
16.554819107055664
16.609506607055664
17.805795669555664
10.554330825805664
16.293832778930664
12.083627700805664
19.874887466430664
14.119516372680664
19.865610122680664
18.792612075805664
18.446908950805664
19.134164810180664
18.156381607055664
18.634408950805664
18.610727310180664
19.472787857055664
20.044321060180664
20.392709732055664
20.471811294555664
20.614145278930664
15.152231216430664
15.354379653930664
15.675912857055664
11.669076919555664
4.417367458343506
7.356576442718506
3.800179958343506
0.0
0.0
0.0
0.0
16.194711685180664
13.083383560180664
14.500375747680664
12.441293716430664
9.793100357055664
0.0
0.0
0.0
0.0
0.0
14.087045669555664
13.468637466430664
0.0
0.9041839838027954
13.480600357055664
2.583627223968506
15.252328872680664
11.592172622680664
16.042612075805664
11.686655044555664
6.314340114593506
8.821908950805664
15.695444107055664
0.0
7.992318630218506
0.0
12.814340591430664
5.393929958343506
0.0
11.287973403930664
15.353647232055664
10.508188247680664
0.0
2.516732692718506
0.0
13.269662857055664
0.0
0.0
13.468637466430664
8.559946060180664
0.0
15.439828872680664
9.950082778930664
13.415414810180664
0.0
12.338510513305664
0.0
0.0
0.0
0.0
0.0
13.103647232055664
0.0
0.0
2.175179958343506
0.0
14.073129653930664
1.2410980463027954
13.466196060180664
7.565804958343506
2.021859645843506
9.029184341430664
11.606821060180664
10.524301528930664
11.700082778930664
12.942270278930664
12.392221450805664
13.244028091430664
13.349252700805664
16.135629653930664
15.986703872680664
17.051156997680664
17.710824966430664
17.337778091430664
18.734750747680664
16.684946060180664
13.387094497680664
13.329233169555664
17.724008560180664
14.317270278930664
18.107797622680664
19.930795669555664
14.875375747680664
9.559457778930664
16.448373794555664
19.833383560180664
20.963510513305664
20.474252700805664
21.094858169555664
19.938608169555664
21.300180435180664
21.383676528930664
21.748178482055664
21.643442153930664
20.385385513305664
20.133676528930664
21.324106216430664
15.349496841430664
14.354867935180664
18.283090591430664
17.807748794555664
20.600229263305664
19.613168716430664
13.874643325805664
20.241098403930664
19.945932388305664
21.108285903930664
21.698862075805664
20.438364028930664
21.168100357055664
15.922739028930664
16.824350357055664
19.015268325805664
18.276742935180664
20.573373794555664
17.261606216430664
16.966684341430664
20.816049575805664
19.815317153930664
21.559457778930664
18.936166763305664
15.034067153930664
20.240365982055664
19.548959732055664
17.461313247680664
21.383920669555664
20.022592544555664
20.345102310180664
19.475961685180664
20.442270278930664
20.679086685180664
20.665414810180664
21.565561294555664
21.174448013305664
21.054574966430664
21.364389419555664
20.565073013305664
21.069955825805664
21.211069107055664
21.671762466430664
20.744272232055664
21.099496841430664
21.513071060180664
21.023080825805664
20.605356216430664
21.743783950805664
21.754770278930664
20.997201919555664
17.904916763305664
17.985727310180664
19.122690200805664
19.527963638305664
20.069223403930664
20.156381607055664
20.197397232055664
20.050424575805664
20.051889419555664
20.224496841430664
20.135873794555664
20.380746841430664
20.557992935180664
20.569711685180664
20.328989028930664
20.771371841430664
20.563119888305664
20.958139419555664
21.242074966430664
20.983041763305664
20.953989028930664
9.941781997680664
5.819955348968506
0.0
19.462533950805664
21.107309341430664
17.962289810180664
19.400766372680664
21.142465591430664
20.699594497680664
8.039438247680664
20.789194107055664
20.681039810180664
20.404184341430664
20.908090591430664
20.686899185180664
17.189828872680664
21.427621841430664
18.586069107055664
19.655649185180664
19.774789810180664
11.207651138305664
21.599985122680664
21.250375747680664
21.462533950805664
21.426401138305664
14.957651138305664
21.349496841430664
20.988412857055664
21.402719497680664
21.295053482055664
21.360239028930664
21.287973403930664
21.677865982055664
21.273813247680664
21.031381607055664
20.771860122680664
20.651498794555664
20.734506607055664
20.195688247680664
20.950571060180664
20.922250747680664
21.266244888305664
19.367319107055664
21.208383560180664
20.163217544555664
20.876596450805664
20.164438247680664
20.775766372680664
21.284311294555664
20.872690200805664
20.944223403930664
20.442270278930664
20.304574966430664
20.920297622680664
20.756479263305664
20.963510513305664
21.027963638305664
21.083139419555664
20.734262466430664
21.256723403930664
20.619028091430664
21.091684341430664
21.033823013305664
21.557992935180664
21.147592544555664
19.870248794555664
19.956918716430664
21.135385513305664
21.119028091430664
21.158334732055664
21.045541763305664
21.258432388305664
20.714242935180664
21.047983169555664
21.054086685180664
21.098276138305664
21.023569107055664
20.988168716430664
21.308725357055664
20.190317153930664
20.991586685180664
20.318002700805664
20.838754653930664
21.044809341430664
21.071420669555664
20.456918716430664
21.272836685180664
20.347055435180664
20.801645278930664
21.275766372680664
20.874155044555664
21.050180435180664
21.173959732055664
20.333627700805664
20.984994888305664
21.216928482055664
20.756479263305664
21.266000747680664
20.968637466430664
21.270883560180664
21.085336685180664
21.097543716430664
20.715463638305664
20.468881607055664
20.936166763305664
20.468637466430664
21.158578872680664
21.147348403930664
21.103158950805664
20.796274185180664
20.545785903930664
21.244760513305664
20.786508560180664
20.608041763305664
20.840951919555664
21.021371841430664
21.155405044555664
21.104867935180664
21.033578872680664
20.994760513305664
20.996957778930664
20.856088638305664
20.943002700805664
20.950082778930664
21.030649185180664
21.029428482055664
21.080453872680664
21.067758560180664
21.127084732055664
21.162973403930664
17.272592544555664
17.179086685180664
17.463510513305664
16.117563247680664
17.640268325805664
17.592416763305664
15.242807388305664
15.792612075805664
16.169076919555664
15.426156997680664
14.209115982055664
16.646371841430664
17.654184341430664
15.247934341430664
14.342905044555664
16.647592544555664
15.421030044555664
17.526010513305664
15.886606216430664
15.311410903930664
16.707406997680664
15.884897232055664
16.623666763305664
17.713510513305664
16.966928482055664
17.864633560180664
17.424936294555664
16.978891372680664
16.894906997680664
16.817758560180664
14.590219497680664
15.224496841430664
15.471323013305664
15.909799575805664
14.825571060180664
14.880014419555664
15.310678482055664
15.020151138305664
15.518930435180664
15.186166763305664
16.325571060180664
16.280405044555664
15.165414810180664
15.099740982055664
15.346323013305664
16.216928482055664
15.098276138305664
15.165903091430664
15.688119888305664
16.331674575805664
15.612192153930664
16.569467544555664
14.935434341430664
15.457651138305664
15.096811294555664
15.802621841430664
15.769418716430664
15.939340591430664
15.373422622680664
16.848764419555664
16.091440200805664
15.955942153930664
17.221811294555664
15.916147232055664
15.579477310180664
15.802621841430664
16.371225357055664
17.058237075805664
16.205942153930664
16.864633560180664
16.731332778930664
17.182504653930664
16.879526138305664
16.547006607055664
14.744760513305664
10.704233169555664
15.632699966430664
15.589975357055664
15.336069107055664
15.411508560180664
18.119516372680664
16.998910903930664
15.676156997680664
18.231088638305664
16.286752700805664
19.586313247680664
19.634653091430664
18.818490982055664
18.316781997680664
18.674448013305664
19.269662857055664
19.777963638305664
19.575082778930664
17.687387466430664
19.857309341430664
17.840951919555664
18.138071060180664
18.468881607055664
19.552133560180664
19.849496841430664
20.036752700805664
19.213510513305664
18.167367935180664
17.712778091430664
19.112924575805664
17.530649185180664
19.056039810180664
17.119272232055664
17.787240982055664
18.491342544555664
17.406381607055664
19.273324966430664
17.219614028930664
18.609994888305664
18.220834732055664
19.159311294555664
18.875619888305664
19.343881607055664
19.024789810180664
18.747446060180664
19.188608169555664
18.932016372680664
20.261606216430664
18.804330825805664
19.477182388305664
17.645883560180664
18.237436294555664
20.346323013305664
17.546762466430664
17.659555435180664
17.971323013305664
19.609262466430664
19.929574966430664
20.190561294555664
20.294809341430664
17.784067153930664
18.189584732055664
19.883920669555664
20.129281997680664
20.221323013305664
20.188119888305664
15.457162857055664
19.875619888305664
20.127328872680664
20.045541763305664
17.573373794555664
17.501352310180664
20.101205825805664
20.424448013305664
20.117807388305664
20.097299575805664
20.506723403930664
17.490121841430664
19.912485122680664
19.785776138305664
20.335824966430664
20.429086685180664
19.857309341430664
17.124887466430664
15.751840591430664
20.111459732055664
16.695932388305664
16.953744888305664
18.107797622680664
20.463510513305664
20.861948013305664
20.089242935180664
20.486215591430664
18.209115982055664
20.784799575805664
18.165170669555664
18.575571060180664
20.574594497680664
18.204965591430664
18.203012466430664
21.092416763305664
19.115610122680664
20.977426528930664
16.432504653930664
21.016000747680664
19.408090591430664
20.417612075805664
16.280405044555664
20.417367935180664
21.411264419555664
15.543832778930664
15.570932388305664
21.458627700805664
20.264780044555664
21.344858169555664
20.862680435180664
17.480600357055664
21.331186294555664
21.112680435180664
16.346811294555664
17.229623794555664
15.753549575805664
21.116586685180664
21.303842544555664
21.099008560180664
17.064584732055664
16.952524185180664
16.459848403930664
19.877817153930664
16.542612075805664
17.608774185180664
21.137338638305664
16.510385513305664
19.591928482055664
17.082162857055664
19.627573013305664
20.615610122680664
17.193979263305664
18.349740982055664
18.766000747680664
20.261117935180664
17.959115982055664
22.011117935180664
18.389780044555664
20.295053482055664
19.646371841430664
19.174692153930664
20.347055435180664
18.381723403930664
19.001840591430664
18.526254653930664
19.880258560180664
20.264047622680664
12.786996841430664
18.634653091430664
17.112192153930664
18.225473403930664
19.662485122680664
19.467416763305664
19.879770278930664
19.882455825805664
19.954233169555664
18.072153091430664
19.915170669555664
19.580209732055664
20.066537857055664
18.053842544555664
17.768442153930664
17.351205825805664
18.209848403930664
18.667367935180664
19.070444107055664
17.516489028930664
19.584360122680664
19.165903091430664
18.787485122680664
17.685434341430664
19.644662857055664
19.961557388305664
17.895395278930664
20.189096450805664
17.475961685180664
17.449838638305664
20.256967544555664
17.381235122680664
20.262338638305664
20.689340591430664
20.408578872680664
19.889780044555664
20.906625747680664
16.076303482055664
20.351205825805664
20.399545669555664
20.403940200805664
16.760141372680664
16.529428482055664
20.213022232055664
19.778696060180664
16.853891372680664
19.213510513305664
20.926156997680664
20.620248794555664
17.630258560180664
18.183481216430664
13.545297622680664
18.761117935180664
19.792367935180664
18.620004653930664
19.883676528930664
18.099740982055664
19.953989028930664
18.433725357055664
19.927621841430664
19.514535903930664
18.199106216430664
18.418588638305664
18.625864028930664
19.447641372680664
19.376352310180664
18.501840591430664
19.832406997680664
17.165414810180664
20.205453872680664
20.215463638305664
20.574106216430664
19.057992935180664
17.485727310180664
18.624887466430664
21.299203872680664
16.156625747680664
19.721811294555664
20.680063247680664
19.540658950805664
20.218149185180664
14.913949966430664
19.465951919555664
17.316537857055664
19.519906997680664
19.898569107055664
19.896615982055664
18.710092544555664
18.876352310180664
19.551889419555664
18.352914810180664
19.238656997680664
19.178598403930664
20.274789810180664
20.397348403930664
18.378305435180664
20.157114028930664
18.699838638305664
21.096323013305664
16.296762466430664
17.388559341430664
16.850473403930664
17.575815200805664
20.943735122680664
19.284555435180664
20.715219497680664
19.711313247680664
18.648080825805664
19.843393325805664
18.558969497680664
19.042856216430664
18.398324966430664
19.319467544555664
20.132944107055664
18.868051528930664
17.420297622680664
20.686655044555664
16.785776138305664
19.350473403930664
15.267221450805664
19.576303482055664
19.734994888305664
19.837045669555664
19.777963638305664
18.423715591430664
18.688119888305664
17.631723403930664
19.390268325805664
19.418588638305664
16.025766372680664
20.503061294555664
16.877817153930664
19.489877700805664
20.214731216430664
19.578989028930664
19.813852310180664
19.657846450805664
19.478891372680664
20.580209732055664
20.428598403930664
19.297739028930664
19.757944107055664
17.571420669555664
19.802377700805664
20.643442153930664
20.624399185180664
16.961801528930664
17.212533950805664
17.531869888305664
20.136850357055664
20.399545669555664
15.275033950805664
19.110727310180664
20.748422622680664
17.366098403930664
18.694223403930664
20.105844497680664
19.337778091430664
19.929330825805664
17.544565200805664
20.134897232055664
17.895883560180664
19.231821060180664
20.197153091430664
20.430795669555664
15.234018325805664
20.828989028930664
20.560434341430664
19.625131607055664
15.583383560180664
18.802865982055664
18.721811294555664
15.476694107055664
18.481332778930664
17.608041763305664
20.070932388305664
16.971567153930664
17.550424575805664
20.677133560180664
17.632455825805664
20.323373794555664
20.168832778930664
20.269174575805664
17.729623794555664
20.309213638305664
20.225473403930664
19.528451919555664
20.890024185180664
20.092660903930664
18.411996841430664
20.253061294555664
16.877328872680664
21.877817153930664
20.297739028930664
16.233285903930664
21.748422622680664
17.887582778930664
19.024301528930664
19.731332778930664
21.027719497680664
18.803842544555664
21.161264419555664
20.392465591430664
17.272592544555664
