9.876351576561311e-42
6.462998867034912
11.60374641418457
4.058824062347412
8.78502082824707
5.480576992034912
12.57066535949707
11.93980598449707
10.31065559387207
22.75096321105957
11.01634407043457
21.45933723449707
22.07847785949707
23.91856575012207
23.67222785949707
19.90220832824707
24.69896125793457
23.56224250793457
24.16172981262207
20.92711067199707
24.41099739074707
24.61876106262207
17.18370246887207
19.08372688293457
19.21031379699707
24.62498664855957
24.27342414855957
22.28795051574707
22.78929328918457
25.03672981262207
24.80235481262207
24.45421028137207
22.28965950012207
24.06871223449707
23.91185188293457
24.22044563293457
24.12730598449707
24.12339973449707
25.48875617980957
24.45811653137207
24.20787239074707
24.48423957824707
9.59361457824707
18.27012825012207
4.769761562347412
10.70872688293457
14.03807258605957
20.13548469543457
23.76976203918457
13.92100715637207
23.31871223449707
24.26255989074707
22.73948860168457
24.28257942199707
15.71214485168457
24.29698371887207
20.87816047668457
24.74717903137207
25.30687141418457
24.45408821105957
14.66429328918457
21.24839973449707
8.63304328918457
17.46019172668457
12.40611457824707
24.34398078918457
24.35728645324707
23.68333625793457
17.32213020324707
24.85936164855957
24.55955696105957
24.09715461730957
12.72398567199707
19.82274055480957
10.60179328918457
15.80711555480957
24.30345344543457
24.64317512512207
15.56114387512207
24.71373176574707
23.56321907043457
24.00120735168457
18.80711555480957
21.60338020324707
19.20958137512207
24.17479133605957
24.69700813293457
24.53404426574707
24.72264289855957
23.58336067199707
20.99131965637207
14.04405403137207
24.06089973449707
24.70372200012207
24.06419563293457
22.45152473449707
24.71287727355957
24.64354133605957
23.95262336730957
17.50706672668457
17.61009407043457
24.69505500793457
24.18028450012207
24.32213020324707
16.09190559387207
22.03087043762207
19.26854133605957
24.83763313293457
23.65489387512207
24.33445930480957
19.12169075012207
23.53404426574707
21.32689094543457
24.28563117980957
23.61473274230957
22.75181770324707
24.17540168762207
16.14866828918457
24.58104133605957
19.41246223449707
24.60826301574707
23.61180305480957
24.50755500793457
24.68846321105957
24.32359504699707
24.47435188293457
24.48814582824707
24.39573860168457
25.15757942199707
24.22899055480957
24.56785774230957
17.60960578918457
24.26719856262207
24.18309211730957
24.12108039855957
24.19334602355957
20.64427375793457
24.07505989074707
24.46739387512207
24.38536262512207
24.68174934387207
24.74119758605957
24.21226692199707
24.39879035949707
24.58568000793457
24.54625129699707
24.45250129699707
24.33372688293457
24.11668586730957
24.25621223449707
24.18785285949707
24.03172492980957
24.04637336730957
24.11961555480957
24.27318000793457
24.57322883605957
24.91319465637207
25.13670539855957
25.40440559387207
25.49510383605957
25.45591926574707
25.41807746887207
9.79698371887207
10.42613410949707
9.91905403137207
11.60875129699707
9.99730110168457
12.15550422668457
15.07798957824707
12.44212532043457
16.08397102355957
14.99522590637207
9.67820930480957
12.44102668762207
16.15294075012207
10.76890754699707
17.55235481262207
11.32750129699707
13.10399055480957
22.10191535949707
10.62986946105957
21.59410285949707
19.13670539855957
11.03441047668457
7.459825038909912
22.90379524230957
20.65880012512207
19.22081184387207
13.14293098449707
16.18211555480957
19.91783332824707
8.54319953918457
20.98350715637207
17.24717903137207
20.45530891418457
16.42332649230957
9.94102668762207
10.77647590637207
9.68333625793457
13.61656379699707
14.64036750793457
9.24595832824707
14.55162239074707
14.13963508605957
20.13340950012207
13.71898078918457
15.80113410949707
10.33983039855957
22.59019660949707
13.97691535949707
22.29026985168457
10.45652961730957
11.44322395324707
17.82908821105957
11.72178840637207
22.89976692199707
17.52733039855957
10.46165657043457
12.80052375793457
23.88914680480957
16.92003059387207
12.85496711730957
14.97154426574707
14.57640266418457
18.53758430480957
11.64427375793457
19.32335090637207
12.60399055480957
13.09642219543457
20.88328742980957
18.43943977355957
15.03648567199707
17.11192512512207
17.44883918762207
14.28050422668457
18.98631477355957
19.63133430480957
18.95945930480957
17.59666633605957
20.99241828918457
21.70836067199707
16.10984992980957
21.34581184387207
17.11534309387207
23.01829719543457
18.33738899230957
22.87315559387207
20.76378059387207
19.90587043762207
21.37120246887207
20.25975227355957
20.80870246887207
21.18431282043457
22.02708625793457
22.79991340637207
23.50132942199707
23.61619758605957
23.76292610168457
22.40550422668457
22.80040168762207
21.20701789855957
17.35423469543457
16.19944953918457
16.42149543762207
15.27781867980957
15.03514289855957
9.37339973449707
9.84861946105957
13.36265754699707
22.89744758605957
19.32811164855957
21.15501594543457
18.69725227355957
18.22191047668457
9.47288703918457
11.33079719543457
12.94005012512207
9.90062141418457
15.49473762512207
19.21068000793457
18.53318977355957
10.14048957824707
15.22825813293457
19.07005500793457
14.06675910949707
21.61680793762207
17.04954719543457
23.37986946105957
17.56517219543457
16.99498176574707
17.19127082824707
21.36277961730957
9.72130012512207
18.10606575012207
12.06028938293457
17.85582160949707
16.16636848449707
14.57603645324707
16.45848274230957
21.97203254699707
17.80223274230957
10.05467414855957
16.02464485168457
12.39317512512207
17.86009407043457
10.69420051574707
11.40989875793457
18.40733528137207
16.58091926574707
11.82713508605957
20.92198371887207
18.53245735168457
18.70347785949707
11.91539192199707
19.04661750793457
13.51402473449707
10.88707160949707
14.21971321105957
15.12559700012207
15.54661750793457
18.90684700012207
16.48411750793457
14.59080696105957
17.62315559387207
16.09422492980957
18.76707649230957
16.86888313293457
18.77061653137207
17.61326789855957
17.10350227355957
17.89683723449707
18.62376594543457
18.18931770324707
18.48314094543457
18.77720832824707
18.41258430480957
19.24705696105957
18.91685676574707
21.51414680480957
22.44420051574707
22.86778450012207
24.29515266418457
24.53453254699707
27.31981086730957
24.26317024230957
19.21519660949707
20.92845344543457
25.54112434387207
20.71043586730957
22.95604133605957
24.52269172668457
19.81480598449707
17.11509895324707
20.55882453918457
23.67039680480957
25.20005989074707
26.17405891418457
25.71837043762207
27.38560676574707
25.95164680480957
25.82859992980957
25.83702278137207
26.03965950012207
26.12095832824707
25.71922492980957
26.13817024230957
22.65110969543457
19.10801887512207
25.22960090637207
21.54966926574707
24.52098274230957
22.86973762512207
18.11497688293457
26.67747688293457
26.93773078918457
25.77452278137207
25.78599739074707
25.92393684387207
25.94505500793457
22.41087532043457
20.84361457824707
22.25584602355957
19.87169075012207
26.57664680480957
23.99510383605957
21.78062629699707
23.68016242980957
22.52623176574707
24.36290168762207
24.08055305480957
19.98387336730957
23.10313606262207
25.05101203918457
21.29246711730957
25.53685188293457
25.36668586730957
25.80687141418457
22.81517219543457
25.08885383605957
25.57664680480957
24.00377082824707
25.35521125793457
24.89695930480957
24.13133430480957
25.80320930480957
26.29283332824707
26.09178352355957
25.80394172668457
25.59642219543457
26.07408332824707
25.80320930480957
25.68553352355957
25.90342903137207
25.85399055480957
25.83287239074707
25.91270637512207
25.72789192199707
25.48973274230957
25.85460090637207
27.08836555480957
26.85777473449707
26.55797004699707
26.69200325012207
26.91404914855957
27.30296516418457
27.39988899230957
27.08555793762207
27.22361946105957
26.62864875793457
26.28758430480957
26.27842903137207
26.05394172668457
25.75767707824707
25.68150520324707
25.73460578918457
25.93663215637207
25.84044075012207
25.84984016418457
16.67405891418457
15.20787239074707
12.44163703918457
21.59837532043457
25.07859992980957
19.96324348449707
21.09141731262207
26.33458137512207
25.77891731262207
14.95799446105957
23.21422004699707
23.80223274230957
22.44944953918457
26.06578254699707
25.84263801574707
19.36778450012207
25.75877571105957
20.39940071105957
21.32249641418457
21.81260871887207
16.48912239074707
26.07103157043457
24.83897590637207
25.94896125793457
26.47007942199707
18.23240852355957
26.48289680480957
22.98887825012207
25.20726203918457
24.32493782043457
26.03795051574707
25.64122200012207
26.27537727355957
26.45286750793457
26.30577278137207
26.07078742980957
25.75718879699707
25.62071418762207
25.80650520324707
23.80760383605957
22.15184211730957
26.31273078918457
20.70384407043457
23.47191047668457
25.72557258605957
21.29307746887207
25.64415168762207
25.68870735168457
22.36094856262207
24.48387336730957
25.11009407043457
24.06810188293457
25.79405403137207
24.64586067199707
24.20713996887207
25.16282844543457
25.15660285949707
25.28306770324707
25.37974739074707
25.18748664855957
26.11619758605957
25.50316047668457
25.46202278137207
25.93040657043457
23.45909309387207
25.82188606262207
20.84507942199707
26.02171516418457
22.38218879699707
23.08433723449707
24.67820930480957
25.08275032043457
25.29478645324707
24.34190559387207
25.27928352355957
25.40184211730957
25.54661750793457
25.53209114074707
25.74290657043457
25.74058723449707
25.61119270324707
25.65416145324707
25.57505989074707
25.60215950012207
25.54686164855957
25.73582649230957
25.49864387512207
21.25755500793457
25.18467903137207
24.75389289855957
25.68126106262207
25.87266731262207
25.91136360168457
25.70799446105957
22.35936164855957
23.80797004699707
25.46080207824707
25.29197883605957
25.97410774230957
24.25071907043457
24.28953742980957
25.16905403137207
25.48814582824707
25.74827766418457
25.79393196105957
25.93760871887207
25.22068977355957
25.28672981262207
26.05443000793457
25.30015754699707
26.01512336730957
26.23936653137207
25.49803352355957
26.06566047668457
25.64622688293457
25.94114875793457
25.40452766418457
25.40318489074707
25.59044075012207
25.80357551574707
25.88817024230957
25.69139289855957
25.79808235168457
25.90489387512207
26.01829719543457
26.03270149230957
26.14647102355957
26.25340461730957
26.35618782043457
26.38829231262207
27.71153450012207
27.33580207824707
27.29173469543457
27.80552864074707
27.85972785949707
27.27208137512207
26.77073860168457
27.12144660949707
26.97789192199707
26.69127082824707
25.27318000793457
27.91258430480957
27.57383918762207
26.93773078918457
25.81248664855957
27.47191047668457
26.54722785949707
27.65526008605957
26.41221809387207
26.44664192199707
26.83482551574707
26.35545539855957
26.69236946105957
27.68834114074707
27.40831184387207
27.64317512512207
27.40928840637207
27.25779914855957
27.00682258605957
27.02891731262207
25.79124641418457
26.16661262512207
26.26658821105957
26.23729133605957
25.64073371887207
25.43687629699707
26.17930793762207
25.59239387512207
26.03550910949707
25.24473762512207
26.00291633605957
25.97191047668457
25.55040168762207
25.33226203918457
25.47435188293457
25.85118293762207
24.74070930480957
25.93931770324707
26.09202766418457
26.05699348449707
25.69871711730957
26.01024055480957
25.93443489074707
26.18199348449707
25.76585578918457
25.95128059387207
25.86180305480957
25.70030403137207
26.22191047668457
26.01744270324707
25.90977668762207
26.09446907043457
26.05845832824707
26.50950813293457
26.39927864074707
26.15977668762207
26.18199348449707
26.20408821105957
26.19761848449707
26.10093879699707
26.08189582824707
26.07347297668457
26.07713508605957
25.94981575012207
22.13670539855957
16.70982551574707
20.70384407043457
21.61839485168457
22.57408332824707
23.47813606262207
26.48094367980957
25.26024055480957
23.81981086730957
26.60301399230957
24.33165168762207
28.19041633605957
28.92491340637207
29.47581672668457
29.30381965637207
29.36497688293457
27.46483039855957
28.30906867980957
27.35765266418457
28.54954719543457
27.25108528137207
28.50303840637207
28.70237922668457
28.92759895324707
29.07835578918457
28.01829719543457
27.09410285949707
29.17894172668457
28.48253059387207
28.40599250793457
28.66502571105957
28.38865852355957
28.62364387512207
28.07713508605957
27.77318000793457
26.82823371887207
27.36961555480957
26.90867805480957
26.97471809387207
26.23375129699707
26.34019660949707
26.26219367980957
26.14329719543457
26.33384895324707
26.23912239074707
26.34276008605957
26.26719856262207
26.26634407043457
26.17979621887207
26.55565071105957
26.28489875793457
27.55809211730957
26.74742317199707
25.94078254699707
27.31578254699707
27.23484992980957
26.83958625793457
26.55443000793457
26.33311653137207
26.29612922668457
26.33421516418457
26.89732551574707
26.81285285949707
26.43882942199707
25.90294075012207
26.34568977355957
26.20701789855957
26.41221809387207
26.35655403137207
26.14927864074707
25.64158821105957
26.64830207824707
26.71251106262207
25.65037727355957
25.97130012512207
26.23619270324707
25.69114875793457
26.01719856262207
26.48179817199707
26.26207160949707
26.26439094543457
26.04600715637207
25.91990852355957
26.14964485168457
26.31627082824707
26.19969367980957
25.98472785949707
26.21800422668457
26.20555305480957
26.14683723449707
26.05699348449707
26.14463996887207
25.93748664855957
26.55186653137207
25.93907356262207
26.31309700012207
25.73069953918457
25.68248176574707
26.69249153137207
25.68272590637207
25.91807746887207
26.11583137512207
25.69517707824707
26.74412727355957
26.01048469543457
26.73912239074707
25.76219367980957
26.43687629699707
25.96885871887207
25.94859504699707
26.12108039855957
25.67759895324707
25.83848762512207
26.28001594543457
26.15098762512207
26.55711555480957
26.43846321105957
25.58421516418457
26.47093391418457
26.39219856262207
25.65318489074707
25.64317512512207
25.54539680480957
26.28660774230957
26.38487434387207
26.15037727355957
25.45848274230957
25.51609992980957
25.39500617980957
25.84349250793457
25.34959602355957
25.47398567199707
26.00706672668457
25.25950813293457
25.38682746887207
25.30406379699707
25.51939582824707
25.94700813293457
25.25193977355957
24.98094367980957
24.95970344543457
25.77562141418457
24.74193000793457
25.96141242980957
24.66722297668457
25.39952278137207
24.95054817199707
24.64476203918457
25.40342903137207
24.43358039855957
24.50779914855957
24.33079719543457
25.04625129699707
24.97361946105957
18.08165168762207
27.00267219543457
25.48973274230957
26.93089485168457
28.58775520324707
29.26219367980957
28.81541633605957
27.58384895324707
27.59544563293457
28.79710578918457
27.56712532043457
28.76280403137207
27.17418098449707
28.46299934387207
28.37864875793457
27.92161750793457
26.92186164855957
26.12718391418457
26.23985481262207
26.95262336730957
26.51475715637207
26.49449348449707
26.65794563293457
27.35984992980957
26.62791633605957
26.32737922668457
26.58409309387207
26.07884407043457
26.53648567199707
26.42674446105957
26.13572883605957
26.34703254699707
25.95604133605957
26.15501594543457
26.22752571105957
25.89415168762207
26.55601692199707
26.00621223449707
26.05394172668457
25.96910285949707
26.06761360168457
26.05418586730957
25.72435188293457
26.00169563293457
25.81065559387207
25.19981575012207
25.27806282043457
26.02598762512207
25.90074348449707
24.99766731262207
24.43809700012207
18.85008430480957
27.13560676574707
28.69090461730957
29.21006965637207
27.79588508605957
29.04930305480957
27.63292121887207
28.64280891418457
27.72374153137207
28.73826789855957
28.42296028137207
27.51841926574707
26.73472785949707
26.32945442199707
26.56871223449707
26.74315071105957
26.26231575012207
26.99839973449707
25.68504524230957
26.02586555480957
26.56627082824707
26.03404426574707
26.03843879699707
25.69139289855957
26.34739875793457
25.99986457824707
25.76109504699707
25.80589485168457
24.83848762512207
25.18297004699707
21.30272102355957
27.49156379699707
25.84495735168457
29.37291145324707
28.08397102355957
27.73936653137207
28.47935676574707
26.77830696105957
26.43516731262207
26.41917610168457
26.26341438293457
26.64671516418457
26.31785774230957
25.84996223449707
26.25523567199707
25.97276496887207
25.68101692199707
26.63463020324707
26.04942512512207
25.75670051574707
25.18821907043457
25.12681770324707
25.98558235168457
24.77806282043457
25.31981086730957
29.03209114074707
28.82567024230957
28.15489387512207
27.43882942199707
27.42979621887207
26.61717414855957
26.41246223449707
26.31199836730957
26.72825813293457
27.04197883605957
26.68931770324707
25.26194953918457
25.07628059387207
20.89402961730957
29.51024055480957
29.16270637512207
27.92296028137207
28.08763313293457
28.57945442199707
27.35923957824707
26.99815559387207
26.23228645324707
26.48240852355957
26.54210090637207
25.99266242980957
25.36058235168457
25.23887825012207
25.14073371887207
29.29210090637207
28.59605598449707
26.23277473449707
26.33128547668457
26.13560676574707
26.15440559387207
29.64525032043457
28.76231575012207
27.09166145324707
26.38951301574707
26.43992805480957
26.14195442199707
26.09276008605957
25.38939094543457
25.25218391418457
25.60301399230957
25.62584114074707
21.87852668762207
26.50218391418457
26.55943489074707
25.44847297668457
25.23887825012207
25.78184700012207
29.02745246887207
26.32945442199707
27.10801887512207
26.37706184387207
25.58018684387207
25.66014289855957
25.89341926574707
25.59922981262207
22.79918098449707
26.42955207824707
26.22007942199707
25.82774543762207
23.78148078918457
28.71263313293457
26.36375617980957
23.65355110168457
29.05613899230957
27.05479621887207
26.29161262512207
25.41282844543457
26.09288215637207
25.79478645324707
25.96995735168457
26.15098762512207
26.23570442199707
26.16148567199707
26.14024543762207
25.98314094543457
26.12938117980957
26.14903450012207
26.65001106262207
26.02342414855957
26.80003547668457
26.05674934387207
26.64756965637207
26.08763313293457
26.11705207824707
26.36338996887207
26.04588508605957
26.40733528137207
29.53355598449707
26.03758430480957
26.68699836730957
25.74632453918457
26.49791145324707
26.12169075012207
26.37730598449707
