9.876351576561311e-42
7.430711269378662
12.44719123840332
5.325730800628662
9.10319709777832
5.408982753753662
13.26420783996582
13.76140022277832
10.62150764465332
24.16301155090332
11.53483772277832
23.18828010559082
23.38188362121582
26.41313362121582
25.02263069152832
23.21354866027832
27.04460334777832
25.90873908996582
27.27922248840332
23.48613166809082
27.29545783996582
27.02983283996582
16.58867073059082
19.99015998840332
19.12162971496582
26.59062385559082
27.26335334777832
24.86052131652832
24.96635627746582
25.80510139465332
26.97795295715332
26.51664924621582
22.91398811340332
26.92753791809082
24.74577522277832
26.28557014465332
25.37956428527832
25.70854377746582
25.59575080871582
24.99296760559082
25.97795295715332
25.29228401184082
10.28691291809082
19.93705940246582
5.002366542816162
11.48405647277832
15.61662483215332
22.00602912902832
26.08806037902832
16.36650276184082
24.54338264465332
27.24870491027832
24.69890022277832
27.27458381652832
15.27299690246582
27.33146858215332
22.20182991027832
27.14225959777832
25.73442268371582
26.41789436340332
15.44511604309082
22.49992561340332
9.85600471496582
19.69731330871582
14.64067268371582
27.00285530090332
27.26933479309082
25.94597053527832
18.66020393371582
27.50053596496582
26.76530647277832
25.35795783996582
13.64604377746582
20.50309944152832
11.37700080871582
18.15324592590332
27.12590217590332
27.18303108215332
18.16057014465332
27.41020393371582
24.84562873840332
25.50822639465332
19.53801155090332
22.83207893371582
21.73857307434082
27.31352424621582
26.84611701965332
26.78764533996582
27.37883186340332
25.70036506652832
22.39628791809082
16.19474983215332
27.34965705871582
27.44401741027832
25.68803596496582
24.10869026184082
26.72868537902832
26.29936408996582
26.07206916809082
18.77592658996582
21.43962287902832
26.47062873840332
25.94450569152832
26.19059944152832
17.72282600402832
23.80375862121582
22.36552619934082
26.04899787902832
25.83659553527832
26.66533088684082
21.36125373840332
24.97209358215332
24.42253303527832
26.72636604309082
25.11369514465332
25.36198616027832
26.33098030090332
18.20952033996582
26.62248420715332
21.20622444152832
26.76860237121582
26.12053108215332
26.98283576965332
27.29789924621582
26.87272834777832
26.75334358215332
27.09037971496582
26.80363655090332
25.94230842590332
27.03471565246582
27.36088752746582
19.98307991027832
27.24040412902832
27.30998420715332
27.38481330871582
27.39616584777832
22.84770393371582
26.50505256652832
26.68046760559082
26.77800178527832
26.76762580871582
27.21159553527832
26.69413948059082
27.09953498840332
27.24943733215332
27.15751838684082
27.16069221496582
27.19072151184082
27.41423225402832
27.23857307434082
27.28642463684082
27.44902229309082
27.41923713684082
27.42643928527832
26.81608772277832
26.33452033996582
26.15129280090332
25.96257209777832
25.86931037902832
25.79643440246582
25.66874885559082
25.67997932434082
10.32756233215332
12.29411506652832
9.55595588684082
11.64848518371582
9.75200080871582
12.84965705871582
15.82792854309082
12.99614143371582
16.55070686340332
16.60685920715332
9.17570686340332
13.44023323059082
18.23515510559082
9.36076545715332
19.65202522277832
12.55632209777832
16.14164924621582
22.68583869934082
12.65654182434082
22.12870979309082
22.06962776184082
13.07219123840332
6.701707363128662
24.86284065246582
22.03215217590332
19.91057014465332
14.71354866027832
17.89897346496582
20.41240119934082
9.37199592590332
22.27568244934082
19.10539436340332
21.26506233215332
18.56901741027832
11.25407600402832
12.21879768371582
9.97111701965332
13.35746955871582
15.23454475402832
9.74504280090332
15.95121955871582
15.90275764465332
21.48283576965332
15.33098030090332
18.82719612121582
11.66594123840332
23.29228401184082
16.50749397277832
23.93376350402832
12.07695198059082
12.71464729309082
20.48002815246582
13.22941780090332
23.51921272277832
19.09977912902832
12.33525276184082
15.29973030090332
25.83525276184082
19.69865608215332
13.94743537902832
18.52177619934082
16.69792366027832
20.18083381652832
12.49748420715332
21.22941780090332
13.82768440246582
14.08671760559082
22.25041389465332
20.41301155090332
15.88017463684082
18.50273323059082
18.55497932434082
15.39372444152832
21.74357795715332
21.67192268371582
21.29692268371582
21.07914924621582
22.44340705871582
23.62321662902832
17.83940315246582
22.79643440246582
19.03105354309082
25.88469123840332
20.29875373840332
25.37980842590332
21.28325080871582
22.23613166809082
23.36308479309082
21.40226936340332
21.35197639465332
21.93925666809082
23.11137580871582
23.74736213684082
25.32267951965332
26.08476448059082
26.74333381652832
23.66411018371582
23.88615608215332
22.89860725402832
17.09916877746582
15.35954475402832
15.88359260559082
15.65422248840332
15.65178108215332
9.41813850402832
10.08635139465332
11.34184455871582
23.38725471496582
20.21037483215332
21.15190315246582
21.28032112121582
19.32975959777832
9.55327033996582
10.84037971496582
12.15617561340332
10.86552619934082
14.60612678527832
19.52495002746582
18.86003303527832
11.96953010559082
13.42668342590332
18.14604377746582
13.91569709777832
23.33305549621582
17.25956916809082
24.35771369934082
17.17802619934082
17.53471565246582
18.80436897277832
22.09489631652832
9.44230842590332
17.88371467590332
12.54863166809082
18.44011116027832
14.02726936340332
14.03386116027832
17.01774787902832
23.60148811340332
19.60112190246582
10.10942268371582
15.42253303527832
13.34892463684082
19.20463752746582
10.46379280090332
12.63627815246582
19.44474983215332
16.70805549621582
13.55327033996582
22.59855842590332
18.81816291809082
19.49333381652832
11.66191291809082
20.33732795715332
14.56120491027832
10.93474006652832
14.04985237121582
14.65764045715332
15.06266975402832
20.55180549621582
15.51323127746582
12.91093635559082
16.84343147277832
14.99858283996582
20.59770393371582
16.96940803527832
21.12297248840332
18.33110237121582
16.93950080871582
18.51872444152832
20.88603401184082
20.16105842590332
20.92424201965332
21.38920783996582
20.42839241027832
20.25078010559082
19.56401252746582
23.20866584777832
23.94706916809082
23.89995002746582
25.33696174621582
25.15214729309082
25.99040412902832
24.55192756652832
19.85917854309082
20.62187385559082
25.65385627746582
21.03349494934082
22.80620002746582
24.00041389465332
19.36650276184082
15.33342170715332
20.54594612121582
23.67924690246582
24.66728401184082
24.61808967590332
25.76371955871582
25.41557502746582
25.31230354309082
26.02165412902832
26.01481819152832
26.32451057434082
25.46013069152832
25.96379280090332
26.84355354309082
22.86137580871582
20.06242561340332
24.95817756652832
21.69694709777832
24.25627326965332
23.18535041809082
17.64079475402832
25.20427131652832
25.32231330871582
25.88994026184082
26.36870002746582
25.70463752746582
27.06608772277832
22.69719123840332
20.60222053527832
22.62272834777832
21.11052131652832
25.43791389465332
24.01286506652832
22.02128791809082
24.43913459777832
23.25493049621582
25.93925666809082
23.59684944152832
20.28593635559082
23.92131233215332
24.20720100402832
21.41667366027832
25.83854866027832
24.22599983215332
24.37883186340332
23.21977424621582
24.31828498840332
24.62101936340332
24.12773323059082
25.80546760559082
24.74968147277832
24.60759162902832
25.56096076965332
25.20060920715332
25.20378303527832
25.76713752746582
25.97502326965332
25.40495491027832
25.97978401184082
25.95646858215332
25.53361701965332
25.72233772277832
25.95927619934082
26.25554084777832
26.24235725402832
26.18022346496582
26.20829963684082
25.81669807434082
25.38139533996582
24.58696174621582
24.46721076965332
24.61943244934082
24.70256233215332
24.90373420715332
24.82011604309082
25.27690315246582
25.37602424621582
25.37980842590332
25.47270393371582
25.55974006652832
25.86552619934082
26.32975959777832
26.50053596496582
26.69438362121582
26.92509651184082
27.32975959777832
15.81035041809082
14.40605354309082
12.53361701965332
23.72599983215332
25.98381233215332
22.27470588684082
21.59257698059082
27.15129280090332
27.20329475402832
15.08146858215332
25.22770881652832
25.36174201965332
22.82402229309082
27.08207893371582
27.43412971496582
21.30070686340332
26.61577033996582
22.93901252746582
23.69511604309082
24.36625862121582
16.95024299621582
26.66362190246582
26.38395881652832
27.04911994934082
27.18962287902832
19.08366584777832
27.18547248840332
25.20488166809082
26.26835823059082
26.01994514465332
26.30400276184082
26.26384162902832
26.60551643371582
27.09233283996582
27.16911506652832
27.19926643371582
27.26286506652832
27.33476448059082
25.78972053527832
24.80790901184082
21.41264533996582
27.06450080871582
19.21025276184082
24.34489631652832
26.41765022277832
20.72343635559082
26.50139045715332
27.12907600402832
22.80351448059082
27.07390022277832
27.34611701965332
26.42985725402832
27.13969612121582
27.39995002746582
26.75090217590332
27.73784065246582
27.66569709777832
27.97636604309082
27.49211311340332
28.13737678527832
27.20244026184082
27.73039436340332
27.49492073059082
27.01054573059082
24.07426643371582
25.82475471496582
19.36515998840332
26.94230842590332
22.22783088684082
23.80449104309082
27.31816291809082
27.70976448059082
27.38798713684082
27.41813850402832
27.76494026184082
27.68620491027832
27.75810432434082
27.47294807434082
26.90568733215332
26.33769416809082
26.99833869934082
26.88823127746582
27.57817268371582
27.44230842590332
27.24467658996582
26.62394905090332
26.79838752746582
20.60551643371582
27.43144416809082
27.93217658996582
27.48600959777832
27.38481330871582
27.18583869934082
26.81486701965332
22.68620491027832
25.23564338684082
27.31572151184082
27.99382209777832
27.28654670715332
26.74418830871582
26.73930549621582
27.65788459777832
27.43522834777832
27.29216194152832
27.48234748840332
27.35087776184082
26.89213752746582
28.07097053527832
27.09672737121582
27.31999397277832
27.38615608215332
26.82792854309082
27.36039924621582
27.36686897277832
27.41081428527832
27.35246467590332
27.93266487121582
27.80912971496582
27.64250373840332
27.53080940246582
27.44523811340332
27.36418342590332
27.41313362121582
27.48149299621582
27.21989631652832
27.17802619934082
26.98784065246582
26.83854866027832
26.68950080871582
26.50029182434082
25.31059455871582
24.92607307434082
25.21818733215332
25.06218147277832
25.36479377746582
25.16826057434082
24.16740608215332
24.37663459777832
24.46220588684082
24.62773323059082
23.64738655090332
25.02836799621582
25.35087776184082
24.38383674621582
24.13151741027832
24.97075080871582
24.05851936340332
25.42399787902832
24.56645393371582
24.79460334777832
25.03544807434082
24.86039924621582
25.23210334777832
25.55436897277832
25.17790412902832
25.71037483215332
25.91386604309082
25.49553108215332
25.66557502746582
25.50029182434082
24.29985237121582
24.26017951965332
24.25456428527832
24.81523323059082
24.04875373840332
23.77763557434082
24.20964241027832
24.09880256652832
24.44011116027832
23.58342170715332
24.59623908996582
25.04313850402832
23.78203010559082
23.48320198059082
24.11223030090332
24.57719612121582
23.71647834777832
24.44645881652832
24.37663459777832
24.72038459777832
24.26896858215332
24.80803108215332
24.44560432434082
24.28349494934082
24.31852912902832
24.56144905090332
24.32975959777832
24.47685432434082
24.61247444152832
24.74150276184082
24.72661018371582
24.73661994934082
24.81999397277832
24.91252326965332
24.58964729309082
24.56181526184082
24.70170783996582
24.88298225402832
24.51823616027832
24.77885627746582
24.76848030090332
24.77690315246582
24.74699592590332
25.02250862121582
23.09269905090332
17.56743049621582
22.55412483215332
23.23027229309082
23.74699592590332
24.29411506652832
26.15275764465332
25.98857307434082
24.38578987121582
25.82707405090332
24.81413459777832
25.04802131652832
25.02873420715332
25.01518440246582
24.74125862121582
24.86772346496582
25.64201545715332
24.74431037902832
25.50786018371582
23.79155158996582
25.18388557434082
23.99601936340332
24.23649787902832
24.50395393371582
24.80912971496582
24.59916877746582
24.60832405090332
25.12602424621582
24.22392463684082
24.25041389465332
25.25236701965332
24.49626350402832
25.24431037902832
25.20671272277832
25.28080940246582
24.17021369934082
24.76738166809082
25.20097541809082
24.45598030090332
23.95207405090332
23.88969612121582
24.83256721496582
24.44584846496582
24.64421272277832
24.61967658996582
24.07158088684082
24.50627326965332
24.25297737121582
25.46782112121582
24.34282112121582
24.68571662902832
25.31498908996582
24.45427131652832
25.65117073059082
25.04509162902832
25.39311408996582
24.59599494934082
24.71513557434082
24.74699592590332
24.98295783996582
25.12858772277832
24.77079963684082
24.58207893371582
24.79875373840332
25.86039924621582
25.33867073059082
25.52226448059082
24.48198127746582
24.81682014465332
25.61418342590332
26.52018928527832
24.90678596496582
25.04936408996582
26.73478889465332
25.87883186340332
25.51786994934082
26.41960334777832
25.78740119934082
24.87773323059082
25.25029182434082
24.87016487121582
25.53837776184082
26.63005256652832
25.27189826965332
24.95390510559082
24.38676643371582
26.10075569152832
25.17180061340332
25.30168342590332
25.29875373840332
25.66618537902832
26.31498908996582
25.09599494934082
26.21074104309082
25.44682502746582
26.73564338684082
24.82194709777832
24.53056526184082
26.13798713684082
24.84306526184082
25.42387580871582
27.03898811340332
25.06596565246582
26.06645393371582
24.98906135559082
26.00517463684082
25.14982795715332
25.55327033996582
24.59440803527832
25.31071662902832
26.93266487121582
24.73381233215332
24.86760139465332
26.61369514465332
25.40275764465332
26.32438850402832
25.87626838684082
25.01957893371582
26.43730354309082
26.24675178527832
24.70781135559082
25.01738166809082
24.59111213684082
26.17521858215332
26.40202522277832
26.32475471496582
24.87028694152832
24.86699104309082
24.67534065246582
25.52873420715332
24.59977912902832
24.75480842590332
26.14006233215332
24.42729377746582
25.18461799621582
24.70854377746582
25.28117561340332
25.50358772277832
24.70524787902832
24.81523323059082
24.93986701965332
25.34636116027832
24.81645393371582
25.64335823059082
24.88554573059082
25.22416877746582
24.98539924621582
24.71232795715332
25.23185920715332
24.68657112121582
24.60185432434082
23.78581428527832
24.89982795715332
25.13908576965332
19.74724006652832
25.99931526184082
25.81608772277832
25.97807502746582
24.97697639465332
25.06816291809082
24.69890022277832
25.19108772277832
24.94011116027832
24.09855842590332
24.61467170715332
24.94963264465332
24.57316780090332
24.35148811340332
24.62040901184082
25.30876350402832
24.19487190246582
24.18498420715332
24.44792366027832
24.82512092590332
24.92411994934082
24.39445686340332
24.27629280090332
25.67753791809082
24.83085823059082
25.17033576965332
24.70256233215332
25.65995979309082
24.94316291809082
24.76884651184082
25.56144905090332
24.97697639465332
25.38188362121582
26.61821174621582
25.53239631652832
25.09819221496582
26.31718635559082
24.93486213684082
25.27446174621582
25.33818244934082
25.37065315246582
25.16777229309082
24.93461799621582
25.58098030090332
25.49699592590332
24.55253791809082
24.97612190246582
25.40654182434082
25.29179573059082
24.71342658996582
23.82341194152832
21.19365119934082
25.64103889465332
24.77568244934082
24.73063850402832
24.96733283996582
24.49028205871582
24.67082405090332
24.51164436340332
24.75639533996582
25.21354866027832
25.06620979309082
24.66679573059082
24.34990119934082
24.88762092590332
24.26164436340332
24.39616584777832
24.93779182434082
25.58317756652832
26.66716194152832
25.65043830871582
26.43681526184082
25.07072639465332
25.49980354309082
25.05583381652832
26.56706428527832
25.00139045715332
25.33842658996582
25.27043342590332
24.74931526184082
25.04191780090332
22.90654182434082
25.33122444152832
25.74980354309082
24.96501350402832
24.74370002746582
24.96830940246582
25.49504280090332
24.65703010559082
25.00444221496582
24.07695198059082
24.66935920715332
24.45878791809082
25.21586799621582
27.13676643371582
25.00602912902832
25.57682991027832
25.13249397277832
26.26017951965332
25.07133674621582
25.05265998840332
24.47160530090332
24.74235725402832
25.35563850402832
24.92082405090332
25.20060920715332
24.90263557434082
24.75871467590332
24.91252326965332
24.54435920715332
24.96049690246582
24.46220588684082
24.55119514465332
25.20634651184082
24.61650276184082
25.38749885559082
26.26762580871582
24.60905647277832
25.10356330871582
22.71367073059082
24.87944221496582
24.80998420715332
24.79057502746582
25.16691780090332
24.73491096496582
24.67814826965332
24.97441291809082
24.68596076965332
24.50139045715332
24.51115608215332
27.10234260559082
24.68351936340332
25.17082405090332
25.13847541809082
24.82182502746582
24.71000862121582
24.84196662902832
24.66081428527832
26.96550178527832
25.47258186340332
24.85563850402832
24.70048713684082
24.85917854309082
24.71415901184082
26.54985237121582
25.45707893371582
25.18815803527832
24.69084358215332
24.78788948059082
25.43290901184082
25.23661994934082
23.30278205871582
24.72978401184082
26.33964729309082
24.86808967590332
24.84037971496582
25.49809455871582
25.05595588684082
25.06596565246582
25.11992073059082
24.86870002746582
24.92888069152832
25.14042854309082
25.48503303527832
25.23698616027832
24.09807014465332
26.53947639465332
25.55388069152832
25.32597541809082
25.19914436340332
25.12162971496582
24.81071662902832
24.58928108215332
24.49675178527832
25.17411994934082
25.39897346496582
26.26567268371582
26.43901252746582
25.27873420715332
26.15287971496582
25.55693244934082
25.47209358215332
25.55046272277832
25.91838264465332
25.68486213684082
25.45927619934082
24.96415901184082
26.12773323059082
25.29850959777832
25.60051155090332
25.68461799621582
24.68193244934082
25.47392463684082
25.73246955871582
24.47319221496582
25.42009162902832
25.75419807434082
24.91765022277832
25.22429084777832
26.08989143371582
24.52556037902832
26.15483283996582
25.72685432434082
24.92680549621582
