9.876351576561311e-42
5.896134853363037
10.837663650512695
3.577043056488037
7.526505947113037
4.006608486175537
11.608903884887695
11.620256423950195
8.085710525512695
23.838884353637695
9.204607009887695
22.808122634887695
23.081315994262695
25.172014236450195
24.432634353637695
21.751970291137695
26.888444900512695
24.603288650512695
26.832292556762695
21.469865798950195
26.419084548950195
26.964616775512695
14.098894119262695
17.514421463012695
17.042253494262695
26.930681228637695
27.006975173950195
23.116594314575195
24.352434158325195
26.678606033325195
26.258073806762695
27.025041580200195
22.419206619262695
26.392717361450195
24.330705642700195
25.665422439575195
24.910173416137695
25.203508377075195
26.047258377075195
24.633562088012695
25.410051345825195
24.633073806762695
8.618547439575195
18.884538650512695
3.444474697113037
9.876115798950195
13.333635330200195
21.409929275512695
24.929460525512695
14.187395095825195
24.105974197387695
26.629533767700195
23.539201736450195
26.915056228637695
12.596452713012695
26.580461502075195
20.130266189575195
26.451921463012695
26.500993728637695
25.782976150512695
14.261247634887695
21.896989822387695
7.773210048675537
17.901262283325195
12.395280838012695
26.179216384887695
26.820085525512695
24.697038650512695
16.034318923950195
26.322649002075195
26.178361892700195
24.813371658325195
12.165910720825195
19.878679275512695
9.578508377075195
16.518327713012695
26.382951736450195
26.893327713012695
15.579240798950195
26.375505447387695
24.331560134887695
25.048723220825195
18.935564041137695
22.567399978637695
20.533708572387695
26.757463455200195
26.934099197387695
26.945817947387695
26.109514236450195
25.243303298950195
22.041032791137695
14.256364822387695
26.972917556762695
26.276506423950195
25.294206619262695
23.740739822387695
26.911149978637695
26.997941970825195
25.533098220825195
17.804948806762695
19.400774002075195
26.918474197387695
25.550310134887695
25.661760330200195
16.281389236450195
23.430437088012695
20.267473220825195
26.877580642700195
25.125383377075195
26.167741775512695
20.458024978637695
24.491472244262695
22.775529861450195
26.274187088012695
24.580583572387695
23.705583572387695
25.563249588012695
16.612321853637695
25.851701736450195
20.545671463012695
25.799089431762695
24.675676345825195
26.412981033325195
26.132585525512695
26.351091384887695
25.903581619262695
26.416887283325195
25.932024002075195
26.811906814575195
26.369035720825195
26.474504470825195
18.935441970825195
26.558488845825195
26.678728103637695
26.779191970825195
26.726213455200195
22.321672439575195
25.180192947387695
25.334733963012695
25.463029861450195
25.615129470825195
25.958024978637695
25.422014236450195
25.709245681762695
25.894548416137695
26.103410720825195
26.286027908325195
26.437028884887695
26.729753494262695
26.470354080200195
26.674699783325195
26.965593338012695
26.967424392700195
27.065080642700195
26.982072830200195
27.079362869262695
27.016008377075195
26.906755447387695
26.638933181762695
26.269426345825195
26.185441970825195
26.210222244262695
9.865861892700195
11.235490798950195
9.333269119262695
10.508928298950195
8.907243728637695
11.262834548950195
13.694231033325195
11.691057205200195
14.257585525512695
15.271379470825195
9.079362869262695
10.828874588012695
16.308122634887695
8.223527908325195
18.121477127075195
10.131975173950195
13.448869705200195
21.850236892700195
11.332902908325195
21.163713455200195
20.302263259887695
11.709001541137695
5.293229579925537
22.914445877075195
20.111833572387695
18.374162673950195
12.993791580200195
16.555315017700195
19.059587478637695
7.670304775238037
20.640031814575195
17.749284744262695
20.163957595825195
16.986467361450195
10.174943923950195
10.700578689575195
9.860002517700195
11.267351150512695
13.420061111450195
10.055559158325195
13.810808181762695
13.479021072387695
20.387834548950195
12.830095291137695
16.423234939575195
10.331560134887695
22.040300369262695
15.313859939575195
22.868547439575195
10.725481033325195
10.768083572387695
18.927873611450195
11.577898025512695
22.414567947387695
16.808488845825195
11.022722244262695
13.955095291137695
24.012590408325195
18.103776931762695
12.622819900512695
16.520402908325195
14.921525955200195
17.812761306762695
11.174455642700195
20.000505447387695
12.521745681762695
12.282609939575195
21.530900955200195
19.167009353637695
14.338518142700195
16.544450759887695
16.815935134887695
13.846208572387695
20.012712478637695
20.677263259887695
19.709733963012695
19.080583572387695
21.573991775512695
22.777849197387695
16.166399002075195
21.571794509887695
17.605607986450195
24.378557205200195
18.970598220825195
23.546648025512695
20.024187088012695
21.248796463012695
22.511247634887695
20.272722244262695
20.719011306762695
21.328630447387695
22.338396072387695
22.729753494262695
23.526140213012695
24.324480056762695
25.225969314575195
21.792497634887695
22.396867752075195
20.601945877075195
14.898820877075195
13.356706619262695
13.774187088012695
13.375627517700195
13.973405838012695
9.030656814575195
9.891496658325195
10.783342361450195
20.329118728637695
17.362077713012695
18.067033767700195
17.595720291137695
16.968767166137695
9.205583572387695
10.856096267700195
11.849016189575195
11.093034744262695
12.712541580200195
17.131364822387695
16.373552322387695
11.728776931762695
11.390520095825195
16.372819900512695
12.237443923950195
21.130144119262695
14.818620681762695
23.115373611450195
15.141618728637695
15.315202713012695
16.499284744262695
19.389177322387695
9.276628494262695
16.319475173950195
13.135149002075195
15.884416580200195
11.498308181762695
13.322893142700195
14.479509353637695
21.707658767700195
17.113664627075195
9.990739822387695
12.930315017700195
12.837419509887695
16.652116775512695
10.532854080200195
12.356096267700195
16.742082595825195
14.064348220825195
14.104753494262695
20.136125564575195
16.676286697387695
16.847673416137695
11.095476150512695
17.474870681762695
15.231828689575195
10.657121658325195
14.621232986450195
14.097307205200195
14.146867752075195
17.533952713012695
14.497087478637695
12.013933181762695
15.740861892700195
13.829973220825195
17.735734939575195
15.973161697387695
18.089250564575195
16.717546463012695
15.245012283325195
16.308366775512695
17.422868728637695
17.494279861450195
17.984025955200195
18.375017166137695
17.680559158325195
17.450944900512695
17.036760330200195
21.068010330200195
22.256364822387695
21.354387283325195
23.140520095825195
22.355974197387695
24.189836502075195
21.524675369262695
17.260393142700195
17.248796463012695
23.083024978637695
18.034807205200195
21.609392166137695
23.388444900512695
17.736223220825195
12.874773025512695
19.001604080200195
22.978166580200195
23.861833572387695
24.174211502075195
24.380876541137695
24.758195877075195
23.739152908325195
24.684465408325195
25.011857986450195
24.946428298950195
23.850114822387695
24.305925369262695
24.832658767700195
19.526506423950195
17.407976150512695
23.180437088012695
20.591081619262695
23.619524002075195
22.177995681762695
15.943620681762695
24.214860916137695
24.344133377075195
24.505266189575195
24.805315017700195
23.843400955200195
24.820451736450195
19.934831619262695
19.475236892700195
21.483293533325195
19.770036697387695
24.078264236450195
21.727190017700195
20.466203689575195
23.409807205200195
22.279558181762695
24.285295486450195
22.766862869262695
18.072282791137695
22.913957595825195
23.641618728637695
20.158708572387695
24.338762283325195
23.703752517700195
23.968767166137695
22.326189041137695
23.778581619262695
23.980607986450195
23.356584548950195
24.414934158325195
23.812761306762695
23.590227127075195
24.094255447387695
23.985490798950195
23.760393142700195
24.202531814575195
24.801652908325195
23.810441970825195
24.397844314575195
24.603776931762695
23.894670486450195
24.086809158325195
24.784318923950195
24.742570877075195
24.478288650512695
24.310564041137695
23.776018142700195
24.129167556762695
24.177507400512695
24.038225173950195
24.151994705200195
24.518327713012695
24.717424392700195
24.879167556762695
24.725725173950195
24.588151931762695
24.160661697387695
23.972063064575195
23.938493728637695
23.874162673950195
24.079607009887695
24.377458572387695
24.516618728637695
24.677141189575195
24.715715408325195
24.808366775512695
13.827165603637695
12.386980056762695
10.973283767700195
22.048234939575195
24.236223220825195
19.841081619262695
20.192644119262695
24.928483963012695
24.673479080200195
13.010637283325195
23.562273025512695
23.486589431762695
21.389787673950195
25.064958572387695
24.954362869262695
19.776750564575195
24.604143142700195
20.764421463012695
22.111345291137695
21.990251541137695
15.127336502075195
24.913591384887695
24.269548416137695
24.787248611450195
25.288591384887695
17.491472244262695
25.288591384887695
23.525896072387695
24.848283767700195
24.420671463012695
25.109636306762695
24.762834548950195
25.165300369262695
25.068254470825195
24.800065994262695
24.952043533325195
25.195329666137695
25.748674392700195
24.219865798950195
22.796037673950195
20.377092361450195
24.999284744262695
18.379777908325195
22.841203689575195
24.330583572387695
19.598405838012695
24.409440994262695
25.211809158325195
21.539323806762695
24.701677322387695
25.228532791137695
24.439348220825195
25.335222244262695
25.516008377075195
24.973161697387695
25.262956619262695
25.329973220825195
25.710588455200195
25.881731033325195
26.186052322387695
26.651018142700195
26.274431228637695
26.177751541137695
26.886857986450195
22.485002517700195
24.415910720825195
18.477678298950195
25.077043533325195
21.039201736450195
22.401506423950195
24.929704666137695
25.622941970825195
25.735490798950195
25.884782791137695
25.712175369262695
26.080095291137695
26.275163650512695
26.255754470825195
24.825822830200195
24.398698806762695
25.128679275512695
24.582170486450195
26.149919509887695
26.420427322387695
26.485490798950195
24.584856033325195
24.849138259887695
19.527727127075195
25.561784744262695
26.351457595825195
26.272966384887695
26.689104080200195
26.747209548950195
24.514421463012695
21.471086502075195
23.584733963012695
25.588762283325195
26.371232986450195
26.679460525512695
24.777238845825195
24.577898025512695
25.403581619262695
26.035051345825195
24.755876541137695
26.392595291137695
25.715837478637695
24.875383377075195
25.992570877075195
26.790422439575195
25.424089431762695
26.064592361450195
27.087785720825195
25.860368728637695
26.367204666137695
26.136613845825195
26.660173416137695
26.170915603637695
26.010149002075195
26.371477127075195
26.600725173950195
26.614763259887695
25.983659744262695
26.225114822387695
26.489519119262695
26.736589431762695
26.722917556762695
26.887346267700195
27.006608963012695
27.142717361450195
27.128313064575195
25.158952713012695
25.024065017700195
25.467424392700195
24.532732009887695
25.126237869262695
25.390398025512695
24.316667556762695
24.359148025512695
24.394792556762695
24.798723220825195
24.081560134887695
24.542863845825195
25.434221267700195
24.769914627075195
24.117815017700195
24.808977127075195
24.255998611450195
25.397111892700195
24.651140213012695
24.761735916137695
24.834978103637695
24.885149002075195
25.105485916137695
25.428850173950195
24.918352127075195
25.572282791137695
25.599870681762695
25.143693923950195
25.465837478637695
25.270891189575195
24.383195877075195
25.016984939575195
25.044206619262695
25.431901931762695
24.315935134887695
24.069353103637695
25.161027908325195
24.547868728637695
25.483781814575195
24.428483963012695
25.834001541137695
25.966814041137695
24.855852127075195
24.870378494262695
25.267717361450195
25.354265213012695
24.272233963012695
24.840959548950195
25.476457595825195
25.744890213012695
25.782732009887695
25.782609939575195
24.676774978637695
25.261735916137695
24.794939041137695
25.162492752075195
25.996965408325195
25.256853103637695
24.858903884887695
25.844377517700195
25.726335525512695
25.423967361450195
25.878801345825195
25.323991775512695
25.066057205200195
25.285173416137695
25.626726150512695
25.981462478637695
25.594621658325195
25.649187088012695
25.647600173950195
25.979631423950195
25.874162673950195
26.060197830200195
20.075334548950195
14.497941970825195
20.120622634887695
20.806169509887695
21.518815994262695
22.802629470825195
25.447038650512695
25.160661697387695
23.249162673950195
25.065202713012695
23.880632400512695
23.646257400512695
23.619524002075195
23.866594314575195
23.725969314575195
23.640398025512695
24.137346267700195
23.568620681762695
24.151994705200195
22.744646072387695
24.076066970825195
22.840715408325195
23.024675369262695
23.260637283325195
24.415300369262695
24.145036697387695
23.986955642700195
24.728288650512695
22.935686111450195
23.467302322387695
24.335466384887695
23.860734939575195
24.724626541137695
24.377336502075195
24.212053298950195
23.855607986450195
24.388566970825195
24.371110916137695
24.729753494262695
23.973527908325195
24.051164627075195
23.905168533325195
24.159074783325195
23.590715408325195
24.115983963012695
24.293596267700195
23.616716384887695
24.378679275512695
24.154680252075195
24.888689041137695
24.699235916137695
25.449602127075195
24.987077713012695
24.165056228637695
25.326189041137695
25.619890213012695
25.217546463012695
25.102067947387695
24.509538650512695
24.299577713012695
24.216081619262695
25.447282791137695
25.269548416137695
24.707902908325195
24.231462478637695
24.023698806762695
23.964738845825195
24.972551345825195
24.883684158325195
24.080339431762695
24.695329666137695
25.477800369262695
25.598405838012695
24.868669509887695
24.241594314575195
24.160783767700195
24.900163650512695
24.345598220825195
25.440446853637695
25.113420486450195
25.173601150512695
24.877214431762695
25.437517166137695
25.358659744262695
25.577165603637695
25.228532791137695
24.880632400512695
25.627092361450195
25.847429275512695
25.771745681762695
24.632951736450195
25.382829666137695
25.303972244262695
26.110857009887695
26.254411697387695
26.976091384887695
25.527238845825195
25.279314041137695
26.291032791137695
25.574724197387695
26.273698806762695
26.826921463012695
25.710588455200195
26.602190017700195
25.976701736450195
26.699968338012695
25.869401931762695
26.079118728637695
25.494646072387695
25.773942947387695
26.997453689575195
25.266496658325195
25.387834548950195
27.446550369262695
26.045671463012695
27.400285720825195
27.322160720825195
25.920305252075195
27.465105056762695
27.540422439575195
25.272844314575195
25.722551345825195
25.113664627075195
27.348527908325195
27.304582595825195
27.172380447387695
25.586076736450195
25.370256423950195
25.256364822387695
26.592912673950195
25.201311111450195
25.964616775512695
27.020769119262695
25.145647048950195
26.523210525512695
25.813982009887695
26.663103103637695
27.197160720825195
25.754045486450195
26.038835525512695
26.121110916137695
26.927995681762695
25.619157791137695
26.617570877075195
25.617815017700195
26.413835525512695
26.049455642700195
25.643327713012695
26.144914627075195
25.427873611450195
25.316301345825195
24.566789627075195
25.628313064575195
25.822404861450195
16.664079666137695
25.076189041137695
25.020280838012695
24.345232009887695
23.638444900512695
23.637468338012695
23.678606033325195
24.122575759887695
23.961320877075195
22.948747634887695
23.981218338012695
25.032609939575195
24.388689041137695
23.236467361450195
23.592180252075195
24.306291580200195
23.940080642700195
24.091081619262695
24.455095291137695
25.295549392700195
23.796648025512695
24.939226150512695
24.919450759887695
25.702165603637695
25.136491775512695
24.799943923950195
25.315446853637695
24.247697830200195
25.479021072387695
25.411027908325195
24.529191970825195
25.507951736450195
25.078508377075195
25.778459548950195
25.193254470825195
25.525163650512695
27.097185134887695
25.729875564575195
25.698381423950195
26.209245681762695
26.096574783325195
25.660661697387695
25.435319900512695
26.777849197387695
26.864519119262695
25.315202713012695
26.381608963012695
27.048112869262695
27.067644119262695
25.674577713012695
25.074235916137695
17.458391189575195
24.567522048950195
23.569841384887695
23.466325759887695
23.905778884887695
23.397722244262695
24.617204666137695
23.111223220825195
24.870500564575195
25.299577713012695
23.662492752075195
24.003435134887695
24.010759353637695
23.655534744262695
24.972063064575195
25.069841384887695
24.459611892700195
25.686052322387695
25.125261306762695
24.455705642700195
26.671770095825195
25.445573806762695
26.367570877075195
25.713274002075195
27.307024002075195
25.526140213012695
26.888322830200195
26.598527908325195
25.589494705200195
25.878923416137695
19.659807205200195
24.015153884887695
24.842668533325195
23.422624588012695
24.665910720825195
24.996965408325195
23.887712478637695
24.198625564575195
23.783952713012695
24.401628494262695
24.658098220825195
25.043962478637695
24.104631423950195
25.707536697387695
25.686052322387695
24.725603103637695
25.841936111450195
27.086442947387695
25.863664627075195
25.569597244262695
25.365983963012695
25.857927322387695
26.701677322387695
25.669450759887695
26.061906814575195
23.457414627075195
23.368181228637695
25.058122634887695
23.968767166137695
24.512346267700195
24.995256423950195
24.929704666137695
24.220354080200195
25.145158767700195
25.720964431762695
26.839250564575195
25.594621658325195
26.200456619262695
20.303483963012695
23.350358963012695
23.434099197387695
24.099260330200195
25.309831619262695
23.346940994262695
24.221574783325195
25.311784744262695
24.417375564575195
25.059099197387695
25.147356033325195
26.076433181762695
25.511491775512695
26.411027908325195
25.973894119262695
23.780900955200195
24.051408767700195
24.249162673950195
24.889787673950195
26.439348220825195
25.320573806762695
23.631608963012695
24.415910720825195
25.213640213012695
24.759172439575195
26.933122634887695
25.680925369262695
25.981340408325195
25.698991775512695
25.988420486450195
26.939958572387695
26.506364822387695
20.986711502075195
25.257097244262695
27.107683181762695
25.793840408325195
26.240251541137695
27.097063064575195
25.097673416137695
24.139787673950195
25.474260330200195
24.441911697387695
26.067766189575195
26.729021072387695
27.142229080200195
26.331193923950195
21.989152908325195
27.156267166137695
25.657487869262695
26.624284744262695
23.176652908325195
23.602556228637695
25.483537673950195
22.695940017700195
23.247819900512695
25.666521072387695
24.478899002075195
25.285295486450195
25.608049392700195
26.463762283325195
25.437273025512695
24.070573806762695
24.866838455200195
24.026384353637695
25.165056228637695
24.131608963012695
25.179460525512695
25.401506423950195
26.934465408325195
25.285295486450195
24.697893142700195
24.090837478637695
25.434465408325195
26.337175369262695
24.173723220825195
25.240129470825195
26.016130447387695
24.843767166137695
23.937761306762695
25.472795486450195
26.952775955200195
25.151140213012695
27.507585525512695
24.297868728637695
25.450822830200195
