9.876351576561311e-42
3.6954360008239746
8.946657180786133
2.4007582664489746
5.333009243011475
1.8161636590957642
10.240968704223633
11.034303665161133
6.782472133636475
20.692506790161133
7.589601039886475
20.891237258911133
21.163087844848633
19.761110305786133
20.881837844848633
19.631471633911133
20.323244094848633
21.808351516723633
20.844728469848633
19.556032180786133
22.729249954223633
20.660890579223633
13.274782180786133
16.272584915161133
16.738161087036133
20.847291946411133
21.293947219848633
21.819459915161133
23.623659133911133
21.785768508911133
23.759523391723633
21.856569290161133
22.467042922973633
23.260866165161133
24.231447219848633
24.377931594848633
24.418214797973633
24.543581008911133
23.158571243286133
24.489259719848633
24.579957962036133
24.617799758911133
6.411622524261475
16.428590774536133
1.7819839715957642
7.970582485198975
12.826295852661133
19.785158157348633
20.321168899536133
12.804567337036133
21.708986282348633
20.406373977661133
20.958498001098633
20.902589797973633
11.051637649536133
22.589723587036133
19.497072219848633
23.571657180786133
22.285890579223633
24.325685501098633
12.448610305786133
18.846193313598633
6.254884243011475
17.198854446411133
10.286256790161133
21.153444290161133
20.518678665161133
22.047731399536133
14.145753860473633
23.554811477661133
24.084962844848633
24.606691360473633
10.405763626098633
17.927736282348633
8.110353469848633
15.831544876098633
20.727174758911133
20.381349563598633
13.191164016723633
23.376710891723633
23.974855422973633
24.692750930786133
17.293825149536133
20.230958938598633
19.195070266723633
21.262086868286133
20.617433547973633
20.923585891723633
23.175172805786133
24.349611282348633
20.051271438598633
13.887575149536133
21.209596633911133
23.120485305786133
24.770021438598633
21.006227493286133
20.595582962036133
21.876832962036133
24.443117141723633
16.515016555786133
17.094606399536133
20.890871047973633
24.918458938598633
24.639528274536133
15.227296829223633
21.109376907348633
17.968751907348633
21.843019485473633
24.050783157348633
24.672243118286133
19.217409133911133
21.679201126098633
20.225587844848633
24.503419876098633
21.381593704223633
21.111085891723633
24.178468704223633
16.138551712036133
24.310304641723633
19.380250930786133
22.316652297973633
22.402589797973633
23.897584915161133
23.267335891723633
23.860963821411133
22.193361282348633
23.645998001098633
21.918336868286133
22.351808547973633
23.595216751098633
23.239137649536133
18.063356399536133
22.816896438598633
22.690431594848633
22.571901321411133
22.452150344848633
20.561891555786133
22.621583938598633
22.744874954223633
22.592897415161133
22.387697219848633
23.185304641723633
22.666383743286133
22.926881790161133
22.966432571411133
22.591188430786133
22.471559524536133
22.335939407348633
22.226808547973633
22.093141555786133
21.569215774536133
21.885744094848633
21.612550735473633
21.519289016723633
21.996339797973633
22.152467727661133
22.311769485473633
22.582887649536133
22.701173782348633
22.771608352661133
23.576906204223633
23.979738235473633
6.293824672698975
8.549684524536133
5.313111782073975
8.651735305786133
6.141725063323975
9.065187454223633
10.513917922973633
9.282106399536133
11.096559524536133
13.124147415161133
6.267579555511475
9.567628860473633
14.192995071411133
6.008180141448975
15.359254837036133
8.775514602661133
12.235963821411133
17.948366165161133
9.561525344848633
17.420778274536133
17.529298782348633
10.208620071411133
3.4193129539489746
17.489625930786133
16.820558547973633
15.945924758911133
11.661623001098633
14.726320266723633
16.262697219848633
5.741212368011475
16.839845657348633
15.557374954223633
16.754274368286133
15.029542922973633
7.193116664886475
8.160524368286133
5.040406703948975
9.316041946411133
10.908937454223633
6.225831508636475
12.429323196411133
11.703493118286133
16.224977493286133
11.285768508911133
14.690675735473633
8.323610305786133
17.553468704223633
13.728639602661133
18.850709915161133
8.103517532348633
9.045900344848633
16.396242141723633
9.929323196411133
17.877809524536133
11.745729446411133
8.195558547973633
12.386476516723633
17.177370071411133
15.992433547973633
10.448488235473633
14.785524368286133
13.340211868286133
12.605348587036133
8.562868118286133
16.592897415161133
10.274415969848633
10.626466751098633
17.539552688598633
16.474733352661133
11.987062454223633
12.704103469848633
13.540895462036133
12.003541946411133
12.943483352661133
17.355226516723633
13.608278274536133
16.747438430786133
17.275148391723633
17.284669876098633
14.345216751098633
17.041627883911133
15.152833938598633
17.207155227661133
15.254884719848633
17.220216751098633
13.668092727661133
17.805788040161133
18.818239212036133
15.489503860473633
16.409914016723633
17.043825149536133
18.446413040161133
18.354860305786133
17.249147415161133
17.208742141723633
17.331911087036133
13.570314407348633
14.174074172973633
12.328981399536133
8.333375930786133
8.871339797973633
8.976076126098633
10.072267532348633
11.012575149536133
4.288819789886475
6.065553188323975
9.486818313598633
12.135011672973633
9.572267532348633
9.914064407348633
11.440309524536133
12.710573196411133
4.836915493011475
6.592408657073975
8.308839797973633
7.383180141448975
11.903444290161133
11.462282180786133
11.682619094848633
8.625612258911133
9.731569290161133
11.426637649536133
10.172853469848633
13.167726516723633
8.024782180786133
14.932008743286133
8.387453079223633
12.010988235473633
11.192140579223633
11.014650344848633
4.960694789886475
13.460206985473633
9.083620071411133
12.253664016723633
9.451906204223633
11.571901321411133
6.794923305511475
13.723634719848633
10.558839797973633
5.676759243011475
11.851320266723633
10.809816360473633
8.000246047973633
6.492555141448975
10.106081008911133
8.745607376098633
12.376588821411133
11.155031204223633
11.958009719848633
12.873781204223633
9.006227493286133
8.333864212036133
12.251466751098633
12.682252883911133
7.146852016448975
11.305910110473633
13.070436477661133
12.271120071411133
11.635622024536133
12.765016555786133
10.632936477661133
13.653688430786133
11.805299758911133
11.045656204223633
13.553346633911133
11.177614212036133
13.443727493286133
12.375490188598633
12.468141555786133
11.817995071411133
11.541505813598633
11.087038040161133
10.739259719848633
10.010011672973633
9.315065383911133
9.044923782348633
12.619997024536133
14.222780227661133
13.362550735473633
15.394655227661133
14.597658157348633
17.508180618286133
13.581056594848633
9.955080032348633
9.296510696411133
15.731447219848633
9.451906204223633
13.253664016723633
16.197511672973633
11.829957962036133
10.091432571411133
12.382326126098633
15.460084915161133
17.576417922973633
17.969484329223633
17.635133743286133
18.894899368286133
17.963014602661133
17.904176712036133
17.575075149536133
17.800416946411133
18.518068313598633
18.576051712036133
17.858522415161133
11.071535110473633
9.916505813598633
15.558595657348633
13.406496047973633
16.799928665161133
15.033693313598633
11.083742141723633
18.572267532348633
18.668458938598633
17.801515579223633
18.168092727661133
18.290285110473633
17.938356399536133
11.095827102661133
12.746950149536133
14.069459915161133
12.904420852661133
18.582643508911133
13.487916946411133
12.127809524536133
15.788698196411133
14.470216751098633
15.932619094848633
14.769899368286133
11.338380813598633
15.157594680786133
16.070680618286133
12.986696243286133
17.346315383911133
16.812379837036133
17.448610305786133
14.783327102661133
17.133302688598633
17.758424758911133
16.536256790161133
16.963136672973633
17.546754837036133
16.702272415161133
17.828126907348633
18.356813430786133
18.114381790161133
17.987672805786133
17.401247024536133
18.252321243286133
18.163942337036133
17.624269485473633
18.141969680786133
18.291139602661133
17.710451126098633
17.957033157348633
18.302492141723633
16.808961868286133
16.471925735473633
17.372560501098633
17.267580032348633
17.481935501098633
17.773439407348633
18.103029251098633
18.317995071411133
18.575441360473633
18.426759719848633
18.920778274536133
18.615724563598633
18.435914993286133
18.424806594848633
18.286378860473633
18.307619094848633
18.417482376098633
18.360963821411133
18.104372024536133
18.268190383911133
18.189332962036133
10.142091751098633
9.691652297973633
9.186403274536133
13.677370071411133
15.912843704223633
12.730470657348633
12.941774368286133
16.990602493286133
18.494752883911133
9.882692337036133
15.090944290161133
14.576906204223633
12.505495071411133
17.080324172973633
18.391969680786133
12.572633743286133
16.233034133911133
12.853029251098633
13.922609329223633
13.674684524536133
10.667238235473633
16.812868118286133
15.569948196411133
15.928834915161133
16.552736282348633
11.760011672973633
17.086427688598633
15.042848587036133
16.684083938598633
16.043336868286133
17.156984329223633
16.704225540161133
17.302492141723633
17.489259719848633
17.310670852661133
17.464479446411133
17.610963821411133
18.146120071411133
18.875490188598633
13.513429641723633
12.481081008911133
16.535158157348633
14.423463821411133
14.571901321411133
18.796266555786133
15.489015579223633
19.009401321411133
17.278688430786133
17.088136672973633
17.762208938598633
17.715578079223633
17.392824172973633
19.190797805786133
17.613771438598633
17.327638626098633
17.781740188598633
17.720216751098633
17.709596633911133
18.116945266723633
17.886476516723633
19.944337844848633
17.853883743286133
18.259523391723633
19.892213821411133
13.134035110473633
18.662721633911133
13.530763626098633
16.663942337036133
14.433839797973633
16.138917922973633
17.545534133911133
18.305421829223633
18.086671829223633
17.515993118286133
17.758913040161133
17.734254837036133
18.043825149536133
18.410890579223633
15.858156204223633
18.583009719848633
16.959962844848633
18.919191360473633
18.181154251098633
18.698610305786133
19.104127883911133
18.518678665161133
16.206056594848633
16.214723587036133
17.978883743286133
17.738649368286133
18.476808547973633
18.954713821411133
19.415285110473633
18.706911087036133
17.545656204223633
15.914186477661133
17.945680618286133
17.489870071411133
19.138063430786133
18.592409133911133
18.323976516723633
18.099000930786133
18.288820266723633
18.724367141723633
18.756471633911133
18.928712844848633
16.652223587036133
17.786012649536133
19.464357376098633
17.822755813598633
19.250001907348633
20.118532180786133
18.255250930786133
19.582521438598633
18.524293899536133
19.128419876098633
17.501222610473633
17.635988235473633
18.284914016723633
18.641359329223633
18.884035110473633
18.501222610473633
18.818971633911133
19.073610305786133
19.407472610473633
19.363649368286133
19.590578079223633
19.783205032348633
20.289796829223633
21.779542922973633
20.676393508911133
20.089967727661133
20.600587844848633
21.432985305786133
21.372438430786133
21.229738235473633
21.079835891723633
21.803102493286133
22.349367141723633
22.079591751098633
20.466432571411133
21.568727493286133
21.761842727661133
21.582277297973633
20.312501907348633
22.305177688598633
21.625734329223633
21.049928665161133
22.429201126098633
22.195314407348633
23.035646438598633
22.851198196411133
23.431154251098633
22.263429641723633
22.698244094848633
22.572511672973633
22.602540969848633
23.068117141723633
22.485841751098633
23.313112258911133
21.458986282348633
22.310548782348633
22.165407180786133
23.706666946411133
22.117067337036133
22.031984329223633
22.704469680786133
23.527833938598633
23.358400344848633
23.209352493286133
24.720705032348633
24.313844680786133
23.721925735473633
23.723146438598633
25.267213821411133
25.400636672973633
25.269533157348633
23.142946243286133
23.319826126098633
24.395509719848633
25.154176712036133
25.464601516723633
22.428956985473633
22.903810501098633
23.292604446411133
24.186769485473633
24.893678665161133
25.391847610473633
23.150026321411133
25.154298782348633
25.419679641723633
23.960206985473633
25.169679641723633
23.490114212036133
22.494142532348633
23.059083938598633
23.682008743286133
24.196657180786133
23.539308547973633
24.662965774536133
24.538698196411133
25.039186477661133
25.381837844848633
24.773683547973633
12.070436477661133
5.898316860198975
11.831300735473633
12.679567337036133
13.209596633911133
14.334230422973633
16.899171829223633
16.577272415161133
14.826784133911133
17.012453079223633
15.609865188598633
17.667482376098633
18.176881790161133
18.443483352661133
18.597536087036133
18.702028274536133
17.573732376098633
17.866823196411133
17.534425735473633
18.230714797973633
17.551515579223633
19.065919876098633
19.075685501098633
18.994874954223633
18.504762649536133
18.132692337036133
17.821901321411133
18.822633743286133
19.666627883911133
20.037233352661133
19.010744094848633
20.254152297973633
18.846193313598633
20.272340774536133
19.024904251098633
18.436891555786133
19.019777297973633
18.056032180786133
19.399782180786133
18.701295852661133
18.588014602661133
17.935670852661133
18.843996047973633
18.203981399536133
18.709840774536133
19.125246047973633
18.258546829223633
19.265504837036133
19.401002883911133
20.072633743286133
19.761598587036133
22.056520462036133
20.693605422973633
19.387453079223633
21.570558547973633
22.075197219848633
21.189210891723633
20.915040969848633
19.994264602661133
19.879030227661133
20.058839797973633
21.669069290161133
21.482545852661133
20.652589797973633
19.418581008911133
19.961183547973633
19.839235305786133
21.925783157348633
21.233400344848633
20.114259719848633
19.407228469848633
22.193849563598633
22.383790969848633
19.315431594848633
19.923707962036133
20.215822219848633
19.681886672973633
20.217287063598633
22.529542922973633
21.196413040161133
21.570802688598633
20.975343704223633
19.988771438598633
21.547975540161133
22.705446243286133
22.831422805786133
20.369386672973633
23.614503860473633
23.127687454223633
22.807497024536133
21.028932571411133
20.192750930786133
22.255983352661133
21.056032180786133
23.624269485473633
20.219118118286133
22.232789993286133
22.804933547973633
21.560670852661133
23.000734329223633
24.074953079223633
19.607179641723633
23.452028274536133
21.645509719848633
25.095582962036133
22.110719680786133
23.699098587036133
22.807497024536133
25.350954055786133
23.239259719848633
19.991456985473633
25.645875930786133
25.610719680786133
21.344484329223633
23.514039993286133
22.727785110473633
23.747804641723633
24.818117141723633
23.564210891723633
24.101686477661133
25.367677688598633
25.068239212036133
25.635133743286133
24.387208938598633
24.038331985473633
22.697023391723633
25.096559524536133
25.311403274536133
25.491334915161133
23.419191360473633
25.189577102661133
24.747926712036133
23.030275344848633
25.703859329223633
24.110597610473633
25.306764602661133
24.034059524536133
23.977785110473633
25.608400344848633
24.611696243286133
24.353639602661133
23.877321243286133
24.710817337036133
24.472902297973633
24.408449172973633
24.264039993286133
24.189943313598633
24.290285110473633
24.274660110473633
24.391237258911133
24.190553665161133
24.261720657348633
24.801881790161133
24.840089797973633
8.301149368286133
17.122804641723633
16.766969680786133
17.481203079223633
18.029542922973633
18.289918899536133
18.434572219848633
17.633790969848633
17.765260696411133
18.497682571411133
18.002321243286133
18.581789016723633
18.070314407348633
19.871339797973633
20.037477493286133
19.695436477661133
18.324708938598633
18.958986282348633
19.287965774536133
20.071779251098633
18.354249954223633
20.246339797973633
20.608156204223633
22.408327102661133
21.172121047973633
20.758302688598633
21.932985305786133
20.383668899536133
22.671144485473633
22.305299758911133
20.539430618286133
22.950685501098633
21.516603469848633
20.203859329223633
21.890871047973633
22.746095657348633
20.586549758911133
25.301027297973633
22.991456985473633
24.152345657348633
23.787721633911133
25.579469680786133
25.460206985473633
23.559694290161133
23.643190383911133
26.704591751098633
24.287477493286133
24.193971633911133
23.976320266723633
25.618898391723633
24.405519485473633
8.959962844848633
17.208253860473633
18.274415969848633
18.809938430786133
17.764528274536133
18.616701126098633
18.205324172973633
19.530031204223633
18.421510696411133
18.723634719848633
19.795045852661133
18.365724563598633
18.686403274536133
17.652345657348633
20.776002883911133
21.062868118286133
19.689577102661133
22.409547805786133
19.659791946411133
20.731325149536133
20.804933547973633
21.926149368286133
24.209352493286133
23.737184524536133
21.543214797973633
25.502687454223633
24.094484329223633
24.011354446411133
24.752199172973633
24.568117141723633
11.704347610473633
17.386598587036133
17.052003860473633
18.615846633911133
18.374513626098633
18.648317337036133
19.535158157348633
18.624391555786133
17.869997024536133
19.202638626098633
19.744997024536133
21.088014602661133
19.847902297973633
19.517580032348633
22.443727493286133
21.164552688598633
24.026979446411133
21.105836868286133
25.284181594848633
25.428102493286133
25.986574172973633
25.303468704223633
24.075441360473633
24.167726516723633
24.469728469848633
18.500001907348633
19.374513626098633
18.553834915161133
18.377687454223633
18.597291946411133
20.163454055786133
20.219972610473633
19.700685501098633
21.358522415161133
22.277101516723633
21.286989212036133
25.621950149536133
24.182985305786133
11.974611282348633
18.778566360473633
18.658571243286133
17.904298782348633
18.706666946411133
19.686281204223633
18.560426712036133
20.747438430786133
19.516237258911133
20.630373001098633
21.861696243286133
19.860109329223633
25.231813430786133
24.108400344848633
24.536378860473633
18.732545852661133
18.343385696411133
19.391603469848633
20.010133743286133
20.183351516723633
22.072511672973633
18.776124954223633
18.485109329223633
21.168581008911133
20.340822219848633
20.570680618286133
22.476564407348633
25.243898391723633
24.984254837036133
25.068239212036133
24.033693313598633
24.059450149536133
12.480958938598633
21.715700149536133
20.844362258911133
24.874757766723633
24.556398391723633
23.878664016723633
18.545289993286133
19.366212844848633
21.704713821411133
20.238283157348633
24.771852493286133
24.460451126098633
23.869874954223633
24.120607376098633
13.507081985473633
20.338136672973633
22.318361282348633
24.689699172973633
14.823854446411133
19.501100540161133
22.072511672973633
14.233400344848633
18.717897415161133
22.104372024536133
20.434938430786133
16.589357376098633
16.837160110473633
24.105104446411133
16.857423782348633
19.677614212036133
20.821290969848633
19.755006790161133
17.020021438598633
19.508058547973633
21.230592727661133
21.829713821411133
21.137453079223633
21.581666946411133
17.191408157348633
19.667360305786133
22.098024368286133
24.400148391723633
20.050661087036133
22.372316360473633
24.645753860473633
17.228517532348633
18.852296829223633
21.660768508911133
21.652589797973633
22.013185501098633
23.385011672973633
20.324220657348633
23.058595657348633
