9.876351576561311e-42
4.4048171043396
10.041780471801758
2.2763991355895996
6.5693678855896
2.5820631980895996
11.644807815551758
11.571077346801758
8.123323440551758
25.537630081176758
8.478303909301758
24.384065628051758
24.657014846801758
26.901399612426758
25.808870315551758
22.491731643676758
27.931673049926758
25.224153518676758
27.750032424926758
22.065950393676758
26.302034378051758
27.816682815551758
14.755159378051758
18.204378128051758
17.642366409301758
27.600618362426758
27.307893753051758
23.752717971801758
24.357698440551758
27.880891799926758
26.047883987426758
27.763704299926758
22.902132034301758
25.548128128051758
25.647493362426758
25.295930862426758
25.072053909301758
25.200716018676758
27.531282424926758
25.498567581176758
25.500032424926758
25.485872268676758
7.8782057762146
20.068391799926758
2.3010573387145996
9.803743362426758
14.803987503051758
24.110139846801758
26.540803909301758
14.324251174926758
25.362092971801758
27.878450393676758
24.425569534301758
27.581331253051758
13.122835159301758
26.442903518676758
20.831087112426758
25.757112503051758
27.703889846801758
25.736848831176758
14.660432815551758
24.284944534301758
6.8735671043396
19.761262893676758
11.858186721801758
26.926057815551758
27.851106643676758
25.379915237426758
16.573762893676758
26.516145706176758
25.976594924926758
25.309114456176758
12.649690628051758
20.948274612426758
8.956575393676758
18.033479690551758
27.437532424926758
27.980012893676758
15.910676956176758
26.405061721801758
25.307405471801758
25.358186721801758
20.298616409301758
24.553499221801758
22.473665237426758
27.586458206176758
27.746858596801758
27.682405471801758
26.394563674926758
25.255159378051758
24.560335159301758
15.119661331176758
27.510774612426758
26.429719924926758
25.575471878051758
25.588411331176758
27.842561721801758
27.840852737426758
25.270784378051758
19.444368362426758
20.055208206176758
27.697053909301758
25.960725784301758
26.081087112426758
17.941682815551758
25.161897659301758
20.833284378051758
27.871126174926758
24.846467971801758
26.251008987426758
23.062044143676758
25.841829299926758
23.315950393676758
26.190706253051758
26.045930862426758
24.029817581176758
25.126985549926758
18.248567581176758
25.611360549926758
22.288850784301758
26.184846878051758
24.765901565551758
25.791780471801758
26.271028518676758
25.733430862426758
26.260774612426758
25.829866409301758
26.435579299926758
27.681673049926758
25.850374221801758
26.374055862426758
20.608186721801758
26.168977737426758
26.454866409301758
26.827425003051758
26.655061721801758
24.005159378051758
25.895051956176758
26.095979690551758
25.844026565551758
26.149934768676758
26.410676956176758
26.004426956176758
26.209016799926758
26.331331253051758
26.286897659301758
26.338899612426758
26.450471878051758
26.800813674926758
26.583528518676758
27.086214065551758
27.238313674926758
27.488313674926758
27.252962112426758
27.354036331176758
27.708772659301758
27.694856643676758
27.283967971801758
27.342073440551758
27.524690628051758
27.237092971801758
27.156526565551758
9.183870315551758
10.449007034301758
7.5364089012146
9.767610549926758
8.376008987426758
11.365755081176758
15.184114456176758
11.946565628051758
16.193880081176758
16.311067581176758
7.1921706199646
12.016389846801758
18.003450393676758
7.3379225730896
20.171907424926758
9.761507034301758
14.068880081176758
25.593294143676758
10.030794143676758
25.072542190551758
22.420198440551758
10.823762893676758
3.2539381980895996
26.365266799926758
22.084505081176758
19.543733596801758
13.050813674926758
17.056428909301758
20.417757034301758
6.1655592918396
22.658723831176758
18.622102737426758
21.696809768676758
17.937288284301758
9.456819534301758
9.787874221801758
7.5715651512146
11.820100784301758
14.705598831176758
7.5097975730896
15.376253128051758
14.635530471801758
23.931673049926758
13.554964065551758
18.230012893676758
8.691682815551758
26.336214065551758
15.717805862426758
26.351350784301758
10.024202346801758
11.333284378051758
21.281282424926758
10.442171096801758
26.393587112426758
19.618196487426758
10.786897659301758
13.832796096801758
28.286165237426758
19.347444534301758
12.909700393676758
17.474885940551758
15.470491409301758
21.177522659301758
11.293977737426758
22.953889846801758
12.802278518676758
13.330354690551758
24.653596878051758
20.410921096801758
15.647005081176758
19.039339065551758
19.229768753051758
14.990755081176758
23.172395706176758
22.078645706176758
22.972444534301758
21.011018753051758
23.032014846801758
24.698762893676758
17.924104690551758
23.633089065551758
19.554964065551758
27.263704299926758
21.281770706176758
26.761995315551758
23.119661331176758
23.386751174926758
25.391633987426758
24.303987503051758
24.426546096801758
25.033967971801758
25.732454299926758
26.449983596801758
27.494173049926758
27.836214065551758
28.178010940551758
28.006135940551758
28.425081253051758
26.390657424926758
20.792512893676758
18.042512893676758
18.315706253051758
17.581819534301758
17.417757034301758
9.430696487426758
10.574007034301758
12.381624221801758
26.807649612426758
21.083284378051758
23.738557815551758
21.635530471801758
20.613801956176758
8.781770706176758
11.775178909301758
13.586214065551758
10.453645706176758
14.125520706176758
19.706331253051758
18.419221878051758
11.154085159301758
12.272981643676758
19.436067581176758
13.026155471801758
27.307893753051758
20.579622268676758
29.123079299926758
20.604280471801758
19.325227737426758
21.095247268676758
25.765901565551758
9.836214065551758
19.805696487426758
12.951448440551758
18.245882034301758
12.719270706176758
13.970247268676758
19.597932815551758
27.635286331176758
21.661897659301758
10.819612503051758
15.060335159301758
12.698274612426758
21.740266799926758
11.281038284301758
11.619661331176758
22.202669143676758
17.228303909301758
13.733186721801758
25.864778518676758
20.091341018676758
22.684602737426758
12.975374221801758
20.589143753051758
15.384798049926758
12.093538284301758
15.043733596801758
16.049104690551758
17.538362503051758
20.636018753051758
17.672639846801758
14.851594924926758
19.139680862426758
17.669954299926758
20.690217971801758
19.261262893676758
21.287385940551758
20.204622268676758
19.276155471801758
20.148225784301758
21.323762893676758
21.680452346801758
22.315950393676758
22.397737503051758
21.898714065551758
21.896516799926758
22.909456253051758
27.133333206176758
28.103792190551758
28.087678909301758
30.151155471801758
29.425325393676758
32.228546142578125
28.289094924926758
19.852083206176758
22.017610549926758
30.420930862426758
22.472200393676758
26.676790237426758
29.227327346801758
20.928499221801758
14.613557815551758
22.076692581176758
28.442415237426758
30.171907424926758
30.758333206176758
30.619905471801758
30.568635940551758
30.931673049926758
31.084016799926758
30.784700393676758
30.878450393676758
30.069856643676758
29.931184768676758
30.753938674926758
25.436800003051758
20.375764846801758
29.857210159301758
25.297639846801758
29.435091018676758
27.235139846801758
18.393831253051758
30.954133987426758
30.224397659301758
30.907503128051758
31.222688674926758
30.052522659301758
30.500764846801758
25.328889846801758
23.658235549926758
26.116975784301758
23.509553909301758
30.515657424926758
27.880647659301758
24.789094924926758
29.125520706176758
27.321321487426758
29.626741409301758
28.326692581176758
21.487825393676758
28.588655471801758
29.647249221801758
24.120393753051758
30.323274612426758
29.989290237426758
30.432649612426758
27.369905471801758
29.911409378051758
30.452180862426758
28.901643753051758
29.913606643676758
29.971956253051758
29.465852737426758
30.676790237426758
30.898958206176758
30.775423049926758
30.836946487426758
30.426546096801758
30.623323440551758
30.868440628051758
30.662874221801758
30.794221878051758
30.448518753051758
30.858919143676758
30.960237503051758
30.927522659301758
31.618196487426758
31.309358596801758
32.182647705078125
31.717073440551758
31.450716018676758
31.679231643676758
31.506135940551758
31.454133987426758
31.139680862426758
31.227571487426758
30.691926956176758
30.818391799926758
30.765413284301758
30.482698440551758
30.360872268676758
30.209993362426758
30.317659378051758
30.530305862426758
30.670686721801758
30.534700393676758
30.487825393676758
15.848665237426758
13.938508987426758
10.835969924926758
26.376985549926758
29.160188674926758
23.772249221801758
23.074495315551758
30.507844924926758
30.378450393676758
14.346467971801758
28.290315628051758
28.101839065551758
24.188264846801758
30.243440628051758
30.427034378051758
23.330598831176758
29.897249221801758
24.076692581176758
26.460725784301758
25.944368362426758
17.671663284301758
30.287141799926758
29.179719924926758
29.783723831176758
30.560091018676758
20.776887893676758
30.959505081176758
28.524934768676758
30.178255081176758
29.515901565551758
30.361360549926758
29.867219924926758
30.537630081176758
31.053255081176758
30.532503128051758
30.493440628051758
30.367952346801758
30.100618362426758
29.663118362426758
26.348665237426758
22.706819534301758
30.347688674926758
21.366487503051758
26.973421096801758
29.782014846801758
23.472200393676758
29.597200393676758
30.007356643676758
25.850862503051758
29.284944534301758
29.661897659301758
28.805452346801758
30.336458206176758
29.235628128051758
28.646760940551758
29.504671096801758
29.603059768676758
29.610383987426758
29.824739456176758
29.589876174926758
30.064729690551758
29.272249221801758
29.027376174926758
29.113801956176758
25.813753128051758
29.716829299926758
21.270051956176758
30.022005081176758
24.574739456176758
26.857698440551758
29.402620315551758
29.404573440551758
29.881380081176758
28.902620315551758
29.716096878051758
29.640413284301758
29.261018753051758
29.053743362426758
30.021028518676758
30.245393753051758
29.722444534301758
29.993440628051758
29.778352737426758
29.233186721801758
29.128450393676758
30.449495315551758
30.001008987426758
23.652620315551758
29.783235549926758
29.459260940551758
29.926790237426758
29.526887893676758
29.327913284301758
30.169466018676758
25.980501174926758
28.204622268676758
29.906770706176758
29.563997268676758
29.361848831176758
28.959505081176758
28.786897659301758
29.340852737426758
29.932161331176758
30.270051956176758
30.013704299926758
30.494905471801758
29.747346878051758
29.626008987426758
29.451204299926758
29.764436721801758
30.390413284301758
29.274202346801758
29.957307815551758
30.222688674926758
29.993440628051758
29.638704299926758
29.555696487426758
29.546175003051758
29.383577346801758
29.611848831176758
29.619661331176758
30.051790237426758
30.028596878051758
30.026399612426758
29.663606643676758
29.334993362426758
29.408479690551758
29.290803909301758
29.083528518676758
28.774202346801758
31.839876174926758
31.152864456176758
31.417024612426758
30.758577346801758
32.012481689453125
31.243196487426758
30.872591018676758
31.058137893676758
30.823762893676758
30.634065628051758
28.672395706176758
31.119905471801758
31.721223831176758
31.013460159301758
28.951204299926758
31.561067581176758
30.867219924926758
31.935091018676758
30.730257034301758
30.429719924926758
31.081331253051758
30.896272659301758
31.345735549926758
32.248565673828125
31.211946487426758
32.163116455078125
31.584260940551758
31.370637893676758
30.816438674926758
31.447786331176758
29.544710159301758
29.211946487426758
28.679719924926758
30.505891799926758
29.228059768676758
28.620393753051758
28.526887893676758
29.161165237426758
28.118684768676758
28.396272659301758
29.478059768676758
28.236604690551758
28.689729690551758
28.344758987426758
28.142854690551758
28.313020706176758
26.894807815551758
30.004182815551758
28.534700393676758
28.491731643676758
28.898469924926758
28.889436721801758
30.110628128051758
29.158723831176758
29.648714065551758
29.662141799926758
29.180696487426758
28.104768753051758
30.439241409301758
29.206331253051758
28.842561721801758
30.063997268676758
29.064241409301758
30.960725784301758
30.247102737426758
30.132356643676758
29.939973831176758
29.748323440551758
29.131624221801758
29.410921096801758
28.997591018676758
28.807649612426758
28.936555862426758
28.343050003051758
26.855989456176758
19.979036331176758
25.958040237426758
27.007112503051758
27.814485549926758
29.125520706176758
31.973665237426758
31.586946487426758
29.466829299926758
32.071563720703125
30.158723831176758
32.242950439453125
31.985872268676758
31.510774612426758
31.599641799926758
31.440217971801758
32.179718017578125
31.896028518676758
32.258087158203125
30.869417190551758
32.028350830078125
31.029573440551758
31.277376174926758
31.526155471801758
31.920686721801758
31.335481643676758
31.778108596801758
31.977815628051758
31.082551956176758
31.452425003051758
31.050081253051758
31.656526565551758
30.835237503051758
31.718050003051758
31.240755081176758
29.275911331176758
30.615510940551758
29.515169143676758
30.286897659301758
29.023225784301758
29.082063674926758
29.017854690551758
29.244417190551758
28.672639846801758
29.026643753051758
29.090364456176758
28.466829299926758
29.300325393676758
29.623567581176758
29.681917190551758
29.202913284301758
31.554231643676758
30.089632034301758
29.456575393676758
31.103792190551758
31.069856643676758
30.110872268676758
29.481233596801758
28.993684768676758
28.935335159301758
28.747591018676758
30.103792190551758
29.693880081176758
28.827669143676758
29.024202346801758
28.643831253051758
28.689973831176758
29.394075393676758
28.670442581176758
28.201936721801758
29.532503128051758
29.368196487426758
29.528352737426758
29.883821487426758
28.368196487426758
28.106477737426758
29.306428909301758
28.072786331176758
29.134553909301758
28.527376174926758
28.617219924926758
27.853059768676758
29.632844924926758
28.493928909301758
28.765413284301758
28.209505081176758
28.258333206176758
28.526155471801758
28.657747268676758
28.310579299926758
27.953645706176758
28.847688674926758
28.101594924926758
28.765413284301758
28.510286331176758
29.597200393676758
27.845491409301758
27.831575393676758
28.688020706176758
28.240266799926758
28.909944534301758
29.378938674926758
28.130647659301758
28.432405471801758
28.799348831176758
28.094026565551758
28.141145706176758
27.774934768676758
28.620637893676758
28.027864456176758
29.340364456176758
28.199251174926758
28.102571487426758
29.336702346801758
27.675569534301758
28.355989456176758
27.636018753051758
27.796419143676758
28.308626174926758
28.052766799926758
28.022737503051758
28.141878128051758
28.094758987426758
27.943391799926758
28.171907424926758
28.109163284301758
27.863801956176758
27.855745315551758
27.927522659301758
26.926790237426758
27.623323440551758
27.028841018676758
27.806673049926758
27.759553909301758
26.371370315551758
27.295198440551758
26.530550003051758
27.138704299926758
27.188997268676758
26.449983596801758
26.149202346801758
26.871370315551758
26.228059768676758
26.962923049926758
25.809846878051758
26.563264846801758
25.755891799926758
25.571565628051758
26.318391799926758
25.569368362426758
25.195589065551758
24.720247268676758
25.531038284301758
25.386262893676758
22.830110549926758
32.288116455078125
31.530550003051758
32.115509033203125
32.486114501953125
31.571809768676758
31.907503128051758
32.032501220703125
32.049346923828125
31.161409378051758
31.671907424926758
31.416048049926758
31.766145706176758
31.446565628051758
31.765169143676758
31.566926956176758
29.428987503051758
29.263948440551758
29.252717971801758
30.649202346801758
29.208284378051758
29.623323440551758
29.714387893676758
31.352327346801758
29.365755081176758
28.513216018676758
29.066194534301758
27.830110549926758
29.179231643676758
28.899202346801758
27.909456253051758
28.922639846801758
27.990266799926758
29.632112503051758
28.242464065551758
28.084993362426758
28.892122268676758
28.845735549926758
27.962190628051758
27.746614456176758
27.796175003051758
27.998323440551758
27.999300003051758
27.128206253051758
26.942903518676758
27.722200393676758
26.434846878051758
26.950227737426758
26.903596878051758
26.839876174926758
24.783235549926758
23.982454299926758
32.278350830078125
32.106719970703125
31.388460159301758
31.730745315551758
31.410921096801758
31.367952346801758
31.383333206176758
31.117708206176758
31.166780471801758
31.901399612426758
30.012239456176758
29.502717971801758
28.690217971801758
29.667024612426758
29.679719924926758
29.073274612426758
30.767610549926758
29.744173049926758
27.663850784301758
29.213899612426758
28.154817581176758
28.531282424926758
28.223421096801758
29.115510940551758
27.921663284301758
27.038850784301758
26.668245315551758
25.301301956176758
25.734407424926758
26.445833206176758
31.993928909301758
31.607942581176758
31.374544143676758
31.172151565551758
30.943880081176758
31.905794143676758
29.545442581176758
29.048372268676758
29.275423049926758
29.123811721801758
29.535921096801758
28.857210159301758
30.248811721801758
28.649934768676758
27.898958206176758
28.371126174926758
28.681917190551758
28.744661331176758
28.091096878051758
27.599397659301758
26.985872268676758
26.660676956176758
25.514436721801758
25.792757034301758
31.704378128051758
31.855989456176758
31.088167190551758
29.715364456176758
30.026643753051758
30.003206253051758
29.422151565551758
29.044954299926758
29.419954299926758
30.659700393676758
28.924592971801758
27.562776565551758
25.978792190551758
26.080842971801758
31.439973831176758
31.678255081176758
31.728548049926758
30.995149612426758
31.675081253051758
29.864778518676758
30.822542190551758
28.895784378051758
29.559114456176758
29.068880081176758
30.118928909301758
27.663118362426758
26.132356643676758
26.305452346801758
31.991731643676758
31.939241409301758
28.935579299926758
29.232454299926758
30.015901565551758
28.340608596801758
31.782258987426758
31.693391799926758
30.791780471801758
29.015413284301758
29.440706253051758
28.439241409301758
28.571565628051758
27.296175003051758
27.085481643676758
26.651155471801758
26.703645706176758
26.880403518676758
28.997591018676758
29.010286331176758
27.522981643676758
26.657258987426758
26.817171096801758
31.796419143676758
29.141633987426758
30.807405471801758
28.811067581176758
27.249300003051758
27.089143753051758
27.031282424926758
26.350374221801758
28.553255081176758
29.196565628051758
28.387239456176758
27.331331253051758
30.345979690551758
31.870393753051758
28.852327346801758
29.160921096801758
31.456575393676758
30.551546096801758
28.295686721801758
31.771760940551758
31.984895706176758
26.328157424926758
31.832551956176758
29.334749221801758
28.223176956176758
28.956087112426758
31.859895706176758
29.167268753051758
28.189485549926758
28.463655471801758
28.611604690551758
28.142366409301758
32.239532470703125
28.871370315551758
29.127229690551758
26.578889846801758
28.303255081176758
28.549348831176758
25.952425003051758
31.967317581176758
31.926301956176758
28.297151565551758
28.370149612426758
27.833040237426758
28.036165237426758
27.948518753051758
28.859163284301758
