9.876351576561311e-42
5.195901393890381
10.026590347290039
0.9262481927871704
6.534402370452881
1.8442169427871704
9.761331558227539
10.095682144165039
8.356302261352539
21.47519874572754
9.163675308227539
19.67539405822754
20.39438819885254
23.72202491760254
22.49411964416504
18.01804542541504
25.04050636291504
22.03672218322754
24.85154151916504
18.87473487854004
24.03586769104004
24.65195655822754
15.002298355102539
16.98056983947754
17.12729835510254
24.56919288635254
24.50510597229004
20.25071144104004
21.11936378479004
24.44504737854004
23.64475440979004
24.26059913635254
20.78769874572754
24.19846534729004
22.66330909729004
23.01560401916504
23.29563331604004
23.26572608947754
24.33042335510254
23.51560401916504
23.40232276916504
23.53598976135254
7.929421901702881
16.89426612854004
1.3853546380996704
8.638895034790039
12.567605972290039
18.49216651916504
23.29441261291504
12.397073745727539
21.65915870666504
24.99155616760254
21.08286476135254
24.64597511291504
13.430032730102539
23.95835304260254
18.77146339416504
23.80552101135254
24.30173683166504
23.34983253479004
12.758646011352539
20.16343116760254
6.360330104827881
16.26230812072754
10.513895034790039
24.01523780822754
24.91147804260254
22.22922706604004
15.380228042602539
23.84995460510254
23.64597511291504
23.26951026916504
10.663309097290039
18.32456398010254
8.060525894165039
14.370584487915039
24.50351905822754
25.00974464416504
13.779886245727539
23.93918800354004
22.39182472229004
23.29502296447754
17.16208839416504
20.26304054260254
18.02085304260254
24.49949073791504
24.76926612854004
24.47934913635254
23.90500831604004
22.40671730041504
19.47947120666504
11.931741714477539
24.71128273010254
24.10947608947754
23.46872901916504
20.94761085510254
24.76804542541504
24.25950050354004
22.69297218322754
15.764627456665039
15.870950698852539
24.60422706604004
23.69199562072754
23.59446144104004
14.166116714477539
20.38462257385254
17.37265968322754
24.32065773010254
21.88340187072754
23.67453956604004
17.30942726135254
21.97666358947754
19.37900733947754
23.69553565979004
22.18967628479004
20.73996925354004
22.48887062072754
13.767679214477539
23.04136085510254
17.38303565979004
23.67588233947754
21.67429542541504
23.72336769104004
23.34714698791504
23.77488136291504
23.55063819885254
23.79319190979004
23.57834815979004
24.21091651916504
23.78110694885254
24.02793312072754
15.876688003540039
24.05161476135254
24.17087745666504
24.32566261291504
23.86728858947754
19.20774269104004
22.83237648010254
23.43540382385254
22.99057960510254
23.73276710510254
23.70078468322754
22.96470069885254
23.36850929260254
23.77219581604004
23.88413429260254
23.81711769104004
23.70908546447754
23.91135597229004
23.74497413635254
24.14743995666504
24.28000831604004
24.49558448791504
24.57908058166504
24.29624366760254
24.19382667541504
24.17478370666504
24.15635108947754
24.17136573791504
24.24106788635254
24.42295265197754
24.41990089416504
5.563943386077881
5.889016628265381
6.142068386077881
7.968606472015381
6.540139675140381
9.973978042602539
13.072610855102539
9.801614761352539
14.285501480102539
12.630960464477539
5.892434597015381
10.013650894165039
14.281839370727539
7.586526393890381
15.793191909790039
9.052835464477539
11.400613784790039
20.37241554260254
8.879251480102539
20.03196144104004
17.05649757385254
9.571878433227539
6.037087917327881
21.26267433166504
18.81101417541504
17.30381202697754
11.705911636352539
14.504983901977539
18.07822608947754
7.294778347015381
19.37827491760254
15.541971206665039
18.86387062072754
14.949930191040039
5.839089870452881
6.717751979827881
5.769387722015381
11.523294448852539
12.807107925415039
5.247292995452881
12.447610855102539
11.957864761352539
18.55295753479004
11.455789566040039
13.770730972290039
7.959451198577881
21.03952980041504
12.333108901977539
20.11118507385254
6.771707057952881
8.575784683227539
15.803201675415039
9.680154800415039
21.22422218322754
15.764383316040039
7.149270534515381
11.140848159790039
22.49924659729004
15.095071792602539
10.179910659790039
13.402444839477539
13.005716323852539
17.02231788635254
8.791116714477539
17.59409523010254
10.191385269165039
10.619241714477539
18.96836280822754
16.90683937072754
12.948587417602539
15.614603042602539
15.677591323852539
11.971170425415039
17.31882667541504
18.27146339416504
17.18418312072754
15.621194839477539
19.64927101135254
20.71531105041504
14.129617691040039
20.04660987854004
15.058938980102539
22.08152198791504
16.49216651916504
21.60483741760254
19.21421241760254
17.69162940979004
19.11094093322754
18.67954444885254
19.23667335510254
19.48325538635254
20.06528663635254
20.91501808166504
22.02024269104004
22.40708351135254
22.82285499572754
19.80979347229004
20.17868995666504
18.42722511291504
15.629983901977539
14.401712417602539
14.527444839477539
13.359476089477539
10.087259292602539
5.730203151702881
5.775613307952881
8.507303237915039
19.95347023010254
16.62790870666504
18.51743507385254
15.170389175415039
13.573099136352539
5.999612331390381
7.138284206390381
8.268411636352539
5.624978542327881
11.592874526977539
15.990945816040039
15.402200698852539
5.713723659515381
12.029642105102539
16.31186866760254
11.238138198852539
19.08689308166504
15.587869644165039
20.60141944885254
15.695413589477539
12.259988784790039
14.077249526977539
18.60642433166504
6.008523464202881
13.169900894165039
6.985940456390381
14.813699722290039
13.145120620727539
10.846780776977539
15.615579605102539
19.35154151916504
14.964090347290039
6.521584987640381
12.443948745727539
8.300516128540039
16.57737159729004
6.832009792327881
7.094705104827881
16.57956886291504
13.274515151977539
7.022805690765381
18.29722023010254
13.901224136352539
16.61301612854004
7.664651393890381
14.878274917602539
8.331766128540039
7.055032253265381
8.346536636352539
10.616067886352539
10.519876480102539
15.188699722290039
11.195413589477539
9.833353042602539
12.357156753540039
11.144266128540039
15.499124526977539
11.756448745727539
15.679422378540039
12.716897964477539
12.254739761352539
13.238016128540039
14.661722183227539
14.442483901977539
15.153177261352539
15.864236831665039
15.851297378540039
16.69480323791504
16.65683937072754
18.54209327697754
19.63535499572754
19.94114112854004
21.16794776916504
21.29612159729004
23.31553077697754
21.11142921447754
16.33603858947754
18.15867042541504
22.23130226135254
17.81101417541504
20.50889015197754
22.25266456604004
16.97934913635254
14.240945816040039
17.64695167541504
21.36411476135254
22.92295265197754
23.43686866760254
23.28989601135254
24.01975440979004
23.46518898010254
23.86130714416504
24.00290870666504
24.23374366760254
23.89316749572754
24.04245948791504
24.64231300354004
19.68601417541504
16.05222511291504
22.10764503479004
19.01108741760254
22.31650733947754
20.47849464416504
15.602518081665039
23.70981788635254
23.86997413635254
23.57810401916504
23.94382667541504
23.86155128479004
24.80503273010254
19.42771339416504
18.28354835510254
19.73862648010254
17.58652687072754
23.87949562072754
20.93357276916504
19.11875343322754
21.31565284729004
20.09104347229004
22.24741554260254
21.75193214416504
16.89988136291504
20.70322608947754
22.55332374572754
18.50632667541504
23.18381690979004
22.86313819885254
23.19956398010254
20.38254737854004
22.78196144104004
23.13498878479004
21.83493995666504
23.07785987854004
22.74131202697754
21.86264991760254
23.36631202697754
23.51328468322754
23.46482276916504
23.58371925354004
23.54294776916504
23.65366554260254
23.79770851135254
23.56040382385254
23.60898780822754
23.75083351135254
23.93210792541504
24.08860206604004
23.86557960510254
22.07065773010254
22.35935401916504
23.38669776916504
23.45762062072754
23.54123878479004
23.64817237854004
23.77549171447754
23.93406105041504
24.00486183166504
23.87204933166504
23.96274757385254
23.79563331604004
23.70920753479004
23.90024757385254
23.83909034729004
23.80832862854004
24.18735694885254
24.28513526916504
24.46384620666504
24.70017433166504
24.90757179260254
14.175394058227539
12.719339370727539
9.219583511352539
19.62021827697754
22.82004737854004
18.42978858947754
19.56626319885254
24.65146827697754
24.80747413635254
12.698587417602539
21.14817237854004
21.69053077697754
20.67331886291504
24.69907569885254
24.95591163635254
17.52012062072754
23.33640480041504
18.63352394104004
19.44993019104004
19.94834327697754
14.418680191040039
23.79990577697754
22.47605323791504
23.45408058166504
24.04746437072754
16.05002784729004
24.43625831604004
20.98911476135254
23.06955909729004
22.21238136291504
23.87973976135254
23.41660499572754
24.15744972229004
24.71848487854004
25.00303077697754
25.08176612854004
24.97690773010254
24.77903175354004
23.96457862854004
21.78098487854004
20.75937843322754
24.14939308166504
19.45237159729004
22.02475929260254
24.62619972229004
20.34238624572754
24.59848976135254
24.59739112854004
21.23581886291504
23.22739601135254
24.16965675354004
22.69993019104004
24.98789405822754
23.41709327697754
23.01108741760254
23.84397315979004
23.72275733947754
24.34739112854004
24.80124855041504
24.27182960510254
25.53293800354004
25.43332862854004
25.42234230041504
24.85910987854004
21.74595069885254
24.25327491760254
19.77280616760254
24.15964698791504
21.18332862854004
21.90989112854004
23.39658546447754
23.85727882385254
24.77292823791504
23.37595558166504
24.21775245666504
24.71262550354004
25.22300148010254
25.22190284729004
23.47495460510254
24.49558448791504
24.08774757385254
24.64145851135254
25.02915382385254
25.02134132385254
24.94516944885254
24.59507179260254
23.52207374572754
20.09079933166504
24.57334327697754
23.74143409729004
25.12327003479004
25.09604835510254
24.96213722229004
24.70688819885254
21.08701515197754
22.58432960510254
24.60166358947754
24.68674659729004
25.04892921447754
22.96616554260254
23.05832862854004
23.96579933166504
24.94797706604004
24.79868507385254
25.11106300354004
25.30222511291504
23.59324073791504
24.47715187072754
24.91245460510254
24.45273780822754
25.53733253479004
24.71714210510254
24.66782569885254
25.53501319885254
24.88950538635254
24.98447608947754
24.98874855041504
24.85056495666504
25.01230812072754
25.14927101135254
25.13047218322754
24.69431495666504
24.92222023010254
25.14963722229004
24.87754249572754
24.88437843322754
24.78196144104004
24.71347999572754
24.69700050354004
24.84031105041504
24.40159034729004
24.02341651916504
24.27341651916504
24.75962257385254
24.92136573791504
24.69236183166504
24.70017433166504
24.77768898010254
24.97226905822754
25.05173683166504
24.33323097229004
24.81785011291504
25.17014503479004
25.15915870666504
24.65976905822754
24.85520362854004
24.87143898010254
24.72239112854004
24.88865089416504
24.84995460510254
25.02317237854004
24.76889991760254
24.94504737854004
25.29014015197754
25.07383155822754
25.36618995666504
25.26535987854004
25.15757179260254
25.00718116760254
25.12095069885254
24.56992530822754
24.68332862854004
24.39316749572754
25.04538917541504
24.57737159729004
24.64426612854004
24.41611671447754
24.82163429260254
24.22226905822754
24.97849464416504
25.07285499572754
24.16196632385254
24.98081398010254
24.98630714416504
25.11509132385254
24.91282081604004
24.90378761291504
24.81138038635254
24.43918800354004
24.57212257385254
25.13938331604004
24.91758155822754
24.62131690979004
24.69956398010254
24.81650733947754
24.93174171447754
25.12900733947754
25.07627296447754
24.84458351135254
25.07663917541504
25.10068702697754
24.98862648010254
24.88620948791504
25.06760597229004
24.86045265197754
24.88950538635254
24.88340187072754
24.87742042541504
24.71592140197754
24.99326515197754
24.78183937072754
24.68503761291504
24.72922706604004
24.22031593322754
18.81711769104004
15.586038589477539
18.12095069885254
18.88059425354004
19.60691261291504
20.33323097229004
22.17734718322754
21.39048194885254
20.71323585510254
22.30222511291504
21.18454933166504
23.53147315979004
23.59470558166504
23.99106788635254
24.14145851135254
23.92417335510254
23.20908546447754
23.69089698791504
23.42234230041504
23.93943214416504
23.63376808166504
23.84580421447754
24.19565773010254
24.48056983947754
24.77097511291504
24.57895851135254
23.72702980041504
24.90476417541504
23.83164405822754
23.73972511291504
24.56443214416504
23.85666847229004
24.72410011291504
24.04368019104004
23.93772315979004
23.14426612854004
23.78220558166504
23.83542823791504
23.63511085510254
22.74314308166504
22.80014991760254
23.51133155822754
22.93601417541504
23.50791358947754
23.42844581604004
23.17319679260254
23.45102882385254
23.01963233947754
23.77683448791504
23.68699073791504
23.35972023010254
25.24094581604004
23.95163917541504
23.87485694885254
24.83811378479004
24.82126808166504
23.96140480041504
23.36741065979004
23.40464210510254
23.40439796447754
23.44358253479004
23.98923683166504
23.73716163635254
23.42136573791504
24.02121925354004
23.39890480041504
23.52402687072754
24.67576026916504
23.46238136291504
23.49326515197754
24.47153663635254
23.83078956604004
24.05747413635254
24.67344093322754
23.72702980041504
23.52231788635254
24.39414405822754
23.54038429260254
23.87888526916504
23.54416847229004
23.48923683166504
23.67185401916504
24.81284523010254
23.66123390197754
23.85264015197754
24.19443702697754
23.91294288635254
24.14267921447754
24.04233741760254
23.94260597229004
23.60923194885254
24.59397315979004
24.01645851135254
24.42429542541504
24.26023292541504
24.89768409729004
23.87058448791504
24.12143898010254
24.53806495666504
24.02976417541504
24.34604835510254
24.76658058166504
24.34629249572754
24.85386085510254
24.32224464416504
25.09897804260254
24.35544776916504
24.65305519104004
24.74888038635254
24.35849952697754
24.81284523010254
24.57578468322754
24.47495460510254
24.75840187072754
24.59214210510254
25.16440773010254
25.25364112854004
24.42063331604004
25.11814308166504
25.17893409729004
24.36460304260254
24.32480812072754
24.48996925354004
25.14878273010254
25.07224464416504
24.91550636291504
24.31394386291504
24.18564796447754
24.25254249572754
24.66623878479004
24.21140480041504
24.53452491760254
24.74680519104004
24.27451515197754
24.65708351135254
24.41037940979004
24.77634620666504
24.82077980041504
24.28501319885254
24.49485206604004
24.47873878479004
24.65024757385254
24.39451026916504
24.37046241760254
24.38962745666504
24.47043800354004
24.44797706604004
24.39731788635254
24.51743507385254
24.30552101135254
24.35215187072754
24.46030616760254
24.74241065979004
24.79172706604004
16.73642921447754
22.42258644104004
21.67661476135254
22.94822120666504
23.78428077697754
23.40513038635254
23.80869483947754
23.58530616760254
23.95774269104004
23.97129249572754
24.11887550354004
24.98594093322754
23.82297706604004
23.82737159729004
23.86472511291504
24.00510597229004
23.20517921447754
22.68613624572754
23.12668800354004
23.86863136291504
23.67026710510254
23.41196632385254
23.67099952697754
25.13157081604004
23.41868019104004
23.50852394104004
23.60410499572754
23.51804542541504
24.09433937072754
23.66355323791504
23.62046241760254
23.98557472229004
23.72336769104004
24.88987159729004
24.14365577697754
24.15000343322754
24.94980812072754
24.41770362854004
24.46140480041504
24.53257179260254
24.57712745666504
24.30173683166504
24.27707862854004
25.01120948791504
24.63950538635254
24.35556983947754
24.56980323791504
24.69504737854004
24.67270851135254
24.29575538635254
24.50754737854004
16.89780616760254
22.51999855041504
23.82456398010254
23.93601417541504
23.79050636291504
24.05527687072754
24.20285987854004
24.21787452697754
24.28806495666504
25.12558937072754
24.16233253479004
23.63144874572754
23.08347511291504
23.60447120666504
23.39060401916504
23.68918800354004
23.36167335510254
24.86094093322754
24.73569679260254
23.57993507385254
24.48130226135254
23.77182960510254
24.44321632385254
24.33469581604004
24.79050636291504
24.37375831604004
24.61960792541504
24.55771827697754
24.68882179260254
24.64097023010254
18.28794288635254
22.92771339416504
22.05332374572754
23.18589210510254
24.65085792541504
24.28928565979004
24.40537452697754
23.32212257385254
23.69492530822754
23.32602882385254
23.35117530822754
23.41684913635254
23.40500831604004
25.13645362854004
23.75156593322754
23.64194679260254
24.45542335510254
25.06418800354004
24.38865089416504
24.21824073791504
24.25901222229004
24.39780616760254
24.62583351135254
24.41404151916504
24.53989601135254
23.50522804260254
24.53952980041504
24.70688819885254
23.56431007385254
23.72129249572754
23.96225929260254
23.35361671447754
23.43589210510254
23.48508644104004
24.65915870666504
24.54062843322754
24.33286476135254
24.52500343322754
18.11631202697754
23.38816261291504
23.59836769104004
24.33054542541504
24.62363624572754
24.21262550354004
23.49717140197754
24.29258155822754
23.30503273010254
23.34482765197754
24.45713233947754
25.17405128479004
24.33542823791504
24.59214210510254
24.48459815979004
23.69639015197754
24.05478858947754
23.31516456604004
23.38230323791504
25.21116065979004
24.07261085510254
23.59421730041504
24.79282569885254
24.47104835510254
23.40513038635254
24.68918800354004
24.21677589416504
24.35935401916504
24.44993019104004
24.49790382385254
24.63828468322754
24.48972511291504
18.74595069885254
23.51157569885254
24.67490577697754
24.43149757385254
24.57761573791504
24.88608741760254
25.01413917541504
23.49424171447754
24.51889991760254
23.44028663635254
24.51780128479004
24.61960792541504
24.89280128479004
24.51865577697754
19.34653663635254
24.80930519104004
24.31589698791504
24.60984230041504
19.99460792541504
24.53476905822754
23.56028175354004
20.23191261291504
23.95029640197754
24.45017433166504
23.53891944885254
21.38254737854004
21.90793800354004
24.52036476135254
21.92417335510254
23.69248390197754
23.59250831604004
23.60801124572754
22.10471534729004
23.81028175354004
23.68198585510254
23.63047218322754
24.90171241760254
23.77182960510254
22.45713233947754
23.69382667541504
24.26706886291504
24.31077003479004
23.48081398010254
24.16660499572754
24.38437843322754
22.33884620666504
24.66196632385254
23.77866554260254
25.08188819885254
23.96482276916504
25.20908546447754
23.38718605041504
24.11863136291504
