9.876351576561311e-42
4.963860988616943
10.073236465454102
2.6328063011169434
7.175775051116943
2.7103209495544434
10.992303848266602
11.628900527954102
8.064081192016602
22.5056095123291
9.223138809204102
21.3998966217041
21.5338077545166
23.6953067779541
23.2791690826416
21.2589054107666
24.5627384185791
22.8043155670166
24.4780216217041
20.9777774810791
24.4376163482666
24.4315128326416
14.583124160766602
17.6795597076416
17.2742862701416
24.2524356842041
24.7380313873291
22.4857120513916
23.5327091217041
24.5866641998291
24.0771427154541
24.9146671295166
22.0707950592041
24.6180362701416
23.9838809967041
23.9449405670166
23.6717472076416
23.6592960357666
24.8336124420166
23.7797794342041
23.8021183013916
24.1260929107666
8.084466934204102
17.7053165435791
2.2180113792419434
9.914789199829102
13.674432754516602
20.8339786529541
23.6188907623291
14.326654434204102
22.3076114654541
24.2907657623291
22.1917667388916
24.6249942779541
13.139886856079102
24.6191349029541
20.0811710357666
24.2835636138916
24.6428165435791
24.2210636138916
14.368280410766602
21.1859073638916
7.389153957366943
17.9660587310791
12.640130996704102
24.2581729888916
24.4827823638916
23.0134220123291
16.3422794342041
23.8685245513916
24.3389835357666
23.8150577545166
12.354974746704102
19.0552921295166
8.996576309204102
16.6791934967041
24.4114933013916
24.5476016998291
16.0114688873291
23.9434757232666
23.7900333404541
23.6844425201416
18.6434268951416
21.0889835357666
20.1588077545166
24.5538272857666
24.4764347076416
24.2978458404541
23.6043643951416
24.1610050201416
21.2408390045166
14.138910293579102
24.6320743560791
23.9352970123291
23.7523136138916
22.6653995513916
24.5024356842041
24.5715274810791
24.0778751373291
17.6098575592041
19.5942325592041
24.2910099029541
24.0860538482666
24.2871036529541
15.944452285766602
22.2154483795166
20.0451602935791
24.4511661529541
24.0101261138916
24.7532901763916
19.9295597076416
22.8123722076416
21.8858585357666
24.9689884185791
23.1662540435791
22.5749454498291
24.2449893951416
16.4018497467041
24.4742374420166
19.6651554107666
24.0888614654541
23.4581241607666
24.6466007232666
23.6915225982666
24.5504093170166
23.8527774810791
24.3045597076416
23.8913516998291
24.5784854888916
24.4531192779541
24.1624698638916
18.4769229888916
24.4372501373291
24.7822208404541
24.9713077545166
24.6749210357666
21.0809268951416
23.1727237701416
23.6331729888916
23.2957706451416
24.3488712310791
23.5639591217041
23.2775821685791
23.3417911529541
23.7684268951416
24.4410343170166
24.3892765045166
24.2758731842041
24.3893985748291
24.1151065826416
24.4704532623291
24.5771427154541
24.6263370513916
24.7542667388916
24.7965030670166
24.8666934967041
24.6619815826416
24.8707218170166
24.9517765045166
24.8282413482666
24.8990421295166
25.0246524810791
7.132928371429443
8.848871231079102
6.449212551116943
8.095575332641602
6.906121730804443
9.646356582641602
12.576776504516602
9.921991348266602
13.133050918579102
13.487298965454102
6.378167629241943
10.178339004516602
15.529657363891602
6.317742824554443
17.1793155670166
9.147699356079102
13.096307754516602
21.5145206451416
9.990106582641602
20.9206485748291
19.4512882232666
10.322015762329102
3.4683775901794434
22.0159854888916
19.1473331451416
17.3367862701416
11.966302871704102
15.591180801391602
17.9252872467041
6.296380519866943
19.3780460357666
16.7250919342041
18.6652774810791
15.855096817016602
7.974236965179443
8.529047012329102
6.650750637054443
9.982904434204102
12.171014785766602
6.789666652679443
13.023920059204102
12.813226699829102
19.9116153717041
12.094964981079102
16.1260929107666
8.675287246704102
21.8203067779541
14.113397598266602
22.2122745513916
8.734857559204102
9.609857559204102
18.0999698638916
10.455316543579102
22.1646671295166
15.652460098266602
9.209100723266602
13.034784317016602
23.1422061920166
17.0424747467041
10.710931777954102
15.909784317016602
13.900384902954102
16.5331974029541
9.458612442016602
19.3543643951416
10.695917129516602
11.199701309204102
20.7778263092041
17.8176212310791
12.766595840454102
15.323602676391602
15.353265762329102
12.514276504516602
18.3832950592041
18.9040470123291
18.0742130279541
18.5338077545166
19.5179386138916
20.6209659576416
15.067743301391602
19.8715763092041
16.1392765045166
22.3891544342041
17.8303165435791
22.0844669342041
19.0604190826416
20.4205265045166
21.7161808013916
19.8776798248291
20.3735294342041
20.7528018951416
21.8016300201416
22.3225040435791
22.6643009185791
22.9328556060791
23.2987003326416
19.3089542388916
19.8358097076416
18.8481388092041
14.140863418579102
12.478265762329102
12.888666152954102
12.226190567016602
11.835443496704102
5.725701808929443
6.792352199554443
8.211786270141602
19.0985050201416
16.6292667388916
17.3571720123291
16.2204532623291
14.670648574829102
6.323480129241943
7.685052394866943
9.008905410766602
7.635125637054443
10.630243301391602
16.6000919342041
15.525262832641602
8.836053848266602
9.527215957641602
15.845697402954102
10.223505020141602
19.0467472076416
14.014276504516602
20.5666446685791
14.440179824829102
13.439935684204102
14.935174942016602
18.2858829498291
6.119500637054443
13.875482559204102
9.801141738891602
14.751825332641602
10.211542129516602
10.224847793579102
13.783319473266602
19.5262393951416
15.862787246704102
6.708245754241943
11.171258926391602
9.888422012329102
15.582025527954102
7.558099269866943
9.340814590454102
15.842889785766602
12.347040176391602
10.581415176391602
18.3880558013916
14.500970840454102
16.0403995513916
8.499139785766602
15.737054824829102
11.486932754516602
7.749627590179443
11.156366348266602
10.975091934204102
11.575677871704102
16.0092716217041
11.947259902954102
9.669672012329102
13.140375137329102
11.567987442016602
16.5132999420166
13.330438613891602
16.9040470123291
14.189447402954102
13.090082168579102
14.269769668579102
15.760248184204102
15.808465957641602
16.6174259185791
17.3786563873291
16.7840518951416
16.6768741607666
16.2309513092041
19.3067569732666
20.0808048248291
19.8297061920166
21.1494083404541
20.6694278717041
23.4561710357666
19.9844913482666
16.3245792388916
16.6413516998291
21.4467716217041
16.9650821685791
20.7232608795166
22.9255313873291
17.2608585357666
11.849725723266602
18.5101261138916
22.4923038482666
23.9254093170166
24.1784610748291
23.5537052154541
24.6042423248291
23.8682804107666
23.1428165435791
24.1837100982666
24.2265567779541
24.2116641998291
23.7997989654541
24.0988712310791
18.3992862701416
16.2795352935791
21.6237735748291
20.1747989654541
23.3945255279541
22.0146427154541
15.085809707641602
24.5579776763916
24.5495548248291
23.2936954498291
23.6563663482666
23.8870792388916
24.0604190826416
18.6219425201416
19.0428409576416
20.9934024810791
19.0046329498291
24.5059757232666
20.1849308013916
19.3818302154541
22.8732852935791
21.8637638092041
23.6387882232666
21.6966495513916
17.4106388092041
22.5164737701416
22.4423770904541
19.7689151763916
23.7405948638916
23.2611026763916
23.7802677154541
21.8688907623291
23.5966739654541
24.0552921295166
23.3351993560791
23.7676944732666
24.0876407623291
23.5154972076416
23.5624942779541
24.3754825592041
24.0953311920166
23.3247013092041
24.0021915435791
23.9838809967041
23.2924747467041
23.7081241607666
23.7278995513916
23.6964054107666
23.7116641998291
24.0805606842041
23.5673770904541
22.1734561920166
21.9886417388916
23.3470401763916
23.3758487701416
23.3851261138916
23.7736759185791
24.0834903717041
24.1832218170166
24.4423770904541
24.3762149810791
24.7088565826416
24.5561466217041
24.3305606842041
24.2643985748291
23.8893985748291
23.7421817779541
24.0566349029541
24.1544132232666
24.1827335357666
24.1503849029541
23.9776554107666
12.678216934204102
10.875482559204102
8.933832168579102
20.6236515045166
22.7652530670166
18.5108585357666
18.9831485748291
23.5367374420166
24.0836124420166
11.857294082641602
22.4074649810791
21.7371768951416
19.6566104888916
23.5076847076416
24.0670108795166
18.6525821685791
22.9875431060791
19.2249698638916
21.1591739654541
20.5228214263916
13.925775527954102
23.4057559967041
22.3731632232666
22.7344913482666
23.2309513092041
16.4625186920166
23.5019474029541
22.7718448638916
24.1473331451416
23.5451602935791
24.2369327545166
23.6137638092041
23.7342472076416
23.6769962310791
23.8171329498291
23.7800235748291
23.8124942779541
23.8994083404541
23.8041934967041
20.8113956451416
18.8448429107666
23.1968936920166
18.2239933013916
20.9935245513916
24.2111759185791
19.2664737701416
24.1607608795166
23.5692081451416
21.0878849029541
24.0750675201416
23.5220890045166
23.5148868560791
24.2451114654541
24.0154972076416
23.5657901763916
24.3592472076416
24.1534366607666
24.4132022857666
24.0905704498291
24.7161808013916
24.3912296295166
24.2519474029541
24.2426700592041
24.9412784576416
20.2525577545166
23.7095890045166
18.0593204498291
23.2250919342041
19.7243595123291
21.3664493560791
23.8842716217041
24.5104923248291
23.8474063873291
23.9534854888916
24.2587833404541
24.1357364654541
24.1005802154541
24.0329532623291
22.7879581451416
24.2495059967041
23.3268985748291
24.0943546295166
24.1270694732666
24.1751651763916
24.3393497467041
24.3413028717041
23.0383243560791
19.3962345123291
23.8510684967041
24.3701114654541
24.2224063873291
24.4770450592041
24.8428897857666
24.1802921295166
21.1583194732666
22.1927433013916
23.8361759185791
24.8349552154541
24.5964298248291
24.0902042388916
24.0866641998291
24.4890079498291
23.9656925201416
24.1435489654541
24.2874698638916
24.2480411529541
23.1845645904541
24.6403751373291
24.9184513092041
23.7580509185791
24.2028751373291
24.7053165435791
23.8602237701416
24.2255802154541
23.9699649810791
24.5305118560791
24.6546573638916
24.3244571685791
24.1358585357666
24.3538761138916
24.5521183013916
23.9117374420166
24.0203800201416
24.2984561920166
24.4132022857666
24.5342960357666
24.6738224029541
24.3182315826416
24.4167423248291
24.6705265045166
25.0507755279541
24.4809513092041
24.7380313873291
24.9789981842041
25.3701114654541
24.9680118560791
24.4781436920166
24.7757511138916
25.1144962310791
24.4945011138916
22.5323429107666
25.0932559967041
25.3731632232666
24.6568546295166
22.7960147857666
25.4648380279541
24.6945743560791
25.2238712310791
24.8265323638916
24.2501163482666
25.3337345123291
24.6887149810791
25.2377872467041
25.8094425201416
25.6271915435791
25.7770938873291
25.5659122467041
25.5472354888916
25.2342472076416
25.3353214263916
23.1378116607666
23.5811710357666
23.4543399810791
24.1562442779541
23.0020694732666
22.7604923248291
23.2401065826416
23.1227970123291
23.5622501373291
22.8834171295166
23.9034366607666
24.2510929107666
23.0540714263916
23.1171817779541
24.1500186920166
24.4296817779541
23.7929630279541
23.6519718170166
23.4750919342041
24.0253849029541
23.9488468170166
24.6190128326416
23.4810733795166
23.5259952545166
23.4002628326416
23.7922306060791
23.7886905670166
24.4831485748291
24.0207462310791
24.1509952545166
24.4946231842041
24.0056095123291
24.2480411529541
24.3813419342041
24.1181583404541
24.0701847076416
24.1989688873291
24.3194522857666
23.6796817779541
23.8786563873291
23.9075870513916
24.2329044342041
24.4955997467041
24.2014102935791
18.4943790435791
14.117547988891602
18.2897891998291
18.8648624420166
19.1826114654541
19.9279727935791
22.6032657623291
21.8041934967041
20.3913516998291
22.8550968170166
21.0926456451416
23.6320743560791
24.1529483795166
24.2669620513916
24.3809757232666
24.3524112701416
23.7683048248291
23.6354923248291
23.6628360748291
23.9411563873291
23.5861759185791
24.3715763092041
24.5704288482666
24.6801700592041
24.2253360748291
23.9886417388916
23.6541690826416
24.7088565826416
24.7839298248291
24.6931095123291
24.4333438873291
24.7820987701416
24.4556827545166
24.6844425201416
24.0224552154541
23.4888858795166
23.7857608795166
23.6984806060791
23.7397403717041
23.4041690826416
23.0841007232666
23.6578311920166
24.0095157623291
23.8790225982666
23.9501895904541
23.2247257232666
23.7202091217041
23.8494815826416
24.1596622467041
23.6411075592041
24.0290470123291
25.1726016998291
23.9531192779541
24.0194034576416
24.9423770904541
25.2709903717041
24.3128604888916
23.5436954498291
23.9937686920166
23.9055118560791
23.7681827545166
24.6378116607666
24.2936954498291
23.6268253326416
24.2320499420166
23.7767276763916
23.9489688873291
23.8948917388916
23.3828067779541
24.0985050201416
24.1481876373291
24.4363956451416
24.6252384185791
24.1800479888916
24.1144962310791
23.8705997467041
24.2772159576416
24.1127872467041
24.1713809967041
23.7193546295166
23.5884952545166
24.1462345123291
24.3268985748291
24.0009708404541
24.0710391998291
23.2794132232666
24.5043888092041
24.1835880279541
24.3835391998291
24.0966739654541
24.2381534576416
24.0024356842041
24.2990665435791
24.3841495513916
24.0391788482666
24.2632999420166
23.5894718170166
23.6809024810791
24.5488224029541
23.7569522857666
24.0495548248291
24.3997745513916
23.9981632232666
24.7485294342041
24.3393497467041
24.6719913482666
24.3380069732666
24.1805362701416
24.1999454498291
24.7193546295166
24.9237003326416
24.0580997467041
24.1007022857666
24.8126163482666
23.9914493560791
24.6530704498291
24.1553897857666
24.2921085357666
24.5645694732666
24.4427433013916
24.0742130279541
24.1903018951416
24.1058292388916
24.4116153717041
24.5207462310791
24.4803409576416
24.0548038482666
24.0662784576416
24.1564884185791
24.2359561920166
24.1339054107666
24.2676944732666
24.4687442779541
24.0654239654541
24.1663761138916
24.6018009185791
24.1174259185791
24.0817813873291
24.9848575592041
24.3320255279541
24.0740909576416
24.0014591217041
24.0529727935791
24.3767032623291
23.8970890045166
24.0768985748291
24.0085391998291
23.8310489654541
24.0064640045166
23.7733097076416
23.6502628326416
23.2159366607666
23.8825626373291
24.2819766998291
15.850824356079102
23.1252384185791
22.0479679107666
23.2575626373291
23.8500919342041
24.2861270904541
23.8847599029541
23.7807559967041
23.6268253326416
24.1944522857666
23.8276309967041
24.3384952545166
23.9533634185791
24.8038272857666
24.7593936920166
24.3818302154541
23.2944278717041
23.9287052154541
24.2176456451416
24.0109806060791
24.1445255279541
23.7062931060791
23.5935001373291
25.4085636138916
23.6826114654541
23.3984317779541
24.2492618560791
23.9053897857666
24.1911563873291
24.0810489654541
24.0106143951416
24.0894718170166
24.2923526763916
24.1780948638916
24.5003604888916
24.3997745513916
24.0975284576416
24.2183780670166
24.4671573638916
24.3072452545166
24.1149845123291
24.6181583404541
24.3580265045166
24.2609806060791
24.4370059967041
24.7598819732666
24.2473087310791
24.4875431060791
24.2349796295166
24.7901554107666
23.4252872467041
16.6353702545166
23.1997013092041
23.8411808013916
24.5009708404541
23.7628116607666
24.4167423248291
24.0667667388916
24.8757266998291
24.1894474029541
24.4757022857666
24.7045841217041
23.5633487701416
23.8880558013916
23.7036075592041
23.4144229888916
23.9280948638916
23.8093204498291
25.2208194732666
24.3001651763916
23.8464298248291
24.4061222076416
23.7745304107666
24.1153507232666
23.8836612701416
24.7353458404541
24.2126407623291
24.4638614654541
24.3312931060791
24.2811222076416
23.6115665435791
18.0956974029541
23.6658878326416
22.3619327545166
24.3218936920166
24.1218204498291
24.3864688873291
24.6307315826416
23.8608341217041
23.9973087310791
22.9498233795166
24.2259464263916
23.6386661529541
23.8273868560791
24.2923526763916
24.0350284576416
24.1935977935791
24.1341495513916
24.2257022857666
24.3839054107666
24.1935977935791
24.6945743560791
24.9882755279541
24.4046573638916
23.8480167388916
23.8292179107666
24.1539249420166
24.8858585357666
24.0759220123291
23.6236515045166
23.9361515045166
23.7219181060791
23.9874210357666
23.7585391998291
23.9852237701416
25.1325626373291
24.5461368560791
24.4112491607666
23.9899845123291
18.1387882232666
24.2359561920166
24.0399112701416
23.6815128326416
24.1475772857666
24.8326358795166
23.9533634185791
24.5352725982666
23.8756046295166
23.6043643951416
23.9686222076416
24.3591251373291
24.0544376373291
24.0869083404541
24.1044864654541
24.2985782623291
23.9632511138916
23.6914005279541
24.1722354888916
24.4245548248291
24.5318546295166
24.4542179107666
24.0909366607666
24.8194522857666
23.9157657623291
24.2712345123291
24.6705265045166
24.4678897857666
24.1319522857666
24.7875919342041
24.1362247467041
24.1605167388916
18.7225284576416
24.0356388092041
24.3121280670166
24.1524600982666
24.4457950592041
24.1508731842041
24.4663028717041
23.6856632232666
25.0900821685791
23.7221622467041
24.3173770904541
24.4501895904541
23.9738712310791
24.0495548248291
19.3314151763916
24.2536563873291
24.5757999420166
24.4372501373291
20.1589298248291
24.8000431060791
24.0339298248291
19.8276309967041
24.4161319732666
25.0217227935791
23.6440372467041
21.6070499420166
22.0082950592041
24.2027530670166
22.2523136138916
24.1569766998291
23.9184513092041
24.0190372467041
22.5125675201416
24.0677433013916
24.1531925201416
23.7609806060791
24.2988224029541
24.2337589263916
23.1074161529541
24.1306095123291
24.2554874420166
24.4893741607666
24.1331729888916
23.6187686920166
24.4868106842041
22.8074893951416
24.6881046295166
24.0653018951416
24.3752384185791
23.6083927154541
24.4750919342041
23.9727725982666
23.9576358795166
