9.876351576561311e-42
1.701745629310608
10.144250869750977
2.4457640647888184
2.5703978538513184
1.079064965248108
6.212853908538818
8.808679580688477
5.776574611663818
22.659265518188477
6.435266017913818
21.876062393188477
22.387170791625977
23.631433486938477
23.333337783813477
22.618249893188477
24.480676651000977
23.600671768188477
24.034753799438477
22.394739151000977
23.507410049438477
24.208581924438477
17.145349502563477
20.497278213500977
19.923791885375977
24.524255752563477
24.656824111938477
23.503259658813477
23.845544815063477
25.168176651000977
23.146326065063477
24.870691299438477
22.458215713500977
23.244592666625977
22.879602432250977
23.328699111938477
22.863122940063477
23.058069229125977
25.668909072875977
22.846399307250977
23.052820205688477
22.699060440063477
7.191369533538818
16.885217666625977
2.3365111351013184
7.990319728851318
14.026575088500977
20.870813369750977
23.455408096313477
14.339563369750977
22.339441299438477
24.048059463500977
22.959924697875977
24.226160049438477
15.938928604125977
23.736780166625977
22.509119033813477
23.302942276000977
25.277185440063477
23.122766494750977
14.732263565063477
20.292566299438477
1.967736840248108
20.271936416625977
12.213708877563477
24.005212783813477
23.907678604125977
23.151575088500977
19.622156143188477
22.994836807250977
23.195398330688477
22.479211807250977
12.517419815063477
18.293909072875977
4.194543361663818
17.117517471313477
24.050867080688477
24.312829971313477
19.150842666625977
23.208215713500977
23.191492080688477
22.595056533813477
18.020471572875977
20.614465713500977
21.766809463500977
24.005212783813477
24.472497940063477
24.323572158813477
23.398035049438477
23.227380752563477
20.235315322875977
12.126306533813477
24.374231338500977
23.454309463500977
22.685876846313477
22.181604385375977
24.616540908813477
24.857629776000977
23.340295791625977
17.708093643188477
21.961389541625977
24.769372940063477
22.663782119750977
22.827600479125977
14.677820205688477
22.159021377563477
21.765466690063477
24.958826065063477
23.625452041625977
23.299158096313477
20.023889541625977
22.807092666625977
22.775354385375977
23.180017471313477
23.157800674438477
23.359827041625977
23.401575088500977
15.234216690063477
23.291589736938477
21.019983291625977
23.827234268188477
23.856164932250977
23.140954971313477
23.228845596313477
22.975915908813477
23.620447158813477
23.299890518188477
23.581506729125977
25.017541885375977
23.029382705688477
23.377893447875977
19.432458877563477
23.308069229125977
23.468225479125977
23.699914932250977
24.026941299438477
22.199670791625977
23.201868057250977
23.389978408813477
23.797571182250977
23.820886611938477
23.461511611938477
23.616907119750977
23.717248916625977
23.746301651000977
23.755212783813477
23.887048721313477
24.083215713500977
24.101892471313477
24.224084854125977
24.141321182250977
24.161462783813477
24.358728408813477
24.648523330688477
24.781824111938477
24.960412979125977
25.019861221313477
25.180017471313477
25.318811416625977
25.462732315063477
26.074670791625977
26.427942276000977
6.388757228851318
8.952844619750977
5.508264064788818
5.310388088226318
5.521935939788818
8.792078018188477
11.569177627563477
8.921838760375977
13.915735244750977
13.027673721313477
4.817956447601318
8.694665908813477
16.251916885375977
3.9181761741638184
16.284631729125977
5.209435939788818
11.721521377563477
21.881311416625977
11.045740127563477
20.961755752563477
19.988733291625977
9.505945205688477
0.6465698480606079
22.046716690063477
17.516443252563477
18.082849502563477
13.522424697875977
18.015466690063477
16.596887588500977
3.9655394554138184
16.751672744750977
17.793298721313477
17.136072158813477
17.099084854125977
8.209802627563477
8.175012588500977
8.318689346313477
8.810144424438477
12.342615127563477
7.725549221038818
13.426843643188477
13.532678604125977
18.370813369750977
11.141565322875977
16.721765518188477
10.652917861938477
21.175622940063477
15.069299697875977
20.313562393188477
10.935876846313477
8.539270401000977
19.857263565063477
10.463830947875977
21.912683486938477
15.976526260375977
10.813928604125977
14.098108291625977
22.828699111938477
19.049280166625977
9.577600479125977
17.200769424438477
15.642053604125977
17.297693252563477
10.093957901000977
18.518396377563477
11.028894424438477
11.275354385375977
20.181116104125977
17.778284072875977
11.707849502563477
15.937219619750977
14.315637588500977
12.912561416625977
18.356653213500977
18.263757705688477
17.539758682250977
20.119348526000977
19.352136611938477
20.597253799438477
15.535852432250977
18.212488174438477
15.033044815063477
23.598474502563477
15.579187393188477
23.048425674438477
19.909875869750977
20.484949111938477
20.722742080688477
19.574060440063477
20.909509658813477
20.816125869750977
21.596643447875977
21.901330947875977
23.149255752563477
23.568445205688477
23.824304580688477
17.976770401000977
18.935266494750977
18.395349502563477
12.601526260375977
11.897546768188477
11.689050674438477
11.633630752563477
13.364099502563477
6.514855861663818
7.122155666351318
7.092736721038818
18.856042861938477
14.979089736938477
15.706018447875977
15.745203018188477
13.917688369750977
7.050744533538818
7.113610744476318
7.892785549163818
6.617516994476318
10.036584854125977
15.287073135375977
14.572839736938477
7.935998439788818
6.536828517913818
14.009729385375977
7.812463283538818
17.806848526000977
13.347742080688477
19.984582901000977
12.856531143188477
13.758630752563477
14.350671768188477
17.642908096313477
6.127160549163818
13.487756729125977
9.092737197875977
13.872766494750977
8.536340713500977
8.189783096313477
13.416833877563477
18.699304580688477
15.631799697875977
7.800622463226318
11.201868057250977
10.725915908813477
14.909143447875977
8.014245986938477
9.679040908813477
14.603357315063477
12.584924697875977
11.122888565063477
17.509485244750977
13.816247940063477
14.274988174438477
8.438562393188477
15.990930557250977
13.486291885375977
8.150720596313477
12.066370010375977
10.380334854125977
12.103723526000977
16.277307510375977
12.495569229125977
9.806604385375977
13.799524307250977
11.921716690063477
16.250818252563477
13.579797744750977
15.995813369750977
13.711877822875977
13.474817276000977
14.696619033813477
15.314294815063477
15.874841690063477
16.559167861938477
16.552942276000977
16.166833877563477
15.374109268188477
14.882776260375977
19.635339736938477
19.768884658813477
20.351892471313477
21.675256729125977
20.909265518188477
22.063562393188477
20.080896377563477
15.188074111938477
15.550622940063477
21.483850479125977
16.304651260375977
20.352380752563477
22.660974502563477
15.917566299438477
11.029748916625977
17.503503799438477
22.235681533813477
22.983972549438477
22.670618057250977
22.883630752563477
24.469568252563477
23.027429580688477
23.613245010375977
22.957727432250977
23.112634658813477
23.842248916625977
23.628137588500977
24.003137588500977
17.958948135375977
15.960657119750977
21.671594619750977
20.508264541625977
23.102380752563477
21.956750869750977
14.184289932250977
23.136560440063477
24.540246963500977
23.434778213500977
24.073083877563477
23.405969619750977
24.260339736938477
18.016443252563477
18.777795791625977
21.376794815063477
20.158288955688477
23.877283096313477
20.032800674438477
19.046960830688477
22.834436416625977
22.626672744750977
22.600793838500977
21.551599502563477
16.150476455688477
22.864099502563477
21.936975479125977
18.879236221313477
22.613489151000977
22.590295791625977
22.666101455688477
21.535364151000977
22.887537002563477
22.711633682250977
22.879236221313477
22.522302627563477
23.025598526000977
22.711389541625977
23.357141494750977
22.792444229125977
22.683923721313477
23.605554580688477
23.018396377563477
22.916955947875977
23.586511611938477
23.207361221313477
22.781702041625977
22.963464736938477
23.285730361938477
23.785730361938477
23.733850479125977
22.270837783813477
21.878503799438477
22.290369033813477
22.258264541625977
22.414514541625977
23.208826065063477
23.736413955688477
24.107263565063477
24.056482315063477
23.904382705688477
24.175256729125977
23.560022354125977
23.313928604125977
23.600305557250977
23.383996963500977
22.985315322875977
23.683313369750977
24.077356338500977
24.296350479125977
24.372278213500977
24.534753799438477
10.738000869750977
7.631310939788818
6.475549221038818
20.931604385375977
23.220666885375977
18.527917861938477
20.675500869750977
23.732019424438477
24.415735244750977
11.144739151000977
22.459070205688477
22.713220596313477
21.962121963500977
23.378137588500977
24.553674697875977
19.295984268188477
23.334314346313477
18.997888565063477
21.620203018188477
20.629114151000977
13.695886611938477
23.110071182250977
23.516565322875977
23.206628799438477
23.473596572875977
17.119958877563477
23.794275283813477
22.579919815063477
22.579065322875977
22.672449111938477
22.815271377563477
22.938196182250977
23.071496963500977
23.828821182250977
23.558435440063477
23.671594619750977
24.154016494750977
24.548303604125977
23.648035049438477
23.111658096313477
22.974573135375977
23.875085830688477
20.665369033813477
23.175867080688477
24.212976455688477
23.113367080688477
24.398645401000977
23.644006729125977
23.539636611938477
24.106653213500977
24.414270401000977
23.027917861938477
25.050012588500977
23.581750869750977
23.280237197875977
24.343835830688477
24.242151260375977
24.521081924438477
24.581506729125977
24.682092666625977
26.084802627563477
25.249475479125977
25.321252822875977
26.956018447875977
23.158411026000977
23.944787979125977
21.949060440063477
23.801843643188477
23.243616104125977
23.343103408813477
24.196985244750977
24.110071182250977
24.448572158813477
23.906824111938477
24.390466690063477
24.770105361938477
24.993005752563477
25.331018447875977
23.600549697875977
23.900720596313477
23.564294815063477
24.330286026000977
24.545129776000977
25.662927627563477
26.123010635375977
24.141565322875977
23.976526260375977
22.008874893188477
24.554529190063477
24.612512588500977
24.607873916625977
25.660730361938477
26.123987197875977
24.156946182250977
23.216394424438477
23.495935440063477
24.285364151000977
25.092004776000977
25.862268447875977
23.967126846313477
23.975061416625977
24.241785049438477
24.426965713500977
24.348474502563477
25.057458877563477
25.075525283813477
23.857751846313477
24.679407119750977
26.346277236938477
24.311853408813477
25.639856338500977
26.405481338500977
24.544031143188477
25.759241104125977
24.757532119750977
25.872522354125977
24.962976455688477
24.805139541625977
25.275964736938477
25.302942276000977
25.237756729125977
25.037561416625977
25.189905166625977
25.450525283813477
26.472497940063477
26.357385635375977
26.600793838500977
26.493738174438477
26.203332901000977
26.595544815063477
25.899621963500977
25.228723526000977
25.462121963500977
25.769128799438477
25.256311416625977
25.582117080688477
25.241540908813477
25.531213760375977
25.838708877563477
25.741052627563477
24.356653213500977
26.290124893188477
25.673425674438477
26.052576065063477
24.301477432250977
26.082483291625977
25.623376846313477
25.605188369750977
26.043298721313477
25.735071182250977
26.391687393188477
26.033288955688477
26.320764541625977
26.113122940063477
26.025964736938477
26.312097549438477
26.357751846313477
26.524499893188477
26.139368057250977
26.602746963500977
24.932825088500977
24.548547744750977
24.190881729125977
26.086267471313477
25.003992080688477
24.606164932250977
24.600305557250977
25.006311416625977
24.891199111938477
24.207239151000977
25.493371963500977
26.269250869750977
24.637414932250977
24.365930557250977
25.435144424438477
25.814538955688477
24.597253799438477
25.437219619750977
24.947717666625977
25.472986221313477
25.792932510375977
26.619836807250977
25.475549697875977
25.046228408813477
25.275964736938477
25.484949111938477
25.865076065063477
25.814172744750977
25.968835830688477
26.644006729125977
26.410120010375977
26.295984268188477
26.126428604125977
26.185022354125977
25.260583877563477
25.551111221313477
25.810266494750977
25.485925674438477
25.501306533813477
25.776208877563477
25.317102432250977
26.237146377563477
26.521326065063477
26.586511611938477
16.869348526000977
13.058069229125977
17.440759658813477
17.659875869750977
17.699304580688477
18.902795791625977
21.306970596313477
20.759973526000977
19.905481338500977
21.793298721313477
20.633264541625977
22.967248916625977
22.901453018188477
23.598474502563477
24.509729385375977
24.217737197875977
21.529504776000977
23.259485244750977
21.902917861938477
24.177087783813477
22.091516494750977
25.103357315063477
25.174036026000977
24.953943252563477
24.429040908813477
23.707117080688477
22.937463760375977
24.868494033813477
25.239099502563477
24.907800674438477
25.076623916625977
25.258264541625977
25.087366104125977
25.158533096313477
24.895959854125977
24.459802627563477
24.530847549438477
23.657922744750977
24.472864151000977
24.507532119750977
24.675500869750977
23.198816299438477
23.988855361938477
23.184534072875977
23.448816299438477
24.587244033813477
23.358484268188477
24.250818252563477
24.952966690063477
25.037683486938477
24.318933486938477
25.938806533813477
25.661584854125977
24.768274307250977
25.560144424438477
25.943811416625977
25.758386611938477
24.457361221313477
24.354211807250977
24.184778213500977
24.347131729125977
25.818445205688477
25.391199111938477
24.616174697875977
25.014490127563477
24.611658096313477
25.121057510375977
24.414392471313477
24.866296768188477
25.289636611938477
24.923913955688477
24.717615127563477
25.318811416625977
25.080896377563477
25.283899307250977
24.758264541625977
25.290857315063477
25.217737197875977
25.216394424438477
24.807458877563477
24.784997940063477
24.932336807250977
25.798669815063477
25.038171768188477
25.327966690063477
24.666711807250977
25.607751846313477
26.205530166625977
25.523157119750977
25.306238174438477
25.358972549438477
25.936853408813477
25.756677627563477
25.934412002563477
25.972497940063477
26.546960830688477
25.457361221313477
25.333093643188477
26.301477432250977
25.696008682250977
26.323938369750977
26.616296768188477
25.135461807250977
26.416833877563477
26.528039932250977
26.571252822875977
25.432947158813477
25.472986221313477
26.013635635375977
25.910852432250977
26.801111221313477
25.744104385375977
26.007043838500977
26.577600479125977
25.194910049438477
26.454675674438477
25.994836807250977
25.738367080688477
26.096399307250977
25.960535049438477
25.686120986938477
25.742883682250977
25.650232315063477
26.024377822875977
26.057947158813477
26.136438369750977
25.584680557250977
25.723962783813477
25.705530166625977
25.108118057250977
25.228723526000977
26.036951065063477
26.196985244750977
25.284509658813477
25.333215713500977
25.748010635375977
25.301965713500977
26.063074111938477
25.439783096313477
25.982141494750977
25.519861221313477
25.712610244750977
26.165124893188477
26.836633682250977
25.777307510375977
25.688562393188477
25.427331924438477
25.354089736938477
25.918787002563477
25.944543838500977
25.624597549438477
24.759119033813477
25.644739151000977
26.139978408813477
14.544519424438477
21.933435440063477
21.248498916625977
22.105066299438477
23.007776260375977
22.965295791625977
23.735437393188477
21.931238174438477
22.167810440063477
24.385583877563477
23.228723526000977
24.734582901000977
23.785730361938477
24.994348526000977
24.990808486938477
24.954797744750977
24.540979385375977
24.197473526000977
23.985193252563477
25.083581924438477
23.493860244750977
24.776941299438477
24.930749893188477
26.320886611938477
24.677576065063477
24.739953994750977
24.773279190063477
25.292566299438477
25.764123916625977
25.043664932250977
24.994104385375977
25.590417861938477
24.905969619750977
25.966638565063477
25.771570205688477
25.643518447875977
26.594202041625977
26.033411026000977
25.719690322875977
25.628992080688477
25.348718643188477
26.314294815063477
26.043298721313477
25.352380752563477
25.354455947875977
26.151330947875977
25.403039932250977
26.153650283813477
26.018274307250977
25.810388565063477
24.840662002563477
15.888269424438477
22.223718643188477
23.341394424438477
24.422815322875977
22.404504776000977
24.623498916625977
23.947229385375977
25.526208877563477
24.226037979125977
25.263513565063477
25.061365127563477
24.445642471313477
24.461511611938477
23.542444229125977
24.500574111938477
25.225427627563477
24.339685440063477
25.852746963500977
25.439294815063477
25.233728408813477
26.013879776000977
25.161828994750977
26.206506729125977
25.529870986938477
26.198938369750977
26.179773330688477
25.603601455688477
25.953454971313477
25.161951065063477
26.330530166625977
16.797204971313477
22.284387588500977
21.752893447875977
23.688318252563477
24.271326065063477
24.277795791625977
25.134851455688477
24.230310440063477
23.894495010375977
24.752893447875977
24.247156143188477
24.598596572875977
24.519006729125977
25.509607315063477
25.163415908813477
25.288904190063477
25.336877822875977
26.699060440063477
26.282434463500977
26.006921768188477
25.530725479125977
25.961511611938477
26.251916885375977
25.457849502563477
26.507898330688477
23.387414932250977
25.320276260375977
24.686609268188477
24.295862197875977
24.283166885375977
25.262903213500977
24.329309463500977
24.567468643188477
24.990076065063477
25.773279190063477
26.163782119750977
25.803674697875977
25.242151260375977
17.092859268188477
24.043542861938477
23.782556533813477
22.625818252563477
24.861413955688477
25.331995010375977
24.344568252563477
25.403284072875977
24.349939346313477
24.329309463500977
24.585290908813477
25.777795791625977
25.353235244750977
25.372644424438477
25.770593643188477
24.405603408813477
23.853113174438477
24.056604385375977
24.250085830688477
26.109704971313477
25.755701065063477
24.350305557250977
24.189172744750977
25.496423721313477
24.494470596313477
26.263391494750977
26.085412979125977
26.682703018188477
25.545129776000977
26.013757705688477
25.550867080688477
25.712610244750977
17.811243057250977
24.937707901000977
26.389123916625977
25.861169815063477
25.793542861938477
25.633996963500977
24.560998916625977
24.271936416625977
25.725915908813477
24.486047744750977
25.991052627563477
25.793909072875977
25.908044815063477
26.168909072875977
18.319299697875977
26.626428604125977
26.041345596313477
25.857629776000977
18.705041885375977
25.368127822875977
25.095666885375977
18.542444229125977
24.274866104125977
26.067590713500977
24.846643447875977
20.511438369750977
20.860437393188477
26.592493057250977
21.106042861938477
25.229822158813477
24.929407119750977
25.298913955688477
21.508996963500977
24.993860244750977
24.925867080688477
25.028894424438477
26.627649307250977
24.989343643188477
22.207117080688477
25.467370986938477
25.922937393188477
27.133020401000977
25.477380752563477
25.088953018188477
26.929285049438477
21.959436416625977
24.870080947875977
25.078454971313477
26.630945205688477
25.409387588500977
26.057092666625977
25.373132705688477
25.715417861938477
