9.876351576561311e-42
3.267892360687256
9.461252212524414
0.9175506830215454
6.033273220062256
0.8194061517715454
10.938058853149414
11.203683853149414
7.752755641937256
22.526681900024414
8.925363540649414
21.891427993774414
21.963205337524414
23.365549087524414
23.173166275024414
20.585031509399414
25.224924087524414
24.102121353149414
23.953927993774414
20.899484634399414
25.751779556274414
24.801340103149414
13.908029556274414
17.190256118774414
16.563791275024414
25.672677993774414
24.642648696899414
22.860422134399414
24.387765884399414
25.517648696899414
25.947092056274414
25.805246353149414
23.046457290649414
25.687570571899414
24.881174087524414
25.673654556274414
25.160226821899414
25.332590103149414
25.477853775024414
25.194162368774414
25.483957290649414
25.377023696899414
6.978585720062256
17.055734634399414
0.477365106344223
8.986886978149414
13.216379165649414
20.879709243774414
23.330881118774414
13.619211196899414
23.161935806274414
23.892892837524414
22.772531509399414
24.150705337524414
12.434152603149414
25.569650650024414
19.758615493774414
26.259347915649414
25.438791275024414
25.697824478149414
13.367013931274414
20.358224868774414
6.865304470062256
17.408761978149414
12.199777603149414
23.788400650024414
23.942697525024414
24.096261978149414
15.575021743774414
25.875802993774414
25.689279556274414
24.961984634399414
11.412424087524414
18.918039321899414
8.609445571899414
16.176828384399414
23.822092056274414
24.557931900024414
14.801340103149414
26.107980728149414
24.999094009399414
24.928537368774414
18.035226821899414
21.504953384399414
19.846017837524414
24.060861587524414
25.358224868774414
25.392648696899414
25.971506118774414
25.523019790649414
21.223703384399414
13.551340103149414
24.176095962524414
26.055734634399414
25.000070571899414
22.948801040649414
25.630197525024414
25.769357681274414
25.639474868774414
17.263498306274414
18.357248306274414
25.700265884399414
25.312326431274414
25.677316665649414
16.121652603149414
22.712961196899414
19.401926040649414
25.669748306274414
25.046213150024414
25.422189712524414
20.142160415649414
23.598947525024414
21.907297134399414
25.103097915649414
23.617258071899414
23.156076431274414
25.430490493774414
15.952463150024414
25.553781509399414
19.379953384399414
24.731027603149414
24.376535415649414
25.884592056274414
25.870187759399414
26.097482681274414
24.528635025024414
26.510812759399414
24.302072525024414
25.546701431274414
26.350412368774414
26.323068618774414
18.079904556274414
26.350656509399414
26.079172134399414
25.529367446899414
25.204172134399414
21.291574478149414
24.818674087524414
25.018625259399414
25.131418228149414
24.870676040649414
25.676340103149414
25.122140884399414
25.578927993774414
25.638010025024414
25.230539321899414
25.098215103149414
24.867990493774414
24.471506118774414
24.422433853149414
23.963937759399414
24.266427993774414
24.314035415649414
24.541574478149414
25.692209243774414
25.669260025024414
25.615549087524414
25.656808853149414
25.499582290649414
25.306222915649414
25.581857681274414
25.612619400024414
6.375802516937256
8.055246353149414
5.511544704437256
7.430490016937256
5.888986110687256
8.764719009399414
11.815988540649414
8.983713150024414
12.419992446899414
12.584299087524414
5.427560329437256
8.560617446899414
14.090646743774414
5.364083766937256
15.682443618774414
8.648263931274414
12.427560806274414
19.837717056274414
10.061594009399414
19.347726821899414
18.616525650024414
10.460031509399414
1.8765350580215454
20.743478775024414
18.564279556274414
16.837228775024414
11.552072525024414
15.038400650024414
17.245676040649414
5.292062282562256
18.745431900024414
15.961984634399414
18.080881118774414
15.336740493774414
7.085763454437256
7.776681423187256
5.445870876312256
9.087472915649414
11.275217056274414
5.852609157562256
11.374338150024414
11.541574478149414
18.298654556274414
11.346261978149414
15.075265884399414
8.592599868774414
20.210519790649414
14.251047134399414
20.731515884399414
7.943917751312256
8.082834243774414
16.954660415649414
10.120431900024414
20.445138931274414
15.198801040649414
7.847238063812256
12.830392837524414
21.598703384399414
16.678293228149414
10.047433853149414
15.182443618774414
13.406320571899414
16.016672134399414
8.273752212524414
17.842844009399414
10.047922134399414
9.757150650024414
19.155832290649414
17.186349868774414
11.998849868774414
14.604562759399414
14.540353775024414
11.296213150024414
17.774972915649414
18.624338150024414
17.415109634399414
17.424875259399414
19.298410415649414
20.158273696899414
13.503732681274414
19.274728775024414
14.773508071899414
21.310129165649414
16.427316665649414
20.873117446899414
17.896799087524414
18.848215103149414
20.158029556274414
18.449045181274414
18.670724868774414
19.081857681274414
20.137033462524414
20.652414321899414
21.178049087524414
21.620920181274414
22.227365493774414
21.452707290649414
21.809396743774414
20.665353775024414
14.956125259399414
13.020334243774414
13.334787368774414
12.551584243774414
11.970285415649414
5.575753688812256
6.451486110687256
8.351633071899414
20.873361587524414
16.864328384399414
18.557687759399414
16.608224868774414
14.814767837524414
6.850900173187256
7.735421657562256
9.024240493774414
7.456124782562256
10.706857681274414
15.311105728149414
14.720529556274414
8.190744400024414
8.899972915649414
14.550607681274414
9.409006118774414
21.117013931274414
15.131662368774414
22.409006118774414
14.966867446899414
13.384836196899414
14.922433853149414
19.917062759399414
6.577706813812256
14.192453384399414
9.766916275024414
14.114816665649414
9.485177993774414
9.722238540649414
15.030099868774414
21.487863540649414
15.998117446899414
6.685372829437256
11.148508071899414
9.565988540649414
17.039621353149414
7.568673610687256
9.055002212524414
17.366281509399414
12.159250259399414
10.648752212524414
20.360422134399414
14.733469009399414
17.439523696899414
8.516672134399414
15.908761978149414
11.582345962524414
7.435616970062256
11.124826431274414
11.212717056274414
12.108713150024414
16.049386978149414
12.573312759399414
9.922677993774414
13.573312759399414
11.828195571899414
16.160959243774414
13.650217056274414
16.773752212524414
14.374338150024414
13.251047134399414
14.294504165649414
16.243967056274414
15.873605728149414
16.738107681274414
17.439523696899414
17.087961196899414
17.362619400024414
17.420724868774414
21.011545181274414
22.004465103149414
21.884836196899414
23.040597915649414
22.388498306274414
23.835519790649414
21.272043228149414
16.022287368774414
17.210763931274414
22.568429946899414
17.211984634399414
20.060617446899414
22.436594009399414
15.972726821899414
10.958078384399414
17.134592056274414
21.575998306274414
23.059152603149414
23.946603775024414
23.605295181274414
24.996896743774414
23.778390884399414
23.729562759399414
23.415597915649414
23.525217056274414
24.368967056274414
24.339181900024414
23.645578384399414
19.594308853149414
15.913888931274414
22.361886978149414
19.100168228149414
22.458078384399414
20.571603775024414
14.242746353149414
24.576730728149414
24.814767837524414
23.674631118774414
24.078439712524414
23.933176040649414
23.669015884399414
19.176828384399414
17.967844009399414
19.904367446899414
18.431467056274414
24.807687759399414
20.932931900024414
18.871896743774414
22.160959243774414
21.101877212524414
23.132638931274414
21.399240493774414
16.483224868774414
21.736154556274414
22.537179946899414
18.333566665649414
23.354074478149414
23.142648696899414
23.614572525024414
20.720773696899414
23.091867446899414
23.535715103149414
21.892648696899414
23.220529556274414
22.711984634399414
22.338205337524414
23.628000259399414
24.237863540649414
23.863351821899414
23.867746353149414
23.362131118774414
23.958078384399414
24.072580337524414
23.424386978149414
23.964670181274414
23.962228775024414
23.429758071899414
23.644601821899414
24.312570571899414
23.668039321899414
23.368967056274414
23.816720962524414
23.811105728149414
23.910470962524414
24.203439712524414
24.506174087524414
24.814523696899414
24.978830337524414
24.682687759399414
24.875558853149414
24.781320571899414
24.384592056274414
24.354806900024414
23.883127212524414
24.108957290649414
24.268625259399414
23.899240493774414
23.687326431274414
23.716623306274414
23.733469009399414
12.052072525024414
10.309640884399414
8.158517837524414
20.578195571899414
22.961008071899414
18.242502212524414
18.052316665649414
23.460275650024414
23.774972915649414
11.047433853149414
22.332590103149414
21.954416275024414
19.223459243774414
23.431711196899414
23.840646743774414
18.330881118774414
23.155588150024414
18.607736587524414
20.868722915649414
20.052804946899414
13.530832290649414
23.489084243774414
22.529367446899414
22.613595962524414
23.166086196899414
16.071115493774414
23.505685806274414
22.385080337524414
23.499582290649414
23.205392837524414
23.643625259399414
23.469552993774414
23.625314712524414
23.684152603149414
23.581125259399414
23.572336196899414
23.644601821899414
23.955392837524414
24.105539321899414
20.629465103149414
18.482980728149414
23.240549087524414
16.833322525024414
20.687326431274414
24.424386978149414
18.196115493774414
24.529855728149414
23.477609634399414
19.934640884399414
23.041330337524414
23.487131118774414
22.060861587524414
24.742258071899414
22.896554946899414
22.298898696899414
23.611154556274414
23.694406509399414
23.959543228149414
24.057199478149414
23.898752212524414
25.664133071899414
24.453927993774414
24.689279556274414
25.740793228149414
20.255929946899414
24.345041275024414
16.871164321899414
23.186838150024414
19.292306900024414
20.624582290649414
23.170969009399414
23.523752212524414
23.865060806274414
22.990549087524414
24.047433853149414
24.159738540649414
24.198068618774414
24.368478775024414
22.870187759399414
24.333078384399414
23.211740493774414
23.921945571899414
24.346750259399414
24.450510025024414
24.989816665649414
23.810861587524414
22.751779556274414
18.239816665649414
23.796457290649414
23.556222915649414
24.568674087524414
25.364816665649414
25.586252212524414
23.860666275024414
19.957834243774414
21.517160415649414
23.756906509399414
24.065256118774414
25.620920181274414
22.880197525024414
22.881418228149414
23.570871353149414
24.169748306274414
23.871896743774414
24.850168228149414
24.608224868774414
22.770090103149414
23.971750259399414
25.801828384399414
23.608469009399414
24.912179946899414
25.960763931274414
24.029367446899414
25.219797134399414
24.389963150024414
25.549386978149414
24.082101821899414
24.077707290649414
24.258127212524414
25.169504165649414
25.413400650024414
24.253244400024414
24.645090103149414
25.135324478149414
25.707834243774414
25.770334243774414
25.868967056274414
25.875314712524414
25.929269790649414
26.615304946899414
26.141916275024414
25.708078384399414
25.772531509399414
25.595529556274414
26.470773696899414
25.904855728149414
26.220529556274414
26.431222915649414
26.855783462524414
25.906808853149414
23.011545181274414
25.940988540649414
26.320627212524414
26.341379165649414
23.235666275024414
26.745676040649414
26.512277603149414
26.349679946899414
26.056711196899414
25.547922134399414
26.716379165649414
25.741281509399414
26.444162368774414
26.844552993774414
26.925119400024414
26.946359634399414
26.755197525024414
26.766916275024414
26.470529556274414
26.504953384399414
25.035959243774414
25.460031509399414
25.529611587524414
25.817453384399414
24.553293228149414
23.689279556274414
25.614816665649414
23.706857681274414
25.632150650024414
23.081613540649414
25.198556900024414
26.325998306274414
23.655832290649414
23.452463150024414
24.426584243774414
25.313302993774414
23.150461196899414
25.088693618774414
25.599924087524414
26.026681900024414
24.706125259399414
25.714181900024414
25.294748306274414
25.598703384399414
24.626291275024414
25.056955337524414
24.811594009399414
24.811594009399414
25.389963150024414
25.340158462524414
25.189035415649414
25.725168228149414
25.784250259399414
25.730539321899414
25.777902603149414
25.905099868774414
26.023752212524414
25.883127212524414
25.667306900024414
25.489816665649414
25.784250259399414
26.093820571899414
26.121652603149414
26.232492446899414
20.359201431274414
15.588205337524414
20.341623306274414
21.059396743774414
21.473215103149414
21.964670181274414
23.867990493774414
23.416086196899414
22.230783462524414
23.766183853149414
22.752756118774414
24.557443618774414
25.315744400024414
26.407541275024414
26.573068618774414
26.339670181274414
23.934396743774414
24.670724868774414
24.037424087524414
26.086984634399414
24.133615493774414
26.201974868774414
26.330148696899414
26.190744400024414
25.439279556274414
24.879220962524414
24.276437759399414
25.539377212524414
26.542551040649414
26.347970962524414
25.973703384399414
26.567453384399414
25.586252212524414
26.244455337524414
25.469552993774414
24.071359634399414
25.207590103149414
24.819162368774414
25.127023696899414
23.616281509399414
23.789865493774414
24.329660415649414
24.363107681274414
23.840158462524414
24.147775650024414
24.081369400024414
23.859201431274414
24.673410415649414
24.692209243774414
25.286691665649414
24.401926040649414
26.490549087524414
25.318918228149414
24.393381118774414
26.266916275024414
26.734933853149414
25.731760025024414
25.636056900024414
24.221261978149414
24.097970962524414
24.113595962524414
26.284982681274414
26.095773696899414
24.875802993774414
24.658761978149414
24.201730728149414
24.516183853149414
25.470773696899414
25.095773696899414
24.795480728149414
25.064035415649414
26.654123306274414
26.800119400024414
24.607492446899414
25.024484634399414
24.484445571899414
25.295480728149414
25.011545181274414
26.738351821899414
24.888986587524414
25.645334243774414
25.195871353149414
25.362131118774414
25.209787368774414
26.798410415649414
25.901926040649414
25.406564712524414
26.284738540649414
26.758615493774414
26.958566665649414
25.207590103149414
25.609445571899414
25.405832290649414
25.867990493774414
26.578927993774414
26.137521743774414
25.054513931274414
24.924386978149414
26.047433853149414
24.967355728149414
26.229562759399414
25.924386978149414
25.811594009399414
26.008615493774414
26.281076431274414
26.000558853149414
25.879220962524414
25.172922134399414
25.745431900024414
26.133127212524414
25.920480728149414
25.354562759399414
25.388498306274414
25.958078384399414
25.429025650024414
26.311594009399414
25.708810806274414
25.747873306274414
25.788156509399414
25.453439712524414
24.564523696899414
25.788400650024414
24.808176040649414
25.096506118774414
25.368967056274414
26.596261978149414
25.572824478149414
25.342111587524414
24.290842056274414
26.009103775024414
24.791086196899414
25.669504165649414
26.432199478149414
23.792062759399414
25.519113540649414
25.285715103149414
25.605051040649414
24.873849868774414
24.945383071899414
25.109933853149414
25.201730728149414
24.822336196899414
24.727609634399414
24.766183853149414
24.898508071899414
25.124826431274414
25.298410415649414
24.913888931274414
25.339426040649414
24.745187759399414
24.730539321899414
24.417306900024414
25.452707290649414
24.790353775024414
17.311349868774414
24.089426040649414
23.451730728149414
23.781076431274414
25.014719009399414
25.654611587524414
25.140695571899414
24.248117446899414
24.401193618774414
26.159738540649414
24.523263931274414
25.475412368774414
24.555734634399414
26.736642837524414
26.763498306274414
25.936594009399414
24.125558853149414
23.701974868774414
24.801584243774414
24.917795181274414
24.151681900024414
25.831857681274414
25.208078384399414
26.777658462524414
25.381906509399414
24.428293228149414
26.250314712524414
25.019357681274414
26.739084243774414
26.592355728149414
24.902170181274414
26.748849868774414
25.178293228149414
25.636056900024414
25.219308853149414
25.881906509399414
25.993234634399414
26.053293228149414
25.644845962524414
26.346750259399414
25.987375259399414
25.716623306274414
24.968820571899414
25.325998306274414
25.904367446899414
24.246408462524414
25.508371353149414
24.610177993774414
24.721994400024414
24.484201431274414
24.275217056274414
18.477121353149414
24.084054946899414
25.053537368774414
26.211008071899414
24.566965103149414
26.474435806274414
24.770578384399414
26.595285415649414
24.982004165649414
25.432443618774414
26.702219009399414
24.726144790649414
24.139719009399414
23.972482681274414
25.852853775024414
25.656808853149414
24.210763931274414
26.622629165649414
25.021799087524414
25.221994400024414
25.929758071899414
26.115304946899414
26.742746353149414
25.614328384399414
26.275949478149414
25.430490493774414
26.038644790649414
24.907052993774414
25.071115493774414
25.206369400024414
20.182199478149414
24.301828384399414
23.562326431274414
25.641672134399414
25.075510025024414
25.178293228149414
26.521066665649414
24.696603775024414
24.163400650024414
23.805734634399414
24.776437759399414
25.987863540649414
24.221994400024414
25.112131118774414
26.706857681274414
25.416574478149414
25.824045181274414
26.000314712524414
26.321847915649414
25.766672134399414
24.737375259399414
24.904123306274414
24.664377212524414
24.992258071899414
24.891916275024414
25.309885025024414
26.335031509399414
25.273019790649414
24.735177993774414
25.097238540649414
25.139963150024414
25.555246353149414
24.283761978149414
25.973703384399414
26.715402603149414
26.026926040649414
25.149972915649414
25.254953384399414
20.167795181274414
25.656808853149414
25.328683853149414
24.745431900024414
25.457101821899414
26.758859634399414
24.797189712524414
25.574777603149414
24.549142837524414
25.759836196899414
25.580881118774414
25.426584243774414
25.342844009399414
25.384836196899414
25.259592056274414
25.444162368774414
25.200265884399414
24.246408462524414
24.926828384399414
25.790597915649414
25.425607681274414
25.726633071899414
25.412179946899414
26.142892837524414
24.885812759399414
26.060373306274414
25.850656509399414
26.512521743774414
25.521310806274414
25.410470962524414
25.087717056274414
25.032785415649414
20.731271743774414
25.806222915649414
26.104562759399414
25.643869400024414
25.541330337524414
25.235422134399414
25.441232681274414
24.243967056274414
26.570383071899414
24.211496353149414
25.744455337524414
26.078439712524414
25.000314712524414
25.129220962524414
21.683420181274414
26.208810806274414
25.646799087524414
26.091379165649414
22.730783462524414
26.565988540649414
26.311838150024414
22.067941665649414
26.113840103149414
26.715402603149414
24.405832290649414
23.526926040649414
23.888498306274414
24.754953384399414
23.703195571899414
24.627511978149414
24.861398696899414
24.573068618774414
23.672189712524414
24.496164321899414
25.155344009399414
26.077951431274414
26.024728775024414
25.020578384399414
23.831125259399414
24.599679946899414
25.992502212524414
24.543039321899414
24.953195571899414
25.937082290649414
24.610666275024414
23.739328384399414
25.712961196899414
25.104318618774414
26.050607681274414
24.698556900024414
26.044992446899414
25.048654556274414
26.583322525024414
