9.876351576561311e-42
4.201989650726318
9.881189346313477
2.9654173851013184
6.660485744476318
2.5871214866638184
11.585168838500977
11.913415908813477
8.117639541625977
23.314783096313477
9.206872940063477
22.755945205688477
22.976037979125977
24.865808486938477
23.683679580688477
21.428064346313477
24.937585830688477
23.614709854125977
24.814661026000977
20.785730361938477
25.134241104125977
24.782068252563477
14.212488174438477
17.450159072875977
16.902917861938477
24.681726455688477
24.387903213500977
22.108728408813477
23.060266494750977
24.494104385375977
23.811609268188477
24.415613174438477
22.308557510375977
24.263757705688477
23.888635635375977
23.539636611938477
23.357263565063477
23.530847549438477
24.334070205688477
23.741052627563477
23.706018447875977
23.673425674438477
7.930505275726318
18.820520401000977
2.2513060569763184
9.666467666625977
13.907434463500977
21.669763565063477
24.402307510375977
14.357751846313477
23.835046768188477
25.055749893188477
23.030603408813477
24.565515518188477
12.685388565063477
25.070764541625977
19.816370010375977
23.904504776000977
24.404748916625977
23.624109268188477
13.857019424438477
21.946741104125977
7.656457424163818
18.520227432250977
12.550378799438477
24.576745986938477
24.812219619750977
24.127771377563477
15.972253799438477
24.636682510375977
23.795007705688477
23.428552627563477
12.265100479125977
19.639368057250977
9.404748916625977
17.169275283813477
24.837121963500977
24.946008682250977
15.376062393188477
24.847253799438477
23.952966690063477
23.595300674438477
19.086023330688477
22.105676651000977
20.961877822875977
24.725549697875977
24.830774307250977
24.630578994750977
24.922449111938477
23.711755752563477
22.001184463500977
14.730432510375977
24.601037979125977
25.106775283813477
23.795495986938477
23.529016494750977
24.872522354125977
24.482751846313477
23.625940322875977
18.245325088500977
19.256555557250977
24.743127822875977
23.843835830688477
23.670129776000977
16.833093643188477
23.314661026000977
19.847497940063477
24.499597549438477
23.330896377563477
23.896203994750977
20.937585830688477
24.146448135375977
22.067224502563477
23.979822158813477
24.134851455688477
22.594079971313477
23.430505752563477
17.214319229125977
23.686243057250977
20.829553604125977
24.955163955688477
23.137903213500977
23.873987197875977
24.074060440063477
23.936243057250977
24.869714736938477
24.008996963500977
24.683557510375977
24.418298721313477
24.115076065063477
24.966882705688477
19.324548721313477
24.927942276000977
24.807703018188477
24.640954971313477
24.958826065063477
22.293054580688477
24.659143447875977
24.912439346313477
23.952600479125977
24.975061416625977
24.705652236938477
24.530359268188477
24.848352432250977
25.083337783813477
25.150232315063477
25.123376846313477
25.046838760375977
24.729333877563477
24.843103408813477
24.583337783813477
24.602136611938477
24.632654190063477
24.440637588500977
24.150842666625977
24.222864151000977
24.362146377563477
24.231531143188477
24.344934463500977
24.368494033813477
24.235559463500977
24.324060440063477
7.027062892913818
8.336999893188477
6.685266017913818
7.495568752288818
7.006921291351318
9.489099502563477
13.238489151000977
10.002893447875977
13.800867080688477
14.003870010375977
6.014489650726318
10.013879776000977
16.108362197875977
6.090539455413818
17.868860244750977
9.318811416625977
13.309900283813477
22.880823135375977
9.941247940063477
22.490320205688477
21.147424697875977
10.528528213500977
1.994836449623108
23.080286026000977
20.168542861938477
18.309167861938477
12.459314346313477
16.532678604125977
18.764734268188477
5.572717189788818
20.381311416625977
17.814416885375977
19.744836807250977
16.853967666625977
7.710412502288818
8.177576065063477
6.903527736663818
9.989221572875977
12.366662979125977
6.801110744476318
13.183557510375977
13.293176651000977
21.284143447875977
12.585412979125977
16.892541885375977
8.514734268188477
23.410852432250977
14.989099502563477
23.483118057250977
8.494836807250977
9.243982315063477
19.579431533813477
10.406946182250977
23.416589736938477
17.258996963500977
8.915369033813477
13.359704971313477
24.751916885375977
18.505334854125977
11.077234268188477
16.779382705688477
14.646570205688477
18.035242080688477
9.288904190063477
20.633630752563477
10.711755752563477
11.097253799438477
22.377405166625977
19.209802627563477
13.067346572875977
16.229700088500977
16.180505752563477
12.729455947875977
20.383142471313477
20.576868057250977
19.791833877563477
19.973840713500977
21.142663955688477
22.179040908813477
15.495691299438477
21.087244033813477
16.782434463500977
23.832117080688477
18.720178604125977
23.374231338500977
20.565271377563477
22.074060440063477
23.300867080688477
21.665491104125977
22.170618057250977
22.411218643188477
23.160242080688477
23.446252822875977
23.913293838500977
24.331140518188477
24.815515518188477
22.839807510375977
23.708215713500977
21.417200088500977
13.960290908813477
11.929162979125977
12.495447158813477
11.845788955688477
11.542566299438477
5.558068752288818
6.299523830413818
7.622033596038818
22.639368057250977
17.255823135375977
19.165491104125977
17.332849502563477
14.961755752563477
5.947473049163818
7.104211330413818
8.255701065063477
7.608605861663818
10.044275283813477
18.207849502563477
16.834436416625977
8.328088760375977
8.996179580688477
17.316858291625977
10.105188369750977
21.689661026000977
14.012781143188477
24.705286026000977
14.184289932250977
13.125574111938477
15.048669815063477
20.471643447875977
6.060998439788818
13.697351455688477
9.403650283813477
15.413660049438477
9.814783096313477
9.993005752563477
14.112390518188477
22.500207901000977
16.137537002563477
6.404992580413818
10.629846572875977
9.246545791625977
16.635828018188477
6.815637111663818
8.652673721313477
16.757287979125977
11.989099502563477
9.942224502563477
20.665979385375977
14.510705947875977
16.979211807250977
7.791467189788818
16.572107315063477
10.970422744750977
7.200891017913818
10.638635635375977
10.596399307250977
11.236413955688477
17.228845596313477
11.436365127563477
9.146814346313477
12.796594619750977
11.060632705688477
17.817346572875977
12.998743057250977
17.843225479125977
14.134851455688477
12.748865127563477
14.177087783813477
16.650110244750977
16.295740127563477
17.362390518188477
18.277063369750977
17.216394424438477
17.352869033813477
17.234827041625977
22.121423721313477
23.346155166625977
23.425867080688477
25.601526260375977
25.248376846313477
27.470422744750977
24.789636611938477
17.239465713500977
18.727502822875977
26.789514541625977
19.792566299438477
25.011682510375977
27.300012588500977
19.441492080688477
11.864465713500977
21.097131729125977
27.035364151000977
28.198572158813477
27.648767471313477
28.702600479125977
27.201990127563477
28.386682510375977
28.426355361938477
28.058801651000977
28.023157119750977
27.590539932250977
27.463464736938477
27.833459854125977
21.912195205688477
18.066614151000977
26.757898330688477
23.325525283813477
27.859216690063477
25.871179580688477
15.996301651000977
27.641199111938477
27.118494033813477
28.662927627563477
28.250329971313477
27.748376846313477
27.698694229125977
22.476648330688477
21.572473526000977
24.561120986938477
20.992151260375977
27.559412002563477
24.989587783813477
23.594568252563477
27.174890518188477
25.269983291625977
26.825647354125977
26.267908096313477
19.914026260375977
26.437707901000977
27.137659072875977
23.150720596313477
28.372034072875977
27.447107315063477
27.592248916625977
26.161340713500977
27.748376846313477
27.917810440063477
27.565759658813477
27.867639541625977
28.344079971313477
27.738367080688477
28.468591690063477
27.762048721313477
27.994836807250977
28.326501846313477
28.045984268188477
27.863611221313477
28.171472549438477
28.416589736938477
28.203699111938477
28.035120010375977
28.300134658813477
28.207605361938477
28.102746963500977
27.048669815063477
26.970666885375977
27.161096572875977
27.242517471313477
27.191003799438477
27.301477432250977
27.367395401000977
27.263879776000977
27.380701065063477
27.454797744750977
27.495813369750977
27.623865127563477
27.715173721313477
27.691247940063477
27.798059463500977
27.855920791625977
27.708459854125977
27.811487197875977
27.947473526000977
27.816736221313477
27.561731338500977
13.122644424438477
11.008630752563477
8.369104385375977
23.793909072875977
26.312707901000977
20.981164932250977
20.484460830688477
26.675622940063477
27.616418838500977
12.211267471313477
25.647180557250977
25.396570205688477
21.741785049438477
26.636316299438477
27.334680557250977
21.052087783813477
26.708337783813477
21.532068252563477
24.006677627563477
23.226648330688477
15.049402236938477
27.033899307250977
26.151086807250977
26.383508682250977
26.773523330688477
18.038904190063477
26.972253799438477
25.811975479125977
27.301843643188477
26.722497940063477
27.405481338500977
26.951868057250977
27.291711807250977
27.140100479125977
26.992151260375977
27.111536026000977
27.021692276000977
26.636438369750977
27.317224502563477
23.738122940063477
20.580041885375977
26.404016494750977
19.032800674438477
24.017908096313477
27.182947158813477
21.161706924438477
26.929529190063477
26.566736221313477
23.500940322875977
26.410608291625977
26.364831924438477
25.585290908813477
27.067224502563477
25.946374893188477
25.190393447875977
26.457117080688477
26.327844619750977
26.332971572875977
26.188806533813477
26.504114151000977
26.466760635375977
25.965417861938477
25.846277236938477
25.438562393188477
22.952966690063477
27.050378799438477
18.858728408813477
26.208826065063477
22.391931533813477
24.281213760375977
26.302087783813477
26.470422744750977
26.317834854125977
25.592370986938477
26.225427627563477
26.030359268188477
25.942956924438477
25.809900283813477
26.191370010375977
27.499719619750977
26.175622940063477
27.131921768188477
25.987634658813477
25.763879776000977
25.705652236938477
27.642297744750977
26.060998916625977
20.892419815063477
26.313196182250977
26.156335830688477
26.097986221313477
25.831262588500977
25.593103408813477
27.374231338500977
23.042688369750977
25.096277236938477
26.491418838500977
26.303918838500977
25.969934463500977
26.115076065063477
26.258874893188477
26.505334854125977
26.200769424438477
27.366418838500977
26.316614151000977
27.070764541625977
26.134363174438477
26.469812393188477
25.610193252563477
26.386316299438477
26.764856338500977
25.279138565063477
26.376306533813477
26.503259658813477
26.290369033813477
26.177331924438477
26.185754776000977
26.131189346313477
25.938928604125977
26.021692276000977
26.178552627563477
26.487024307250977
26.435754776000977
26.551477432250977
26.107507705688477
25.921472549438477
25.435876846313477
25.220911026000977
25.024988174438477
24.847742080688477
24.392541885375977
24.031824111938477
24.247034072875977
23.773035049438477
24.451623916625977
24.239709854125977
23.226282119750977
23.743127822875977
23.849328994750977
23.484094619750977
21.485193252563477
24.035120010375977
24.403284072875977
23.215662002563477
21.824060440063477
24.284387588500977
23.274744033813477
24.496423721313477
23.725183486938477
23.527673721313477
24.155115127563477
23.892541885375977
24.185632705688477
24.583826065063477
24.281946182250977
24.429285049438477
24.200769424438477
24.304407119750977
23.810876846313477
24.163537979125977
22.818811416625977
22.958826065063477
22.985071182250977
23.808801651000977
23.051477432250977
22.733118057250977
23.065271377563477
22.976648330688477
23.357507705688477
22.346887588500977
23.639612197875977
24.094690322875977
22.706628799438477
22.343469619750977
22.993982315063477
23.471155166625977
22.388147354125977
23.532312393188477
23.265344619750977
23.711633682250977
23.236658096313477
23.765954971313477
23.375329971313477
23.111291885375977
23.318811416625977
23.562463760375977
23.455408096313477
23.316736221313477
23.705408096313477
23.765222549438477
23.620935440063477
23.744348526000977
23.845788955688477
23.829797744750977
23.184167861938477
23.309289932250977
23.543664932250977
23.809900283813477
23.384973526000977
23.706750869750977
23.692834854125977
23.863977432250977
23.821008682250977
24.139368057250977
21.139123916625977
14.736413955688477
20.282678604125977
21.073572158813477
22.242151260375977
24.304162979125977
27.463342666625977
26.971643447875977
25.029016494750977
27.426843643188477
25.957483291625977
26.800378799438477
26.862390518188477
27.018518447875977
27.093225479125977
27.023157119750977
27.335046768188477
26.711999893188477
27.075891494750977
25.701013565063477
27.131433486938477
25.539514541625977
25.933191299438477
26.297327041625977
26.748132705688477
26.914514541625977
27.054773330688477
26.456262588500977
25.287439346313477
24.709436416625977
25.585168838500977
24.425256729125977
25.858972549438477
24.343957901000977
24.225427627563477
24.332727432250977
23.796472549438477
25.402185440063477
23.618127822875977
24.161706924438477
23.717248916625977
24.936487197875977
24.952234268188477
25.921228408813477
25.212976455688477
24.252649307250977
25.439905166625977
24.806726455688477
26.913782119750977
24.405847549438477
25.600061416625977
24.119226455688477
24.059412002563477
26.812829971313477
24.024744033813477
23.782190322875977
23.923303604125977
24.794153213500977
25.287317276000977
25.514978408813477
25.185632705688477
23.766443252563477
23.872034072875977
24.790246963500977
26.427698135375977
25.367029190063477
25.938562393188477
22.932703018188477
24.313562393188477
25.473718643188477
26.446863174438477
23.620569229125977
23.602380752563477
26.640954971313477
26.033655166625977
24.862268447875977
26.219202041625977
25.658288955688477
23.708826065063477
24.466272354125977
24.226892471313477
24.635461807250977
26.086755752563477
24.288660049438477
23.878992080688477
23.257776260375977
25.686243057250977
23.917932510375977
23.916589736938477
23.986047744750977
24.918787002563477
25.849084854125977
24.124109268188477
25.611169815063477
23.999597549438477
26.090906143188477
23.478113174438477
23.352502822875977
25.456995010375977
23.549280166625977
24.026697158813477
25.805871963500977
23.837854385375977
25.229333877563477
24.090295791625977
25.027673721313477
23.985315322875977
24.886438369750977
23.574792861938477
24.391809463500977
25.465417861938477
23.614465713500977
23.715173721313477
25.140710830688477
24.456140518188477
24.690881729125977
24.685144424438477
24.013513565063477
24.822595596313477
24.809167861938477
23.592493057250977
23.981409072875977
23.509241104125977
24.794885635375977
24.877771377563477
24.761072158813477
23.829187393188477
23.680261611938477
23.535730361938477
24.138635635375977
23.457727432250977
23.962366104125977
24.673547744750977
23.342859268188477
23.888391494750977
23.914880752563477
23.940393447875977
24.325769424438477
23.894250869750977
23.826868057250977
23.767663955688477
24.081506729125977
23.645593643188477
24.617151260375977
23.583093643188477
24.158533096313477
23.950891494750977
23.703821182250977
24.129114151000977
23.454919815063477
23.429895401000977
23.031213760375977
23.837366104125977
23.947351455688477
17.356531143188477
27.622888565063477
27.121545791625977
27.613122940063477
26.825159072875977
26.830286026000977
26.868738174438477
27.154870986938477
27.081140518188477
26.350793838500977
27.018396377563477
26.779870986938477
27.159631729125977
24.859704971313477
24.547937393188477
24.306970596313477
23.930017471313477
24.756311416625977
25.053186416625977
23.882165908813477
26.492761611938477
24.881433486938477
24.249353408813477
23.901575088500977
24.493371963500977
24.636804580688477
23.710168838500977
25.224695205688477
23.648523330688477
23.777795791625977
24.728357315063477
23.856775283813477
24.564416885375977
25.991785049438477
24.932336807250977
24.130945205688477
25.191370010375977
23.935754776000977
24.508386611938477
24.234460830688477
24.325647354125977
24.061120986938477
23.792932510375977
24.218347549438477
24.197107315063477
23.770349502563477
23.896448135375977
24.576868057250977
24.303674697875977
23.786218643188477
22.988122940063477
18.481897354125977
27.371912002563477
26.763025283813477
27.115320205688477
26.858728408813477
26.849084854125977
27.130090713500977
25.604822158813477
27.179407119750977
26.644250869750977
24.886926651000977
24.397912979125977
24.898645401000977
25.267175674438477
24.625207901000977
24.084802627563477
25.908533096313477
23.529748916625977
26.328943252563477
24.966272354125977
25.874963760375977
23.873254776000977
24.156946182250977
23.772302627563477
25.016077041625977
23.836755752563477
24.230920791625977
24.207117080688477
23.734582901000977
23.940393447875977
20.572351455688477
27.265466690063477
27.364953994750977
26.807336807250977
27.043420791625977
27.227624893188477
25.259607315063477
25.137659072875977
25.918909072875977
23.840906143188477
25.486658096313477
24.446374893188477
25.724084854125977
26.659997940063477
24.082239151000977
24.735925674438477
23.904993057250977
24.901330947875977
24.054773330688477
23.917322158813477
23.685754776000977
23.874231338500977
24.362146377563477
23.629236221313477
24.167688369750977
26.784509658813477
25.891565322875977
27.069910049438477
24.744104385375977
25.523889541625977
24.106531143188477
25.137414932250977
26.175867080688477
24.180505752563477
23.477502822875977
25.551233291625977
23.842859268188477
23.781579971313477
20.554651260375977
26.818201065063477
26.824060440063477
26.865930557250977
26.991418838500977
25.206506729125977
25.248620986938477
24.097620010375977
25.701013565063477
24.987512588500977
23.010950088500977
26.304529190063477
23.671472549438477
23.915857315063477
24.136438369750977
26.896326065063477
26.890344619750977
26.004236221313477
25.382898330688477
26.220911026000977
24.802942276000977
26.887903213500977
26.922693252563477
24.035608291625977
25.081995010375977
26.032556533813477
24.886682510375977
24.157190322875977
23.847742080688477
23.961145401000977
24.189783096313477
24.119714736938477
21.075525283813477
23.890954971313477
25.632410049438477
23.933557510375977
23.934778213500977
24.129602432250977
26.581872940063477
26.307214736938477
23.790491104125977
25.008508682250977
24.025110244750977
24.175989151000977
24.080652236938477
24.118005752563477
22.391565322875977
25.712976455688477
24.996423721313477
24.316614151000977
24.142541885375977
25.586145401000977
23.989465713500977
23.962610244750977
26.858362197875977
23.578943252563477
24.737146377563477
27.021326065063477
27.280847549438477
24.248865127563477
27.336755752563477
26.634607315063477
24.603235244750977
26.280359268188477
27.387292861938477
26.514123916625977
24.491052627563477
24.107995986938477
25.211023330688477
24.390344619750977
27.294275283813477
26.217126846313477
23.276086807250977
24.542688369750977
25.781946182250977
23.232507705688477
24.591272354125977
27.412561416625977
26.590539932250977
24.114343643188477
24.949426651000977
23.352991104125977
24.702234268188477
25.468957901000977
23.751428604125977
