9.876351576561311e-42
5.2523512840271
10.531892776489258
3.0333571434020996
7.3016676902771
2.9469313621520996
11.900789260864258
12.014558792114258
8.276399612426758
23.578279495239258
9.224519729614258
22.908113479614258
22.840486526489258
24.218660354614258
23.939729690551758
22.391389846801758
25.096101760864258
23.740388870239258
24.892122268676758
21.792390823364258
23.896516799926758
25.030672073364258
14.808259963989258
18.171541213989258
17.787263870239258
24.859773635864258
24.863069534301758
23.194124221801758
23.570466995239258
24.652620315551758
23.552522659301758
24.832063674926758
22.017122268676758
23.752351760864258
23.579378128051758
23.752351760864258
23.562044143676758
23.484407424926758
25.161409378051758
23.618318557739258
23.313631057739258
23.606477737426758
8.724885940551758
18.740633010864258
2.6470046043395996
10.738435745239258
14.521516799926758
22.050813674926758
24.194856643676758
14.670442581176758
23.711702346801758
24.849763870239258
23.168245315551758
24.908113479614258
13.091951370239258
23.946199417114258
20.761507034301758
23.344392776489258
24.816926956176758
23.628450393676758
15.298250198364258
21.738801956176758
7.3380446434021
19.219148635864258
12.500520706176758
24.353914260864258
24.953889846801758
23.549959182739258
16.450593948364258
23.905794143676758
23.302034378051758
23.386507034301758
13.630159378051758
20.051179885864258
9.446931838989258
17.692781448364258
24.567659378051758
25.107942581176758
15.646516799926758
23.721712112426758
23.518587112426758
23.237092971801758
19.864778518676758
22.322664260864258
21.107942581176758
24.694368362426758
25.048006057739258
24.886873245239258
23.874055862426758
23.890779495239258
22.391145706176758
15.348299026489258
24.847810745239258
23.865755081176758
23.076570510864258
23.863435745239258
25.049226760864258
24.792146682739258
23.904939651489258
19.092927932739258
19.601228713989258
24.852571487426758
23.057405471801758
23.186311721801758
17.559236526489258
23.586580276489258
20.591707229614258
24.725252151489258
23.944490432739258
23.296663284301758
21.248079299926758
24.172029495239258
22.908967971801758
23.451204299926758
24.308015823364258
23.250886917114258
24.010408401489258
17.864534378051758
23.906526565551758
21.059846878051758
24.137971878051758
23.592195510864258
23.324739456176758
24.009798049926758
23.397249221801758
24.296052932739258
23.382966995239258
24.286531448364258
24.874666213989258
23.474885940551758
23.695466995239258
19.726839065551758
23.906526565551758
23.907136917114258
23.893953323364258
24.020296096801758
22.260896682739258
23.907869338989258
24.101961135864258
24.010408401489258
23.990266799926758
23.952425003051758
23.828401565551758
23.939241409301758
24.009553909301758
23.912996292114258
24.010530471801758
24.148836135864258
24.104768753051758
24.233552932739258
24.466585159301758
24.502107620239258
24.696199417114258
24.752962112426758
24.787752151489258
24.870882034301758
24.896516799926758
25.028718948364258
25.105623245239258
25.086336135864258
25.154939651489258
25.275789260864258
8.520540237426758
9.870027542114258
7.6898512840271
9.283967971801758
7.0993971824646
10.884798049926758
14.211824417114258
11.193147659301758
14.921419143676758
15.103792190551758
7.8414626121521
10.926424026489258
16.702791213989258
7.3608717918396
18.646760940551758
9.482454299926758
12.964021682739258
22.678255081176758
9.701692581176758
22.124544143676758
20.287019729614258
10.305574417114258
3.8501296043395996
23.683015823364258
19.982210159301758
17.777009963989258
12.492464065551758
15.868684768676758
18.590364456176758
6.6313796043396
20.419099807739258
17.201326370239258
19.612459182739258
16.693147659301758
8.500520706176758
9.105745315551758
8.376619338989258
11.333650588989258
13.799837112426758
8.660554885864258
14.041170120239258
13.695833206176758
21.286653518676758
12.795686721801758
16.716829299926758
8.574495315551758
23.207063674926758
14.412752151489258
23.651887893676758
9.027009963989258
10.568635940551758
19.735139846801758
10.342073440551758
23.372224807739258
17.809602737426758
10.368928909301758
12.885774612426758
24.831575393676758
17.497835159301758
12.068269729614258
15.975862503051758
14.562410354614258
18.766267776489258
10.651887893676758
20.827913284301758
11.903230667114258
12.233919143676758
22.244417190551758
18.651765823364258
14.420686721801758
17.471467971801758
17.491853713989258
13.780794143676758
20.926057815551758
19.972932815551758
20.585359573364258
19.226106643676758
20.536165237426758
21.574617385864258
16.366365432739258
21.030916213989258
17.733430862426758
23.963167190551758
19.616243362426758
23.849397659301758
20.868928909301758
21.951448440551758
23.199373245239258
21.306062698364258
21.590364456176758
22.101228713989258
23.073030471801758
23.560701370239258
24.278718948364258
24.581941604614258
24.738313674926758
24.195466995239258
24.712923049926758
23.079256057739258
16.559358596801758
14.480989456176758
14.936555862426758
14.491243362426758
14.658113479614258
8.783723831176758
9.637849807739258
10.991365432739258
22.405794143676758
18.326570510864258
19.297151565551758
18.618928909301758
18.048494338989258
9.199983596801758
10.813997268676758
12.181184768676758
10.509553909301758
13.143220901489258
17.315095901489258
16.701082229614258
10.929353713989258
11.576692581176758
16.986970901489258
12.357210159301758
23.645540237426758
16.767244338989258
25.418611526489258
16.586702346801758
15.941194534301758
17.865877151489258
20.870393753051758
9.198884963989258
17.860017776489258
13.096345901489258
16.560701370239258
11.730012893676758
13.739534378051758
16.788606643676758
24.296419143676758
18.615266799926758
9.946199417114258
13.657014846801758
12.532136917114258
18.688020706176758
10.453767776489258
11.589387893676758
18.811922073364258
15.304109573364258
14.160310745239258
22.686677932739258
18.047029495239258
18.957551956176758
11.256502151489258
18.216341018676758
15.486848831176758
10.634065628051758
15.182893753051758
15.054475784301758
15.933992385864258
18.158479690551758
16.227937698364258
12.967927932739258
17.361726760864258
15.173616409301758
18.186067581176758
17.540437698364258
18.696687698364258
18.075471878051758
16.379671096801758
17.065584182739258
18.342439651489258
18.671175003051758
19.347566604614258
19.628816604614258
19.136384963989258
19.023591995239258
19.112215042114258
23.221101760864258
24.805940628051758
23.662019729614258
25.594514846801758
24.682405471801758
27.127107620239258
23.749544143676758
17.193269729614258
17.915803909301758
25.691560745239258
18.309846878051758
22.899568557739258
25.244050979614258
18.469148635864258
13.283235549926758
19.933870315551758
24.769685745239258
26.568758010864258
26.620515823364258
26.932283401489258
27.556306838989258
27.338167190551758
27.443391799926758
27.128694534301758
27.008211135864258
26.720003128051758
26.457429885864258
26.689241409301758
20.951814651489258
17.497713088989258
25.242341995239258
21.786043167114258
25.814973831176758
24.170442581176758
16.487581253051758
26.841585159301758
26.969758987426758
27.200838088989258
27.332063674926758
26.873323440551758
26.496492385864258
20.857942581176758
20.313142776489258
23.267854690551758
20.757600784301758
26.843660354614258
23.442659378051758
22.066438674926758
25.734895706176758
23.590974807739258
26.214998245239258
24.275423049926758
18.892854690551758
24.613557815551758
25.496614456176758
21.325105667114258
26.833284378051758
25.855257034301758
26.293611526489258
23.849031448364258
25.987215042114258
26.553010940551758
25.223421096801758
26.732820510864258
26.383455276489258
26.123567581176758
26.808015823364258
26.870759963989258
26.972322463989258
26.922029495239258
27.099153518676758
26.947664260864258
26.998811721801758
27.097322463989258
27.115144729614258
26.798128128051758
27.137117385864258
27.048250198364258
26.917634963989258
26.880525588989258
26.249422073364258
26.696687698364258
26.266389846801758
26.450838088989258
27.193269729614258
27.325838088989258
27.292634963989258
27.433626174926758
27.389070510864258
27.429475784301758
26.877107620239258
26.910188674926758
26.949129104614258
26.987703323364258
26.634431838989258
26.530550003051758
26.626131057739258
26.635530471801758
26.585481643676758
26.539216995239258
14.147737503051758
12.532625198364258
10.438753128051758
23.198762893676758
26.311555862426758
21.148836135864258
20.874544143676758
26.338533401489258
26.730867385864258
13.150911331176758
25.346101760864258
25.112215042114258
22.010896682739258
26.250154495239258
26.824129104614258
20.546785354614258
26.862092971801758
21.707307815551758
23.525056838989258
23.558382034301758
15.515535354614258
27.051179885864258
26.383699417114258
26.027864456176758
26.566804885864258
18.188631057739258
26.797883987426758
25.282503128051758
27.074007034301758
26.535676956176758
27.451326370239258
27.075471878051758
27.092073440551758
26.835603713989258
26.411287307739258
26.416902542114258
26.584016799926758
26.709383010864258
26.286897659301758
23.857210159301758
20.850130081176758
26.153352737426758
19.389436721801758
23.856966018676758
26.543367385864258
20.903230667114258
26.749666213989258
26.243562698364258
23.016756057739258
26.274690628051758
26.112215042114258
25.413484573364258
27.257478713989258
25.599763870239258
25.143587112426758
26.349031448364258
26.416902542114258
26.173616409301758
26.594148635864258
26.016023635864258
27.282747268676758
25.537996292114258
25.570100784301758
25.885774612426758
23.204133987426758
26.486482620239258
19.364656448364258
26.044099807739258
22.003084182739258
23.787385940551758
26.360872268676758
26.150667190551758
26.497224807739258
25.253084182739258
26.337923049926758
26.138826370239258
25.740266799926758
25.716829299926758
25.807893753051758
26.520296096801758
25.947908401489258
27.269563674926758
26.580232620239258
25.940462112426758
25.959871292114258
26.632966995239258
25.872713088989258
20.771150588989258
26.400911331176758
25.561311721801758
26.721956253051758
26.256624221801758
26.004304885864258
26.951936721801758
22.832918167114258
24.924104690551758
26.636018753051758
25.556795120239258
26.290071487426758
25.915315628051758
26.119417190551758
26.367464065551758
26.496980667114258
27.023103713989258
27.023103713989258
27.220979690551758
25.888338088989258
26.192903518676758
26.087434768676758
26.478181838989258
26.976228713989258
25.878450393676758
26.557771682739258
26.907991409301758
26.593416213989258
26.459138870239258
25.617341995239258
25.816194534301758
25.958894729614258
26.344026565551758
26.406404495239258
26.621736526489258
26.767976760864258
27.320466995239258
26.548616409301758
26.247224807739258
26.054719924926758
25.966341018676758
25.783845901489258
25.629304885864258
25.688753128051758
25.564973831176758
25.419099807739258
24.996736526489258
25.074983596801758
25.365144729614258
24.168977737426758
24.273591995239258
24.469026565551758
24.412385940551758
22.827669143676758
25.050813674926758
25.289094924926758
24.456453323364258
22.866731643676758
24.929353713989258
24.427888870239258
25.249422073364258
24.585115432739258
24.220125198364258
24.872468948364258
24.604158401489258
24.974763870239258
25.475252151489258
24.996858596801758
25.740755081176758
26.002351760864258
25.209993362426758
25.859163284301758
25.231599807739258
23.461336135864258
24.936311721801758
24.829378128051758
24.907136917114258
23.783113479614258
23.710481643676758
24.808137893676758
24.127229690551758
24.778352737426758
24.224031448364258
24.939119338989258
25.572420120239258
24.392610549926758
24.329133987426758
24.427888870239258
24.856721878051758
23.964265823364258
24.332674026489258
24.825227737426758
25.248933792114258
24.667757034301758
24.965364456176758
23.967927932739258
25.010164260864258
24.375154495239258
24.447786331176758
24.867097854614258
24.586091995239258
24.287019729614258
25.003816604614258
24.727449417114258
24.756746292114258
25.172029495239258
24.982210159301758
25.442293167114258
25.285188674926758
25.225496292114258
25.390535354614258
25.076326370239258
25.062776565551758
25.139070510864258
25.394197463989258
25.326448440551758
25.593660354614258
23.289094924926758
16.784578323364258
22.433015823364258
23.194612503051758
23.979768753051758
25.076570510864258
26.514436721801758
26.784456253051758
25.376008987426758
26.406282424926758
26.049592971801758
25.899934768676758
25.755891799926758
25.954744338989258
26.172639846801758
25.880403518676758
26.935335159301758
25.888948440551758
26.640657424926758
25.349763870239258
26.449739456176758
25.482088088989258
25.672761917114258
25.999177932739258
26.698884963989258
26.697420120239258
26.645784378051758
26.701082229614258
25.260164260864258
25.460359573364258
26.151765823364258
25.563142776489258
26.244905471801758
25.698762893676758
25.662019729614258
24.962923049926758
25.325105667114258
26.295564651489258
25.229524612426758
24.676301956176758
24.517854690551758
26.007356643676758
25.291292190551758
26.018587112426758
26.093172073364258
24.904329299926758
26.198518753051758
25.360261917114258
26.251863479614258
25.850740432739258
26.203645706176758
25.448030471801758
25.672395706176758
26.109529495239258
25.509920120239258
25.772859573364258
25.702425003051758
25.615999221801758
25.902009963989258
25.974885940551758
25.801301956176758
25.825349807739258
25.568635940551758
25.644929885864258
26.155183792114258
25.812166213989258
26.215242385864258
24.925691604614258
25.752717971801758
26.130891799926758
26.709016799926758
25.849397659301758
25.755891799926758
26.829500198364258
26.189485549926758
25.805086135864258
26.501741409301758
26.166414260864258
25.687532424926758
25.839754104614258
25.786165237426758
25.863191604614258
26.432405471801758
25.794710159301758
25.779329299926758
24.797273635864258
26.298128128051758
25.555208206176758
26.083772659301758
26.070955276489258
25.855257034301758
26.313508987426758
25.381258010864258
26.746248245239258
26.419710159301758
26.822298049926758
26.059358596801758
25.364778518676758
26.336336135864258
25.661531448364258
26.157747268676758
26.204988479614258
25.826448440551758
25.705965042114258
25.697053909301758
25.427278518676758
25.859041213989258
25.305574417114258
25.252717971801758
25.568635940551758
25.937532424926758
25.603059768676758
25.613801956176758
25.723543167114258
24.827791213989258
25.594026565551758
24.963655471801758
25.166414260864258
25.509675979614258
25.344514846801758
25.048128128051758
25.191804885864258
25.129549026489258
25.209993362426758
25.321565628051758
25.200227737426758
24.803255081176758
24.715608596801758
24.537630081176758
24.806917190551758
24.398836135864258
24.815095901489258
24.974519729614258
24.231966018676758
24.707307815551758
24.495759963989258
24.624177932739258
24.666658401489258
24.417757034301758
24.409090042114258
24.511384963989258
24.749300003051758
24.236116409301758
25.029817581176758
24.283601760864258
24.574373245239258
24.236116409301758
23.975496292114258
24.684724807739258
24.162385940551758
24.028963088989258
23.634675979614258
24.189119338989258
24.605623245239258
19.216463088989258
26.085359573364258
26.801179885864258
27.343538284301758
25.794466018676758
25.761629104614258
25.882600784301758
26.354158401489258
26.446199417114258
25.621370315551758
26.811922073364258
26.906282424926758
27.153963088989258
25.289583206176758
25.302034378051758
25.683137893676758
24.833528518676758
25.116121292114258
25.642732620239258
25.402009963989258
26.139314651489258
25.965974807739258
25.637605667114258
25.859407424926758
25.584138870239258
25.834871292114258
25.912874221801758
25.938142776489258
25.583894729614258
25.811800003051758
25.918855667114258
25.617219924926758
25.481721878051758
26.650423049926758
26.025911331176758
25.573274612426758
25.836091995239258
25.762239456176758
25.409334182739258
25.032625198364258
24.910310745239258
25.766511917114258
25.079500198364258
24.722322463989258
24.844881057739258
24.887117385864258
24.594636917114258
24.850130081176758
24.731721878051758
24.437654495239258
23.735017776489258
20.556184768676758
25.928621292114258
25.689607620239258
25.842805862426758
25.925447463989258
26.030061721801758
26.906892776489258
25.527986526489258
27.045808792114258
26.895540237426758
25.683382034301758
25.362947463989258
25.315095901489258
26.053255081176758
25.779939651489258
25.494905471801758
26.309724807739258
25.680818557739258
26.506624221801758
25.795198440551758
26.739290237426758
25.575716018676758
25.913484573364258
25.769685745239258
25.668001174926758
25.677156448364258
24.951814651489258
24.834260940551758
24.044832229614258
24.558259963989258
22.956575393676758
26.408601760864258
26.974031448364258
25.714509963989258
26.988069534301758
27.209383010864258
26.231233596801758
25.544466018676758
26.161409378051758
24.719636917114258
26.039827346801758
25.503450393676758
25.977937698364258
26.924715042114258
26.174104690551758
25.758943557739258
25.954622268676758
25.662874221801758
25.836702346801758
25.172761917114258
24.460725784301758
24.454500198364258
24.949251174926758
24.328523635864258
24.882844924926758
25.674470901489258
25.946077346801758
27.124544143676758
25.386140823364258
25.947786331176758
25.759187698364258
25.855501174926758
26.251619338989258
25.449129104614258
25.622102737426758
26.268953323364258
24.379182815551758
24.615022659301758
22.636262893676758
25.862459182739258
25.910921096801758
26.228914260864258
27.204622268676758
25.639680862426758
25.676179885864258
25.556673049926758
26.104402542114258
25.785432815551758
24.925935745239258
26.769319534301758
24.534334182739258
24.495882034301758
24.369295120239258
26.199251174926758
26.281038284301758
26.097200393676758
25.925691604614258
27.053865432739258
25.894075393676758
26.166536331176758
26.704622268676758
25.718172073364258
25.664705276489258
26.808504104614258
26.038972854614258
26.259798049926758
24.691194534301758
24.568269729614258
24.663362503051758
24.820222854614258
23.426057815551758
25.838899612426758
26.308504104614258
24.895662307739258
24.503328323364258
24.650423049926758
26.913972854614258
26.123567581176758
25.781648635864258
25.792757034301758
24.977327346801758
24.984529495239258
24.663362503051758
24.726228713989258
24.577425003051758
26.315462112426758
26.116121292114258
25.126253128051758
25.909090042114258
26.098543167114258
26.061189651489258
25.136629104614258
25.898469924926758
25.714021682739258
25.815584182739258
26.948274612426758
26.816804885864258
24.886629104614258
26.734773635864258
26.081697463989258
25.917146682739258
26.126985549926758
26.690828323364258
26.150178909301758
25.876741409301758
25.752595901489258
25.774568557739258
25.561800003051758
26.314973831176758
26.252962112426758
25.223176956176758
25.078401565551758
26.218660354614258
24.961824417114258
25.225008010864258
26.711580276489258
26.620515823364258
25.665071487426758
25.549226760864258
25.429109573364258
25.373567581176758
26.060945510864258
25.498689651489258
