9.876351576561311e-42
3.344613552093506
8.486948013305664
1.8357025384902954
5.491708278656006
1.9670501947402954
10.039316177368164
10.222421646118164
6.700082302093506
22.758432388305664
7.290780544281006
22.177499771118164
21.527963638305664
24.109384536743164
23.579233169555664
19.715829849243164
24.571298599243164
22.623544692993164
24.916147232055664
19.283212661743164
24.652231216430664
24.876840591430664
12.822031021118164
15.729135513305664
15.465829849243164
24.319711685180664
24.849008560180664
20.794076919555664
22.485239028930664
23.912729263305664
23.814950942993164
24.345102310180664
21.852792739868164
24.144296646118164
23.823862075805664
23.674081802368164
23.469125747680664
23.450204849243164
24.505990982055664
23.876108169555664
23.465585708618164
23.900400161743164
5.974740505218506
16.605234146118164
1.7098480463027954
8.037607192993164
11.844125747680664
20.883066177368164
23.946542739868164
12.545907974243164
23.394784927368164
24.757333755493164
21.901376724243164
24.943124771118164
11.436166763305664
24.653329849243164
18.084848403930664
23.944467544555664
23.986215591430664
23.604745864868164
12.233774185180664
20.003915786743164
5.885751247406006
16.677988052368164
10.352426528930664
24.702280044555664
24.888803482055664
22.954843521118164
14.289560317993164
24.093637466430664
23.770761489868164
23.620492935180664
10.341562271118164
18.045785903930664
7.741830348968506
15.195932388305664
24.708505630493164
24.789926528930664
13.653207778930664
24.291269302368164
23.692880630493164
23.576913833618164
17.423105239868164
21.105722427368164
19.324716567993164
24.879159927368164
24.476816177368164
24.804208755493164
24.181039810180664
23.539438247680664
21.163705825805664
12.673227310180664
24.952280044555664
24.513193130493164
23.553842544555664
23.167123794555664
24.234018325805664
24.226083755493164
23.573373794555664
16.547372817993164
17.145395278930664
23.976694107055664
23.658578872680664
23.501962661743164
15.168954849243164
22.969003677368164
18.094736099243164
24.056283950805664
22.888071060180664
23.991708755493164
20.087900161743164
23.881845474243164
20.736093521118164
24.292245864868164
23.928720474243164
21.455698013305664
23.258676528930664
15.436777114868164
23.404794692993164
19.066537857055664
24.646005630493164
22.044931411743164
24.006235122680664
23.604501724243164
24.105966567993164
24.623544692993164
24.206186294555664
24.495248794555664
24.110727310180664
24.283945083618164
24.480722427368164
17.324594497680664
24.406991958618164
24.429574966430664
24.524789810180664
24.693735122680664
20.640512466430664
23.769906997680664
24.175058364868164
23.175424575805664
24.556039810180664
23.763559341430664
23.373178482055664
24.018320083618164
24.428232192993164
24.713632583618164
24.741586685180664
24.744150161743164
24.759408950805664
24.731210708618164
24.871835708618164
24.901498794555664
24.932260513305664
24.839487075805664
24.077646255493164
24.170541763305664
24.192758560180664
24.116220474243164
24.205820083618164
24.175180435180664
24.629648208618164
24.638681411743164
6.923593044281006
8.695199966430664
6.483895778656006
8.633432388305664
6.920419216156006
9.728647232055664
12.701913833618164
10.346078872680664
13.226572036743164
14.086191177368164
6.432504177093506
9.772226333618164
15.622323989868164
6.360238552093506
17.468637466430664
9.208627700805664
12.913095474243164
21.655282974243164
9.176645278930664
21.151132583618164
19.336435317993164
9.584115982055664
2.818734645843506
21.872690200805664
18.496347427368164
16.585092544555664
11.012338638305664
14.600839614868164
16.969369888305664
5.213632106781006
18.542123794555664
15.965951919555664
17.730356216430664
14.910043716430664
7.705575466156006
8.493661880493164
6.692391872406006
10.223398208618164
12.223276138305664
6.727303981781006
12.989999771118164
12.576791763305664
19.903329849243164
12.113534927368164
15.833261489868164
8.118906021118164
22.052865982055664
13.579965591430664
22.307870864868164
8.490610122680664
9.418710708618164
18.027353286743164
9.945688247680664
22.213998794555664
15.752084732055664
9.178232192993164
12.329477310180664
23.283090591430664
16.758554458618164
11.366586685180664
15.541147232055664
12.940317153930664
16.527597427368164
9.625131607055664
19.245492935180664
10.703500747680664
11.295297622680664
20.751474380493164
17.334360122680664
12.891611099243164
15.406137466430664
15.649423599243164
12.902597427368164
18.608407974243164
18.292978286743164
18.620004653930664
18.330453872680664
18.794687271118164
20.057016372680664
15.297983169555664
19.068368911743164
16.471323013305664
22.571298599243164
18.193490982055664
22.145151138305664
19.210214614868164
20.213388442993164
21.761117935180664
20.106454849243164
20.595956802368164
20.876962661743164
21.875741958618164
22.320932388305664
22.655038833618164
22.965707778930664
23.274423599243164
18.978769302368164
19.348764419555664
18.278940200805664
13.679330825805664
12.551767349243164
12.658945083618164
12.332040786743164
12.032968521118164
6.501595973968506
6.999032497406006
8.031015396118164
18.317636489868164
16.483041763305664
16.501840591430664
16.919687271118164
15.879037857055664
5.935922145843506
7.208505153656006
8.650888442993164
7.117440700531006
10.800668716430664
16.325448989868164
15.726572036743164
8.585580825805664
10.079477310180664
15.409067153930664
10.823740005493164
18.209970474243164
14.015146255493164
19.764413833618164
13.637094497680664
13.807260513305664
14.958017349243164
17.515390396118164
5.847787380218506
14.269052505493164
9.050058364868164
15.176034927368164
10.505624771118164
11.065805435180664
14.106821060180664
18.753061294555664
15.679330825805664
7.099618434906006
11.319955825805664
10.586801528930664
15.583871841430664
7.213021755218506
9.741464614868164
15.656625747680664
12.701913833618164
10.603281021118164
17.877084732055664
15.279062271118164
15.615610122680664
8.620248794555664
16.676767349243164
11.962289810180664
7.856210231781006
11.026010513305664
11.684213638305664
11.830331802368164
16.668222427368164
12.241342544555664
9.759042739868164
13.286508560180664
11.872323989868164
16.599374771118164
13.632944107055664
17.133066177368164
14.930063247680664
13.630624771118164
14.996591567993164
16.757577896118164
16.279916763305664
16.907602310180664
17.644784927368164
16.739267349243164
16.465951919555664
15.631113052368164
18.617319107055664
19.314828872680664
18.993051528930664
20.297983169555664
20.184213638305664
22.873056411743164
19.976327896118164
15.916757583618164
15.732675552368164
21.816415786743164
16.188364028930664
20.012338638305664
21.536874771118164
16.703378677368164
11.900278091430664
17.975961685180664
21.389047622680664
22.256967544555664
22.241708755493164
23.322885513305664
22.380258560180664
22.707284927368164
22.910409927368164
23.386362075805664
23.482065200805664
21.984750747680664
22.293954849243164
23.272226333618164
17.813241958618164
15.938974380493164
21.437387466430664
19.844125747680664
21.958505630493164
21.720956802368164
14.810312271118164
22.508310317993164
22.149057388305664
23.077157974243164
22.870981216430664
22.026376724243164
23.191904067993164
18.215341567993164
18.574594497680664
20.965951919555664
18.735239028930664
22.163705825805664
20.014413833618164
19.057504653930664
23.105966567993164
21.649789810180664
23.734262466430664
20.781015396118164
16.849008560180664
22.472055435180664
21.493051528930664
19.100961685180664
23.442758560180664
21.850229263305664
22.053964614868164
21.012826919555664
21.899545669555664
22.163095474243164
22.185068130493164
23.556894302368164
22.754281997680664
23.340219497680664
23.032480239868164
22.471200942993164
22.482431411743164
22.750009536743164
23.446298599243164
22.395517349243164
22.596567153930664
23.238290786743164
22.572153091430664
22.366464614868164
23.111703872680664
23.136117935180664
22.627939224243164
21.426767349243164
21.787363052368164
23.254770278930664
22.848031997680664
22.699960708618164
22.801645278930664
22.755746841430664
22.941415786743164
22.793588638305664
22.671640396118164
22.435068130493164
22.383066177368164
22.380868911743164
22.186899185180664
22.211557388305664
22.203989028930664
22.659311294555664
22.814096450805664
23.015024185180664
23.093271255493164
23.320077896118164
12.773202896118164
11.314584732055664
9.563974380493164
21.093393325805664
23.442514419555664
18.676156997680664
18.839487075805664
23.239511489868164
23.188241958618164
12.052255630493164
22.871103286743164
22.459604263305664
19.272470474243164
23.000986099243164
23.418588638305664
18.758554458618164
23.572031021118164
19.139169692993164
21.302988052368164
20.802621841430664
14.077768325805664
23.746469497680664
23.059946060180664
22.633554458618164
23.117319107055664
16.410287857055664
23.506723403930664
22.912363052368164
23.979990005493164
23.747201919555664
23.859384536743164
23.836557388305664
23.759042739868164
23.719614028930664
23.506723403930664
23.357675552368164
23.313608169555664
23.537851333618164
22.227304458618164
20.589120864868164
18.420175552368164
22.797372817993164
18.057504653930664
20.503915786743164
22.796152114868164
19.118295669555664
22.857675552368164
22.997690200805664
20.912973403930664
23.140146255493164
23.214731216430664
23.810678482055664
23.749521255493164
23.712045669555664
23.455820083618164
23.373910903930664
23.378183364868164
23.522470474243164
24.027231216430664
23.596933364868164
24.499887466430664
24.126596450805664
24.446054458618164
24.352426528930664
19.880136489868164
22.409311294555664
17.671396255493164
22.583383560180664
19.423593521118164
20.996225357055664
23.058847427368164
23.829843521118164
23.877695083618164
23.549081802368164
23.667245864868164
23.952157974243164
24.202280044555664
24.494638442993164
22.342416763305664
22.731943130493164
22.651498794555664
23.062631607055664
24.172983169555664
24.521005630493164
24.513925552368164
22.928110122680664
22.267099380493164
19.356332778930664
23.684946060180664
23.519418716430664
24.087900161743164
24.438608169555664
24.375131607055664
22.970956802368164
21.116830825805664
21.516733169555664
23.551401138305664
23.538827896118164
24.436777114868164
23.880014419555664
23.508920669555664
23.608041763305664
24.100351333618164
23.307870864868164
24.100717544555664
23.788827896118164
22.388437271118164
23.544565200805664
24.365732192993164
23.483407974243164
23.892709732055664
24.296884536743164
23.820810317993164
24.081430435180664
24.009286880493164
24.426889419555664
23.557748794555664
23.633432388305664
24.297983169555664
24.335947036743164
24.363901138305664
23.697275161743164
23.903451919555664
24.195688247680664
24.514169692993164
24.488901138305664
24.401498794555664
24.424203872680664
24.273324966430664
24.454355239868164
23.894418716430664
23.285043716430664
23.732309341430664
24.323373794555664
24.294687271118164
24.041269302368164
23.840097427368164
24.122323989868164
24.083505630493164
24.104867935180664
22.481821060180664
24.500497817993164
24.184457778930664
24.128061294555664
22.623422622680664
24.429208755493164
23.872079849243164
24.054086685180664
24.157968521118164
23.947519302368164
24.458871841430664
24.208749771118164
24.496225357055664
24.570199966430664
24.281137466430664
24.430185317993164
24.490488052368164
24.430551528930664
24.304941177368164
24.380746841430664
23.179574966430664
23.927255630493164
23.876596450805664
24.427255630493164
23.216318130493164
23.033945083618164
24.046884536743164
24.296152114868164
24.130746841430664
23.471567153930664
24.699594497680664
24.859994888305664
23.826669692993164
23.560556411743164
24.318979263305664
24.665048599243164
23.744394302368164
24.013193130493164
24.330575942993164
24.825082778930664
24.388315200805664
24.967660903930664
23.606088638305664
24.282968521118164
24.177743911743164
24.830087661743164
24.389902114868164
24.549325942993164
23.940683364868164
24.808481216430664
24.775644302368164
24.682626724243164
25.030405044555664
24.188486099243164
23.997690200805664
24.272836685180664
24.643198013305664
25.034311294555664
24.690317153930664
24.846445083618164
24.857065200805664
25.123422622680664
25.068979263305664
25.029550552368164
17.261606216430664
14.601205825805664
17.635629653930664
17.874765396118164
18.650522232055664
19.565927505493164
20.740488052368164
20.285531997680664
19.832406997680664
20.944589614868164
20.209970474243164
22.015878677368164
22.610361099243164
23.498178482055664
23.685068130493164
23.612070083618164
22.800668716430664
22.224374771118164
23.219858169555664
22.643564224243164
23.042856216430664
23.331186294555664
23.496469497680664
23.654550552368164
23.663705825805664
23.353525161743164
23.014902114868164
23.831552505493164
23.747079849243164
23.811777114868164
23.252328872680664
23.963632583618164
23.329843521118164
23.851938247680664
22.756723403930664
21.693857192993164
22.521860122680664
21.945444107055664
22.650522232055664
21.713022232055664
21.892709732055664
21.665658950805664
21.581552505493164
21.784921646118164
21.912240982055664
21.946420669555664
21.802865982055664
22.056528091430664
22.360483169555664
23.043710708618164
22.757822036743164
24.055307388305664
23.697031021118164
22.494150161743164
23.977304458618164
24.303598403930664
23.761728286743164
23.452890396118164
22.854379653930664
22.784433364868164
22.967660903930664
23.981088638305664
23.782968521118164
23.213388442993164
22.673593521118164
22.902719497680664
22.868906021118164
23.756723403930664
23.656869888305664
23.135263442993164
23.141611099243164
24.297983169555664
24.428476333618164
23.381357192993164
23.073007583618164
23.340097427368164
23.379770278930664
23.242319107055664
24.443246841430664
23.700448989868164
23.753793716430664
23.550546646118164
23.756357192993164
23.767587661743164
24.535287857055664
24.003305435180664
23.532724380493164
24.583139419555664
24.666025161743164
24.308115005493164
23.477548599243164
23.692270278930664
24.093393325805664
24.271615982055664
24.688241958618164
24.629159927368164
23.969369888305664
24.293588638305664
24.641000747680664
24.252206802368164
24.817392349243164
24.553476333618164
24.658700942993164
24.461923599243164
25.159189224243164
24.461679458618164
24.728403091430664
24.614999771118164
24.777841567993164
24.749521255493164
24.321542739868164
24.742441177368164
24.805185317993164
24.427011489868164
24.945566177368164
24.675668716430664
24.743661880493164
24.717172622680664
24.831186294555664
24.914316177368164
24.402963638305664
24.791757583618164
24.535898208618164
24.978281021118164
24.887094497680664
24.603647232055664
24.603891372680664
24.588388442993164
24.620126724243164
24.756845474243164
24.323740005493164
24.570199966430664
24.598886489868164
24.626596450805664
24.385507583618164
24.462167739868164
24.196664810180664
24.138681411743164
24.366952896118164
24.393075942993164
24.303964614868164
23.794443130493164
24.151010513305664
24.058725357055664
24.100473403930664
23.932870864868164
23.792367935180664
23.568246841430664
23.910165786743164
23.736703872680664
23.642099380493164
23.536996841430664
23.956430435180664
24.020639419555664
16.125741958618164
21.296884536743164
20.522470474243164
22.223764419555664
22.239389419555664
22.944711685180664
22.705942153930664
23.041269302368164
23.028207778930664
23.119028091430664
23.190195083618164
23.908823013305664
23.076791763305664
23.901865005493164
23.948984146118164
23.356698989868164
21.778696060180664
21.614877700805664
22.001474380493164
23.276742935180664
21.900278091430664
23.223154067993164
23.528085708618164
24.423593521118164
23.652353286743164
23.548593521118164
24.196908950805664
23.166391372680664
24.459115982055664
24.383188247680664
23.460458755493164
24.551889419555664
23.644540786743164
24.011362075805664
24.081186294555664
24.418832778930664
24.302499771118164
25.162363052368164
24.676767349243164
24.873300552368164
24.852792739868164
25.070444107055664
24.758432388305664
24.685800552368164
24.932870864868164
24.594614028930664
24.485483169555664
24.113779067993164
23.920785903930664
24.184213638305664
23.692026138305664
17.104379653930664
21.345712661743164
22.452890396118164
23.604745864868164
22.634897232055664
23.526010513305664
23.327402114868164
23.778940200805664
23.079721450805664
23.536508560180664
23.878915786743164
21.966073989868164
21.691537857055664
21.781259536743164
23.561899185180664
23.607553482055664
22.705575942993164
24.411386489868164
23.554697036743164
23.243906021118164
24.429208755493164
23.788705825805664
24.910654067993164
24.784555435180664
24.423105239868164
24.784799575805664
25.004037857055664
23.848520278930664
24.076669692993164
23.785165786743164
17.397958755493164
22.167001724243164
20.979501724243164
23.135873794555664
23.601449966430664
22.859750747680664
23.704599380493164
21.807382583618164
21.776376724243164
22.110971450805664
22.534555435180664
23.581918716430664
22.755746841430664
23.842172622680664
24.205820083618164
23.486581802368164
24.869882583618164
24.271249771118164
25.147836685180664
24.840585708618164
24.403573989868164
24.372812271118164
23.884164810180664
23.986337661743164
23.919198989868164
22.825082778930664
23.758554458618164
23.328378677368164
21.959970474243164
22.190073013305664
23.254037857055664
22.932504653930664
22.682138442993164
23.713266372680664
24.423227310180664
24.607675552368164
24.432382583618164
24.173837661743164
17.509042739868164
23.240365982055664
23.008676528930664
22.894296646118164
23.019418716430664
23.912729263305664
22.103158950805664
23.970102310180664
22.461435317993164
23.216440200805664
23.893686294555664
24.005990982055664
24.499277114868164
23.902475357055664
23.947885513305664
23.208261489868164
23.048715591430664
22.506601333618164
22.832406997680664
24.391122817993164
24.150766372680664
23.380624771118164
23.657602310180664
24.025644302368164
22.985483169555664
24.565683364868164
24.463632583618164
25.034921646118164
24.529062271118164
24.541025161743164
23.833017349243164
23.940683364868164
17.542367935180664
24.054086685180664
24.567148208618164
24.584482192993164
24.578500747680664
24.025278091430664
23.793954849243164
22.561288833618164
24.155038833618164
23.054086685180664
24.635263442993164
24.929330825805664
23.964853286743164
23.643808364868164
18.242074966430664
24.558725357055664
24.421518325805664
25.042612075805664
19.123178482055664
23.818368911743164
24.139535903930664
19.364877700805664
23.538827896118164
24.365976333618164
23.446908950805664
20.468149185180664
20.547739028930664
23.660898208618164
20.572031021118164
22.599252700805664
23.589609146118164
22.770151138305664
20.769296646118164
22.674570083618164
23.672006607055664
23.796884536743164
24.341684341430664
23.693124771118164
21.129892349243164
22.790170669555664
24.218271255493164
23.977060317993164
23.094736099243164
24.042245864868164
24.275033950805664
21.083749771118164
23.747690200805664
23.726816177368164
24.344247817993164
23.908700942993164
24.745126724243164
23.159799575805664
24.490854263305664
