9.876351576561311e-42
6.606698513031006
11.888681411743164
4.181527614593506
8.090585708618164
5.245370388031006
12.441293716430664
13.115365982055664
9.401254653930664
25.422006607055664
10.195199966430664
24.122934341430664
23.982309341430664
27.014535903930664
26.068735122680664
22.499399185180664
28.401620864868164
26.067636489868164
28.239023208618164
22.868539810180664
28.090463638305664
28.595346450805664
15.692392349243164
19.171396255493164
18.820322036743164
28.370615005493164
28.651865005493164
25.168588638305664
26.408578872680664
28.105722427368164
28.337045669555664
28.621835708618164
24.502695083618164
28.328256607055664
26.642099380493164
27.873300552368164
26.876352310180664
27.223154067993164
27.735239028930664
26.656625747680664
27.538461685180664
26.627695083618164
9.810190200805664
20.005624771118164
4.689828395843506
10.469980239868164
14.855966567993164
22.616098403930664
26.789926528930664
15.126596450805664
25.496713638305664
28.044931411743164
24.844491958618164
28.491952896118164
13.911508560180664
28.238656997680664
22.147592544555664
28.426279067993164
28.083383560180664
27.989267349243164
15.249155044555664
23.171884536743164
9.034189224243164
19.390146255493164
13.013681411743164
27.522958755493164
28.336557388305664
26.076547622680664
17.281503677368164
28.255502700805664
28.282846450805664
26.755136489868164
12.911752700805664
20.876840591430664
10.569589614868164
18.118051528930664
27.750131607055664
28.482675552368164
16.446908950805664
28.291269302368164
26.646371841430664
26.984384536743164
20.001352310180664
24.002817153930664
21.854990005493164
28.061288833618164
28.428598403930664
28.576059341430664
27.867074966430664
27.409921646118164
23.203866958618164
15.460336685180664
28.434946060180664
27.962656021118164
27.256601333618164
25.123422622680664
28.303476333618164
28.403207778930664
27.711313247680664
18.883432388305664
20.036020278930664
28.234750747680664
27.624155044555664
27.864633560180664
17.293954849243164
24.782968521118164
21.151620864868164
28.220956802368164
27.193368911743164
28.296396255493164
21.746469497680664
25.902475357055664
23.531869888305664
28.321298599243164
26.027475357055664
24.890878677368164
27.699838638305664
17.632089614868164
27.987192153930664
21.589487075805664
27.232919692993164
26.572885513305664
28.387338638305664
28.018320083618164
28.321664810180664
27.212045669555664
28.375986099243164
27.316537857055664
28.192880630493164
28.342660903930664
28.386728286743164
20.202768325805664
28.352670669555664
28.398935317993164
28.426889419555664
28.330331802368164
23.241220474243164
26.808481216430664
27.005014419555664
27.131479263305664
27.214853286743164
27.766366958618164
27.044443130493164
27.377939224243164
27.499155044555664
27.706308364868164
27.850717544555664
27.931039810180664
28.240976333618164
27.922616958618164
27.954721450805664
28.303842544555664
28.343271255493164
28.634286880493164
28.704233169555664
28.521005630493164
28.347909927368164
28.248300552368164
28.169198989868164
28.080820083618164
27.672128677368164
27.604135513305664
10.310312271118164
11.947641372680664
10.379892349243164
11.398813247680664
10.137094497680664
12.463876724243164
15.989511489868164
13.658578872680664
16.383066177368164
17.016611099243164
9.011850357055664
13.284799575805664
18.039316177368164
8.717416763305664
19.662485122680664
11.800180435180664
15.234140396118164
23.035776138305664
12.031747817993164
22.351327896118164
21.718515396118164
12.442758560180664
5.481942653656006
24.989023208618164
21.661996841430664
19.536752700805664
14.673593521118164
17.774301528930664
19.983652114868164
8.329965591430664
21.934091567993164
18.961923599243164
20.964975357055664
18.624399185180664
10.982309341430664
11.513925552368164
10.543222427368164
12.931650161743164
14.818857192993164
9.531869888305664
16.064462661743164
15.345224380493164
21.591806411743164
14.471445083618164
18.158945083618164
11.226938247680664
23.722299575805664
15.957284927368164
24.360849380493164
11.773080825805664
13.402597427368164
20.291025161743164
12.661020278930664
24.003671646118164
19.376352310180664
13.207773208618164
14.706918716430664
26.211191177368164
19.003793716430664
14.350717544555664
17.746957778930664
16.750619888305664
20.517831802368164
13.340219497680664
21.240121841430664
13.720590591430664
14.731454849243164
22.432382583618164
20.313730239868164
15.682626724243164
18.269418716430664
18.386606216430664
15.934823989868164
22.583749771118164
21.892587661743164
21.770151138305664
20.619760513305664
22.748422622680664
23.946176528930664
18.123178482055664
22.655527114868164
19.343759536743164
25.941049575805664
20.377817153930664
25.444589614868164
21.961435317993164
22.233774185180664
23.654306411743164
21.550302505493164
21.718637466430664
22.245126724243164
23.494760513305664
24.238534927368164
25.604257583618164
26.231821060180664
26.790536880493164
24.807382583618164
25.381967544555664
24.825204849243164
19.821054458618164
18.245004653930664
18.702768325805664
18.132211685180664
17.975107192993164
8.653329849243164
10.646860122680664
13.096689224243164
25.911752700805664
21.717416763305664
23.445566177368164
21.488901138305664
20.972909927368164
8.778085708618164
11.895639419555664
13.884653091430664
11.851572036743164
15.979135513305664
19.571054458618164
18.972299575805664
12.418954849243164
14.009531021118164
18.500986099243164
14.782846450805664
24.563486099243164
19.534311294555664
26.246713638305664
20.227182388305664
19.709604263305664
20.709726333618164
24.738534927368164
9.617563247680664
19.564218521118164
14.029306411743164
18.712533950805664
14.305673599243164
15.573617935180664
19.400766372680664
25.083505630493164
21.411752700805664
10.020395278930664
16.870859146118164
13.911508560180664
21.407724380493164
11.193368911743164
13.052011489868164
21.396127700805664
18.128305435180664
14.853647232055664
24.403085708618164
20.345102310180664
21.775156021118164
13.311899185180664
21.201303482055664
15.808847427368164
11.866830825805664
15.943490982055664
16.261850357055664
17.244394302368164
21.026620864868164
17.579965591430664
15.105112075805664
18.709970474243164
17.518442153930664
21.046884536743164
19.152353286743164
21.729013442993164
20.281503677368164
19.323373794555664
20.572519302368164
21.484506607055664
21.541513442993164
22.072153091430664
22.708383560180664
22.227548599243164
22.252695083618164
22.218149185180664
25.308481216430664
25.739389419555664
26.638437271118164
27.885507583618164
27.512582778930664
28.361581802368164
26.203378677368164
20.549814224243164
21.663339614868164
27.500253677368164
21.110116958618164
23.384042739868164
25.921274185180664
19.766244888305664
15.616708755493164
20.786630630493164
25.091806411743164
27.338876724243164
27.541879653930664
28.232675552368164
27.898324966430664
28.060068130493164
28.517343521118164
28.781015396118164
28.861581802368164
27.693857192993164
28.034433364868164
28.848276138305664
24.288705825805664
20.304452896118164
26.564340591430664
22.805673599243164
26.406747817993164
24.469736099243164
18.015756607055664
27.886972427368164
27.568124771118164
28.474130630493164
28.637582778930664
27.821664810180664
28.806650161743164
23.240610122680664
21.566049575805664
23.699472427368164
21.810190200805664
27.781137466430664
25.113901138305664
22.147836685180664
26.216684341430664
24.735727310180664
27.522226333618164
24.835336685180664
20.238046646118164
25.577280044555664
26.095712661743164
21.863168716430664
28.067026138305664
26.637826919555664
27.142465591430664
24.255624771118164
26.809823989868164
27.458505630493164
25.976205825805664
27.956918716430664
27.204599380493164
26.610727310180664
28.062997817993164
27.917978286743164
27.965341567993164
28.225229263305664
28.510507583618164
27.998910903930664
28.319589614868164
28.467294692993164
28.163949966430664
28.167856216430664
28.607553482055664
28.698129653930664
28.428354263305664
28.567148208618164
28.415170669555664
28.074350357055664
27.738046646118164
27.424814224243164
27.505746841430664
27.624277114868164
27.738412857055664
27.867929458618164
27.762948989868164
27.897470474243164
27.882944107055664
27.939950942993164
27.883798599243164
27.956064224243164
28.029550552368164
28.387338638305664
28.557870864868164
28.736093521118164
28.774301528930664
28.735239028930664
16.176279067993164
14.943368911743164
12.720834732055664
25.149301528930664
27.859140396118164
22.841073989868164
22.541269302368164
28.575815200805664
28.634286880493164
15.623178482055664
26.868661880493164
26.643930435180664
23.964487075805664
28.411630630493164
28.612070083618164
22.682260513305664
28.581064224243164
24.018320083618164
25.045053482055664
25.379526138305664
17.679452896118164
28.889657974243164
27.961313247680664
28.321420669555664
28.649545669555664
19.773324966430664
28.867563247680664
26.595224380493164
28.424936294555664
27.894174575805664
28.872201919555664
28.543710708618164
29.011240005493164
28.971933364868164
28.788827896118164
28.749155044555664
28.663095474243164
28.472909927368164
27.840463638305664
25.828500747680664
22.084238052368164
28.257699966430664
19.595102310180664
24.758066177368164
28.211069107055664
20.930307388305664
28.070566177368164
28.357309341430664
23.191659927368164
27.490243911743164
28.157968521118164
26.859140396118164
28.335336685180664
27.526742935180664
26.908945083618164
28.117807388305664
28.217172622680664
28.426645278930664
28.576791763305664
28.380868911743164
28.347543716430664
28.388193130493164
28.312265396118164
28.186288833618164
24.728158950805664
27.971323013305664
19.878549575805664
27.957529067993164
22.589975357055664
24.264413833618164
27.696664810180664
28.067758560180664
28.506357192993164
27.420297622680664
28.509531021118164
28.515024185180664
28.365610122680664
28.325693130493164
27.896493911743164
28.407358169555664
27.917001724243164
28.298227310180664
28.570566177368164
28.411508560180664
28.337167739868164
28.610605239868164
27.489877700805664
20.780405044555664
28.440561294555664
27.875619888305664
28.392465591430664
28.447763442993164
28.359750747680664
28.438730239868164
23.028085708618164
25.628183364868164
28.498300552368164
28.274423599243164
28.352792739868164
27.288339614868164
27.265146255493164
28.061044692993164
28.485605239868164
28.498666763305664
28.330331802368164
28.413461685180664
27.422616958618164
28.437143325805664
28.270761489868164
28.416391372680664
28.339609146118164
28.089731216430664
28.449350357055664
28.304819107055664
28.373788833618164
28.385629653930664
28.341196060180664
28.371713638305664
28.382089614868164
28.448373794555664
28.385019302368164
28.357431411743164
28.293588638305664
28.338388442993164
28.390268325805664
28.322641372680664
28.217172622680664
28.147470474243164
28.004892349243164
27.704965591430664
27.908823013305664
27.477426528930664
27.704111099243164
27.650766372680664
27.855600357055664
27.678598403930664
26.865610122680664
27.339487075805664
27.514657974243164
27.411508560180664
25.247079849243164
27.833749771118164
27.883188247680664
27.214731216430664
25.693002700805664
27.880868911743164
27.000986099243164
27.895029067993164
27.457284927368164
27.390024185180664
27.932260513305664
27.729013442993164
28.159311294555664
28.178354263305664
28.022592544555664
28.262826919555664
28.250253677368164
28.218759536743164
27.964365005493164
28.267343521118164
26.314218521118164
26.598276138305664
26.526987075805664
27.648080825805664
26.205209732055664
25.684701919555664
26.502328872680664
26.274545669555664
26.640390396118164
25.428110122680664
27.231576919555664
27.083261489868164
25.946420669555664
25.450204849243164
25.962045669555664
26.384897232055664
25.353891372680664
27.031381607055664
26.677865982055664
26.838754653930664
26.214487075805664
26.867319107055664
26.926156997680664
26.681894302368164
26.711557388305664
26.980966567993164
26.668588638305664
26.226694107055664
27.390512466430664
27.058359146118164
26.681528091430664
27.358163833618164
27.138315200805664
27.896249771118164
27.224496841430664
27.179697036743164
27.296640396118164
27.566781997680664
26.999643325805664
27.226694107055664
27.032480239868164
27.074350357055664
26.935556411743164
27.014291763305664
24.281259536743164
19.796030044555664
24.320566177368164
24.225229263305664
24.609018325805664
25.530282974243164
28.088022232055664
27.658456802368164
26.050546646118164
28.054697036743164
26.919687271118164
27.542856216430664
27.611948013305664
27.791635513305664
27.940683364868164
27.817636489868164
28.180551528930664
27.478403091430664
27.964487075805664
27.207040786743164
27.810800552368164
27.522470474243164
27.744882583618164
27.886728286743164
27.895761489868164
27.687509536743164
27.595956802368164
27.925180435180664
27.823862075805664
27.834726333618164
27.625741958618164
27.860483169555664
27.594614028930664
27.700571060180664
27.244272232055664
26.252939224243164
26.912973403930664
26.924692153930664
26.876962661743164
26.079721450805664
26.076303482055664
26.285654067993164
26.377817153930664
26.250497817993164
26.287118911743164
26.297372817993164
26.066781997680664
26.370737075805664
27.479379653930664
26.887582778930664
26.834238052368164
27.841196060180664
27.156381607055664
27.650156021118164
27.600473403930664
27.778085708618164
27.250009536743164
26.965219497680664
26.696420669555664
26.745370864868164
26.670419692993164
27.388803482055664
27.170297622680664
26.696664810180664
27.578866958618164
26.769906997680664
27.162851333618164
26.758310317993164
26.752695083618164
26.959604263305664
27.914804458618164
27.376230239868164
27.419076919555664
28.128549575805664
27.366098403930664
26.625619888305664
27.874032974243164
27.292978286743164
27.346689224243164
26.749643325805664
26.818368911743164
26.781259536743164
28.095834732055664
26.774423599243164
27.304208755493164
26.647470474243164
27.526010513305664
27.290292739868164
27.457529067993164
27.194833755493164
27.173837661743164
27.807748794555664
26.667001724243164
27.803476333618164
27.069345474243164
28.165414810180664
26.385751724243164
26.109262466430664
27.710702896118164
26.337411880493164
26.949472427368164
28.297128677368164
26.544687271118164
27.617441177368164
27.103525161743164
27.504770278930664
26.759286880493164
27.342660903930664
26.532236099243164
27.023447036743164
28.151865005493164
26.339120864868164
26.558847427368164
27.830698013305664
27.332162857055664
27.667245864868164
27.491220474243164
26.761117935180664
27.725595474243164
27.636972427368164
26.340707778930664
26.766977310180664
26.208505630493164
27.585702896118164
27.708749771118164
27.607431411743164
26.533700942993164
26.410654067993164
26.220590591430664
27.309701919555664
26.109262466430664
26.713022232055664
27.488168716430664
25.958871841430664
26.788827896118164
26.640024185180664
26.742563247680664
27.163583755493164
26.490488052368164
26.520151138305664
26.456918716430664
26.792245864868164
26.053964614868164
27.196786880493164
25.986215591430664
26.679697036743164
26.353647232055664
26.099740982055664
26.588754653930664
25.710824966430664
25.771127700805664
25.186777114868164
26.219247817993164
26.273935317993164
22.278818130493164
28.183603286743164
27.863779067993164
28.436532974243164
27.630868911743164
27.605844497680664
27.757944107055664
27.810678482055664
27.743906021118164
27.605966567993164
27.610605239868164
28.005990982055664
27.646249771118164
27.899789810180664
27.869272232055664
27.497812271118164
26.250986099243164
26.269662857055664
26.465463638305664
27.315317153930664
26.655649185180664
26.923227310180664
27.020639419555664
27.996347427368164
26.947275161743164
26.678842544555664
27.193002700805664
26.916025161743164
27.325326919555664
27.232187271118164
26.708505630493164
27.338510513305664
26.778573989868164
28.082040786743164
27.331918716430664
26.625497817993164
27.814584732055664
26.971689224243164
27.099496841430664
27.201547622680664
27.231088638305664
26.733163833618164
26.505014419555664
27.058237075805664
27.304697036743164
26.483285903930664
26.750619888305664
27.063974380493164
26.948984146118164
26.305307388305664
25.617685317993164
23.605234146118164
28.054697036743164
27.660043716430664
27.890878677368164
27.613901138305664
27.831186294555664
27.693368911743164
27.897348403930664
27.791757583618164
27.977304458618164
27.968271255493164
26.678598403930664
26.479379653930664
26.273080825805664
27.089731216430664
27.061655044555664
26.833139419555664
27.779672622680664
28.106821060180664
26.931772232055664
27.879159927368164
26.761117935180664
27.211313247680664
26.517221450805664
27.764657974243164
26.696786880493164
27.279428482055664
26.732919692993164
26.055917739868164
26.224496841430664
24.770273208618164
27.885263442993164
28.142953872680664
27.621347427368164
27.848886489868164
27.931039810180664
28.022836685180664
26.683725357055664
26.604867935180664
26.398202896118164
26.762094497680664
27.042978286743164
26.870737075805664
28.263681411743164
27.173349380493164
27.056528091430664
26.712900161743164
27.732309341430664
27.024667739868164
26.663461685180664
26.196420669555664
26.591440200805664
26.883798599243164
26.067026138305664
26.364267349243164
27.629281997680664
27.917978286743164
27.965341567993164
26.624521255493164
27.104257583618164
27.033090591430664
26.864999771118164
26.927988052368164
27.050180435180664
27.668954849243164
27.756723403930664
26.367685317993164
26.432992935180664
24.753793716430664
27.701547622680664
27.693735122680664
27.608896255493164
28.056528091430664
27.992441177368164
26.824594497680664
27.510385513305664
26.650400161743164
27.024301528930664
26.761117935180664
28.223520278930664
26.305429458618164
26.470346450805664
26.695932388305664
27.748056411743164
27.731454849243164
26.703866958618164
26.854990005493164
28.252450942993164
27.224008560180664
27.786264419555664
27.958139419555664
27.476694107055664
26.728525161743164
28.019662857055664
27.197763442993164
26.976205825805664
26.473398208618164
26.828378677368164
26.688364028930664
26.617074966430664
24.359872817993164
27.050180435180664
27.866098403930664
26.584604263305664
26.757699966430664
26.731210708618164
27.948740005493164
26.887094497680664
27.609140396118164
26.636240005493164
26.738046646118164
27.205698013305664
26.895761489868164
26.609628677368164
24.893198013305664
28.015268325805664
27.345346450805664
27.205331802368164
25.901865005493164
28.023447036743164
27.121713638305664
25.531259536743164
27.904916763305664
27.619272232055664
26.625009536743164
27.655405044555664
27.957895278930664
26.738779067993164
27.994028091430664
27.449106216430664
26.703622817993164
27.330453872680664
28.078989028930664
27.535654067993164
26.751962661743164
26.839975357055664
27.694345474243164
26.710214614868164
28.038339614868164
27.381235122680664
27.021738052368164
26.993539810180664
27.178110122680664
26.771127700805664
26.675180435180664
28.176034927368164
27.889291763305664
26.701425552368164
27.593881607055664
26.211557388305664
27.590951919555664
27.088266372680664
27.272104263305664
