9.876351576561311e-42
2.4412779808044434
8.822626113891602
0.0
4.235955715179443
0.0
9.307489395141602
9.089715957641602
5.663201808929443
21.8936710357666
6.413201808929443
20.5653018951416
20.5621280670166
23.1466007232666
22.4000186920166
19.0482120513916
24.0599308013916
21.9173526763916
23.8321475982666
19.1324405670166
23.3201847076416
24.1370792388916
12.776727676391602
15.777460098266602
15.774530410766602
24.1881046295166
24.0294132232666
20.9051456451416
21.8846378326416
24.6719913482666
23.3655948638916
24.7625675201416
20.4581241607666
23.5530948638916
22.4695987701416
23.5538272857666
22.9837589263916
23.2774600982666
24.3882999420166
22.7635440826416
23.5052433013916
22.7584171295166
5.866082668304443
17.1937198638916
0.0
7.409783840179443
11.765008926391602
19.8763370513916
22.8880558013916
11.709833145141602
21.7415714263916
23.9273624420166
20.6656436920166
23.9781436920166
10.869745254516602
23.3585147857666
18.5081729888916
23.3958683013916
24.7532901763916
23.4588565826416
12.536249160766602
20.1717472076416
4.436395168304443
16.1402530670166
9.402460098266602
23.3675479888916
24.0035343170166
21.9786319732666
13.840448379516602
23.8817081451416
23.4656925201416
23.0833683013916
10.290887832641602
18.3443546295166
6.708123683929443
14.823602676391602
23.4915714263916
24.0960636138916
12.711542129516602
24.0296573638916
22.3411808013916
23.2706241607666
17.5555362701416
20.9710636138916
18.6981143951416
23.5079288482666
24.1019229888916
24.2459659576416
23.5919132232666
22.8262882232666
20.5557804107666
12.192743301391602
23.8062686920166
23.6739444732666
23.3941593170166
21.9105167388916
24.0679874420166
24.6290225982666
23.2357120513916
16.5067081451416
16.4424991607666
24.1527042388916
23.5401554107666
23.5789737701416
14.925653457641602
21.4110050201416
17.6536808013916
24.5892276763916
22.6343936920166
23.8035831451416
18.8499698638916
22.2708683013916
20.2066593170166
23.7188663482666
22.5211124420166
21.2586612701416
23.1768741607666
14.902215957641602
23.3294620513916
18.3887882232666
23.0469913482666
22.2777042388916
23.5057315826416
23.6285343170166
23.6837100982666
23.1871280670166
23.5880069732666
23.3006534576416
24.6099796295166
23.6478214263916
24.0616397857666
16.8802433013916
23.3555850982666
23.3646183013916
23.5154972076416
23.4656925201416
19.8817081451416
22.6968936920166
22.9544620513916
22.9329776763916
22.9224796295166
23.4129581451416
22.7420597076416
23.1153507232666
23.2786808013916
23.1798038482666
23.2640323638916
23.3653507232666
23.4781436920166
23.3892765045166
23.4984073638916
23.6585636138916
23.6199893951416
23.8839054107666
24.3236026763916
24.8192081451416
24.6441593170166
24.4815616607666
24.4920597076416
24.5591983795166
24.3521671295166
24.4263858795166
3.4930357933044434
5.539178371429443
2.6534361839294434
5.865350246429443
3.3094420433044434
6.887322902679443
11.106317520141602
7.148065090179443
11.485223770141602
11.567255020141602
3.3963561058044434
6.548943996429443
12.995965957641602
3.5530943870544434
15.140741348266602
6.678094387054443
11.056756973266602
19.7230167388916
7.104852199554443
19.3089542388916
17.5345401763916
7.954949855804443
1.599725365638733
21.0035343170166
18.1529483795166
16.3016300201416
10.699090957641602
14.189325332641602
17.1356143951416
4.922723293304443
18.6197452545166
15.832391738891602
18.2474308013916
15.620965957641602
4.266717433929443
5.340936183929443
2.7686705589294434
7.586541652679443
10.044549942016602
3.6234068870544434
10.281122207641602
9.734247207641602
17.8245792388916
9.821893692016602
14.087762832641602
5.629022121429443
20.1365909576416
12.080682754516602
20.5428409576416
5.099481105804443
6.270623683929443
15.761346817016602
7.759881496429443
20.3140811920166
14.859735488891602
5.905145168304443
10.463739395141602
21.6539249420166
15.116815567016602
8.162714004516602
13.622430801391602
13.296258926391602
15.888299942016602
6.425164699554443
17.0782413482666
7.946893215179443
8.441278457641602
18.7249698638916
17.4683780670166
10.842157363891602
14.128778457641602
14.323846817016602
10.248895645141602
18.1160831451416
18.8680362701416
17.5203800201416
16.2979679107666
19.6619815826416
20.5501651763916
13.063592910766602
19.3990421295166
14.623895645141602
21.5797061920166
16.2132511138916
21.1934757232666
18.4693546295166
17.9735050201416
19.6724796295166
18.1358585357666
18.6321964263916
18.9471378326416
19.8697452545166
20.4898624420166
21.3782901763916
21.6773624420166
22.1168155670166
19.2847843170166
19.8985538482666
18.6675968170166
14.408075332641602
12.795526504516602
13.582147598266602
12.941278457641602
11.058221817016602
2.8904967308044434
3.8738951683044434
6.265252590179443
20.3753604888916
16.2532901763916
18.1087589263916
16.2935733795166
14.714227676391602
3.4522643089294434
4.694695949554443
6.507928371429443
3.9698424339294434
10.299676895141602
16.2855167388916
15.477167129516602
5.456658840179443
8.543573379516602
15.051874160766602
9.268671035766602
18.6302433013916
13.869501113891602
20.7957706451416
15.071405410766602
13.125604629516602
15.135614395141602
18.8306827545166
3.4930357933044434
14.920038223266602
6.380486965179443
14.919549942016602
9.396600723266602
9.419794082641602
13.533807754516602
19.2093448638916
15.761346817016602
4.071649074554443
11.582635879516602
8.227655410766602
15.466180801391602
4.950555324554443
7.285760402679443
15.612176895141602
13.360223770141602
8.365350723266602
18.2125186920166
14.812616348266602
15.969842910766602
6.182977199554443
16.0137882232666
10.182001113891602
5.096795558929443
8.600214004516602
10.402215957641602
11.683710098266602
16.2525577545166
11.989618301391602
8.365839004516602
14.382440567016602
11.874383926391602
16.4876651763916
14.364618301391602
16.3228702545166
14.939325332641602
13.405878067016602
14.056268692016602
15.964227676391602
15.785516738891602
16.3023624420166
16.7823429107666
16.5638370513916
16.7554874420166
16.4534854888916
19.2088565826416
19.9361515045166
20.6053409576416
22.3091983795166
22.3245792388916
24.3712100982666
21.8978214263916
15.627557754516602
17.2423038482666
23.3162784576416
17.5335636138916
20.4344425201416
22.5111026763916
16.6397647857666
11.206903457641602
17.8704776763916
21.8113956451416
23.5445499420166
24.0950870513916
23.8052921295166
24.5975284576416
24.1680850982666
24.1671085357666
24.0513858795166
24.1851749420166
24.0821475982666
24.2410831451416
24.5172061920166
19.9285831451416
16.1451358795166
22.8372745513916
19.7818546295166
22.8099308013916
21.2933292388916
14.364862442016602
24.5726261138916
24.2791690826416
24.0049991607666
24.3824405670166
24.2364444732666
24.5960636138916
19.6634464263916
18.4066104888916
20.6370792388916
18.5430850982666
24.2772159576416
21.4403018951416
19.3160343170166
22.7327823638916
21.3880558013916
23.4556827545166
21.6751651763916
17.2303409576416
22.2249698638916
22.7635440826416
19.0203800201416
23.5792179107666
23.1729679107666
23.6527042388916
21.1412296295166
23.2237491607666
23.8126163482666
22.4603214263916
23.5223331451416
23.3397159576416
22.9473819732666
23.8148136138916
24.4754581451416
24.3311710357666
23.9930362701416
23.8868350982666
24.4537296295166
24.1507511138916
23.8736515045166
24.3609561920166
24.3839054107666
24.0389347076416
24.2044620513916
24.3668155670166
23.5899600982666
23.7230167388916
24.3560733795166
24.2488956451416
24.1734561920166
24.2933292388916
24.4886417388916
24.6534366607666
24.7484073638916
24.6602725982666
24.6234073638916
24.4988956451416
24.4942569732666
24.3548526763916
24.4180850982666
24.2952823638916
24.3682804107666
24.4952335357666
24.5164737701416
24.6937198638916
24.7073917388916
11.988641738891602
10.102899551391602
6.793572902679443
20.6859073638916
22.7076358795166
18.2149600982666
18.5501651763916
24.3651065826416
24.7352237701416
10.881464004516602
22.2506046295166
21.8399600982666
19.1883487701416
24.2327823638916
24.7159366607666
18.4451847076416
23.1976261138916
19.0733585357666
20.9547061920166
20.3834171295166
13.475214004516602
23.6771183013916
22.5345401763916
23.1007022857666
23.8074893951416
16.1212100982666
24.2711124420166
22.5684757232666
23.8467960357666
23.2672061920166
23.8934268951416
23.3934268951416
24.0201358795166
24.5201358795166
24.5367374420166
24.5169620513916
24.4393253326416
24.4537296295166
24.0408878326416
20.6746768951416
18.7813663482666
24.0543155670166
16.9737491607666
21.4893741607666
24.3201847076416
18.4124698638916
24.2520694732666
24.1197452545166
20.1707706451416
23.0858097076416
23.6075382232666
21.9476261138916
24.6551456451416
22.6551456451416
22.1409854888916
23.5313663482666
23.5679874420166
23.9537296295166
24.3812198638916
23.8472843170166
24.6988468170166
24.5093936920166
24.6326847076416
24.7784366607666
20.7984561920166
24.2073917388916
17.1592960357666
23.8670597076416
19.9937686920166
21.3138370513916
23.1224308013916
23.4520206451416
24.2672061920166
22.6641788482666
24.0206241607666
24.4322452545166
24.8880558013916
24.9969425201416
23.6483097076416
24.4693546295166
23.7332706451416
24.5067081451416
24.6246280670166
25.1583194732666
24.9649600982666
24.6558780670166
23.5006046295166
18.1605167388916
24.0201358795166
23.2479190826416
24.7498722076416
25.0025577545166
24.8411808013916
24.5809268951416
19.8482608795166
22.1695499420166
24.2469425201416
23.9669132232666
24.7913761138916
22.7779483795166
22.9300479888916
23.5455265045166
24.5303897857666
24.7056827545166
24.7503604888916
24.7557315826416
23.3338565826416
23.9544620513916
24.8331241607666
23.9818058013916
24.6856632232666
24.7012882232666
24.4124698638916
24.6358585357666
24.5784854888916
24.7462100982666
24.1380558013916
24.3839054107666
24.9215030670166
25.0057315826416
24.9278507232666
24.5125675201416
24.5787296295166
24.6763858795166
24.5933780670166
24.6378116607666
24.6966495513916
24.5562686920166
24.6382999420166
24.7252140045166
24.7820987701416
24.3821964263916
24.5504093170166
24.1016788482666
24.3831729888916
24.7083683013916
24.5142765045166
24.6024112701416
25.1712589263916
24.6397647857666
23.4280948638916
24.2076358795166
24.6282901763916
25.0941104888916
23.0545597076416
24.6951847076416
25.5728702545166
24.6011905670166
25.1033878326416
24.1712589263916
24.9905948638916
24.6888370513916
24.7415714263916
24.6155948638916
25.0357608795166
24.6663761138916
24.8236026763916
24.9327335357666
24.6534366607666
24.7310733795166
23.3948917388916
24.1021671295166
24.1436710357666
25.2415714263916
23.4188175201416
23.2623233795166
24.3558292388916
24.1558780670166
25.0164737701416
24.0914249420166
24.5784854888916
25.2549991607666
24.2596378326416
24.1968936920166
24.4803409576416
24.5272159576416
24.3055362701416
24.6353702545166
24.4366397857666
25.5111026763916
24.7305850982666
24.9263858795166
23.8973331451416
24.1414737701416
24.5230655670166
24.3299503326416
24.8680362701416
24.3514347076416
24.5916690826416
24.9239444732666
24.5726261138916
25.1546573638916
25.3499698638916
24.9044132232666
24.8179874420166
24.6519718170166
24.5086612701416
24.7112979888916
24.1505069732666
24.7730655670166
25.1663761138916
25.7047061920166
25.3204288482666
25.0872745513916
18.6070499420166
13.706415176391602
18.2149600982666
18.4078311920166
19.1197452545166
20.4088077545166
23.6241397857666
22.9642276763916
20.9271183013916
23.6846866607666
21.7916202545166
24.3558292388916
24.5775089263916
25.0635929107666
25.2213077545166
25.0194034576416
24.4249210357666
24.3492374420166
24.5130558013916
24.5672550201416
24.5369815826416
24.5472354888916
24.6966495513916
24.7977237701416
24.5440616607666
24.5704288482666
24.5103702545166
24.6802921295166
24.7916202545166
24.9175968170166
24.7093448638916
24.8612003326416
24.5653018951416
24.4879093170166
24.2139835357666
23.2706241607666
23.8924503326416
23.6365909576416
23.7784366607666
23.0169620513916
22.9813175201416
23.0880069732666
23.1705265045166
23.0462589263916
22.9371280670166
23.1754093170166
22.7916202545166
23.2235050201416
23.8565616607666
23.7369327545166
23.5320987701416
24.6873722076416
24.0716495513916
23.9302921295166
24.7674503326416
24.6717472076416
24.0128116607666
23.6776065826416
23.4896183013916
23.5096378326416
23.5733585357666
24.0662784576416
23.7825870513916
23.6634464263916
23.8958683013916
23.5836124420166
23.7679386138916
24.0479679107666
24.1485538482666
23.8531436920166
24.1800479888916
24.5369815826416
24.4617862701416
24.3301944732666
23.9224796295166
23.8358097076416
24.2274112701416
23.9959659576416
24.6265811920166
24.4024600982666
24.2960147857666
24.3131046295166
24.3721866607666
24.4222354888916
24.5950870513916
24.7694034576416
24.2869815826416
25.2066593170166
24.9129581451416
24.6815128326416
24.0025577545166
24.3861026763916
24.0328311920166
24.7007999420166
24.5389347076416
24.7933292388916
24.0330753326416
24.1544132232666
24.8348331451416
24.1107120513916
24.6107120513916
24.5699405670166
24.0711612701416
24.7777042388916
25.1077823638916
24.7476749420166
24.1578311920166
24.5313663482666
24.7759952545166
24.2694034576416
24.7762393951416
24.5599308013916
24.6807804107666
24.7469425201416
24.9627628326416
24.9227237701416
24.6739444732666
24.3460636138916
24.9385929107666
24.8511905670166
24.3751163482666
24.4847354888916
24.4381046295166
24.7889347076416
24.9122257232666
24.7322940826416
24.3384952545166
24.3035831451416
24.2803897857666
24.4066104888916
23.9149112701416
24.4273624420166
24.7007999420166
24.1373233795166
24.1810245513916
24.5198917388916
23.9175968170166
24.4940128326416
24.3643741607666
23.9766788482666
23.9840030670166
24.3455753326416
23.6014347076416
24.5184268951416
23.5601749420166
24.0059757232666
23.4669132232666
23.4840030670166
24.1358585357666
23.4832706451416
23.4671573638916
23.1729679107666
23.9996280670166
24.1065616607666
16.3873233795166
24.0328311920166
23.1514835357666
24.1986026763916
24.4686222076416
24.6946964263916
24.5985050201416
24.6021671295166
24.6629581451416
24.8182315826416
24.6334171295166
24.5052433013916
24.5701847076416
24.8128604888916
24.7200870513916
24.3387393951416
23.2965030670166
23.1314640045166
23.1868839263916
24.2296085357666
23.4268741607666
23.5657901763916
23.8467960357666
24.7593936920166
23.7037296295166
24.1343936920166
24.2791690826416
23.8875675201416
24.6216983795166
24.4317569732666
24.1773624420166
24.7462100982666
23.9998722076416
24.5286808013916
24.3040714263916
24.0108585357666
24.6568546295166
24.9114933013916
24.2957706451416
24.4671573638916
24.7318058013916
24.9146671295166
24.5696964263916
24.5875186920166
24.2567081451416
24.7750186920166
24.1497745513916
24.3511905670166
24.3568058013916
24.1744327545166
23.2435245513916
17.0848331451416
24.0494327545166
24.5145206451416
25.0089054107666
24.4761905670166
25.0726261138916
24.6553897857666
24.7386417388916
24.6549015045166
24.4825382232666
24.7779483795166
23.8140811920166
23.3907413482666
23.1854190826416
23.8248233795166
23.7257022857666
23.5355167388916
24.4608097076416
24.3116397857666
23.9273624420166
24.8160343170166
24.1790714263916
24.9376163482666
24.1805362701416
24.7247257232666
24.7962589263916
24.3153018951416
24.2425479888916
23.5933780670166
24.0833683013916
18.7659854888916
24.3350772857666
23.4691104888916
24.6990909576416
24.6402530670166
24.7015323638916
24.9014835357666
23.4969425201416
23.4710636138916
23.2537784576416
23.2115421295166
23.6903018951416
23.5443058013916
24.5836124420166
24.5145206451416
24.0067081451416
24.1707706451416
24.7452335357666
24.9649600982666
24.6058292388916
24.3328800201416
24.3402042388916
24.3001651763916
23.6485538482666
24.1531925201416
24.6119327545166
24.7073917388916
24.6607608795166
23.7078800201416
23.8785343170166
23.9988956451416
23.4029483795166
23.5457706451416
23.6978702545166
24.3824405670166
24.8465518951416
24.4832706451416
24.0206241607666
18.7789249420166
24.7486515045166
24.6766300201416
24.5662784576416
24.6458683013916
24.8279972076416
23.7867374420166
24.7029972076416
23.2020206451416
23.6483097076416
23.9400577545166
24.5726261138916
24.2564640045166
23.6822452545166
23.9608097076416
24.6224308013916
24.5010929107666
23.2628116607666
23.3856143951416
24.7108097076416
24.2379093170166
24.7757511138916
24.5159854888916
24.7698917388916
23.4483585357666
24.8426456451416
24.3812198638916
24.8602237701416
24.3714542388916
24.4656925201416
24.1424503326416
24.1600284576416
18.3670597076416
24.0928897857666
24.8262882232666
24.3172550201416
24.1566104888916
24.2611026763916
24.5987491607666
23.4293155670166
24.5655460357666
23.5902042388916
24.3257999420166
24.4063663482666
24.4422550201416
24.3341007232666
19.0924015045166
24.7645206451416
24.4639835357666
24.4290714263916
20.4454288482666
24.8787784576416
24.3231143951416
20.3712100982666
24.9659366607666
24.3807315826416
23.9864444732666
22.9749698638916
23.4305362701416
24.3951358795166
23.4005069732666
23.8167667388916
24.3297061920166
23.7955265045166
23.5255069732666
23.8968448638916
24.4114933013916
24.3284854888916
24.7159366607666
23.9954776763916
23.8553409576416
23.8509464263916
24.1295108795166
24.4407901763916
23.9075870513916
24.4210147857666
24.4056339263916
23.7408390045166
24.7669620513916
24.0367374420166
24.7498722076416
24.0467472076416
24.8790225982666
23.9031925201416
24.8411808013916
