9.876351576561311e-42
5.276940822601318
10.560510635375977
1.871545433998108
6.710290431976318
3.1377806663513184
10.925500869750977
10.665979385375977
8.831750869750977
22.819299697875977
9.870447158813477
21.240320205688477
21.685388565063477
24.446985244750977
23.747766494750977
19.081750869750977
25.181726455688477
22.762781143188477
24.537561416625977
19.612268447875977
24.070276260375977
24.753381729125977
15.872156143188477
17.717370986938477
17.946496963500977
24.502283096313477
24.289026260375977
20.987268447875977
21.656457901000977
24.401330947875977
23.380090713500977
24.132287979125977
20.878503799438477
23.190637588500977
22.165979385375977
23.145471572875977
23.210290908813477
23.291833877563477
24.336755752563477
23.044641494750977
23.196252822875977
22.935632705688477
8.243494033813477
18.229455947875977
2.5048460960388184
8.893762588500977
13.237512588500977
19.911096572875977
24.140466690063477
13.267297744750977
23.178308486938477
24.723840713500977
22.119836807250977
24.530847549438477
14.293542861938477
23.964685440063477
19.557336807250977
23.319787979125977
24.303674697875977
23.167932510375977
13.589807510375977
21.528772354125977
6.930261135101318
17.101648330688477
11.329309463500977
24.313440322875977
24.729578018188477
23.154260635375977
16.073938369750977
23.838464736938477
22.941736221313477
23.035608291625977
11.209924697875977
19.545618057250977
8.927942276000977
15.105920791625977
24.518762588500977
25.060632705688477
14.430139541625977
23.879358291625977
22.174646377563477
23.097986221313477
18.327112197875977
21.582239151000977
18.884485244750977
24.331872940063477
24.750574111938477
24.516931533813477
24.032312393188477
22.603479385375977
20.842859268188477
12.806604385375977
24.350793838500977
24.163293838500977
23.066247940063477
22.407434463500977
24.759363174438477
24.144372940063477
23.023889541625977
16.899133682250977
16.668787002563477
24.538049697875977
23.003747940063477
23.041345596313477
15.283655166625977
21.923303604125977
18.140466690063477
24.234094619750977
22.554773330688477
22.621423721313477
18.738733291625977
23.462488174438477
20.302942276000977
22.474328994750977
23.592248916625977
21.523523330688477
23.016565322875977
14.947595596313477
23.332727432250977
18.681482315063477
24.225061416625977
22.357141494750977
22.835290908813477
23.566125869750977
22.885217666625977
24.104578018188477
23.299524307250977
24.092737197875977
24.123254776000977
23.278772354125977
23.920740127563477
16.893884658813477
23.780603408813477
23.697107315063477
23.609460830688477
23.839563369750977
20.284997940063477
23.627405166625977
24.100915908813477
23.405481338500977
24.291711807250977
23.901453018188477
23.527917861938477
23.829919815063477
24.132043838500977
24.180871963500977
24.095056533813477
23.972131729125977
23.801599502563477
23.947229385375977
24.126428604125977
23.939294815063477
24.144861221313477
24.098474502563477
23.832117080688477
24.008996963500977
24.024744033813477
23.951013565063477
24.043664932250977
24.224084854125977
24.320764541625977
24.338342666625977
8.438074111938477
9.124597549438477
8.105310440063477
10.317102432250977
8.414392471313477
10.893152236938477
14.290002822875977
10.920740127563477
15.378137588500977
14.125207901000977
6.938928127288818
10.489099502563477
15.477136611938477
8.528894424438477
17.196374893188477
9.806116104125977
12.481287002563477
21.855554580688477
9.336267471313477
21.534631729125977
18.352869033813477
9.764978408813477
6.155236721038818
22.874109268188477
20.170618057250977
18.426721572875977
12.113000869750977
15.269739151000977
19.488245010375977
7.530725002288818
20.873254776000977
16.607873916625977
20.313928604125977
15.978601455688477
8.485681533813477
9.319910049438477
7.737756252288818
12.591394424438477
13.717615127563477
6.726037502288818
13.541833877563477
12.784997940063477
19.955041885375977
12.521814346313477
15.159997940063477
8.705774307250977
22.568933486938477
12.880701065063477
21.781824111938477
9.020837783813477
9.341394424438477
17.241052627563477
10.593591690063477
22.687829971313477
17.038415908813477
8.219934463500977
11.929285049438477
24.046228408813477
15.996423721313477
11.644983291625977
14.522302627563477
13.727869033813477
18.139368057250977
9.779260635375977
19.006921768188477
11.468347549438477
11.659875869750977
20.502405166625977
18.146326065063477
14.188806533813477
16.518762588500977
16.882410049438477
13.254358291625977
18.324304580688477
19.684412002563477
18.403039932250977
17.078210830688477
21.139978408813477
22.218713760375977
15.572351455688477
21.545618057250977
16.580286026000977
23.667322158813477
17.941736221313477
23.210657119750977
20.431116104125977
19.362756729125977
20.854211807250977
20.085046768188477
20.698816299438477
20.947595596313477
21.628747940063477
22.425500869750977
23.572229385375977
24.019128799438477
24.443078994750977
23.873865127563477
24.139856338500977
21.859827041625977
17.247034072875977
16.214075088500977
16.454797744750977
15.510705947875977
13.818689346313477
7.879113674163818
8.354089736938477
11.602746963500977
22.504602432250977
19.460412979125977
20.753503799438477
18.293787002563477
16.898401260375977
6.735925197601318
8.518396377563477
10.952234268188477
8.957117080688477
14.249841690063477
17.644128799438477
17.227502822875977
9.221887588500977
14.017786026000977
18.100793838500977
12.839685440063477
22.865564346313477
17.168909072875977
24.492883682250977
17.399377822875977
15.945886611938477
17.283899307250977
21.221643447875977
6.085046291351318
16.423669815063477
10.768030166625977
16.810510635375977
14.843347549438477
13.337854385375977
17.318933486938477
23.026208877563477
17.988489151000977
8.422449111938477
14.648889541625977
11.103357315063477
18.825281143188477
8.464685440063477
10.114099502563477
18.742029190063477
15.154626846313477
10.635095596313477
21.843469619750977
16.972253799438477
18.762292861938477
10.193201065063477
18.155481338500977
12.048669815063477
9.434534072875977
12.578821182250977
13.824182510375977
13.815393447875977
17.982019424438477
14.719202041625977
12.896448135375977
15.889001846313477
14.444910049438477
17.808557510375977
15.175500869750977
18.462121963500977
16.072595596313477
15.707727432250977
16.813928604125977
18.125085830688477
18.087121963500977
18.604455947875977
19.122278213500977
18.692956924438477
19.377771377563477
18.815637588500977
21.860437393188477
23.228479385375977
22.874231338500977
24.405359268188477
24.138391494750977
26.703821182250977
23.604089736938477
18.758996963500977
20.158288955688477
24.918909072875977
19.579065322875977
22.533044815063477
24.353479385375977
18.763147354125977
15.755701065063477
19.425500869750977
23.470911026000977
25.201257705688477
25.606164932250977
25.810632705688477
26.025476455688477
25.760583877563477
25.964197158813477
26.270837783813477
26.260095596313477
25.515832901000977
25.547571182250977
26.059289932250977
21.939416885375977
18.068078994750977
24.425256729125977
20.889856338500977
24.521081924438477
22.614709854125977
16.823328018188477
25.941492080688477
25.833337783813477
25.888757705688477
25.922815322875977
25.552820205688477
25.817102432250977
21.387048721313477
19.997278213500977
21.782434463500977
18.855920791625977
25.710290908813477
23.079309463500977
21.093103408813477
23.581140518188477
21.968713760375977
24.199914932250977
23.808923721313477
18.623254776000977
22.774621963500977
24.592004776000977
20.389123916625977
25.702356338500977
24.912317276000977
25.306360244750977
22.480432510375977
24.953210830688477
25.376672744750977
24.062463760375977
25.594202041625977
25.043176651000977
24.176233291625977
25.810632705688477
25.812341690063477
25.771814346313477
25.833215713500977
25.936365127563477
25.743494033813477
25.854089736938477
25.912439346313477
25.736902236938477
25.711145401000977
26.117395401000977
26.091394424438477
25.796106338500977
25.571496963500977
25.418787002563477
26.342981338500977
25.983728408813477
25.582239151000977
25.682092666625977
25.875452041625977
26.091516494750977
26.165124893188477
26.000085830688477
26.048059463500977
25.826623916625977
25.764001846313477
25.712610244750977
25.712488174438477
25.602136611938477
25.747156143188477
25.829187393188477
25.944421768188477
25.795495986938477
25.750207901000977
15.372888565063477
13.967615127563477
11.313806533813477
21.165491104125977
24.802453994750977
19.759607315063477
20.630090713500977
25.767663955688477
25.729211807250977
13.884485244750977
22.863855361938477
23.474206924438477
21.894006729125977
25.653162002563477
25.840417861938477
18.821496963500977
25.243005752563477
19.795984268188477
20.890710830688477
21.267663955688477
15.418542861938477
25.797571182250977
24.225427627563477
25.142053604125977
25.726892471313477
17.160364151000977
25.943323135375977
22.681970596313477
25.188074111938477
24.138391494750977
26.155725479125977
25.567590713500977
26.218957901000977
26.100305557250977
25.847864151000977
25.706384658813477
25.664148330688477
25.744348526000977
25.361413955688477
23.158044815063477
21.982995986938477
25.655603408813477
20.645349502563477
23.543787002563477
25.718469619750977
21.441247940063477
25.584680557250977
25.593835830688477
22.637048721313477
24.817590713500977
25.268762588500977
24.296960830688477
25.782434463500977
25.046838760375977
24.631189346313477
25.427453994750977
25.293298721313477
25.540491104125977
25.393518447875977
25.606164932250977
25.986536026000977
25.881799697875977
25.872278213500977
25.831140518188477
23.214197158813477
25.648889541625977
20.752161026000977
25.590051651000977
22.492273330688477
23.377649307250977
24.964075088500977
25.471155166625977
25.381189346313477
24.978235244750977
25.383996963500977
25.474695205688477
25.780237197875977
25.810998916625977
25.137903213500977
25.776086807250977
25.529138565063477
25.631555557250977
25.519861221313477
25.750207901000977
25.793664932250977
25.774377822875977
25.169031143188477
21.375696182250977
25.266809463500977
25.272546768188477
25.597375869750977
25.826623916625977
25.841272354125977
25.707849502563477
22.567102432250977
24.118616104125977
25.581262588500977
25.740808486938477
25.802698135375977
24.588464736938477
24.671228408813477
25.561609268188477
25.489099502563477
25.736047744750977
25.700891494750977
26.102869033813477
25.231531143188477
25.696619033813477
25.746545791625977
25.423791885375977
26.247034072875977
25.324548721313477
25.605798721313477
26.116662979125977
25.653284072875977
25.780481338500977
25.831506729125977
25.653162002563477
25.678674697875977
25.762781143188477
25.789758682250977
25.827112197875977
25.814294815063477
25.802087783813477
25.763513565063477
25.702600479125977
25.524988174438477
25.362268447875977
25.102746963500977
24.563928604125977
26.810266494750977
26.508386611938477
26.466272354125977
26.827600479125977
26.843835830688477
26.469934463500977
26.534631729125977
26.671594619750977
26.716638565063477
26.272790908813477
24.805994033813477
26.966150283813477
26.634363174438477
26.584802627563477
25.276575088500977
26.808679580688477
26.559167861938477
26.688440322875977
26.313318252563477
25.825403213500977
26.549402236938477
25.826623916625977
26.192712783813477
26.744226455688477
26.874353408813477
26.875818252563477
26.751672744750977
26.785608291625977
26.399499893188477
26.559045791625977
25.252649307250977
25.692712783813477
25.529870986938477
25.807458877563477
25.146570205688477
24.952722549438477
25.613489151000977
25.053796768188477
25.706384658813477
24.664514541625977
25.272424697875977
25.570520401000977
24.857019424438477
24.573328018188477
24.622278213500977
25.102991104125977
24.424280166625977
25.477014541625977
25.697351455688477
25.604333877563477
24.819421768188477
25.268030166625977
25.291833877563477
25.693323135375977
25.265466690063477
25.348352432250977
25.056970596313477
24.892786026000977
25.678552627563477
25.262048721313477
25.078821182250977
25.577844619750977
25.408655166625977
26.064661026000977
25.950281143188477
25.799768447875977
25.715784072875977
25.631799697875977
25.693811416625977
25.428796768188477
25.531824111938477
25.522180557250977
25.430627822875977
25.551965713500977
23.245080947875977
17.979822158813477
21.779870986938477
22.832605361938477
23.873010635375977
24.841760635375977
27.082483291625977
26.392541885375977
25.095911026000977
26.986291885375977
25.445642471313477
26.479211807250977
26.531335830688477
27.212121963500977
27.161462783813477
26.983118057250977
26.707727432250977
26.355798721313477
26.451623916625977
26.585412979125977
26.196619033813477
26.471033096313477
26.723108291625977
26.925134658813477
26.821496963500977
26.414270401000977
25.789636611938477
26.992395401000977
26.464685440063477
26.439783096313477
26.644372940063477
26.508386611938477
26.771570205688477
26.545373916625977
26.404748916625977
25.458826065063477
26.285242080688477
25.893030166625977
26.168909072875977
25.140710830688477
25.264368057250977
25.466150283813477
25.142419815063477
25.288049697875977
25.389734268188477
25.387170791625977
25.315271377563477
25.223108291625977
25.218103408813477
25.697229385375977
25.254724502563477
26.757043838500977
25.895349502563477
25.152307510375977
26.540979385375977
26.503870010375977
25.969202041625977
25.491907119750977
25.288415908813477
25.162317276000977
25.167078018188477
26.112878799438477
25.824060440063477
25.395227432250977
25.081506729125977
25.102624893188477
24.954797744750977
25.876184463500977
25.311365127563477
24.863489151000977
25.322351455688477
25.823694229125977
26.088830947875977
25.462366104125977
24.873865127563477
25.095300674438477
25.200525283813477
24.825403213500977
25.778406143188477
25.262781143188477
25.268762588500977
25.009363174438477
25.425256729125977
25.115930557250977
25.368371963500977
25.589441299438477
25.142908096313477
25.758020401000977
25.168176651000977
25.067834854125977
25.059289932250977
25.394372940063477
24.593103408813477
25.293420791625977
24.958826065063477
25.682703018188477
24.658533096313477
24.508386611938477
25.234949111938477
24.631555557250977
25.008142471313477
25.617029190063477
24.582239151000977
25.316614151000977
25.595300674438477
25.283777236938477
24.704309463500977
24.868616104125977
25.295862197875977
24.752405166625977
25.663171768188477
25.241418838500977
25.314050674438477
24.889734268188477
24.766809463500977
24.572839736938477
24.957117080688477
24.825281143188477
24.290124893188477
24.500940322875977
25.143640518188477
24.896203994750977
25.055505752563477
24.236780166625977
24.007532119750977
24.421838760375977
24.824670791625977
24.831506729125977
24.896326065063477
24.477380752563477
24.735193252563477
24.755701065063477
24.304407119750977
24.766687393188477
24.245935440063477
24.759607315063477
24.088220596313477
23.701013565063477
24.639856338500977
24.126794815063477
24.007532119750977
23.652063369750977
23.814905166625977
24.115686416625977
23.685876846313477
23.493982315063477
23.511316299438477
23.418420791625977
23.444055557250977
23.500085830688477
23.449304580688477
23.477258682250977
23.496545791625977
23.558191299438477
19.529504776000977
26.897668838500977
26.497156143188477
26.777063369750977
26.452600479125977
26.610071182250977
26.354211807250977
26.491540908813477
26.336633682250977
26.825769424438477
26.086999893188477
26.859827041625977
25.893152236938477
26.473474502563477
26.485071182250977
26.513391494750977
25.488611221313477
25.017297744750977
25.263757705688477
26.216882705688477
25.402429580688477
25.495325088500977
25.707849502563477
26.651453018188477
25.460779190063477
25.266199111938477
25.558923721313477
24.849084854125977
25.988611221313477
25.568567276000977
25.094446182250977
25.620813369750977
24.924158096313477
25.473230361938477
25.239831924438477
24.553430557250977
25.389245986938477
25.578088760375977
24.798303604125977
24.830286026000977
24.833948135375977
25.337976455688477
25.116907119750977
24.309289932250977
24.619104385375977
24.655237197875977
24.388269424438477
23.788415908813477
23.719934463500977
24.226282119750977
23.466760635375977
20.150476455688477
26.784021377563477
26.288293838500977
26.976160049438477
26.508630752563477
26.993005752563477
26.177576065063477
26.704065322875977
26.335290908813477
26.993005752563477
26.649377822875977
25.724695205688477
25.428796768188477
25.490076065063477
25.520593643188477
25.751062393188477
25.124109268188477
26.341760635375977
25.377771377563477
24.915979385375977
25.326013565063477
24.999353408813477
25.133874893188477
24.639123916625977
24.636804580688477
25.386316299438477
24.723108291625977
23.681970596313477
23.491785049438477
23.457361221313477
22.387414932250977
26.628259658813477
26.656824111938477
26.420251846313477
26.486902236938477
26.372278213500977
26.758264541625977
25.590906143188477
25.530481338500977
25.551355361938477
25.354578018188477
25.533777236938477
25.116174697875977
25.812219619750977
25.251184463500977
24.982751846313477
24.702112197875977
25.195398330688477
25.506189346313477
24.978723526000977
24.635217666625977
24.443078994750977
23.823205947875977
23.592737197875977
23.418054580688477
26.353967666625977
26.897546768188477
26.588342666625977
25.789758682250977
26.052698135375977
25.899621963500977
25.445520401000977
25.126062393188477
25.535608291625977
26.369958877563477
25.296228408813477
24.719202041625977
23.886316299438477
22.051965713500977
26.546106338500977
26.449792861938477
26.452844619750977
26.593225479125977
26.694299697875977
25.854700088500977
26.297204971313477
25.168054580688477
25.488000869750977
25.848108291625977
25.771081924438477
24.784875869750977
23.764978408813477
23.419153213500977
26.546960830688477
26.430627822875977
25.049402236938477
25.429895401000977
25.729944229125977
24.972742080688477
26.672327041625977
26.722986221313477
26.325403213500977
25.441125869750977
25.504236221313477
24.912195205688477
25.434289932250977
24.808923721313477
24.671350479125977
23.657922744750977
23.540735244750977
23.022302627563477
25.439538955688477
25.415124893188477
24.804162979125977
24.485437393188477
23.860803604125977
26.973230361938477
25.132410049438477
26.346277236938477
25.274255752563477
24.742761611938477
24.712854385375977
23.769617080688477
23.511926651000977
23.949060440063477
25.533899307250977
25.161340713500977
24.738367080688477
24.922327041625977
26.868371963500977
25.434534072875977
24.877038955688477
26.968835830688477
26.359827041625977
25.205041885375977
26.456384658813477
27.031824111938477
23.579675674438477
26.975549697875977
25.140344619750977
25.225671768188477
25.052087783813477
26.941736221313477
25.034265518188477
25.083703994750977
25.133996963500977
25.352746963500977
24.941980361938477
26.895471572875977
24.871423721313477
25.856042861938477
23.851770401000977
24.740320205688477
25.472253799438477
23.608850479125977
26.914880752563477
27.026453018188477
24.969202041625977
25.239587783813477
24.540491104125977
24.765100479125977
24.735071182250977
25.873376846313477
