9.876351576561311e-42
5.9371657371521
11.855623245239258
3.6581130027770996
8.164216995239258
2.2698073387145996
11.981721878051758
13.398591995239258
9.817049026489258
23.738069534301758
10.481599807739258
22.823884963989258
22.873811721801758
24.699861526489258
24.036409378051758
22.321077346801758
25.941438674926758
24.468294143676758
25.841218948364258
22.293489456176758
25.371614456176758
26.321687698364258
15.441804885864258
18.760774612426758
18.365999221801758
26.251375198364258
26.831453323364258
24.326692581176758
25.372346878051758
26.019807815551758
26.689729690551758
26.769441604614258
23.786531448364258
26.859285354614258
26.143220901489258
26.273103713989258
25.666536331176758
25.969148635864258
25.702425003051758
25.938264846801758
26.276521682739258
25.731599807739258
9.509187698364258
19.626008987426758
2.3246169090270996
11.152620315551758
14.896150588989258
21.991121292114258
24.563875198364258
15.472810745239258
23.674837112426758
25.512727737426758
23.514314651489258
26.419588088989258
13.892366409301758
25.493806838989258
21.533967971801758
26.711702346801758
25.987703323364258
26.334383010864258
15.519075393676758
22.312410354614258
9.040315628051758
19.030305862426758
13.551301956176758
24.964876174926758
26.006013870239258
24.143831253051758
17.128694534301758
26.276033401489258
26.826936721801758
25.673128128051758
13.503938674926758
20.503084182739258
9.954378128051758
17.703279495239258
25.242830276489258
26.074129104614258
16.597444534301758
26.100496292114258
25.978792190551758
25.849153518676758
19.811800003051758
22.782625198364258
21.025789260864258
25.654329299926758
26.122102737426758
26.474519729614258
25.609285354614258
26.073152542114258
22.441194534301758
15.379671096801758
26.333772659301758
25.549104690551758
26.056184768676758
23.716096878051758
25.989168167114258
26.551301956176758
26.224275588989258
18.868074417114258
20.042024612426758
26.105257034301758
26.308504104614258
26.502473831176758
17.422395706176758
23.413484573364258
20.856599807739258
26.287263870239258
26.052766799926758
26.907381057739258
21.207063674926758
24.020662307739258
23.225740432739258
26.898958206176758
24.148958206176758
24.237947463989258
26.347932815551758
17.470491409301758
26.380037307739258
20.976106643676758
24.909090042114258
25.404329299926758
26.913362503051758
26.206575393676758
26.869173049926758
25.017122268676758
26.691316604614258
24.836458206176758
26.243928909301758
26.732698440551758
26.004549026489258
19.672395706176758
25.916902542114258
26.073884963989258
26.227083206176758
25.641633987426758
22.279451370239258
24.667879104614258
24.839143753051758
25.378816604614258
24.722078323364258
25.694856643676758
24.969026565551758
25.127840042114258
25.166658401489258
24.980257034301758
25.105012893676758
25.232088088989258
25.677156448364258
25.203035354614258
25.414094924926758
26.015413284301758
26.213899612426758
26.923738479614258
26.958284378051758
26.672883987426758
26.484651565551758
26.257112503051758
26.126131057739258
25.916536331176758
25.596101760864258
25.654451370239258
8.979158401489258
10.937898635864258
8.806917190551758
10.902620315551758
9.273591995239258
12.624177932739258
15.464265823364258
13.075838088989258
16.369295120239258
16.573152542114258
7.7939772605896
12.936311721801758
17.808137893676758
8.405794143676758
19.238069534301758
11.030672073364258
14.961702346801758
22.483308792114258
12.170808792114258
22.045564651489258
21.182771682739258
12.657625198364258
4.9504714012146
23.132234573364258
20.926546096801758
19.133089065551758
14.090242385864258
17.360506057739258
19.855867385864258
8.075227737426758
21.315584182739258
18.814363479614258
20.878206253051758
18.337800979614258
10.241487503051758
11.146272659301758
9.001008987426758
13.096712112426758
15.181062698364258
8.438264846801758
15.459871292114258
15.356111526489258
21.284456253051758
14.022737503051758
17.736848831176758
10.818635940551758
22.825960159301758
16.168367385864258
23.362581253051758
11.579866409301758
12.392854690551758
19.772005081176758
12.444124221801758
22.977937698364258
18.847200393676758
11.941316604614258
14.869417190551758
23.949129104614258
18.917268753051758
14.218172073364258
17.603914260864258
16.297395706176758
20.079744338989258
12.360261917114258
20.841951370239258
13.966707229614258
13.948396682739258
22.091096878051758
20.271394729614258
16.007234573364258
18.596834182739258
18.628938674926758
15.332429885864258
21.958772659301758
21.328645706176758
21.248079299926758
20.086336135864258
22.009431838989258
22.854646682739258
17.295686721801758
22.012239456176758
18.460969924926758
23.893709182739258
19.843904495239258
23.428865432739258
21.232088088989258
21.814607620239258
22.942781448364258
21.250276565551758
21.470735549926758
21.954866409301758
22.803255081176758
23.176790237426758
23.520174026489258
23.867830276489258
24.313386917114258
24.607820510864258
25.053133010864258
24.333650588989258
18.480867385864258
16.462556838989258
16.772127151489258
16.165071487426758
16.326448440551758
8.509309768676758
9.436922073364258
11.521883010864258
24.522127151489258
20.899324417114258
22.292512893676758
21.222444534301758
20.449739456176758
8.346223831176758
10.068147659301758
11.845613479614258
9.822298049926758
14.217805862426758
19.682405471801758
19.055818557739258
10.646638870239258
12.897615432739258
18.544466018676758
13.481843948364258
24.454500198364258
18.658113479614258
25.681917190551758
18.640535354614258
18.012117385864258
19.344881057739258
23.455232620239258
8.453523635864258
18.918977737426758
12.007112503051758
18.631990432739258
13.725862503051758
13.530305862426758
18.819246292114258
24.857942581176758
20.253084182739258
9.354890823364258
15.087678909301758
12.880037307739258
21.146883010864258
9.774812698364258
11.892854690551758
21.122346878051758
16.621614456176758
12.983186721801758
24.066560745239258
19.791414260864258
21.083528518676758
11.433259963989258
20.867586135864258
14.399690628051758
10.609285354614258
13.799104690551758
14.611726760864258
15.970857620239258
20.845125198364258
16.217561721801758
13.530183792114258
17.815584182739258
15.819978713989258
20.827302932739258
18.005525588989258
21.313020706176758
19.469148635864258
17.835359573364258
19.366975784301758
21.078645706176758
20.635164260864258
21.282136917114258
21.689973831176758
21.119173049926758
21.306795120239258
21.135286331176758
24.596345901489258
25.315217971801758
25.299104690551758
26.562532424926758
26.223787307739258
27.183015823364258
25.519563674926758
20.334260940551758
21.208406448364258
26.869295120239258
21.435579299926758
23.818391799926758
25.735994338989258
19.782747268676758
15.372591018676758
20.957918167114258
25.274934768676758
26.392366409301758
26.502351760864258
27.002229690551758
26.405305862426758
26.718416213989258
27.323274612426758
27.667268753051758
27.735139846801758
25.944368362426758
26.153108596801758
27.592561721801758
23.504915237426758
20.452547073364258
26.211458206176758
22.661165237426758
25.989046096801758
24.333162307739258
17.948396682739258
26.612092971801758
26.055696487426758
27.173006057739258
27.329378128051758
26.150789260864258
27.477083206176758
23.341829299926758
21.506990432739258
23.584383010864258
21.693758010864258
26.192537307739258
24.995271682739258
22.749666213989258
25.751619338989258
24.482332229614258
27.163118362426758
24.985872268676758
20.552034378051758
25.213899612426758
25.879060745239258
22.080720901489258
27.026887893676758
26.124788284301758
26.329256057739258
24.551668167114258
26.150300979614258
26.428743362426758
25.675813674926758
27.098054885864258
26.324861526489258
26.037385940551758
26.832307815551758
26.660554885864258
26.704988479614258
26.962190628051758
27.464143753051758
26.674592971801758
27.074007034301758
27.307283401489258
26.785066604614258
26.710359573364258
27.482332229614258
27.494050979614258
26.997468948364258
27.276155471801758
27.259675979614258
27.097444534301758
26.839143753051758
26.429964065551758
26.539339065551758
26.626131057739258
26.411775588989258
26.490510940551758
26.675569534301758
26.524324417114258
26.464387893676758
26.570466995239258
26.348665237426758
26.501741409301758
26.426790237426758
26.640779495239258
27.060701370239258
27.401643753051758
27.313142776489258
27.263826370239258
15.823030471801758
14.183259963989258
11.894075393676758
24.013948440551758
27.206819534301758
22.164949417114258
21.707918167114258
27.264070510864258
27.020296096801758
14.870149612426758
26.152620315551758
25.886995315551758
23.433626174926758
26.837190628051758
26.979036331176758
21.402864456176758
27.636995315551758
23.249177932739258
24.252840042114258
24.587434768676758
17.040681838989258
27.924470901489258
26.974153518676758
27.099397659301758
27.418855667114258
19.403352737426758
27.621004104614258
26.130647659301758
27.785188674926758
27.323762893676758
27.949007034301758
27.805940628051758
27.992341995239258
27.714021682739258
27.467195510864258
27.199373245239258
26.911409378051758
26.425447463989258
26.032381057739258
25.134675979614258
22.007234573364258
26.960359573364258
19.624910354614258
23.839143753051758
26.211580276489258
20.696199417114258
26.066316604614258
26.505891799926758
22.277864456176758
25.188508987426758
25.636507034301758
24.449007034301758
26.428377151489258
24.884065628051758
24.345979690551758
25.464509963989258
25.477693557739258
25.592683792114258
25.972932815551758
25.618318557739258
26.714998245239258
25.901399612426758
25.994173049926758
26.314607620239258
24.130281448364258
26.000642776489258
19.904573440551758
26.406282424926758
22.183870315551758
23.172517776489258
25.296541213989258
25.421907424926758
26.066194534301758
24.731233596801758
25.603181838989258
25.750398635864258
25.961946487426758
26.108919143676758
26.599153518676758
26.468782424926758
26.035799026489258
26.290315628051758
26.223909378051758
26.218782424926758
26.218660354614258
26.907869338989258
26.006624221801758
20.579378128051758
25.789339065551758
25.167634963989258
26.336946487426758
26.387361526489258
26.346345901489258
26.555940628051758
22.209505081176758
24.173250198364258
26.222444534301758
25.602083206176758
26.421052932739258
24.973421096801758
24.978670120239258
25.420320510864258
26.194368362426758
26.730257034301758
26.386873245239258
26.518709182739258
25.620027542114258
25.634187698364258
26.407136917114258
25.951936721801758
26.547273635864258
26.387117385864258
26.250154495239258
26.631135940551758
26.311311721801758
26.424592971801758
25.641511917114258
25.643220901489258
26.066438674926758
26.392244338989258
26.452302932739258
26.382600784301758
26.400545120239258
26.442293167114258
26.400056838989258
26.398836135864258
26.418367385864258
26.390169143676758
26.351716995239258
26.358308792114258
25.053133010864258
24.740388870239258
24.882234573364258
24.718172073364258
25.101839065551758
24.933748245239258
24.184968948364258
24.185335159301758
24.327180862426758
25.054841995239258
23.787752151489258
24.905672073364258
25.175691604614258
24.824251174926758
24.162508010864258
24.765657424926758
24.269075393676758
25.063386917114258
24.845369338989258
25.133333206176758
24.943147659301758
25.196443557739258
25.354280471801758
25.394807815551758
24.807893753051758
25.408235549926758
25.361360549926758
25.114412307739258
25.182893753051758
25.366487503051758
24.711336135864258
24.717683792114258
24.681184768676758
25.422761917114258
24.603181838989258
24.123811721801758
24.638216018676758
24.599031448364258
24.852449417114258
23.949251174926758
25.185457229614258
25.465852737426758
24.362092971801758
23.962556838989258
24.328767776489258
24.740266799926758
23.426179885864258
25.088533401489258
24.765413284301758
25.157625198364258
24.666048049926758
25.182649612426758
25.096712112426758
24.742708206176758
24.867586135864258
25.127840042114258
24.926057815551758
24.553499221801758
25.291536331176758
25.195955276489258
25.010530471801758
25.308748245239258
25.275545120239258
25.490633010864258
24.981843948364258
25.064363479614258
25.195222854614258
25.377473831176758
24.921785354614258
25.151277542114258
25.131746292114258
25.282625198364258
25.282136917114258
25.470613479614258
24.383089065551758
19.202180862426758
24.039583206176758
24.193758010864258
24.406404495239258
25.118196487426758
26.743074417114258
26.767366409301758
25.452547073364258
26.656526565551758
26.040437698364258
25.654207229614258
25.619905471801758
25.634920120239258
25.444734573364258
25.448884963989258
26.827547073364258
25.561067581176758
26.773225784301758
24.394319534301758
26.651277542114258
24.405550003051758
24.736360549926758
25.097078323364258
25.826570510864258
25.744295120239258
26.293977737426758
25.739046096801758
24.633577346801758
24.589021682739258
25.517732620239258
24.687898635864258
25.613679885864258
24.954011917114258
24.906160354614258
24.294221878051758
24.549959182739258
25.454011917114258
24.345979690551758
24.191438674926758
23.974519729614258
24.856599807739258
24.854402542114258
24.464265823364258
24.626985549926758
24.224275588989258
24.338533401489258
24.589632034301758
25.682283401489258
24.530550003051758
24.959993362426758
25.135652542114258
24.610994338989258
25.870393753051758
24.893587112426758
25.171419143676758
24.806428909301758
24.926546096801758
24.931062698364258
24.974275588989258
24.983430862426758
25.032503128051758
24.944490432739258
24.879915237426758
25.850130081176758
25.110994338989258
25.550569534301758
24.815462112426758
24.925447463989258
25.380403518676758
26.112092971801758
25.263460159301758
25.365877151489258
26.208406448364258
25.513460159301758
25.330598831176758
26.134798049926758
25.459749221801758
25.308259963989258
25.258821487426758
25.026765823364258
25.353914260864258
26.450960159301758
25.235139846801758
25.362703323364258
24.793733596801758
25.804597854614258
25.520906448364258
25.609407424926758
25.438142776489258
25.614168167114258
26.155794143676758
24.951204299926758
26.308015823364258
25.710237503051758
26.522127151489258
24.933748245239258
24.753694534301758
26.407747268676758
25.060213088989258
25.678743362426758
26.374666213989258
25.315584182739258
26.298250198364258
25.543367385864258
26.169221878051758
25.526887893676758
25.989778518676758
24.931917190551758
25.678865432739258
26.378450393676758
24.876375198364258
25.235628128051758
26.276521682739258
25.817537307739258
26.360017776489258
25.908357620239258
25.275423049926758
26.291292190551758
26.037996292114258
25.101594924926758
25.303010940551758
24.833528518676758
25.807283401489258
26.100618362426758
26.103792190551758
25.114412307739258
25.087190628051758
24.973299026489258
25.542757034301758
24.654939651489258
24.966463088989258
25.926301956176758
24.501497268676758
24.977571487426758
24.861970901489258
25.284334182739258
25.357942581176758
24.776887893676758
24.717683792114258
24.690950393676758
25.650178909301758
24.551424026489258
25.570100784301758
24.489900588989258
25.610750198364258
24.859285354614258
24.724885940551758
25.626497268676758
24.367464065551758
24.347200393676758
23.406526565551758
24.853181838989258
24.817415237426758
21.690950393676758
26.464387893676758
26.805574417114258
27.185823440551758
25.580842971801758
25.624910354614258
25.631380081176758
26.385896682739258
26.347810745239258
24.835603713989258
26.007356643676758
25.746858596801758
26.347566604614258
24.689241409301758
24.737581253051758
24.970369338989258
24.163484573364258
24.652498245239258
24.805208206176758
24.592195510864258
24.852083206176758
24.701326370239258
24.620027542114258
25.338045120239258
24.954988479614258
25.204744338989258
25.027376174926758
25.372835159301758
25.341951370239258
25.163850784301758
25.371858596801758
25.415437698364258
25.265901565551758
26.492952346801758
25.747957229614258
25.149934768676758
26.331941604614258
25.402009963989258
25.758821487426758
25.616731643676758
25.696687698364258
25.620637893676758
25.361360549926758
25.462068557739258
25.506380081176758
24.240144729614258
24.928621292114258
25.220125198364258
25.288362503051758
24.835603713989258
23.655672073364258
22.787141799926758
26.293611526489258
25.553377151489258
25.366243362426758
25.960359573364258
25.183015823364258
26.006868362426758
24.892244338989258
26.061067581176758
25.829011917114258
25.038118362426758
24.585481643676758
24.652376174926758
24.716707229614258
24.694246292114258
24.765535354614258
25.106721878051758
25.275789260864258
26.340486526489258
25.403352737426758
26.405550003051758
25.105745315551758
25.867708206176758
25.319368362426758
26.311067581176758
25.542390823364258
25.514436721801758
25.298738479614258
24.580476760864258
24.833528518676758
24.458772659301758
26.182039260864258
26.926912307739258
25.521883010864258
25.718050003051758
26.189851760864258
25.379304885864258
24.907258987426758
24.961946487426758
24.092073440551758
24.915925979614258
24.798738479614258
25.118074417114258
26.495393753051758
25.274812698364258
25.496248245239258
25.549348831176758
26.268098831176758
25.548128128051758
25.388582229614258
24.164216995239258
24.894807815551758
25.153963088989258
24.530916213989258
24.926668167114258
25.575838088989258
25.145296096801758
25.875642776489258
24.616975784301758
25.109285354614258
24.472688674926758
24.882722854614258
25.292268753051758
24.911043167114258
25.249666213989258
26.367464065551758
24.558137893676758
24.736848831176758
24.612215042114258
25.527864456176758
25.616731643676758
25.996614456176758
26.041170120239258
24.978670120239258
24.838411331176758
24.699373245239258
24.825716018676758
24.912752151489258
24.855745315551758
26.593904495239258
24.956087112426758
24.999910354614258
25.498445510864258
25.762361526489258
25.949373245239258
24.870149612426758
24.954256057739258
26.683137893676758
25.544343948364258
25.608797073364258
25.796663284301758
24.709627151489258
24.901155471801758
26.477205276489258
25.703523635864258
25.631624221801758
24.963167190551758
24.961580276489258
25.585969924926758
25.728425979614258
24.670442581176758
24.942293167114258
26.371980667114258
25.086702346801758
24.893953323364258
25.537508010864258
25.796785354614258
25.059358596801758
24.972078323364258
24.923982620239258
25.128084182739258
25.391633987426758
25.494661331176758
25.378084182739258
25.029939651489258
26.401521682739258
25.902742385864258
25.568513870239258
25.744050979614258
25.298738479614258
25.087800979614258
25.085725784301758
25.254426956176758
25.175569534301758
25.317537307739258
26.848176956176758
26.937898635864258
25.224641799926758
26.889558792114258
25.720857620239258
25.380403518676758
25.677644729614258
26.885530471801758
25.853303909301758
25.341463088989258
25.103914260864258
26.330476760864258
25.199129104614258
26.597688674926758
25.722932815551758
25.037141799926758
25.421907424926758
25.444734573364258
24.868318557739258
25.595491409301758
26.910799026489258
25.658479690551758
25.167512893676758
26.242341995239258
24.592439651489258
26.202913284301758
25.422883987426758
25.360261917114258
