9.876351576561311e-42
2.684426784515381
8.555765151977539
0.0
3.993508815765381
0.0
8.641946792602539
10.246194839477539
6.163918972015381
24.18271827697754
7.476418972015381
21.39585304260254
21.60679054260254
25.21006202697754
24.41294288635254
19.91196632385254
25.50986671447754
22.72788429260254
24.74790382385254
20.43320655822754
24.82871437072754
25.52500343322754
13.220315933227539
16.66733741760254
16.58555030822754
25.31431007385254
25.24106788635254
21.89023780822754
23.66196632385254
25.13584327697754
24.47715187072754
25.48349952697754
22.74155616760254
25.50766944885254
25.10190773010254
24.66465187072754
24.87973976135254
24.98032569885254
25.85288429260254
25.38852882385254
25.00644874572754
25.41538429260254
6.219583034515381
17.01767921447754
0.0
7.630959987640381
12.618265151977539
20.68149757385254
25.10654640197754
12.916849136352539
22.72031593322754
24.89634132385254
21.53940773010254
24.97031593322754
11.327981948852539
24.88999366760254
19.48545265197754
24.53940773010254
25.30503273010254
25.12729835510254
12.819437026977539
21.70786476135254
4.575540065765381
17.01889991760254
10.860452651977539
24.65317726135254
24.84775733947754
22.83335304260254
14.741800308227539
24.64780616760254
24.53940773010254
25.20591163635254
10.821146011352539
18.61411476135254
6.312112331390381
15.666604995727539
24.71396827697754
25.41245460510254
13.720315933227539
24.66294288635254
24.85972023010254
25.05991554260254
18.13047218322754
22.60679054260254
19.42563819885254
24.74741554260254
25.49302101135254
25.50547218322754
24.35874366760254
24.63364601135254
21.82261085510254
12.824808120727539
24.80771827697754
24.67539405822754
25.00522804260254
23.51181983947754
25.41025733947754
25.41221046447754
24.64097023010254
16.83799171447754
17.58335304260254
25.23374366760254
25.11020851135254
24.87900733947754
14.745950698852539
22.58872413635254
19.01719093322754
25.27402687072754
23.96347999572754
25.11753273010254
19.18882179260254
23.42124366760254
21.07969093322754
25.24888038635254
23.95981788635254
22.00840187072754
24.10044288635254
15.115823745727539
24.71494483947754
19.16391944885254
24.41025733947754
22.84165382385254
24.76377296447754
24.38389015197754
24.81748390197754
24.63804054260254
24.71714210510254
24.72495460510254
25.40513038635254
24.88681983947754
24.89682960510254
17.93467140197754
24.90097999572754
24.92368507385254
24.94858741760254
24.93320655822754
21.00010108947754
23.68393898010254
24.03550148010254
23.68467140197754
24.15415382385254
24.14975929260254
23.52280616760254
24.03037452697754
24.39072608947754
24.59336280822754
24.73887062072754
24.84897804260254
24.79868507385254
24.79355812072754
24.68638038635254
24.83335304260254
24.86606788635254
25.05234718322754
25.29087257385254
25.38096046447754
25.44883155822754
25.48520851135254
25.54575538635254
25.60654640197754
25.86704444885254
25.99277687072754
3.457376003265381
5.434426784515381
2.379251003265381
5.753030300140381
2.816262722015381
6.772561550140381
10.808938980102539
7.199807643890381
11.674173355102539
11.742288589477539
3.266702175140381
7.465920925140381
13.258157730102539
3.285989284515381
15.559183120727539
6.996682643890381
11.702737808227539
21.06650733947754
8.164651870727539
20.95566749572754
18.26914405822754
8.816507339477539
0.9563995599746704
21.81699562072754
18.18271827697754
16.00937843322754
10.544290542602539
14.025247573852539
16.91196632385254
4.431985378265381
18.83237648010254
15.531351089477539
18.26328468322754
15.032327651977539
4.020608425140381
4.802590847015381
2.544778347015381
7.843118190765381
10.137063980102539
3.616799831390381
10.566995620727539
10.300882339477539
18.94077491760254
10.115335464477539
14.537454605102539
6.726418972015381
22.20786476135254
13.009866714477539
21.01670265197754
4.814553737640381
7.232522487640381
16.20957374572754
8.830179214477539
21.92295265197754
14.767923355102539
6.657571315765381
11.565774917602539
23.39023780822754
15.848001480102539
8.043558120727539
14.465677261352539
12.753030776977539
15.804788589477539
6.782815456390381
17.94101905822754
7.607766628265381
8.778665542602539
19.39585304260254
17.29258155822754
10.636575698852539
14.293558120727539
14.406839370727539
10.298929214477539
18.18174171447754
18.97715187072754
17.72739601135254
17.12363624572754
19.85044288635254
21.06821632385254
13.257425308227539
19.84507179260254
15.312845230102539
23.21763038635254
17.18247413635254
22.39902687072754
18.31504249572754
18.45981788635254
20.11142921447754
19.23349952697754
20.17075538635254
20.01621437072754
20.77109718322754
21.53086280822754
22.51401710510254
23.36191749572754
24.39560890197754
20.76914405822754
21.68638038635254
19.32309913635254
13.000589370727539
10.976175308227539
11.504739761352539
11.025979995727539
11.211282730102539
2.639504909515381
3.933938503265381
6.196389675140381
20.09238624572754
15.187845230102539
16.79404640197754
15.451272964477539
14.327249526977539
2.979104518890381
5.290383815765381
7.159524440765381
5.217629909515381
9.373392105102539
15.336526870727539
14.139261245727539
6.111428737640381
8.117532730102539
13.918558120727539
8.752786636352539
20.20371437072754
12.850442886352539
22.81308937072754
13.196146011352539
12.493509292602539
14.240091323852539
18.15854835510254
3.152688503265381
14.108987808227539
8.143167495727539
13.543558120727539
8.405618667602539
9.631937026977539
12.417093276977539
21.01743507385254
15.085550308227539
4.148538112640381
9.869729995727539
8.745218276977539
14.236429214477539
4.925393581390381
7.589700222015381
14.541116714477539
11.318216323852539
9.346780776977539
18.63047218322754
14.613870620727539
14.872171401977539
6.285256862640381
15.732522964477539
11.201272964477539
5.282083034515381
10.184671401977539
10.460306167602539
11.336771011352539
15.906839370727539
11.802103042602539
8.189065933227539
13.339456558227539
10.932962417602539
16.20078468322754
13.345315933227539
15.955423355102539
14.081399917602539
12.527200698852539
13.425638198852539
15.215677261352539
15.107278823852539
15.905862808227539
16.21299171447754
15.440286636352539
15.333841323852539
15.183694839477539
19.88218116760254
21.78452491760254
21.32041358947754
23.89487648010254
23.22446632385254
26.27964210510254
22.31431007385254
15.040140151977539
15.968606948852539
24.85556983947754
17.17734718322754
22.66587257385254
25.22129249572754
15.561136245727539
9.942239761352539
17.58750343322754
24.50473976135254
26.31138038635254
27.00351905822754
26.54380226135254
26.49180030822754
26.74717140197754
26.73545265197754
25.85727882385254
25.92392921447754
26.22300148010254
26.49399757385254
26.05112648010254
19.01523780822754
15.934427261352539
24.67881202697754
19.82578468322754
25.55942726135254
23.21689796447754
13.963724136352539
26.72153663635254
26.14853858947754
26.69809913635254
27.14316749572754
26.30552101135254
26.14975929260254
19.67490577697754
18.24717140197754
21.45713233947754
19.03428077697754
26.31333351135254
22.48691749572754
21.37314796447754
24.55356788635254
22.31797218322754
25.02890968322754
24.12046241760254
17.24741554260254
23.47617530822754
25.30869483947754
20.00840187072754
26.00205421447754
25.88071632385254
26.55039405822754
23.88633155822754
26.11118507385254
26.71006202697754
25.26914405822754
25.57847023010254
26.23252296447754
25.53525733947754
26.45566749572754
26.65049171447754
26.64731788635254
26.45249366760254
25.86484718322754
26.39389991760254
26.48325538635254
26.15488624572754
26.47934913635254
26.25107765197754
26.08921241760254
26.33945655822754
26.64682960510254
25.56186866760254
25.44223976135254
26.29917335510254
26.04892921447754
26.28745460510254
26.68320655822754
26.88681983947754
26.70005226135254
26.74350929260254
27.00815773010254
26.64048194885254
26.46714210510254
26.43125343322754
26.28940773010254
26.19663429260254
26.37070655822754
26.33750343322754
26.24619483947754
26.11435890197754
26.27842140197754
26.47251319885254
11.453714370727539
9.548196792602539
6.920999050140381
21.94736671447754
24.57554054260254
18.52671241760254
18.35996437072754
25.60093116760254
26.36582374572754
10.298440933227539
23.98179054260254
23.46738624572754
19.85581398010254
25.78208351135254
26.58017921447754
19.26767921447754
24.61557960510254
19.22422218322754
22.25205421447754
20.91611671447754
13.162210464477539
25.11191749572754
23.85434913635254
24.22202491760254
25.09775733947754
16.20005226135254
25.62485694885254
24.06626319885254
25.51694679260254
25.04209327697754
25.55430030822754
25.19541358947754
25.46518898010254
25.91147804260254
25.89512062072754
26.30991554260254
26.39780616760254
26.80088233947754
26.52085304260254
21.65903663635254
18.84165382385254
25.17637062072754
17.28403663635254
22.86460304260254
26.29722023010254
20.03159523010254
26.30625343322754
25.91294288635254
22.75522804260254
26.34140968322754
26.42856788635254
24.49619483947754
26.92807960510254
25.26377296447754
24.30747413635254
26.76304054260254
26.76963233947754
27.01133155822754
26.85923194885254
26.79233741760254
27.56943702697754
27.30039405822754
27.46055030822754
28.10190773010254
21.31650733947754
26.54306983947754
17.27060890197754
25.31308937072754
21.04502296447754
23.51865577697754
26.43100929260254
26.38120460510254
26.72617530822754
25.31064796447754
26.94028663635254
26.90146827697754
27.24643898010254
27.37485694885254
24.63291358947754
26.42759132385254
25.52768898010254
26.40220069885254
26.95005226135254
27.49643898010254
27.63389015197754
26.34678077697754
25.11972999572754
19.83530616760254
26.71152687072754
25.97715187072754
27.30063819885254
27.96689796447754
28.12534523010254
26.35093116760254
22.40122413635254
24.48325538635254
26.59580421447754
26.83188819885254
28.03647804260254
25.67075538635254
26.04306983947754
26.74302101135254
26.96299171447754
26.47178077697754
27.59653663635254
27.02646827697754
25.47593116760254
27.11460304260254
28.08945655822754
26.45151710510254
27.33188819885254
27.96787452697754
26.93222999572754
27.52231788635254
27.24155616760254
27.72812843322754
27.03598976135254
27.02768898010254
27.26401710510254
27.70615577697754
27.87729835510254
27.19370460510254
27.51792335510254
27.75303077697754
27.47764015197754
27.78891944885254
27.83725929260254
27.55552101135254
27.63633155822754
27.29648780822754
23.88852882385254
23.77646827697754
24.28306007385254
23.76230812072754
23.98301124572754
24.67881202697754
23.57627296447754
24.24912452697754
24.28208351135254
23.99814796447754
22.36631202697754
23.90146827697754
24.54917335510254
23.98349952697754
22.16416358947754
24.72886085510254
23.99814796447754
24.05503273010254
24.12412452697754
23.79282569885254
24.35215187072754
24.15659523010254
24.46225929260254
24.69785499572754
24.83213233947754
24.99936866760254
25.24692726135254
24.76499366760254
25.21836280822754
24.75815773010254
22.96933937072754
25.03623390197754
25.33115577697754
25.06040382385254
23.46201515197754
23.46714210510254
25.29111671447754
24.33432960510254
25.86557960510254
23.79844093322754
25.70249366760254
26.67148780822754
24.20615577697754
24.05161476135254
25.68515968322754
26.46811866760254
24.44468116760254
24.13999366760254
25.38755226135254
26.57651710510254
26.00815773010254
26.78281593322754
23.56772804260254
25.13828468322754
24.21421241760254
25.12681007385254
25.69907569885254
26.11191749572754
24.18100929260254
26.30259132385254
26.54087257385254
25.10386085510254
26.60215187072754
24.98056983947754
24.92832374572754
25.36533546447754
25.81479835510254
26.01401710510254
25.31675148010254
26.07847023010254
26.37998390197754
26.72202491760254
26.86020851135254
26.65854835510254
18.50132179260254
12.129251480102539
18.19077491760254
19.44321632385254
20.16416358947754
21.72715187072754
23.95957374572754
24.18638038635254
22.49375343322754
24.23227882385254
23.61582374572754
25.27231788635254
25.11631202697754
24.28330421447754
23.67173194885254
24.01304054260254
25.98447608947754
25.30307960510254
26.11020851135254
23.02060890197754
26.07651710510254
23.64780616760254
24.04575538635254
24.42441749572754
25.13926124572754
25.78037452697754
26.30185890197754
25.47495460510254
23.95957374572754
23.98667335510254
24.53330421447754
23.84018898010254
24.80063819885254
23.44150733947754
23.56748390197754
23.90439796447754
23.39634132385254
25.33262062072754
23.65024757385254
23.95908546447754
23.69516944885254
25.03257179260254
24.86142921447754
25.50156593322754
25.48032569885254
24.54624366760254
25.35141944885254
25.02451515197754
26.46079444885254
25.95713233947754
26.28452491760254
24.71933937072754
26.14975929260254
26.35483741760254
24.89292335510254
25.43467140197754
26.42075538635254
26.32847023010254
25.99765968322754
26.03696632385254
25.89292335510254
26.74961280822754
26.55283546447754
25.95786476135254
26.18100929260254
25.89902687072754
26.00498390197754
25.03159523010254
26.40659523010254
25.97007179260254
26.47007179260254
26.96079444885254
26.90195655822754
26.70737648010254
25.99228858947754
25.96958351135254
26.48105812072754
26.12681007385254
26.96738624572754
26.57651710510254
26.68760108947754
26.58872413635254
26.85337257385254
26.79331398010254
26.96299171447754
25.90683937072754
26.54233741760254
26.96616554260254
27.19272804260254
27.03086280822754
26.68320655822754
26.67856788635254
26.91367530822754
27.33115577697754
26.81919288635254
27.49936866760254
26.53891944885254
26.56968116760254
27.67075538635254
26.57065773010254
26.71396827697754
27.46323585510254
26.94980812072754
27.69834327697754
26.83017921447754
27.59678077697754
26.99595069885254
27.24326515197754
26.70713233947754
27.06064796447754
28.22641944885254
25.85752296447754
25.81479835510254
28.25400733947754
27.19883155822754
27.82407569885254
27.47666358947754
26.62656593322754
27.48642921447754
27.46811866760254
25.60972023010254
26.53452491760254
25.47666358947754
27.18125343322754
27.28623390197754
27.35239601135254
25.99912452697754
25.69809913635254
25.33774757385254
26.60972023010254
24.99595069885254
25.99985694885254
27.23887062072754
24.94370460510254
26.79722023010254
25.56260108947754
26.61509132385254
26.97226905822754
25.42246437072754
25.94907569885254
26.18931007385254
26.52890968322754
25.71006202697754
26.16343116760254
25.63681983947754
26.09482765197754
25.74131202697754
25.15000343322754
25.57895851135254
25.25351905822754
25.02817726135254
24.17930030822754
25.12949562072754
25.33970069885254
14.337991714477539
24.17588233947754
24.37876319885254
25.94687843322754
25.42807960510254
24.70566749572754
25.06601905822754
25.75498390197754
25.95542335510254
23.41343116760254
26.12705421447754
25.47788429260254
26.58945655822754
24.03135108947754
23.85190773010254
23.56089210510254
23.50742530822754
24.54038429260254
25.30576515197754
24.49253273010254
25.80991554260254
26.18076515197754
26.33164405822754
25.24863624572754
26.33237648010254
26.22861671447754
26.83457374572754
26.18589210510254
26.89707374572754
26.88974952697754
26.30967140197754
27.03818702697754
26.64780616760254
26.99082374572754
27.06455421447754
26.97446632385254
27.64121437072754
26.53965187072754
27.13755226135254
26.85874366760254
26.96714210510254
26.18833351135254
25.76816749572754
26.85898780822754
26.70884132385254
25.07969093322754
26.43735694885254
26.41782569885254
26.37851905822754
25.47080421447754
24.17270851135254
15.279642105102539
24.43491554260254
25.38022804260254
23.86118507385254
25.51865577697754
23.52158546447754
26.26621437072754
24.44663429260254
26.32139015197754
25.54502296447754
24.17807960510254
23.69639015197754
24.51474952697754
25.15635108947754
26.67978858947754
26.35898780822754
26.37119483947754
25.37656593322754
26.78086280822754
26.43833351135254
27.43735694885254
26.71518898010254
26.93491554260254
26.90757179260254
27.78525733947754
25.92685890197754
26.66025733947754
25.78623390197754
24.79502296447754
25.30381202697754
18.15317726135254
25.00034523010254
24.71665382385254
24.44419288635254
25.98887062072754
26.35776710510254
24.53745460510254
24.81992530822754
25.39512062072754
24.35337257385254
25.89585304260254
26.50083351135254
26.07236671447754
27.15976905822754
27.02207374572754
26.68174171447754
26.94639015197754
27.72617530822754
26.58066749572754
26.29648780822754
24.90000343322754
25.66465187072754
25.85068702697754
25.59360694885254
25.53598976135254
24.97495460510254
25.02671241760254
26.10727882385254
24.11582374572754
24.99570655822754
25.78867530822754
26.03916358947754
26.37314796447754
26.44956398010254
25.70029640197754
27.75400733947754
25.13828468322754
26.43003273010254
18.20200538635254
24.19663429260254
24.59507179260254
25.67246437072754
26.14438819885254
24.42661476135254
24.71567726135254
25.02866554260254
25.85312843322754
26.38486671447754
25.47617530822754
27.32212257385254
25.42051124572754
26.42051124572754
25.59092140197754
24.65415382385254
25.33921241760254
26.36826515197754
25.89512062072754
27.40195655822754
27.13364601135254
24.30576515197754
25.36582374572754
25.36435890197754
25.85679054260254
27.51719093322754
27.32749366760254
26.92075538635254
25.70469093322754
25.86997413635254
26.47837257385254
25.99497413635254
18.95713233947754
26.70493507385254
27.67637062072754
26.17295265197754
26.08994483947754
26.74228858947754
25.44443702697754
26.64365577697754
25.81894874572754
25.89878273010254
26.34775733947754
26.53721046447754
26.99448585510254
25.50229835510254
20.24350929260254
27.54014015197754
27.35093116760254
26.80967140197754
21.73325538635254
24.87485694885254
26.90610694885254
21.40317726135254
23.75840187072754
26.18027687072754
26.11094093322754
24.07456398010254
24.13462257385254
25.55185890197754
24.22690773010254
26.30600929260254
26.45054054260254
26.15488624572754
24.44565773010254
26.25766944885254
26.69346046447754
26.83091163635254
27.71665382385254
26.68931007385254
24.61240577697754
26.10312843322754
26.08310890197754
25.87803077697754
26.01767921447754
25.96494483947754
25.82627296447754
24.76523780822754
24.94639015197754
26.73105812072754
27.70127296447754
26.52280616760254
27.82920265197754
26.15708351135254
26.93125343322754
