9.876351576561311e-42
4.414910793304443
10.225824356079102
2.4633727073669434
7.000237941741943
2.3598570823669434
11.529413223266602
11.816034317016602
7.685540676116943
22.2612247467041
8.381464004516602
21.6535587310791
21.6221866607666
22.7936954498291
22.2708683013916
20.1839542388916
23.8151798248291
22.0987491607666
23.1459903717041
19.7021427154541
22.8193302154541
23.4995059967041
13.323114395141602
16.3955020904541
16.3848819732666
23.4416446685791
23.1675968170166
21.1223087310791
21.9025821685791
23.5888614654541
22.3499698638916
23.3482608795166
20.7868595123291
22.6701602935791
22.7639102935791
22.3144474029541
22.0981388092041
22.1038761138916
23.9171085357666
22.6545352935791
22.1085147857666
22.5883731842041
8.196283340454102
18.6026554107666
1.985711693763733
10.258661270141602
13.649774551391602
21.2726993560791
22.6529483795166
13.592889785766602
22.3281192779541
23.1542911529541
21.4881534576416
23.1202335357666
11.621332168579102
22.8476505279541
19.0082950592041
22.4367618560791
23.7663516998291
22.2379093170166
14.276239395141602
21.3972110748291
7.322747707366943
17.8067569732666
11.726556777954102
22.8670597076416
23.1545352935791
22.4516544342041
14.839593887329102
22.7526798248291
22.2857608795166
22.2050724029541
12.881586074829102
19.8959903717041
9.224725723266602
16.7630558013916
23.0665225982666
23.6899356842041
14.412225723266602
22.7956485748291
22.5237979888916
22.1389102935791
19.5948429107666
21.8682804107666
19.9736270904541
23.2022647857666
23.6595401763916
23.3144474029541
22.9538516998291
22.3912296295166
21.6181583404541
14.418085098266602
23.1457462310791
23.0196475982666
22.0904483795166
22.3561954498291
23.7305850982666
23.4724063873291
22.3767032623291
18.8013858795166
18.3172550201416
23.5935001373291
22.1354923248291
22.0731143951416
17.2591495513916
22.1508731842041
18.7652530670166
23.5468692779541
22.2253360748291
22.4018497467041
20.5671329498291
22.4835147857666
20.7687931060791
22.5089054107666
22.4456729888916
21.3132266998291
22.3142032623291
16.7905216217041
22.3677921295166
19.8913516998291
22.6063175201416
21.9068546295166
22.4332218170166
22.6077823638916
22.4305362701416
22.5430850982666
22.4907169342041
22.6249942779541
23.6740665435791
22.5555362701416
22.8541202545166
18.6175479888916
22.8065128326416
22.8819522857666
22.9615421295166
22.9226016998291
21.0833683013916
22.9797306060791
23.0871524810791
22.4669132232666
22.7462100982666
22.8255558013916
22.7304630279541
23.0283145904541
23.1105899810791
22.7946720123291
22.7459659576416
22.7735538482666
22.9470157623291
22.8397159576416
23.0513858795166
23.1413516998291
23.2114200592041
23.1525821685791
23.0278263092041
23.3807315826416
23.5466251373291
23.5600528717041
23.7897891998291
24.0035343170166
23.8928165435791
24.0670108795166
6.632562160491943
8.490961074829102
6.695794582366943
7.814202785491943
7.048943996429443
10.416620254516602
14.125604629516602
10.827508926391602
14.523065567016602
14.923822402954102
6.005853176116943
10.866327285766602
16.5953311920166
6.446404933929443
17.9821720123291
9.681390762329102
14.044794082641602
22.0948429107666
9.606439590454102
21.8507022857666
20.4610538482666
10.150506973266602
2.1082701683044434
22.7288761138916
19.7897891998291
17.8277530670166
12.434442520141602
16.1120548248291
18.6525821685791
5.821038722991943
20.2108097076416
17.6107120513916
19.6868839263916
17.1577091217041
7.792718410491943
8.763299942016602
7.052972316741943
10.925531387329102
13.118524551391602
6.722283840179443
14.030389785766602
14.055536270141602
20.6651554107666
13.198480606079102
17.3824405670166
8.248651504516602
22.6821231842041
14.793329238891602
23.1491641998291
9.231195449829102
10.066644668579102
19.1826114654541
10.339960098266602
22.7083683013916
17.4612979888916
9.612909317016602
13.206415176391602
23.6414737701416
18.0184268951416
12.247308731079102
16.7651309967041
14.939691543579102
18.2873477935791
9.962884902954102
20.1524600982666
11.762689590454102
11.973627090454102
21.4251651763916
19.0753116607666
13.878290176391602
16.6866397857666
16.7174015045166
13.619623184204102
20.0255069732666
20.0444278717041
19.5710391998291
19.5950870513916
20.4965763092041
21.2076358795166
16.1174259185791
20.8022403717041
17.0799503326416
22.9035587310791
18.4583683013916
22.7827091217041
19.9748477935791
21.1784610748291
22.6055850982666
20.8055362701416
21.1981143951416
21.4464054107666
22.3592472076416
22.8909854888916
23.3085880279541
23.3746280670166
23.4283390045166
23.0081729888916
23.6154727935791
21.9846134185791
15.781854629516602
13.952997207641602
14.262933731079102
13.838739395141602
13.715326309204102
6.623040676116943
7.360467433929443
8.889642715454102
22.6940860748291
18.0712833404541
19.6785831451416
18.4445743560791
16.4284610748291
6.731317043304443
7.867913722991943
9.147211074829102
7.679315090179443
11.510004043579102
18.7230167388916
17.4036808013916
8.225214004516602
10.467157363891602
17.5867862701416
11.448602676391602
22.2654972076416
16.2764835357666
24.3984317779541
15.647089004516602
15.321161270141602
16.7156925201416
20.8812198638916
6.627557277679443
14.874994277954102
10.062738418579102
16.2426700592041
11.663446426391602
11.029047012329102
16.6163272857666
22.8411808013916
17.6276798248291
7.257195949554443
12.158441543579102
9.784540176391602
18.6015567779541
7.638421535491943
8.798089981079102
18.3835391998291
13.435052871704102
10.263910293579102
21.5699405670166
15.795770645141602
18.3023624420166
8.675897598266602
17.8148136138916
11.588983535766602
8.099603652954102
11.634637832641602
11.811883926391602
12.691034317016602
18.2258243560791
12.939691543579102
10.545404434204102
14.010736465454102
12.678094863891602
18.5778751373291
14.448724746704102
18.4962100982666
15.563104629516602
14.543451309204102
16.0640811920166
18.1406192779541
17.7635440826416
18.5961856842041
19.4384708404541
18.7297306060791
18.4025821685791
18.3738956451416
22.4140567779541
23.4799747467041
23.4400577545166
25.1984806060791
24.8950138092041
27.4330997467041
24.4064884185791
17.8577823638916
19.2382755279541
26.2394962310791
20.2912540435791
24.9766788482666
27.0620059967041
19.1436710357666
13.778314590454102
20.6137638092041
26.6135196685791
27.7414493560791
27.0323429107666
26.7578067779541
25.2741641998291
27.2316837310791
26.6751651763916
26.1302433013916
26.3547306060791
25.3861026763916
24.9789981842041
25.7477970123291
21.9598331451416
18.7925968170166
26.2427921295166
22.3684024810791
27.4555606842041
24.6223087310791
17.1124210357666
26.2480411529541
25.2532901763916
26.6680850982666
26.5744571685791
25.6998233795166
25.0850772857666
22.4781436920166
20.9898624420166
23.6173038482666
20.9809513092041
25.5945987701416
24.5961856842041
23.7365665435791
25.9639835357666
24.0418643951416
25.5081729888916
26.0466251373291
20.2761173248291
25.0563907623291
26.8238468170166
22.1018009185791
26.5328311920166
27.2552433013916
27.2767276763916
25.6341495513916
27.4649600982666
27.4500675201416
26.9783878326416
26.2457218170166
27.7271671295166
26.6556339263916
27.2163028717041
26.6082706451416
26.9484806060791
26.8074893951416
26.2404727935791
26.5104923248291
26.5313663482666
26.4722843170166
26.7740421295166
26.3851261138916
26.4121036529541
26.5262393951416
26.3931827545166
26.4212589263916
26.4359073638916
27.3900089263916
27.3146915435791
26.9536075592041
26.8238468170166
26.5770206451416
26.1362247467041
25.8588809967041
26.2440128326416
25.6057071685791
25.9376163482666
26.2257022857666
25.8503360748291
26.1270694732666
25.9780216217041
25.3312931060791
25.4416446685791
25.6909122467041
25.0253849029541
24.8767032623291
14.560174942016602
12.472772598266602
9.067010879516602
22.7519474029541
24.8312931060791
20.3072452545166
20.0727481842041
24.8073673248291
24.8371524810791
13.533319473266602
24.3016300201416
23.8582706451416
21.0418643951416
24.5319766998291
24.7512149810791
20.7504825592041
24.9993839263916
20.8791446685791
22.9862003326416
22.1342716217041
15.968744277954102
25.2521915435791
24.4379825592041
24.5919132232666
24.9006290435791
18.5385684967041
25.1076602935791
24.5277042388916
25.7674503326416
25.2440128326416
25.6337833404541
25.3583927154541
25.4653263092041
25.3019962310791
24.9351749420166
24.7319278717041
24.6202335357666
24.5648136138916
24.7459659576416
22.4465274810791
19.8829288482666
24.6415958404541
18.6881046295166
22.2436466217041
24.6110782623291
20.2394962310791
24.5389347076416
24.4046573638916
22.0355167388916
24.5290470123291
24.5191593170166
23.8132266998291
24.6574649810791
23.9215030670166
23.7303409576416
24.6149845123291
24.5529727935791
24.5224552154541
24.5031681060791
24.4415225982666
24.6102237701416
24.2702579498291
24.1787052154541
24.6568546295166
21.6767520904541
24.4500675201416
18.6636905670166
24.3360538482666
20.9647159576416
22.4045352935791
24.5081729888916
24.5352725982666
24.5317325592041
23.7680606842041
24.4689884185791
24.4041690826416
24.4157657623291
24.3493595123291
24.4144229888916
24.7695255279541
24.2091007232666
24.6487979888916
24.5593204498291
24.7189884185791
24.4891300201416
24.8574161529541
24.1990909576416
20.2375431060791
24.5325870513916
23.9760684967041
24.6706485748291
25.0454044342041
24.8719425201416
24.7349796295166
22.0264835357666
23.0733585357666
24.5057315826416
24.1773624420166
24.9901065826416
24.3826847076416
24.4372501373291
24.5849552154541
24.5627384185791
24.7247257232666
24.6888370513916
24.7304630279541
24.1224308013916
24.4775333404541
24.9119815826416
24.4879093170166
24.7048282623291
24.6928653717041
24.5574893951416
24.6596622467041
24.6099796295166
24.8559513092041
24.2088565826416
24.4029483795166
24.6861515045166
24.9893741607666
24.9488468170166
24.5954532623291
24.6286563873291
24.6428165435791
24.7399845123291
24.8614444732666
24.8159122467041
24.6361026763916
24.5631046295166
24.5336856842041
24.3428897857666
24.0771427154541
24.0822696685791
23.6867618560791
24.2946720123291
24.0743350982666
23.4465274810791
23.5200138092041
23.8160343170166
24.0301456451416
22.8236026763916
23.9064884185791
24.2176456451416
23.8801212310791
23.0539493560791
23.9633731842041
23.5966739654541
24.2714786529541
24.0869083404541
24.0418643951416
24.3945255279541
24.3426456451416
24.6570987701416
24.3478946685791
24.2539005279541
24.5598087310791
24.6192569732666
24.5997257232666
24.4200382232666
24.6740665435791
23.3867130279541
23.3785343170166
23.3513126373291
23.9642276763916
23.2724552154541
22.8892765045166
23.3655948638916
23.1743106842041
23.3330020904541
22.9757022857666
23.8298282623291
23.9913272857666
23.1461124420166
22.9658145904541
23.4551944732666
23.7499942779541
22.8210391998291
23.7095890045166
23.4205265045166
23.9156436920166
23.5943546295166
24.0416202545166
23.7995548248291
23.4766788482666
23.4549503326416
23.6140079498291
23.6754093170166
23.6553897857666
24.0228214263916
23.9943790435791
23.8775577545166
23.8048038482666
24.1956729888916
24.1545352935791
23.7524356842041
23.7337589263916
23.8358097076416
24.0023136138916
23.6780948638916
23.9417667388916
23.9429874420166
24.2657413482666
24.1259708404541
24.0845890045166
22.0360050201416
16.4417667388916
21.4847354888916
21.9062442779541
22.7310733795166
24.0910587310791
26.5839786529541
26.3583927154541
24.5860538482666
26.6450138092041
25.3189640045166
26.5065860748291
26.1124210357666
25.7788028717041
25.3492374420166
25.4894962310791
27.5192813873291
26.1962833404541
27.4252872467041
24.5257511138916
27.2275333404541
25.0248966217041
25.1486759185791
25.2119083404541
25.2394962310791
25.9171085357666
26.5848331451416
25.0861759185791
24.7807559967041
24.5848331451416
24.4890079498291
24.4451847076416
24.5864200592041
24.3832950592041
24.1071720123291
23.5633487701416
23.8553409576416
24.2136173248291
23.7226505279541
23.3862247467041
23.2910099029541
23.8685245513916
23.7539005279541
24.0484561920166
23.7847843170166
23.2515811920166
23.7806339263916
23.4977970123291
24.4074649810791
23.5529727935791
23.8334903717041
24.3640079498291
23.6289005279541
24.1019229888916
24.2014102935791
24.4177188873291
23.8118839263916
23.6673526763916
23.7172794342041
23.7510929107666
23.7692813873291
24.0035343170166
23.8061466217041
23.7277774810791
24.1690616607666
23.8159122467041
23.9224796295166
23.4477481842041
24.2322940826416
23.9979190826416
24.4189395904541
24.0341739654541
24.0270938873291
24.4271183013916
24.1713809967041
24.0944766998291
24.4201602935791
24.2197208404541
23.9024600982666
24.3686466217041
24.2645206451416
24.3008975982666
24.4445743560791
24.2927188873291
23.9296817779541
23.4411563873291
24.4167423248291
23.9859561920166
24.0771427154541
24.0237979888916
24.2211856842041
24.2895450592041
23.9422550201416
24.3373966217041
24.0943546295166
24.6444034576416
23.6650333404541
23.5319766998291
24.4023380279541
23.8133487701416
24.2217960357666
24.6885929107666
23.9435977935791
24.3768253326416
24.1782169342041
24.5832462310791
24.1732120513916
24.6956729888916
23.8205509185791
24.4973087310791
24.7424259185791
23.6142520904541
23.7529239654541
24.3765811920166
24.8312931060791
24.6019229888916
24.8948917388916
24.6303653717041
24.5363712310791
24.6308536529541
23.6076602935791
24.6207218170166
23.5047550201416
24.5661563873291
24.5076847076416
24.2506046295166
24.3497257232666
24.2962589263916
23.6918888092041
24.9623966217041
23.9150333404541
24.3891544342041
24.2512149810791
23.3955020904541
24.7425479888916
24.1829776763916
24.6141300201416
24.6653995513916
24.1202335357666
24.4528751373291
24.4991397857666
24.7353458404541
24.2377872467041
24.7989444732666
24.3049259185791
24.5992374420166
24.4143009185791
24.3676700592041
24.6688175201416
24.0589542388916
24.1046085357666
23.6495304107666
24.4825382232666
24.7779483795166
18.5751895904541
26.7980899810791
26.5034122467041
27.3051700592041
26.2755069732666
25.9820499420166
25.7939395904541
27.3339786529541
26.9809513092041
24.8441104888916
26.1837100982666
25.2786808013916
26.3843936920166
24.4791202545166
24.3227481842041
24.2871036529541
23.4649600982666
23.6527042388916
23.6381778717041
23.7847843170166
24.4903507232666
23.7070255279541
23.5455265045166
24.5095157623291
23.7496280670166
24.3066349029541
24.0451602935791
24.1162052154541
23.8621768951416
23.9615421295166
24.2420597076416
23.8870792388916
24.2154483795166
24.3984317779541
24.3215274810791
23.9888858795166
24.3101749420166
24.0639591217041
24.5424747467041
24.6031436920166
24.6455020904541
24.1708927154541
23.9664249420166
24.7558536529541
24.9918155670166
23.6483097076416
24.6820011138916
24.8011417388916
24.7626895904541
24.1330509185791
23.7729434967041
19.3272647857666
26.7957706451416
26.0153751373291
25.2823429107666
26.9492130279541
25.0582218170166
25.9820499420166
24.9356632232666
25.7020206451416
25.1552677154541
24.4674015045166
23.7346134185791
23.8486270904541
24.0053653717041
23.6275577545166
23.6192569732666
23.8557071685791
24.3157901763916
24.4310245513916
24.1946964263916
24.4070987701416
23.9583683013916
24.1909122467041
23.9418888092041
24.4528751373291
23.8725528717041
24.9663028717041
24.7669620513916
24.4117374420166
24.5782413482666
21.6308536529541
27.1463565826416
26.7387638092041
25.6647891998291
25.7662296295166
25.4486026763916
24.6474552154541
24.0012149810791
24.3680362701416
23.2311954498291
23.6552677154541
23.6185245513916
23.7927188873291
24.6522159576416
24.0729923248291
24.1841983795166
24.1404972076416
24.3773136138916
24.1207218170166
24.5479679107666
23.6616153717041
24.3316593170166
24.8001651763916
24.4147891998291
24.7383975982666
25.8360538482666
25.0456485748291
25.4769229888916
23.8046817779541
24.2971134185791
23.5623722076416
23.6061954498291
23.8768253326416
23.7498722076416
24.3113956451416
24.3840274810791
23.8869571685791
24.5740909576416
21.6221866607666
25.4009952545166
25.5779972076416
26.5732364654541
25.2138614654541
24.6429386138916
24.0919132232666
23.9123477935791
23.7806339263916
23.6697940826416
23.4677677154541
24.6319522857666
24.0545597076416
24.4549503326416
24.6536808013916
25.5620059967041
25.9011173248291
23.8842716217041
23.7935733795166
24.5809268951416
24.2836856842041
25.4138126373291
25.3730411529541
24.0416202545166
23.7101993560791
24.5817813873291
24.4116153717041
24.1671085357666
24.2104434967041
24.4503116607666
24.5476016998291
24.7895450592041
22.1575870513916
24.0814151763916
24.4278507232666
24.4246768951416
24.6296329498291
24.6164493560791
25.1528263092041
24.0483341217041
24.3102970123291
23.7194766998291
24.5472354888916
24.8428897857666
24.6627140045166
24.6402530670166
23.2542667388916
24.4559268951416
24.4782657623291
24.8339786529541
24.5997257232666
24.8441104888916
24.1055850982666
23.9992618560791
25.1610050201416
24.3317813873291
24.2119083404541
26.3466739654541
26.5489444732666
24.6975040435791
26.5952091217041
23.9554386138916
24.3422794342041
23.9384708404541
26.6995792388916
24.0660343170166
24.3491153717041
24.1517276763916
24.2949161529541
24.2302188873291
26.7857608795166
24.0375919342041
23.6837100982666
24.7927188873291
24.0456485748291
23.5268497467041
25.0316104888916
26.8627872467041
25.2435245513916
24.1719913482666
24.4383487701416
23.5134220123291
24.7281436920166
24.1497745513916
23.8121280670166
