9.876351576561311e-42
3.622231960296631
9.060953140258789
1.9032379388809204
5.926797389984131
2.190225124359131
10.600015640258789
10.445840835571289
6.860513210296631
23.41239356994629
8.192300796508789
22.04093360900879
22.15360450744629
24.87638282775879
24.31217384338379
20.53299903869629
25.69315528869629
22.87552833557129
25.59464454650879
20.33024024963379
24.90397071838379
25.82694435119629
13.611856460571289
16.78592872619629
16.38627052307129
25.85721778869629
25.70035743713379
21.99735450744629
23.30692481994629
25.75797462463379
23.63736915588379
25.84806251525879
21.79276466369629
24.54947853088379
23.46830177307129
23.91605567932129
23.33219337463379
23.37980079650879
25.83548927307129
23.61698341369629
23.43924903869629
23.70926856994629
7.075479030609131
16.93058204650879
1.8141266107559204
8.697427749633789
12.596109390258789
21.00492286682129
24.74979591369629
13.233316421508789
23.27823829650879
25.47428321838379
21.75602149963379
25.68338966369629
12.094766616821289
25.25480079650879
19.31498146057129
23.73856544494629
25.81217384338379
23.66019630432129
12.937295913696289
21.09537696838379
6.233682155609131
16.95816993713379
11.786539077758789
25.53629493713379
25.61539649963379
22.99027442932129
15.274087905883789
23.93094825744629
23.71683692932129
23.42081642150879
11.150186538696289
18.72110939025879
8.277505874633789
15.840982437133789
25.43155860900879
25.71671485900879
14.685342788696289
24.10343360900879
23.59354591369629
23.38810157775879
18.25504493713379
21.50040626525879
19.49918556213379
25.47989845275879
25.77836036682129
25.87186622619629
24.28434181213379
23.87711524963379
21.43851661682129
13.556070327758789
25.62748146057129
24.52726173400879
23.47757911682129
23.25834083557129
25.68876075744629
25.74186134338379
23.95279884338379
17.40213966369629
18.42106056213379
25.80558204650879
23.65616798400879
23.49076271057129
15.925333023071289
22.79374122619629
19.15458106994629
25.70609474182129
23.83158302307129
24.02689552307129
20.08536720275879
23.87418556213379
21.41483497619629
24.23380470275879
24.26102638244629
22.19327735900879
24.01017189025879
16.15140724182129
23.79496192932129
19.93314552307129
25.03995704650879
22.98893165588379
23.92972755432129
23.84440040588379
24.03910255432129
25.47098731994629
23.97147560119629
25.58341407775879
25.73697853088379
24.14603614807129
24.31070899963379
18.32169532775879
24.71073341369629
25.22159767150879
25.53873634338379
25.49564552307129
21.20633888244629
23.86429786682129
24.23478126525879
23.56461524963379
24.52591896057129
23.98783302307129
23.68924903869629
24.22989845275879
24.52665138244629
24.85685157775879
25.19254493713379
25.46537208557129
25.41520118713379
25.53312110900879
25.47770118713379
25.43302345275879
25.51053810119629
25.61380958557129
25.67997169494629
25.77018165588379
25.73270606994629
25.61100196838379
25.69388771057129
25.79349708557129
25.72782325744629
25.77811622619629
4.889077663421631
6.630898952484131
3.853311061859131
6.851602077484131
4.410073757171631
8.602212905883789
11.665933609008789
8.925455093383789
12.267496109008789
13.055337905883789
4.030557155609131
8.593790054321289
14.138345718383789
4.932168483734131
16.11795997619629
8.302042007446289
11.959878921508789
21.03385353088379
8.497598648071289
20.57132911682129
18.66971778869629
8.696207046508789
2.266763210296631
21.87076759338379
18.08439064025879
15.894083023071289
10.284952163696289
13.829874038696289
16.73661231994629
5.249185085296631
18.53360939025879
15.372476577758789
18.00528907775879
14.834390640258789
5.646279811859131
6.662393093109131
4.036416530609131
8.812417984008789
11.404581069946289
4.190957546234131
11.809854507446289
11.257852554321289
19.10660743713379
11.150430679321289
15.121011734008789
7.660195827484131
21.77030372619629
12.460977554321289
21.81412696838379
6.665444850921631
8.272623062133789
17.37162208557129
9.409585952758789
21.87772560119629
15.095499038696289
7.924233913421631
11.486246109008789
23.28751564025879
15.874307632446289
9.975137710571289
14.612344741821289
12.518106460571289
16.09000587463379
8.298501968383789
18.53165626525879
9.800821304321289
10.154214859008789
20.41483497619629
17.03141212463379
12.212198257446289
14.912759780883789
15.089273452758789
11.757608413696289
18.24979591369629
18.62967872619629
17.91996192932129
17.63346290588379
19.48844337463379
20.70011329650879
14.237222671508789
19.45182228088379
15.714883804321289
22.85453224182129
17.24454689025879
22.26688575744629
18.20084571838379
19.95536231994629
21.27836036682129
19.20353126525879
19.86405372619629
20.37406349182129
21.29252052307129
21.91544532775879
22.63150978088379
23.28519630432129
23.92655372619629
18.79825782775879
19.54471778869629
18.52628517150879
12.372720718383789
10.900674819946289
11.272012710571289
11.065713882446289
10.904458999633789
2.342324733734131
3.590981960296631
6.250894069671631
19.38456153869629
15.266275405883789
16.73819923400879
15.304971694946289
14.014444351196289
3.758218288421631
5.607461452484131
7.043252468109131
5.167397975921631
9.508218765258789
15.674600601196289
14.675943374633789
6.510171413421631
8.474771499633789
14.926431655883789
9.553018569946289
18.41861915588379
12.480386734008789
20.63175392150879
12.397989273071289
12.043619155883789
13.564737319946289
18.06705665588379
4.079507350921631
12.767251968383789
7.687661647796631
13.820718765258789
9.182779312133789
9.267984390258789
12.277994155883789
19.17118263244629
14.066446304321289
3.707192897796631
10.246988296508789
8.971231460571289
14.515542984008789
4.709390163421631
7.817666530609131
14.721597671508789
11.633340835571289
8.654581069946289
17.95585060119629
13.323160171508789
14.774576187133789
6.274819850921631
14.709390640258789
10.299722671508789
4.957314968109131
9.610879898071289
10.030923843383789
10.503335952758789
15.113321304321289
10.755533218383789
8.204385757446289
12.036172866821289
10.282754898071289
15.478433609008789
12.160196304321289
15.693155288696289
13.264566421508789
11.867715835571289
13.135904312133789
14.935464859008789
14.624185562133789
15.138956069946289
15.925821304321289
14.997598648071289
15.250772476196289
14.802530288696289
19.10148048400879
20.06998634338379
20.37845802307129
21.91752052307129
21.38944435119629
23.12845802307129
20.64530372619629
14.984537124633789
15.750528335571289
22.23185157775879
16.33487892150879
20.79410743713379
23.20389747619629
16.46537208557129
10.871377944946289
17.81131935119629
22.85001564025879
24.31852149963379
24.12198829650879
24.18656349182129
23.97464942932129
24.90555763244629
24.35770606994629
24.09110450744629
24.12284278869629
24.33988380432129
24.09940528869629
24.17252540588379
18.29813575744629
15.270669937133789
22.34183692932129
19.77225685119629
23.80692481994629
22.03153419494629
14.167886734008789
24.21122169494629
23.87076759338379
24.19645118713379
24.63834571838379
24.44266700744629
24.18070411682129
18.59342384338379
18.31962013244629
21.02274513244629
18.42313575744629
24.36820411682129
20.80863380432129
19.54850196838379
23.42716407775879
21.47770118713379
23.65970802307129
22.15592384338379
16.80997657775879
22.49027442932129
23.14115333557129
19.33036231994629
24.07657814025879
23.54972267150879
23.89664649963379
22.12687110900879
23.81437110900879
24.16813087463379
23.64420509338379
24.00382423400879
24.59549903869629
23.86844825744629
24.15702247619629
24.25748634338379
24.37784767150879
24.07425880432129
24.13041114807129
24.24857521057129
24.17582130432129
24.12735939025879
24.65104103088379
24.40629005432129
24.12919044494629
24.23710060119629
24.51749610900879
22.69986915588379
22.56754493713379
23.21573829650879
23.34427833557129
23.55069923400879
23.87259864807129
24.02713966369629
23.83719825744629
23.94828224182129
24.10636329650879
24.05851173400879
24.30094337463379
24.30497169494629
24.37858009338379
24.20694923400879
24.43509864807129
24.10917091369629
24.07657814025879
24.15323829650879
24.23636817932129
24.42399024963379
11.967813491821289
10.311563491821289
8.049722671508789
20.80985450744629
23.42801856994629
18.31485939025879
18.30191993713379
23.74247169494629
24.43204689025879
11.407388687133789
22.70340919494629
22.38797950744629
19.28873634338379
23.93253517150879
24.64274024963379
18.42972755432129
23.58780860900879
18.97648048400879
21.15897560119629
20.42557716369629
13.760782241821289
23.83011817932129
23.14005470275879
23.07694435119629
23.48612403869629
16.14994239807129
23.82047462463379
22.79508399963379
24.07218360900879
23.67838478088379
24.11734962463379
23.93290138244629
23.98295021057129
24.06058692932129
24.01615333557129
24.24686622619629
24.45890235900879
24.80350685119629
23.93448829650879
20.96866798400879
18.03067970275879
23.36832618713379
17.09037208557129
21.37589454650879
24.20487403869629
18.81644630432129
24.32987403869629
24.16190528869629
21.23649024963379
24.61930274963379
24.44523048400879
23.91849708557129
25.04093360900879
24.38419532775879
23.96195411682129
24.91324806213379
24.81400489807129
25.01590919494629
24.96366310119629
25.11063575744629
25.40751075744629
25.20011329650879
25.37760353088379
25.35025978088379
20.15336036682129
24.08817481994629
16.80924415588379
23.60624122619629
19.81913185119629
21.94986915588379
24.55997657775879
24.99674415588379
24.83927345275879
24.52994728088379
24.96964454650879
25.05936622619629
25.24979591369629
25.38273048400879
22.95401954650879
24.12357521057129
23.88273048400879
24.49759864807129
25.12662696838379
25.46390724182129
25.42923927307129
24.17862892150879
23.40226173400879
18.90763282775879
24.73771095275879
24.73917579650879
25.11612892150879
25.33817481994629
25.27652931213379
24.33426856994629
21.15006446838379
22.77836036682129
24.67911720275879
24.93229103088379
25.30533790588379
24.52530860900879
24.56144142150879
24.99454689025879
25.02836036682129
24.62504005432129
25.17862892150879
25.10050392150879
23.75394630432129
25.11271095275879
25.34610939025879
24.56388282775879
25.19938087463379
25.41556739807129
24.87272071838379
25.28031349182129
25.03507423400879
25.36991310119629
24.95121192932129
24.95829200744629
25.32145118713379
25.28287696838379
25.27872657775879
24.92057228088379
25.06583595275879
25.28153419494629
25.48026466369629
25.36173439025879
25.41361427307129
25.43619728088379
25.44217872619629
25.41935157775879
24.18729591369629
23.85624122619629
24.13273048400879
24.20047950744629
24.20841407775879
24.44291114807129
23.61503028869629
24.21769142150879
24.79862403869629
24.63358497619629
23.05350685119629
24.21695899963379
24.28153419494629
24.49869728088379
22.61954689025879
24.43815040588379
24.56254005432129
24.07023048400879
24.76700782775879
24.46024513244629
24.67887306213379
24.72928810119629
24.52689552307129
24.53507423400879
24.45011329650879
24.63504981994629
24.59134864807129
24.41324806213379
24.59842872619629
24.42911720275879
23.58060646057129
23.80204200744629
23.78153419494629
24.81205177307129
23.68290138244629
23.55094337463379
23.87919044494629
24.01090431213379
24.01847267150879
24.28788185119629
24.84037208557129
25.06632423400879
24.37943458557129
24.43155860900879
24.70218849182129
25.02079200744629
25.08854103088379
24.30228614807129
24.01590919494629
24.80582618713379
24.64884376525879
25.15726661682129
24.07865333557129
24.09317970275879
24.36893653869629
24.30314064025879
24.78055763244629
24.72342872619629
24.11551856994629
24.88749122619629
24.81839942932129
24.81717872619629
25.23771095275879
24.56095314025879
24.19291114807129
24.41288185119629
24.76383399963379
25.03165626525879
24.38907814025879
24.93497657775879
24.87943458557129
25.48575782775879
25.37223243713379
24.91947364807129
17.29850196838379
12.591714859008789
17.61246681213379
17.93876075744629
18.53104591369629
19.44889259338379
21.86087989807129
21.31644630432129
20.09513282775879
22.05240821838379
21.13102149963379
22.71683692932129
22.93351173400879
23.18766212463379
23.57743263244629
23.37870216369629
23.22379493713379
22.90384864807129
23.31864356994629
23.53495216369629
23.40116310119629
23.93009376525879
24.03483009338379
24.08915138244629
23.61942481994629
23.22233009338379
23.47269630432129
24.15104103088379
23.96756935119629
24.02176856994629
24.18741798400879
24.13248634338379
24.04044532775879
24.02372169494629
24.36393165588379
23.12247657775879
23.81058692932129
23.24613380432129
23.46805763244629
22.88431739807129
22.78446388244629
23.21232032775879
23.43387794494629
23.26627540588379
23.67887306213379
23.32535743713379
23.31608009338379
23.69095802307129
23.86124610900879
24.41703224182129
24.61539649963379
24.37406349182129
24.62992286682129
23.89322853088379
24.48136329650879
24.45401954650879
24.64371681213379
24.63273048400879
24.45487403869629
24.38517189025879
24.34647560119629
24.66813087463379
24.64640235900879
24.53336524963379
24.11454200744629
24.22831153869629
24.18570899963379
23.68412208557129
24.75101661682129
24.38566017150879
24.56034278869629
24.86808204650879
24.64396095275879
24.73502540588379
24.40470314025879
24.36210060119629
24.70621681213379
24.53373146057129
24.82572364807129
24.66251564025879
24.70951271057129
24.60428810119629
25.03263282775879
24.72440528869629
24.96293067932129
24.06937599182129
24.66214942932129
25.01078224182129
25.12919044494629
24.87064552307129
24.55900001525879
24.90946388244629
24.44327735900879
25.12784767150879
24.96817970275879
25.48209571838379
24.62650489807129
24.37735939025879
25.27054786682129
24.30985450744629
25.10087013244629
25.44986915588379
24.91446876525879
25.22037696838379
24.95170021057129
25.33024024963379
25.05936622619629
25.20462989807129
25.33060646057129
25.14237403869629
25.38358497619629
24.88920021057129
25.03666114807129
25.49405860900879
25.72147560119629
25.54496192932129
25.37479591369629
25.18717384338379
25.76285743713379
25.69657325744629
25.39872169494629
25.32230567932129
24.88810157775879
25.91044044494629
26.01200294494629
25.71427345275879
25.21512794494629
25.20377540588379
25.05118751525879
25.60294532775879
25.07059669494629
25.36380958557129
25.93241310119629
25.07608985900879
25.55301856994629
25.52738380432129
25.45609474182129
26.00809669494629
25.62186622619629
25.26774024963379
25.34025001525879
25.87101173400879
24.91080665588379
25.76432228088379
24.91031837463379
25.70157814025879
25.22110939025879
25.17472267150879
25.77445411682129
24.95585060119629
25.05997657775879
24.97208595275879
25.72208595275879
26.36551856994629
14.606851577758789
22.08732032775879
21.61954689025879
22.90397071838379
22.83097267150879
22.99857521057129
23.10599708557129
23.17484474182129
23.19657325744629
23.79923439025879
23.33658790588379
23.73563575744629
23.69986915588379
24.00687599182129
24.07291603088379
24.19108009338379
23.16507911682129
23.28397560119629
23.79960060119629
24.09464454650879
23.45780372619629
24.45536231994629
24.65189552307129
24.49003028869629
24.69510841369629
24.65323829650879
24.79007911682129
24.45206642150879
24.71183204650879
24.85978126525879
24.55228614807129
24.86869239807129
24.36795997619629
25.16044044494629
24.91251564025879
24.65799903869629
25.35184669494629
25.18656349182129
25.17106056213379
25.25089454650879
25.45450782775879
25.28617286682129
25.13700294494629
25.78702735900879
25.60575294494629
25.86026954650879
25.47745704650879
25.91153907775879
25.88126564025879
25.68400001525879
25.17569923400879
15.313272476196289
22.23160743713379
22.97330665588379
23.65506935119629
22.95926856994629
23.78226661682129
23.53373146057129
24.03995704650879
23.64859962463379
23.85148048400879
24.45670509338379
23.67508888244629
23.30191993713379
22.93375587463379
24.72013282775879
24.59574317932129
24.58219337463379
24.40677833557129
24.88114356994629
24.47489356994629
25.26554298400879
24.48941993713379
24.96927833557129
24.90690040588379
25.44376564025879
25.32914161682129
25.69449806213379
25.78971290588379
25.57267189025879
25.90323829650879
17.24808692932129
22.92106056213379
22.06449317932129
23.06717872619629
23.50321388244629
23.77738380432129
24.82450294494629
23.45426368713379
23.23246192932129
23.23233985900879
24.20414161682129
24.66996192932129
24.25809669494629
25.12418556213379
24.90384864807129
24.46708106994629
25.00834083557129
25.43229103088379
25.18656349182129
25.29044532775879
25.50809669494629
25.48075294494629
25.74650001525879
25.06058692932129
25.92997169494629
23.01053810119629
24.12650489807129
23.68680763244629
23.51053810119629
23.56949806213379
24.40799903869629
24.29081153869629
24.36271095275879
24.66800880432129
24.34928321838379
25.26444435119629
25.52628517150879
25.37406349182129
17.34867286682129
23.19156837463379
23.12296485900879
23.03019142150879
23.78568458557129
24.27115821838379
23.50089454650879
24.67252540588379
24.21903419494629
24.53849220275879
23.80350685119629
25.19999122619629
25.14872169494629
25.24942970275879
25.67862892150879
23.34501075744629
23.26908302307129
24.23600196838379
24.43558692932129
25.33414649963379
24.82999610900879
23.48343849182129
23.48185157775879
24.69571876525879
24.39237403869629
25.40690040588379
24.99772071838379
25.25174903869629
25.24564552307129
25.46744728088379
25.67643165588379
25.79300880432129
17.68619728088379
24.79032325744629
25.35111427307129
25.12711524963379
25.38492774963379
25.72635841369629
23.93107032775879
24.14078712463379
24.50846290588379
24.47757911682129
25.14945411682129
25.68607521057129
25.93070411682129
25.82108497619629
18.54435157775879
25.43375587463379
25.05777931213379
25.46378517150879
19.55277442932129
24.52640724182129
24.86454200744629
19.36026954650879
23.86783790588379
24.42191505432129
24.50113868713379
21.26371192932129
21.55741310119629
25.80668067932129
21.72464942932129
23.89164161682129
24.64127540588379
24.08829689025879
21.94584083557129
24.05167579650879
24.71756935119629
24.62650489807129
25.32755470275879
24.65018653869629
22.23966407775879
24.15738868713379
24.16044044494629
25.64493751525879
24.42814064025879
24.09842872619629
25.69315528869629
22.23038673400879
24.03714942932129
24.89298439025879
25.38907814025879
24.26456642150879
25.49173927307129
24.51004981994629
24.83927345275879
