9.876351576561311e-42
4.00619649887085
9.255952835083008
0.2862258851528168
6.18759298324585
2.8178420066833496
10.031099319458008
9.298921585083008
7.19613790512085
20.318819046020508
7.65182638168335
19.040987014770508
19.578950881958008
21.188447952270508
21.129732131958008
16.895967483520508
21.264863967895508
20.254121780395508
21.514131546020508
17.444307327270508
21.860200881958008
21.352754592895508
13.992280960083008
15.661592483520508
16.210420608520508
21.396211624145508
21.514009475708008
18.882783889770508
20.188692092895508
21.681612014770508
21.839815139770508
21.586763381958008
20.016817092895508
21.658296585083008
21.367525100708008
21.394990921020508
21.533784866333008
21.551118850708008
21.939424514770508
21.771211624145508
21.590181350708008
21.663667678833008
7.15329122543335
15.708833694458008
1.5519729852676392
8.191011428833008
11.172578811645508
17.891450881958008
21.224824905395508
11.007417678833008
20.733491897583008
21.438692092895508
19.466646194458008
21.496675491333008
12.658784866333008
21.828096389770508
17.540742874145508
21.864229202270508
21.789278030395508
21.589815139770508
12.274751663208008
18.713838577270508
5.71872091293335
14.695161819458008
9.752779006958008
21.547700881958008
21.441499710083008
20.374116897583008
14.280000686645508
21.735689163208008
21.762056350708008
21.517183303833008
10.300752639770508
17.537202835083008
7.87497091293335
13.244234085083008
21.493623733520508
21.313936233520508
12.898286819458008
21.822114944458008
21.070283889770508
21.613985061645508
16.575654983520508
19.285493850708008
16.597627639770508
21.548921585083008
21.315767288208008
21.422090530395508
21.738862991333008
20.984468460083008
18.723970413208008
11.469453811645508
21.589815139770508
21.949434280395508
21.673555374145508
20.028413772583008
21.258394241333008
21.588106155395508
21.196016311645508
15.287446975708008
14.836397171020508
21.372529983520508
21.720674514770508
21.635957717895508
13.845186233520508
19.613496780395508
16.140230178833008
21.619844436645508
20.713350296020508
21.717256546020508
16.864229202270508
20.951875686645508
18.080171585083008
21.755586624145508
21.050630569458008
19.264375686645508
21.151582717895508
13.640352249145508
21.560640335083008
16.952608108520508
21.754365921020508
20.228487014770508
21.797700881958008
21.442964553833008
21.791353225708008
21.713228225708008
21.812349319458008
21.663179397583008
21.738985061645508
21.760469436645508
21.908540725708008
15.098360061645508
21.776948928833008
21.770723342895508
21.783784866333008
21.800386428833008
18.088106155395508
20.923311233520508
21.472505569458008
21.041719436645508
21.750337600708008
21.528047561645508
20.951021194458008
21.331270217895508
21.710786819458008
21.805391311645508
21.791109085083008
21.756685256958008
21.749971389770508
21.706514358520508
21.583223342895508
21.618257522583008
21.603731155395508
21.572114944458008
21.567232131958008
21.683931350708008
21.703828811645508
21.806856155395508
21.834566116333008
21.872529983520508
21.979951858520508
22.031465530395508
5.14535665512085
5.48166036605835
4.65365743637085
7.15487813949585
5.26571798324585
9.000581741333008
11.090303421020508
8.312349319458008
11.958711624145508
11.055635452270508
5.02658224105835
8.422945022583008
12.491304397583008
6.50570821762085
13.791841506958008
7.88681173324585
10.414522171020508
17.673067092895508
7.65744161605835
17.208711624145508
15.268281936645508
8.489717483520508
5.03183126449585
18.235567092895508
16.415620803833008
15.328584671020508
10.716768264770508
13.022432327270508
15.911226272583008
6.23751974105835
16.748262405395508
13.959321975708008
16.678438186645508
13.858247756958008
5.11093282699585
6.02365255355835
4.02609395980835
10.045259475708008
10.997529983520508
4.03549337387085
10.852998733520508
10.333711624145508
16.082368850708008
10.176973342895508
12.574922561645508
6.67086935043335
18.132783889770508
11.062715530395508
17.696504592895508
5.89096212387085
6.90207052230835
14.082246780395508
8.542573928833008
18.358736038208008
12.919282913208008
5.38998556137085
9.982881546020508
19.255952835083008
13.635713577270508
8.871675491333008
12.308443069458008
12.007661819458008
13.844331741333008
7.15207052230835
15.472383499145508
9.129854202270508
9.005098342895508
16.729585647583008
15.268526077270508
11.245210647583008
12.966524124145508
13.330781936645508
10.389619827270508
13.709566116333008
16.577363967895508
14.090303421020508
14.246553421020508
17.446016311645508
18.022432327270508
12.450044631958008
17.385347366333008
13.213838577270508
18.738618850708008
14.234346389770508
18.322725296020508
15.206636428833008
15.898897171020508
17.081270217895508
15.910982131958008
16.461275100708008
16.917085647583008
17.630586624145508
18.213350296020508
18.850435256958008
19.026460647583008
19.365327835083008
11.640718460083008
12.303194046020508
10.841646194458008
8.084932327270508
8.290742874145508
8.651460647583008
8.775484085083008
8.775239944458008
5.28939962387085
5.46969747543335
8.041475296020508
12.490694046020508
10.266206741333008
11.155122756958008
10.440645217895508
10.521333694458008
5.69198751449585
7.00753927230835
8.161592483520508
6.12912130355835
9.967866897583008
13.054048538208008
12.414644241333008
5.86728048324585
10.290987014770508
13.415987014770508
9.783784866333008
11.017915725708008
7.66891622543335
13.036470413208008
8.527925491333008
9.838594436645508
9.728242874145508
11.221895217895508
5.85324239730835
10.706026077270508
7.53878927230835
11.775484085083008
11.051362991333008
9.682954788208008
7.33700704574585
11.600801467895508
9.678194046020508
5.86264181137085
10.373750686645508
7.90658712387085
8.021455764770508
6.43686056137085
6.69394063949585
8.419649124145508
10.800386428833008
7.20858907699585
10.373628616333008
10.725679397583008
8.842622756958008
7.18124532699585
10.533784866333008
8.549654006958008
6.19491720199585
8.947969436645508
9.661470413208008
9.511079788208008
10.721284866333008
10.136568069458008
8.875581741333008
10.647798538208008
9.776826858520508
10.908296585083008
10.216402053833008
10.529024124145508
10.402803421020508
10.094453811645508
10.315279006958008
10.352022171020508
10.175508499145508
10.166597366333008
10.157686233520508
9.627901077270508
9.942110061645508
9.274385452270508
11.290132522583008
12.212373733520508
12.474458694458008
13.619234085083008
13.733491897583008
15.632661819458008
13.755586624145508
10.653902053833008
11.450288772583008
14.706148147583008
11.758516311645508
15.132417678833008
16.421724319458008
14.180147171020508
11.820772171020508
14.944673538208008
16.340913772583008
18.302461624145508
17.840059280395508
20.015962600708008
17.163911819458008
19.182344436645508
20.048067092895508
20.381807327270508
20.229707717895508
18.496553421020508
18.935762405395508
19.911470413208008
12.631319046020508
11.051851272583008
14.721773147583008
16.229463577270508
17.560152053833008
17.513765335083008
13.145479202270508
18.239229202270508
17.394990921020508
20.034151077270508
19.874116897583008
18.742647171020508
19.741914749145508
12.784029006958008
15.371553421020508
17.087739944458008
14.838228225708008
18.178804397583008
13.786958694458008
14.772798538208008
18.557710647583008
17.163057327270508
18.514863967895508
15.496919631958008
13.673677444458008
17.860200881958008
15.875947952270508
15.512178421020508
20.030244827270508
16.592256546020508
17.351655960083008
16.290376663208008
17.367769241333008
17.972627639770508
17.811250686645508
20.044527053833008
18.697725296020508
18.786592483520508
19.798311233520508
18.467012405395508
18.806367874145508
19.757539749145508
20.217012405395508
18.771211624145508
19.714326858520508
20.125581741333008
19.090547561645508
18.999849319458008
20.214937210083008
20.051729202270508
19.585420608520508
14.440889358520508
14.696870803833008
15.776338577270508
15.921724319458008
16.519258499145508
16.900239944458008
17.306245803833008
17.277070999145508
17.360811233520508
17.534029006958008
17.587617874145508
18.208345413208008
18.467256546020508
18.467988967895508
18.737276077270508
18.979097366333008
19.363252639770508
19.570650100708008
19.740938186645508
19.597993850708008
19.681978225708008
11.989351272583008
10.818941116333008
8.285860061645508
15.835664749145508
18.356538772583008
14.722383499145508
14.745943069458008
19.149507522583008
19.531465530395508
10.766572952270508
17.118013381958008
17.338228225708008
15.419160842895508
19.173311233520508
19.719942092895508
14.306245803833008
18.559907913208008
14.540132522583008
15.855562210083008
15.370576858520508
12.095430374145508
19.113374710083008
17.681856155395508
18.063081741333008
18.782197952270508
13.496431350708008
19.190523147583008
17.266084671020508
19.073945999145508
18.153902053833008
19.620210647583008
19.024263381958008
19.606416702270508
19.542451858520508
19.482881546020508
19.461641311645508
19.474702835083008
19.696382522583008
18.739839553833008
16.092256546020508
15.453706741333008
18.748750686645508
15.446504592895508
16.490571975708008
19.216768264770508
15.781465530395508
19.170015335083008
19.254732131958008
17.289278030395508
19.305635452270508
19.343111038208008
19.452363967895508
19.599092483520508
19.951631546020508
19.569551467895508
20.063570022583008
19.782075881958008
20.139619827270508
19.924898147583008
20.339326858520508
20.092622756958008
20.426240921020508
20.511568069458008
20.645601272583008
15.999116897583008
18.912446975708008
14.908540725708008
18.825899124145508
16.136201858520508
17.397310256958008
19.114229202270508
20.297822952270508
19.748872756958008
19.818452835083008
19.914400100708008
20.046846389770508
20.344820022583008
20.443208694458008
18.011690139770508
19.280733108520508
19.002290725708008
19.347017288208008
20.131196975708008
20.374605178833008
20.490327835083008
19.454683303833008
18.191499710083008
16.261323928833008
19.718599319458008
20.097871780395508
20.133028030395508
20.483980178833008
20.566377639770508
19.381074905395508
17.588716506958008
17.505464553833008
19.591279983520508
20.380830764770508
20.481416702270508
19.542695999145508
19.497163772583008
20.345308303833008
19.940523147583008
19.533418655395508
20.064180374145508
19.863008499145508
18.577730178833008
20.364473342895508
20.567598342895508
19.478609085083008
19.953096389770508
20.627656936645508
19.805269241333008
20.022798538208008
19.934663772583008
20.292207717895508
20.383760452270508
20.215303421020508
20.263521194458008
20.385225296020508
20.381441116333008
19.859346389770508
19.940279006958008
20.021577835083008
20.225313186645508
20.403657913208008
20.515108108520508
20.462129592895508
20.597993850708008
20.934785842895508
17.305757522583008
16.686128616333008
17.165864944458008
17.719697952270508
17.973115921020508
18.018526077270508
18.045259475708008
18.235200881958008
18.790254592895508
18.689912796020508
17.801973342895508
17.893770217895508
18.366426467895508
18.531343460083008
17.853364944458008
18.425142288208008
18.659273147583008
17.711030960083008
18.981416702270508
18.615694046020508
19.097993850708008
19.042573928833008
19.185152053833008
18.525117874145508
18.921113967895508
18.738374710083008
18.813814163208008
19.214693069458008
18.766572952270508
19.327608108520508
18.427583694458008
19.334077835083008
19.171113967895508
19.860445022583008
18.754121780395508
18.949800491333008
19.824556350708008
19.730073928833008
20.233491897583008
20.389009475708008
21.283540725708008
21.219209671020508
20.657442092895508
20.914522171020508
21.893648147583008
22.132905960083008
22.249605178833008
19.307344436645508
20.477998733520508
21.405366897583008
21.692842483520508
21.945772171020508
18.893281936645508
20.052461624145508
19.518526077270508
20.314790725708008
21.482393264770508
22.038057327270508
19.277681350708008
21.674654006958008
21.863985061645508
20.087617874145508
21.749605178833008
19.661958694458008
19.183198928833008
19.545015335083008
20.180513381958008
20.816133499145508
20.771089553833008
21.439668655395508
21.433565139770508
21.788179397583008
21.996553421020508
21.646211624145508
9.780244827270508
6.75631856918335
9.846895217895508
10.524385452270508
11.191621780395508
12.197114944458008
13.745210647583008
13.222505569458008
12.837007522583008
14.088106155395508
13.566133499145508
14.589204788208008
14.369356155395508
14.403535842895508
14.543672561645508
14.610689163208008
15.604829788208008
14.927583694458008
15.895601272583008
14.305635452270508
16.186983108520508
15.339937210083008
15.469087600708008
15.612886428833008
16.001558303833008
16.546480178833008
16.783174514770508
16.126924514770508
15.705781936645508
15.981538772583008
15.920015335083008
16.310274124145508
16.058931350708008
16.672456741333008
15.987764358520508
15.589815139770508
16.064302444458008
16.367403030395508
16.151216506958008
15.665376663208008
15.588594436645508
16.105195999145508
15.850801467895508
16.921480178833008
16.571504592895508
16.296724319458008
16.698335647583008
16.382539749145508
18.322847366333008
17.396699905395508
17.695650100708008
18.571016311645508
17.807344436645508
18.547334671020508
18.359834671020508
18.556978225708008
18.293794631958008
18.129610061645508
17.953950881958008
17.968965530395508
18.198945999145508
18.794649124145508
18.682466506958008
18.272798538208008
18.633150100708008
18.308809280395508
18.453218460083008
18.994478225708008
18.657075881958008
18.553926467895508
19.150117874145508
19.162813186645508
19.218111038208008
19.334688186645508
18.693086624145508
18.520967483520508
19.167573928833008
18.777070999145508
19.298799514770508
18.706026077270508
18.799776077270508
18.771821975708008
19.529268264770508
18.860689163208008
19.536592483520508
19.654146194458008
19.109712600708008
20.036470413208008
19.755220413208008
19.520601272583008
19.125825881958008
19.564668655395508
19.726778030395508
20.050142288208008
20.357393264770508
20.226533889770508
19.815401077270508
20.245576858520508
20.323701858520508
20.364595413208008
20.876680374145508
20.339448928833008
20.747407913208008
20.421968460083008
21.910860061645508
20.591524124145508
21.101411819458008
20.737276077270508
22.197237014770508
20.799287796020508
20.647310256958008
22.457246780395508
22.432344436645508
20.991670608520508
21.252046585083008
20.951753616333008
21.097139358520508
22.337862014770508
21.261934280395508
21.313325881958008
22.474580764770508
22.438081741333008
22.592744827270508
21.602144241333008
21.572725296020508
21.303560256958008
22.584810256958008
22.603731155395508
22.530366897583008
21.846651077270508
22.738130569458008
22.799409866333008
21.444795608520508
22.721162796020508
22.650606155395508
23.221284866333008
22.529878616333008
22.274019241333008
23.380342483520508
23.071992874145508
22.895112991333008
22.550020217895508
23.143526077270508
22.497285842895508
22.957124710083008
22.876314163208008
22.948457717895508
23.042085647583008
23.107149124145508
22.908906936645508
22.936006546020508
23.437715530395508
23.794893264770508
24.009370803833008
7.48410177230835
13.959321975708008
13.732637405395508
15.270112991333008
14.435762405395508
14.303438186645508
15.073945999145508
15.830293655395508
16.189546585083008
14.579927444458008
16.719087600708008
16.335176467895508
17.037080764770508
16.024995803833008
16.272798538208008
16.326387405395508
15.467500686645508
15.742158889770508
16.439058303833008
16.696504592895508
17.435029983520508
17.456148147583008
17.818086624145508
18.646577835083008
18.462373733520508
18.572603225708008
19.107393264770508
18.622285842895508
19.278902053833008
19.318574905395508
18.598360061645508
19.597383499145508
18.945283889770508
19.707857131958008
19.873872756958008
20.171968460083008
20.354097366333008
22.143159866333008
20.680391311645508
21.635103225708008
21.429414749145508
22.466402053833008
22.498384475708008
21.796480178833008
22.144258499145508
23.304170608520508
22.784883499145508
22.522432327270508
22.536226272583008
23.438447952270508
23.604707717895508
7.34494161605835
14.300142288208008
14.764253616333008
14.722139358520508
15.703096389770508
14.559297561645508
16.930269241333008
15.786714553833008
17.125093460083008
16.487642288208008
16.217988967895508
15.357515335083008
15.712373733520508
16.253511428833008
17.828340530395508
18.246919631958008
17.752534866333008
18.605562210083008
19.350435256958008
18.825654983520508
20.117403030395508
19.086641311645508
20.673555374145508
20.892183303833008
20.946016311645508
22.407075881958008
22.415742874145508
22.789155960083008
23.785737991333008
23.634737014770508
9.218965530395508
14.955415725708008
14.319429397583008
14.608736038208008
16.742525100708008
17.161470413208008
16.148286819458008
15.919038772583008
16.534517288208008
16.210908889770508
17.385347366333008
18.199922561645508
18.145723342895508
19.651704788208008
19.342866897583008
19.029024124145508
21.284517288208008
20.468843460083008
22.098726272583008
22.549409866333008
23.163179397583008
23.314790725708008
22.752901077270508
22.926851272583008
23.474702835083008
14.686616897583008
15.873994827270508
16.931123733520508
15.526826858520508
16.002046585083008
17.337373733520508
17.433198928833008
17.986055374145508
18.570405960083008
18.624483108520508
20.286592483520508
23.202608108520508
22.811861038208008
9.269502639770508
14.926485061645508
15.000215530395508
16.104341506958008
16.953462600708008
16.065156936645508
15.696382522583008
17.710786819458008
17.440279006958008
17.786714553833008
18.944673538208008
19.775728225708008
22.774385452270508
22.759981155395508
23.117525100708008
15.313936233520508
15.621065139770508
17.551485061645508
17.697603225708008
19.900117874145508
19.829805374145508
15.244722366333008
16.155122756958008
18.157564163208008
17.992891311645508
20.172090530395508
20.181612014770508
22.053682327270508
22.800874710083008
23.178194046020508
22.613618850708008
22.825899124145508
9.905855178833008
18.962129592895508
20.288911819458008
22.570894241333008
22.959932327270508
22.341402053833008
16.167940139770508
17.829683303833008
18.467988967895508
18.214693069458008
22.571748733520508
22.607027053833008
22.276826858520508
23.020601272583008
10.482271194458008
20.291231155395508
20.178560256958008
22.371797561645508
11.130098342895508
16.095186233520508
19.164522171020508
11.827119827270508
14.836763381958008
18.656221389770508
18.511445999145508
12.947725296020508
13.432100296020508
22.933809280395508
13.691621780395508
18.383394241333008
18.628633499145508
18.425996780395508
14.094209671020508
18.529146194458008
18.793306350708008
18.943330764770508
20.387910842895508
18.957979202270508
14.471162796020508
18.486909866333008
18.941865921020508
22.729951858520508
18.577241897583008
19.075044631958008
23.227876663208008
14.543550491333008
15.992158889770508
19.015108108520508
20.530000686645508
19.722871780395508
21.024263381958008
18.675752639770508
19.657564163208008
