9.876351576561311e-42
4.228112697601318
9.470788955688477
2.7589964866638184
6.116906642913818
2.0848021507263184
11.180139541625977
11.453210830688477
7.200280666351318
23.062341690063477
8.429162979125977
22.132898330688477
21.994348526000977
24.058923721313477
23.450403213500977
20.869348526000977
24.414514541625977
23.578577041625977
24.469202041625977
21.144861221313477
24.558801651000977
24.557947158813477
13.782800674438477
17.330163955688477
16.722864151000977
24.481775283813477
24.526086807250977
22.935754776000977
23.716150283813477
24.568567276000977
24.857385635375977
25.085168838500977
22.184534072875977
24.715539932250977
24.235559463500977
24.349695205688477
23.737878799438477
23.806848526000977
24.622034072875977
23.972742080688477
23.860559463500977
23.705041885375977
7.475427150726318
17.071374893188477
2.1352171897888184
9.232873916625977
13.021203994750977
21.433801651000977
23.967248916625977
13.672693252563477
22.888269424438477
24.593957901000977
22.501794815063477
24.405969619750977
12.235193252563477
24.542444229125977
20.054407119750977
25.023645401000977
24.669641494750977
24.445398330688477
12.974328994750977
20.676599502563477
6.910974025726318
17.698816299438477
11.717370986938477
24.515710830688477
24.382532119750977
23.450525283813477
15.631677627563477
24.902185440063477
24.860193252563477
23.513513565063477
11.703088760375977
19.068078994750977
8.915613174438477
16.642541885375977
24.716150283813477
24.489343643188477
14.941736221313477
24.867029190063477
24.111658096313477
23.503015518188477
18.656702041625977
21.940637588500977
20.324914932250977
24.634241104125977
24.478601455688477
24.536584854125977
24.610681533813477
24.400354385375977
21.803796768188477
14.288660049438477
24.403894424438477
24.632898330688477
23.511072158813477
23.073816299438477
24.410730361938477
24.971521377563477
24.431360244750977
17.902917861938477
18.632410049438477
24.461267471313477
23.761316299438477
24.053186416625977
16.507165908813477
22.764001846313477
19.705041885375977
24.782068252563477
24.271448135375977
24.646448135375977
20.627038955688477
23.280115127563477
22.011072158813477
24.708703994750977
23.464319229125977
23.058435440063477
24.486291885375977
16.746301651000977
24.633874893188477
20.128747940063477
23.993005752563477
24.050012588500977
25.026453018188477
24.665369033813477
24.862634658813477
24.040979385375977
24.984094619750977
24.142419815063477
24.867639541625977
24.882410049438477
24.834436416625977
18.737878799438477
24.682947158813477
24.608972549438477
24.456872940063477
24.494348526000977
21.462488174438477
23.798669815063477
23.862024307250977
24.291467666625977
23.935876846313477
24.633386611938477
24.146448135375977
24.256189346313477
24.314538955688477
24.315149307250977
24.346277236938477
24.375818252563477
24.324060440063477
24.367883682250977
24.492273330688477
24.375818252563477
24.455652236938477
24.438562393188477
24.807947158813477
25.119104385375977
25.032800674438477
24.910120010375977
24.815149307250977
24.727991104125977
24.680017471313477
24.672937393188477
7.245568752288818
9.050500869750977
5.926721096038818
8.507287979125977
6.167809963226318
9.483484268188477
12.745447158813477
9.871423721313477
13.227624893188477
13.554162979125977
5.478723049163818
10.103357315063477
15.501184463500977
5.756799221038818
16.974084854125977
8.877283096313477
12.653284072875977
20.869958877563477
9.482751846313477
20.746789932250977
18.880212783813477
10.070642471313477
2.3333373069763184
20.920007705688477
18.229822158813477
16.611169815063477
11.451013565063477
14.818445205688477
17.050012588500977
5.590661525726318
18.388391494750977
15.930261611938477
17.946985244750977
15.421838760375977
7.807214260101318
8.701623916625977
6.145104885101318
10.034875869750977
11.977014541625977
6.091271877288818
13.128747940063477
12.788660049438477
19.307336807250977
11.780359268188477
15.587488174438477
8.106531143188477
21.560632705688477
14.101892471313477
21.076257705688477
8.433557510375977
9.252771377563477
17.995447158813477
9.967615127563477
21.431604385375977
15.825891494750977
8.577234268188477
12.717981338500977
22.222131729125977
16.850671768188477
10.755701065063477
15.465295791625977
13.418298721313477
16.699304580688477
9.162927627563477
18.895349502563477
10.430383682250977
11.159753799438477
20.134241104125977
17.290369033813477
12.547082901000977
15.272546768188477
15.235803604125977
12.615808486938477
18.411706924438477
18.677698135375977
18.048669815063477
17.876184463500977
19.175012588500977
19.853113174438477
15.103479385375977
18.961511611938477
15.948328018188477
21.490442276000977
17.375207901000977
21.116540908813477
18.689538955688477
19.594324111938477
20.712488174438477
19.406335830688477
19.981409072875977
20.267786026000977
20.858850479125977
21.276697158813477
21.673669815063477
21.936975479125977
22.324792861938477
17.192224502563477
18.141565322875977
17.581872940063477
12.831262588500977
11.959436416625977
12.314905166625977
12.241052627563477
12.612024307250977
5.712365627288818
6.543420314788818
8.563318252563477
17.843591690063477
15.399011611938477
16.298425674438477
16.119714736938477
15.812341690063477
6.246545314788818
7.681848049163818
9.320520401000977
8.030969619750977
11.568689346313477
15.935388565063477
15.368371963500977
9.097009658813477
10.149621963500977
15.510217666625977
10.821741104125977
17.252771377563477
12.817468643188477
19.190637588500977
13.145593643188477
13.919275283813477
14.659021377563477
17.368249893188477
6.254357814788818
14.934778213500977
10.255945205688477
14.875940322875977
10.699060440063477
11.197473526000977
12.874719619750977
18.235681533813477
15.101404190063477
6.620568752288818
12.090539932250977
10.624841690063477
13.918542861938477
7.320641994476318
9.925256729125977
14.241907119750977
13.159753799438477
11.230554580688477
16.776086807250977
15.593347549438477
14.546716690063477
8.773401260375977
16.259119033813477
12.401819229125977
7.717736721038818
11.859216690063477
12.034509658813477
12.573572158813477
16.194055557250977
12.946252822875977
10.350183486938477
14.099817276000977
12.369226455688477
16.131311416625977
14.184900283813477
16.207117080688477
15.209436416625977
13.884241104125977
14.913660049438477
16.086633682250977
15.664270401000977
16.012414932250977
16.268640518188477
15.545373916625977
15.402673721313477
14.865930557250977
18.321130752563477
19.192712783813477
18.862634658813477
19.794763565063477
19.205896377563477
20.213830947875977
18.556604385375977
15.286218643188477
15.533411026000977
19.792688369750977
16.496912002563477
20.384485244750977
21.852258682250977
16.851648330688477
12.181848526000977
17.979700088500977
22.082117080688477
22.998987197875977
21.882898330688477
22.854455947875977
20.900354385375977
22.654504776000977
22.661340713500977
22.684534072875977
22.435022354125977
21.336999893188477
21.714563369750977
22.164270401000977
17.008386611938477
15.781579971313477
19.978723526000977
19.494348526000977
22.853479385375977
21.653406143188477
15.023157119750977
21.618127822875977
20.825525283813477
22.828454971313477
22.270959854125977
21.490808486938477
22.244592666625977
17.746423721313477
18.345178604125977
20.412805557250977
18.615686416625977
21.293787002563477
18.994226455688477
19.811487197875977
22.138269424438477
20.949670791625977
22.731775283813477
20.743005752563477
16.980554580688477
21.614343643188477
20.933557510375977
19.491052627563477
22.837976455688477
21.546838760375977
21.837610244750977
21.959558486938477
22.345178604125977
22.413537979125977
23.126916885375977
22.789148330688477
23.515588760375977
22.962488174438477
22.901086807250977
21.883630752563477
22.200403213500977
22.707239151000977
22.819055557250977
21.907068252563477
22.510217666625977
22.825891494750977
22.317468643188477
22.045129776000977
22.648523330688477
22.348840713500977
22.086877822875977
20.244470596313477
20.141321182250977
20.455163955688477
20.547571182250977
20.958948135375977
21.156824111938477
21.241174697875977
20.994226455688477
21.049158096313477
21.272668838500977
21.172204971313477
21.477380752563477
21.682336807250977
21.487024307250977
21.666955947875977
21.721521377563477
21.696496963500977
21.769006729125977
22.006555557250977
22.212976455688477
22.536096572875977
12.956140518188477
11.373498916625977
9.383264541625977
20.693323135375977
22.554895401000977
18.613245010375977
18.477258682250977
22.472497940063477
22.482019424438477
12.142786026000977
22.162805557250977
21.725793838500977
19.156091690063477
22.566736221313477
22.798547744750977
18.779016494750977
22.642297744750977
19.172327041625977
20.972375869750977
20.335290908813477
14.266687393188477
22.741174697875977
22.278039932250977
22.215295791625977
22.478967666625977
16.516687393188477
22.550989151000977
22.196130752563477
23.007287979125977
22.846155166625977
22.968225479125977
22.922082901000977
22.676477432250977
22.478601455688477
22.450525283813477
22.646448135375977
22.817590713500977
23.030603408813477
21.772790908813477
20.357141494750977
17.999597549438477
22.311487197875977
17.549890518188477
20.410608291625977
22.380823135375977
18.806116104125977
22.577600479125977
22.686609268188477
20.776453018188477
23.023157119750977
22.876306533813477
22.651575088500977
23.292444229125977
22.898035049438477
22.506433486938477
23.164514541625977
22.971643447875977
23.135705947875977
22.743860244750977
23.400842666625977
23.053308486938477
23.411828994750977
23.395593643188477
24.227258682250977
19.594446182250977
22.010950088500977
17.094079971313477
22.373132705688477
19.312463760375977
20.967248916625977
22.940149307250977
23.621789932250977
22.909753799438477
22.854455947875977
22.915246963500977
22.871423721313477
23.478479385375977
23.586267471313477
21.900110244750977
22.087976455688477
22.503381729125977
22.609338760375977
22.825037002563477
23.835290908813477
23.964929580688477
22.138025283813477
22.055749893188477
19.103357315063477
22.816858291625977
23.127405166625977
22.895837783813477
24.245203018188477
24.206262588500977
22.404748916625977
20.992517471313477
21.492029190063477
22.988733291625977
23.120203018188477
24.257654190063477
23.595788955688477
23.404138565063477
23.482629776000977
22.850061416625977
22.725549697875977
22.963098526000977
23.277063369750977
22.297082901000977
23.299768447875977
24.247644424438477
22.944177627563477
23.086633682250977
24.183435440063477
22.940393447875977
22.929651260375977
22.894861221313477
23.847742080688477
23.007776260375977
22.961999893188477
23.599939346313477
23.889856338500977
23.906213760375977
22.948694229125977
22.905237197875977
23.010217666625977
23.746667861938477
24.169275283813477
24.094202041625977
23.848840713500977
24.099573135375977
24.505701065063477
21.611658096313477
21.170740127563477
21.668420791625977
21.857629776000977
22.105676651000977
22.223474502563477
22.227991104125977
22.477014541625977
22.929407119750977
22.725793838500977
21.761560440063477
22.075525283813477
22.500329971313477
22.614465713500977
21.859582901000977
22.820520401000977
22.661706924438477
21.884973526000977
23.012292861938477
22.683679580688477
23.262781143188477
23.112878799438477
23.362024307250977
22.922082901000977
23.169763565063477
23.153039932250977
23.157800674438477
23.347375869750977
23.049280166625977
23.387659072875977
21.923181533813477
23.119714736938477
23.289270401000977
23.312463760375977
22.026819229125977
21.829065322875977
23.510583877563477
22.269372940063477
23.829553604125977
22.362024307250977
23.619958877563477
24.481531143188477
22.666711807250977
22.657922744750977
23.358850479125977
23.762414932250977
22.889856338500977
22.769006729125977
23.635583877563477
23.762048721313477
23.637903213500977
23.986780166625977
22.399621963500977
23.419031143188477
22.467370986938477
22.933801651000977
23.534143447875977
23.518152236938477
23.089441299438477
23.667078018188477
23.790246963500977
23.099451065063477
23.818323135375977
23.471765518188477
23.099328994750977
23.448938369750977
23.761072158813477
23.917688369750977
23.659021377563477
23.578088760375977
23.594324111938477
24.009119033813477
24.216760635375977
24.307947158813477
15.342004776000977
13.106775283813477
16.259973526000977
16.494470596313477
16.534753799438477
17.206262588500977
17.306238174438477
17.703699111938477
18.008508682250977
17.662195205688477
18.990198135375977
18.188318252563477
18.152551651000977
18.468347549438477
18.766687393188477
18.789514541625977
19.944055557250977
18.754724502563477
20.272790908813477
18.665369033813477
20.442102432250977
19.939905166625977
20.081628799438477
20.058679580688477
19.743494033813477
20.328210830688477
20.800500869750977
19.865564346313477
20.459802627563477
20.721521377563477
19.977502822875977
21.002649307250977
19.947473526000977
20.990686416625977
19.987146377563477
19.956995010375977
20.180871963500977
20.016321182250977
20.680871963500977
20.403406143188477
20.299646377563477
19.977014541625977
20.459192276000977
19.972986221313477
20.434412002563477
21.014001846313477
20.055749893188477
21.100183486938477
21.487390518188477
21.863611221313477
20.984216690063477
22.682580947875977
22.225915908813477
21.938440322875977
22.381311416625977
22.749231338500977
22.694055557250977
22.289880752563477
21.265222549438477
21.199670791625977
21.495813369750977
23.158166885375977
23.050256729125977
21.893396377563477
22.537439346313477
21.491907119750977
22.008386611938477
22.863122940063477
22.696496963500977
22.456262588500977
22.931970596313477
23.713708877563477
23.786951065063477
23.079919815063477
22.470788955688477
22.229822158813477
22.703088760375977
22.641931533813477
23.855798721313477
23.142908096313477
23.114953994750977
23.102014541625977
22.661828994750977
23.445154190063477
24.083459854125977
23.835290908813477
22.826623916625977
24.611658096313477
24.607995986938477
24.199426651000977
22.877527236938477
22.691125869750977
23.813074111938477
23.243616104125977
24.362512588500977
23.548181533813477
23.790124893188477
23.878137588500977
23.352991104125977
24.010828018188477
24.353723526000977
24.004846572875977
24.437463760375977
23.695398330688477
24.411096572875977
23.936487197875977
24.626428604125977
24.008020401000977
24.035364151000977
24.336267471313477
24.233728408813477
23.894617080688477
24.088342666625977
24.201868057250977
24.826990127563477
24.640222549438477
24.493616104125977
25.096887588500977
24.588708877563477
24.558923721313477
24.165246963500977
24.959680557250977
23.920373916625977
24.434778213500977
24.508508682250977
24.387170791625977
24.699670791625977
24.391809463500977
24.172693252563477
24.667078018188477
23.977380752563477
24.768884658813477
24.529016494750977
23.757898330688477
24.186120986938477
24.293664932250977
24.218103408813477
24.562219619750977
24.166711807250977
23.851648330688477
23.862512588500977
24.487024307250977
23.447107315063477
24.253625869750977
23.585535049438477
24.124963760375977
23.926843643188477
23.657678604125977
24.166833877563477
23.362024307250977
23.524988174438477
23.054407119750977
23.765222549438477
24.064538955688477
13.921960830688477
17.461877822875977
18.184656143188477
19.821863174438477
18.156946182250977
18.218713760375977
19.242395401000977
20.052087783813477
20.279626846313477
19.087366104125977
20.539514541625977
20.222986221313477
20.927820205688477
20.620325088500977
20.715662002563477
20.477869033813477
19.832727432250977
20.564538955688477
21.010583877563477
21.440637588500977
20.213953018188477
21.856897354125977
22.168298721313477
22.911584854125977
22.639734268188477
22.628870010375977
23.458337783813477
22.699670791625977
23.944421768188477
23.722742080688477
22.746667861938477
24.136560440063477
23.118494033813477
22.843347549438477
23.574426651000977
24.120203018188477
23.565393447875977
24.309534072875977
24.159509658813477
25.034387588500977
24.924524307250977
24.701135635375977
24.519861221313477
24.486658096313477
24.762903213500977
24.147546768188477
24.146081924438477
24.506311416625977
24.541589736938477
23.877527236938477
23.125818252563477
14.315027236938477
17.888513565063477
18.726892471313477
19.081262588500977
19.929407119750977
18.907556533813477
20.651086807250977
20.419153213500977
20.733850479125977
20.284021377563477
20.516809463500977
19.652917861938477
20.158655166625977
19.832483291625977
22.134363174438477
22.612146377563477
21.019372940063477
22.948572158813477
22.844079971313477
22.869226455688477
23.406335830688477
23.495447158813477
24.543298721313477
24.525110244750977
24.330408096313477
24.355188369750977
24.820886611938477
24.402063369750977
23.642541885375977
23.921716690063477
15.354211807250977
18.894983291625977
18.730676651000977
18.619226455688477
20.569910049438477
20.816614151000977
20.348596572875977
20.153284072875977
19.990564346313477
21.036584854125977
20.988000869750977
22.480554580688477
21.261804580688477
23.056238174438477
23.907922744750977
22.947107315063477
24.699670791625977
23.891199111938477
24.414880752563477
24.735559463500977
23.901086807250977
24.152551651000977
24.388879776000977
23.841272354125977
24.178430557250977
18.635705947875977
20.272668838500977
20.647180557250977
19.730676651000977
20.038782119750977
21.935754776000977
21.614831924438477
21.153894424438477
22.845056533813477
22.945032119750977
23.526086807250977
24.083093643188477
23.958581924438477
15.767541885375977
19.032556533813477
19.091394424438477
20.092615127563477
20.665002822875977
20.514612197875977
19.930749893188477
22.067834854125977
20.729333877563477
21.943078994750977
23.064050674438477
22.857141494750977
24.334558486938477
24.005701065063477
24.019250869750977
19.354333877563477
19.734949111938477
20.687952041625977
21.271936416625977
23.013147354125977
23.669397354125977
19.313928604125977
20.067346572875977
22.234460830688477
21.548547744750977
23.473596572875977
23.965906143188477
24.635705947875977
24.574548721313477
24.402063369750977
24.375940322875977
24.281457901000977
16.021936416625977
23.193567276000977
23.538049697875977
24.894861221313477
24.187219619750977
24.483606338500977
19.876062393188477
20.816736221313477
22.672815322875977
21.618982315063477
25.047204971313477
24.874963760375977
24.621545791625977
24.362878799438477
16.164636611938477
23.617761611938477
23.869714736938477
25.201013565063477
16.423059463500977
20.377893447875977
23.550012588500977
16.731164932250977
19.360681533813477
23.017053604125977
22.399377822875977
17.330408096313477
17.275720596313477
24.408533096313477
17.590784072875977
21.707605361938477
22.972620010375977
21.881555557250977
18.006555557250977
22.203088760375977
23.326501846313477
23.412805557250977
23.590784072875977
23.262170791625977
18.158166885375977
22.321374893188477
23.447229385375977
24.259973526000977
22.517053604125977
23.679285049438477
24.398889541625977
18.495569229125977
19.746667861938477
23.410242080688477
23.860803604125977
23.585779190063477
24.600549697875977
22.717493057250977
24.188562393188477
