9.876351576561311e-42
5.9233717918396
11.322298049926758
3.7492995262145996
8.398347854614258
4.1318678855896
12.822420120239258
13.180696487426758
9.293611526489258
23.567415237426758
9.612825393676758
23.201814651489258
23.299592971801758
25.048250198364258
24.079500198364258
21.914583206176758
26.125276565551758
24.376375198364258
26.036531448364258
22.116853713989258
25.384431838989258
26.027009963989258
15.127229690551758
18.477449417114258
18.045930862426758
26.010530471801758
25.863557815551758
24.112459182739258
25.216463088989258
26.238069534301758
25.783357620239258
26.228548049926758
23.542024612426758
25.192781448364258
25.966463088989258
25.953523635864258
25.636629104614258
25.700105667114258
26.092439651489258
25.899568557739258
25.625154495239258
25.673494338989258
9.228914260864258
18.621370315551758
3.6813063621520996
11.237092971801758
14.912996292114258
22.144319534301758
24.841829299926758
14.644441604614258
23.979524612426758
26.010164260864258
23.234529495239258
25.903230667114258
13.719392776489258
25.474519729614258
21.329378128051758
25.633577346801758
26.193635940551758
25.746370315551758
14.777864456176758
21.969758987426758
8.480379104614258
19.099031448364258
12.752107620239258
25.751008987426758
25.956087112426758
24.103303909301758
16.895784378051758
25.768587112426758
25.588045120239258
25.529573440551758
13.495759963989258
20.151155471801758
10.546419143676758
18.345979690551758
25.911043167114258
26.093782424926758
16.546907424926758
25.633455276489258
25.853425979614258
25.533845901489258
19.752473831176758
22.525300979614258
21.592073440551758
26.030550003051758
26.062288284301758
25.988679885864258
25.563386917114258
26.005037307739258
22.373445510864258
16.009431838989258
25.990144729614258
25.578889846801758
25.479768753051758
23.772249221801758
26.099153518676758
26.186800003051758
26.057405471801758
19.115999221801758
19.960115432739258
26.049348831176758
25.484407424926758
25.543245315551758
17.896272659301758
23.669588088989258
20.730134963989258
26.177644729614258
25.837068557739258
25.502840042114258
21.519197463989258
24.242097854614258
23.020540237426758
25.441072463989258
24.263582229614258
24.039827346801758
25.995271682739258
18.164339065551758
25.875642776489258
21.446687698364258
24.842195510864258
25.047395706176758
25.529329299926758
25.644929885864258
25.222688674926758
24.868318557739258
25.359529495239258
25.137605667114258
26.117097854614258
25.161165237426758
25.540193557739258
20.282869338989258
25.597566604614258
25.639680862426758
25.635408401489258
25.590242385864258
22.832063674926758
24.868806838989258
25.125398635864258
25.175325393676758
24.934724807739258
25.404817581176758
24.833772659301758
25.311189651489258
25.451326370239258
25.153718948364258
25.193880081176758
25.325471878051758
25.633943557739258
25.498689651489258
25.918001174926758
25.966218948364258
26.036287307739258
25.901521682739258
26.008821487426758
26.174348831176758
26.120027542114258
25.890657424926758
25.885530471801758
25.964387893676758
25.695833206176758
25.813508987426758
9.445344924926758
11.040315628051758
8.629671096801758
10.405916213989258
8.858430862426758
11.732942581176758
14.981843948364258
11.934358596801758
15.666170120239258
15.796663284301758
7.5521559715271
11.908845901489258
17.280550003051758
7.8102126121521
18.975862503051758
10.950838088989258
14.671907424926758
22.998201370239258
11.338045120239258
22.558504104614258
20.907869338989258
11.908845901489258
4.2737135887146
23.494173049926758
20.591585159301758
18.623933792114258
13.343294143676758
16.691804885864258
19.198762893676758
7.5266432762146
20.965364456176758
17.661531448364258
20.124910354614258
16.952669143676758
10.138948440551758
10.813020706176758
8.845125198364258
12.105989456176758
14.395051956176758
8.104280471801758
14.736238479614258
14.672883987426758
21.202547073364258
13.967195510864258
17.595491409301758
10.185823440551758
23.610017776489258
15.939241409301758
23.550813674926758
10.865388870239258
11.358797073364258
19.527986526489258
12.146028518676758
23.737825393676758
18.441072463989258
10.876375198364258
14.676668167114258
25.162508010864258
18.606966018676758
13.080965042114258
17.345369338989258
15.103425979614258
19.575105667114258
11.229524612426758
20.576326370239258
12.847810745239258
12.952547073364258
22.017610549926758
18.900667190551758
15.012605667114258
17.837434768676758
17.820833206176758
14.451448440551758
21.190584182739258
20.311189651489258
21.003572463989258
19.916658401489258
21.279695510864258
22.362092971801758
16.882722854614258
21.606111526489258
18.238069534301758
24.297395706176758
19.924837112426758
23.843050003051758
20.897371292114258
21.362581253051758
22.890413284301758
21.477693557739258
21.814119338989258
22.192659378051758
23.111848831176758
23.732942581176758
24.424348831176758
24.808870315551758
25.227937698364258
20.367097854614258
20.949495315551758
20.700227737426758
16.704256057739258
15.293611526489258
15.612581253051758
15.084993362426758
14.797639846801758
8.623323440551758
9.426424026489258
10.728303909301758
20.911897659301758
19.496126174926758
19.464632034301758
19.803865432739258
18.243684768676758
8.867464065551758
9.988557815551758
11.293123245239258
9.952180862426758
13.290315628051758
19.221956253051758
18.471345901489258
10.884798049926758
12.123201370239258
18.250398635864258
12.763704299926758
20.354280471801758
16.695466995239258
21.778230667114258
16.941194534301758
16.357698440551758
18.030916213989258
20.272615432739258
8.762483596801758
16.968416213989258
11.579133987426758
17.724519729614258
12.918733596801758
12.809846878051758
16.521028518676758
20.901887893676758
18.943513870239258
9.410066604614258
13.953401565551758
11.991365432739258
17.853059768676758
9.865388870239258
11.501131057739258
18.238069534301758
15.248323440551758
12.380647659301758
20.195466995239258
17.786775588989258
18.455842971801758
10.868318557739258
19.358552932739258
13.487459182739258
10.253206253051758
13.169832229614258
13.640413284301758
14.440095901489258
19.549959182739258
14.810823440551758
12.231111526489258
16.069490432739258
14.316194534301758
19.595735549926758
16.212312698364258
19.903108596801758
17.399568557739258
16.050203323364258
17.464754104614258
19.485261917114258
19.219881057739258
19.953035354614258
20.669221878051758
19.932405471801758
19.417268753051758
18.635652542114258
21.085603713989258
21.456453323364258
21.562532424926758
22.841707229614258
22.464876174926758
24.610261917114258
21.899324417114258
19.090486526489258
18.938875198364258
23.295564651489258
19.536653518676758
22.806062698364258
24.893587112426758
19.693269729614258
14.595247268676758
20.920442581176758
24.701692581176758
26.294343948364258
25.986726760864258
26.916902542114258
25.997591018676758
26.517122268676758
26.946687698364258
26.858797073364258
26.898469924926758
26.229280471801758
26.390901565551758
26.669343948364258
20.311189651489258
19.272859573364258
23.313508987426758
22.683137893676758
25.737459182739258
24.371248245239258
17.785921096801758
26.501497268676758
25.913606643676758
26.959505081176758
26.825349807739258
26.279451370239258
26.698030471801758
20.726228713989258
21.451692581176758
23.631013870239258
21.707307815551758
26.476472854614258
22.103548049926758
21.814241409301758
25.781526565551758
24.407381057739258
26.476961135864258
23.607454299926758
19.958894729614258
25.194490432739258
24.208406448364258
21.924104690551758
26.783113479614258
24.993440628051758
25.564363479614258
24.052156448364258
25.654207229614258
26.128084182739258
25.520418167114258
26.673738479614258
26.342805862426758
26.101839065551758
26.693513870239258
26.548128128051758
26.531404495239258
26.701692581176758
26.857454299926758
26.501375198364258
26.689973831176758
26.906526565551758
26.505159378051758
26.451082229614258
26.913484573364258
26.900545120239258
26.620149612426758
23.803133010864258
23.730501174926758
24.643953323364258
24.526155471801758
24.724397659301758
25.128084182739258
25.643465042114258
25.513093948364258
25.871370315551758
26.031404495239258
26.192415237426758
26.570955276489258
26.579500198364258
26.473787307739258
26.392610549926758
26.322053909301758
26.536409378051758
26.553255081176758
26.551790237426758
26.684968948364258
26.947298049926758
15.503572463989258
13.660676956176758
11.116365432739258
23.843782424926758
25.956819534301758
21.687288284301758
21.113435745239258
26.668977737426758
26.885896682739258
14.449373245239258
25.364656448364258
25.035554885864258
22.336824417114258
26.674104690551758
27.034456253051758
21.711214065551758
26.148347854614258
22.261140823364258
23.946565628051758
23.654451370239258
16.821687698364258
26.455965042114258
25.750520706176758
26.102327346801758
26.464998245239258
19.344026565551758
26.731966018676758
25.524202346801758
26.884431838989258
26.358675003051758
26.856599807739258
26.550935745239258
26.686311721801758
26.886018753051758
26.751741409301758
26.876131057739258
26.839387893676758
26.736848831176758
26.325105667114258
23.855745315551758
21.204011917114258
26.428743362426758
19.402254104614258
23.990266799926758
26.450593948364258
21.254060745239258
26.480501174926758
26.642000198364258
23.289339065551758
26.645296096801758
26.754304885864258
25.723176956176758
27.175569534301758
26.201204299926758
25.587068557739258
26.851228713989258
26.798006057739258
26.866609573364258
26.677766799926758
27.159944534301758
27.125154495239258
26.934114456176758
27.059480667114258
26.920564651489258
23.097566604614258
26.293367385864258
19.638582229614258
26.431917190551758
22.352693557739258
24.032625198364258
26.683870315551758
26.937654495239258
26.720491409301758
25.947053909301758
26.788362503051758
26.764802932739258
27.295320510864258
27.472810745239258
26.001741409301758
26.492341995239258
26.470491409301758
26.722566604614258
26.663484573364258
27.433870315551758
27.246370315551758
26.569002151489258
26.232454299926758
21.049837112426758
26.736482620239258
26.485506057739258
26.756868362426758
27.233308792114258
27.090730667114258
26.661409378051758
23.082918167114258
25.084871292114258
26.687654495239258
26.961458206176758
27.138948440551758
26.315584182739258
26.381258010864258
26.884187698364258
26.712923049926758
26.972810745239258
26.885652542114258
27.241365432739258
26.406160354614258
27.060701370239258
27.004671096801758
26.712068557739258
27.147615432739258
26.760042190551758
26.721467971801758
27.057405471801758
26.774568557739258
26.999788284301758
26.934114456176758
26.853792190551758
27.309358596801758
27.217439651489258
27.117464065551758
26.783601760864258
26.870882034301758
27.016023635864258
26.924470901489258
26.991731643676758
26.886140823364258
26.768465042114258
26.670198440551758
26.482698440551758
26.181795120239258
25.783113479614258
26.084138870239258
25.798006057739258
26.147615432739258
26.073762893676758
25.601472854614258
25.793001174926758
25.910799026489258
25.664461135864258
23.988313674926758
25.971345901489258
26.251619338989258
26.081819534301758
24.110628128051758
26.204256057739258
25.759798049926758
26.205598831176758
25.752962112426758
25.461091995239258
26.029573440551758
25.790803909301758
25.971467971801758
26.358064651489258
26.324983596801758
26.421419143676758
26.256013870239258
26.294832229614258
26.008943557739258
26.164705276489258
24.756502151489258
25.066438674926758
25.111238479614258
25.503206253051758
24.504915237426758
24.148469924926758
25.104036331176758
24.692171096801758
25.075227737426758
24.401643753051758
25.474885940551758
25.583284378051758
24.688142776489258
24.521760940551758
25.122835159301758
25.519197463989258
24.534700393676758
25.057161331176758
25.156038284301758
25.767244338989258
25.329378128051758
25.763582229614258
25.058992385864258
25.196443557739258
24.891878128051758
25.225496292114258
25.266389846801758
25.412996292114258
25.275178909301758
25.728548049926758
25.672761917114258
25.357820510864258
25.942659378051758
25.682771682739258
25.348909378051758
25.421785354614258
25.663606643676758
25.981111526489258
25.461336135864258
25.719026565551758
25.803743362426758
25.962312698364258
25.729524612426758
25.709505081176758
19.121980667114258
16.393465042114258
19.694124221801758
19.805818557739258
20.099763870239258
20.925691604614258
23.538118362426758
23.061800003051758
21.406160354614258
23.748567581176758
22.245149612426758
24.499910354614258
24.813753128051758
25.026521682739258
25.355012893676758
25.273103713989258
24.657503128051758
24.657991409301758
24.762239456176758
25.203157424926758
24.702302932739258
25.682771682739258
25.844636917114258
25.983675003051758
25.683259963989258
25.121614456176758
24.826326370239258
25.995515823364258
25.767732620239258
25.845735549926758
25.876985549926758
25.852571487426758
25.957185745239258
25.726350784301758
25.517488479614258
24.703157424926758
25.261262893676758
25.293123245239258
25.252473831176758
24.621492385864258
24.621980667114258
25.111482620239258
25.068025588989258
24.956209182739258
25.340974807739258
24.895540237426758
24.885530471801758
25.091218948364258
26.056062698364258
25.444002151489258
25.617952346801758
26.233064651489258
25.726106643676758
26.241365432739258
26.096101760864258
26.290681838989258
25.787019729614258
25.741609573364258
25.490999221801758
25.507966995239258
25.460847854614258
25.872713088989258
25.736238479614258
25.415559768676758
25.962068557739258
25.571931838989258
25.884675979614258
25.124544143676758
25.574617385864258
25.606233596801758
26.493562698364258
25.891389846801758
25.907014846801758
26.693025588989258
25.758577346801758
25.623201370239258
26.429719924926758
25.682405471801758
25.917146682739258
25.591463088989258
25.602083206176758
25.560335159301758
26.593050003051758
25.471101760864258
25.648225784301758
25.248567581176758
25.870393753051758
25.717561721801758
25.384431838989258
25.116609573364258
25.747591018676758
26.251985549926758
25.063753128051758
26.607820510864258
25.490388870239258
27.034822463989258
24.935823440551758
24.702058792114258
26.719392776489258
25.093416213989258
25.468050003051758
26.851716995239258
25.121736526489258
26.674837112426758
25.763948440551758
26.595125198364258
25.322908401489258
26.328035354614258
25.571321487426758
25.823762893676758
26.857698440551758
25.598909378051758
25.529329299926758
26.686189651489258
25.782991409301758
26.690095901489258
26.317781448364258
25.126375198364258
26.674592971801758
26.602083206176758
25.106721878051758
25.099031448364258
25.261751174926758
26.526277542114258
26.608430862426758
26.476716995239258
24.846956253051758
24.849885940551758
24.913484573364258
25.480134963989258
24.511995315551758
24.811922073364258
26.446199417114258
24.678133010864258
24.841096878051758
24.600862503051758
25.008821487426758
25.858308792114258
24.544343948364258
24.433870315551758
24.438997268676758
25.251375198364258
24.374544143676758
25.617830276489258
24.303010940551758
24.941194534301758
24.751497268676758
24.364534378051758
24.884553909301758
24.149934768676758
23.972810745239258
23.821565628051758
24.267122268676758
24.840364456176758
17.527376174926758
24.011995315551758
23.234041213989258
24.312776565551758
24.746736526489258
24.822175979614258
24.862215042114258
24.743196487426758
24.776765823364258
25.483552932739258
24.922883987426758
25.646394729614258
25.117219924926758
25.727693557739258
25.687898635864258
25.657381057739258
24.707307815551758
24.857332229614258
25.325716018676758
25.787996292114258
25.356599807739258
25.635652542114258
25.684724807739258
26.321077346801758
25.673128128051758
25.549592971801758
25.847932815551758
25.528352737426758
25.874177932739258
25.789583206176758
25.621004104614258
25.887239456176758
25.411165237426758
26.600496292114258
25.953523635864258
25.085969924926758
26.639925003051758
25.875520706176758
26.017732620239258
25.654695510864258
25.737703323364258
25.653108596801758
25.251131057739258
25.647615432739258
25.548494338989258
24.928743362426758
24.696687698364258
25.474763870239258
25.313264846801758
24.496248245239258
23.859041213989258
17.818758010864258
24.071809768676758
24.816926956176758
25.685335159301758
24.685945510864258
25.649934768676758
25.173372268676758
25.882844924926758
25.344514846801758
25.843416213989258
25.856721878051758
25.021028518676758
24.955965042114258
24.838167190551758
25.757112503051758
25.677156448364258
25.622713088989258
26.057405471801758
26.631502151489258
25.526399612426758
26.799104690551758
24.902376174926758
25.624177932739258
25.058504104614258
26.568391799926758
25.607698440551758
25.507722854614258
25.109407424926758
24.307527542114258
24.511140823364258
19.005281448364258
24.439119338989258
23.494661331176758
24.859773635864258
25.597566604614258
25.606966018676758
26.065217971801758
25.158601760864258
25.023347854614258
24.952425003051758
25.705232620239258
25.713777542114258
25.588899612426758
27.040071487426758
25.510896682739258
25.621980667114258
25.209627151489258
26.590364456176758
25.960115432739258
25.181428909301758
24.537630081176758
24.538850784301758
25.226594924926758
24.389314651489258
24.829988479614258
24.828767776489258
25.992464065551758
25.624666213989258
25.013216018676758
25.394441604614258
25.528963088989258
25.704500198364258
25.664949417114258
25.766511917114258
26.086702346801758
26.817659378051758
24.578645706176758
24.582918167114258
19.277864456176758
25.077913284301758
24.919466018676758
24.811067581176758
25.689363479614258
25.880525588989258
25.271760940551758
25.889680862426758
25.528596878051758
25.834749221801758
25.230623245239258
26.916902542114258
24.663972854614258
24.794099807739258
24.768220901489258
25.326692581176758
25.079622268676758
25.533235549926758
25.638948440551758
26.972566604614258
25.743318557739258
25.573396682739258
25.366365432739258
25.982088088989258
25.500520706176758
26.971590042114258
25.879915237426758
26.001008987426758
24.714754104614258
24.646516799926758
25.108308792114258
25.106966018676758
19.494783401489258
25.629304885864258
26.854646682739258
24.923616409301758
24.648591995239258
25.395784378051758
25.829011917114258
25.643953323364258
26.185091018676758
25.402620315551758
25.088533401489258
25.336336135864258
25.715486526489258
24.931917190551758
20.206697463989258
26.845857620239258
26.163972854614258
25.627595901489258
21.249788284301758
26.064363479614258
25.642976760864258
20.910554885864258
25.761018753051758
26.100862503051758
25.597322463989258
23.007600784301758
23.276887893676758
25.089632034301758
23.403841018676758
26.066072463989258
25.633577346801758
25.992097854614258
23.599763870239258
26.082307815551758
25.551912307739258
25.408235549926758
26.626497268676758
25.305330276489258
23.981843948364258
25.941682815551758
25.522737503051758
25.477571487426758
25.654573440551758
25.377473831176758
25.212800979614258
23.823396682739258
25.992830276489258
25.132966995239258
26.562166213989258
24.655427932739258
26.609041213989258
25.582307815551758
25.818758010864258
