9.876351576561311e-42
4.95175313949585
9.829683303833008
2.6550002098083496
6.94406270980835
2.5041213035583496
10.940767288208008
11.607027053833008
8.205415725708008
22.374849319458008
9.539033889770508
21.598970413208008
21.703706741333008
23.681978225708008
22.869844436645508
20.061372756958008
24.538789749145508
22.036226272583008
24.105806350708008
20.541719436645508
23.865205764770508
24.320772171020508
14.894258499145508
17.749727249145508
17.395235061645508
24.161470413208008
24.010591506958008
21.749238967895508
22.322237014770508
24.402925491333008
23.398408889770508
24.306734085083008
21.233125686645508
23.722505569458008
23.082735061645508
23.211397171020508
22.488374710083008
22.703462600708008
24.568819046020508
22.723237991333008
23.021455764770508
22.842012405395508
7.86642599105835
17.339937210083008
1.9596878290176392
9.569429397583008
13.669527053833008
20.506441116333008
23.403413772583008
14.189546585083008
22.499727249145508
24.135591506958008
21.221284866333008
24.111787796020508
13.443941116333008
23.989107131958008
19.914888381958008
23.513887405395508
24.413057327270508
23.382661819458008
13.403779983520508
20.691255569458008
7.33810567855835
17.593111038208008
12.536470413208008
23.673799514770508
24.238618850708008
22.210664749145508
16.327241897583008
23.382783889770508
23.424654006958008
22.601045608520508
11.816743850708008
18.675630569458008
8.835054397583008
16.505952835083008
23.889253616333008
24.589082717895508
15.668184280395508
23.496431350708008
22.806856155395508
22.719575881958008
18.285127639770508
21.202974319458008
19.733736038208008
23.943452835083008
24.354097366333008
24.149019241333008
23.359712600708008
22.864961624145508
20.914033889770508
14.109956741333008
24.082612991333008
23.583589553833008
23.017793655395508
22.347749710083008
24.388399124145508
24.317720413208008
23.049043655395508
17.537202835083008
18.566987991333008
24.214693069458008
23.397432327270508
23.324922561645508
16.178071975708008
22.106050491333008
19.486543655395508
24.346651077270508
22.831636428833008
23.602388381958008
19.786470413208008
22.828950881958008
21.023775100708008
23.597627639770508
22.956758499145508
21.764986038208008
23.041963577270508
16.348726272583008
23.290010452270508
19.783540725708008
23.696504592895508
22.379854202270508
23.522554397583008
23.038057327270508
23.445772171020508
23.776216506958008
23.467012405395508
23.635835647583008
24.335664749145508
23.494356155395508
23.623506546020508
18.472261428833008
23.801729202270508
23.922212600708008
24.027315139770508
24.081758499145508
21.062715530395508
22.994356155395508
23.367647171020508
22.633760452270508
23.526826858520508
23.084444046020508
22.689302444458008
23.193330764770508
23.505098342895508
23.786470413208008
23.925508499145508
24.005708694458008
24.102632522583008
23.963228225708008
23.803316116333008
23.967744827270508
24.041597366333008
24.082612991333008
24.251070022583008
24.358491897583008
24.321504592895508
24.184175491333008
24.202852249145508
24.318574905395508
24.409761428833008
24.600069046020508
7.29452657699585
8.688447952270508
6.81918478012085
8.016450881958008
6.86435079574585
9.794404983520508
13.301118850708008
9.759492874145508
13.884859085083008
13.697237014770508
6.56686544418335
9.728120803833008
15.557954788208008
6.44589376449585
17.476045608520508
9.198335647583008
12.762666702270508
21.630464553833008
9.888154983520508
21.342378616333008
19.281465530395508
10.249971389770508
3.4194045066833496
21.721406936645508
18.863985061645508
16.900728225708008
11.820772171020508
15.156587600708008
17.741060256958008
6.26046895980835
19.321016311645508
16.393159866333008
18.836275100708008
15.719453811645508
7.89218282699585
8.623628616333008
7.10495138168335
10.204561233520508
12.587617874145508
7.24691915512085
12.694063186645508
12.521944046020508
20.573213577270508
12.007905960083008
15.818819046020508
8.918428421020508
21.868989944458008
13.911714553833008
22.040254592895508
8.687593460083008
9.149385452270508
18.425020217895508
10.464937210083008
21.906343460083008
17.053804397583008
8.809785842895508
12.713838577270508
22.800874710083008
16.740571975708008
10.718599319458008
15.463106155395508
13.777925491333008
17.927095413208008
9.145845413208008
19.898653030395508
10.879610061645508
10.807466506958008
21.353242874145508
17.686372756958008
13.214204788208008
16.264863967895508
16.224946975708008
12.360200881958008
19.675020217895508
18.824678421020508
19.134492874145508
18.257051467895508
19.916841506958008
20.989107131958008
15.043794631958008
20.093843460083008
16.579195022583008
22.239839553833008
18.330171585083008
21.867891311645508
19.205537796020508
20.805635452270508
21.840303421020508
20.527193069458008
21.083589553833008
21.443452835083008
21.818086624145508
21.989839553833008
22.328828811645508
22.623384475708008
22.983125686645508
23.196260452270508
23.757539749145508
22.960176467895508
15.595918655395508
13.292573928833008
13.655366897583008
12.763399124145508
12.408418655395508
6.01571798324585
6.53891134262085
8.027437210083008
22.797700881958008
18.557222366333008
20.474824905395508
18.437837600708008
16.036226272583008
6.55685567855835
7.43551778793335
8.538789749145508
7.75937032699585
11.162569046020508
18.355928421020508
17.266450881958008
8.539400100708008
9.981660842895508
17.046236038208008
10.717988967895508
22.795625686645508
15.810152053833008
24.443330764770508
15.711153030395508
14.029390335083008
15.968843460083008
22.016817092895508
6.59213399887085
14.797700881958008
9.229829788208008
16.152803421020508
10.865694046020508
10.548433303833008
15.943086624145508
23.329561233520508
17.110078811645508
6.80429220199585
11.867525100708008
9.656221389770508
18.955904006958008
7.25021505355835
9.038179397583008
18.892793655395508
13.171480178833008
10.026216506958008
22.356294631958008
15.899263381958008
18.880586624145508
8.206758499145508
17.925874710083008
11.065401077270508
7.46908712387085
10.579927444458008
11.315279006958008
11.521089553833008
18.345064163208008
11.929903030395508
9.544527053833008
13.575166702270508
11.718843460083008
18.667818069458008
13.563447952270508
18.947847366333008
14.966279983520508
13.553560256958008
15.069185256958008
17.829317092895508
17.228242874145508
18.239351272583008
19.137056350708008
18.382417678833008
19.017671585083008
18.963716506958008
23.558931350708008
23.848970413208008
23.533784866333008
24.819429397583008
24.530244827270508
26.244722366333008
23.913423538208008
17.960176467895508
19.093965530395508
25.261690139770508
19.607881546020508
23.219331741333008
25.070772171020508
18.774019241333008
12.692232131958008
20.259248733520508
24.548921585083008
25.625703811645508
25.652803421020508
25.555879592895508
25.253267288208008
25.446382522583008
25.234956741333008
25.033662796020508
24.812959671020508
25.047090530395508
24.894624710083008
24.447114944458008
21.959810256958008
18.251436233520508
25.177217483520508
21.875215530395508
25.269868850708008
23.704439163208008
16.353242874145508
25.641084671020508
25.098482131958008
25.372041702270508
25.271944046020508
25.095918655395508
24.275850296020508
21.808198928833008
20.507661819458008
23.024507522583008
20.691865921020508
25.230195999145508
23.719575881958008
21.903535842895508
25.042818069458008
23.619234085083008
25.621675491333008
24.358125686645508
19.430147171020508
24.405733108520508
25.202974319458008
21.485322952270508
25.574190139770508
25.459199905395508
25.592744827270508
23.832612991333008
25.423677444458008
25.611421585083008
25.041963577270508
25.588106155395508
25.627168655395508
25.217622756958008
25.487764358520508
25.620820999145508
25.553804397583008
25.366670608520508
25.400362014770508
25.387788772583008
25.303560256958008
25.334077835083008
25.348482131958008
25.249483108520508
25.035615921020508
24.953828811645508
25.271333694458008
25.712373733520508
25.665620803833008
26.201753616333008
26.180269241333008
25.818941116333008
25.937349319458008
26.015352249145508
26.068574905395508
25.901582717895508
25.901826858520508
25.374116897583008
25.475069046020508
25.450410842895508
25.220186233520508
25.201021194458008
25.115449905395508
24.982027053833008
24.861177444458008
24.606172561645508
24.482637405395508
24.206392288208008
13.833711624145508
11.799898147583008
8.883028030395508
23.201875686645508
25.487154006958008
20.470918655395508
19.410737991333008
24.017061233520508
24.424409866333008
12.659883499145508
25.012056350708008
24.540254592895508
20.716890335083008
23.630220413208008
24.079072952270508
20.718599319458008
25.344942092895508
20.826753616333008
23.501314163208008
22.399751663208008
15.422945022583008
25.262544631958008
25.043916702270508
24.512422561645508
24.673067092895508
18.168916702270508
24.553804397583008
25.003633499145508
25.874116897583008
25.781587600708008
25.603242874145508
25.759004592895508
25.008394241333008
24.359102249145508
23.955904006958008
23.665620803833008
23.577852249145508
23.785249710083008
24.962373733520508
22.417207717895508
19.336397171020508
24.024507522583008
18.153657913208008
21.805147171020508
24.671358108520508
19.686738967895508
24.539522171020508
23.510835647583008
21.585908889770508
23.780122756958008
23.473604202270508
23.198823928833008
24.028657913208008
23.516450881958008
23.159761428833008
23.933565139770508
23.693574905395508
23.980318069458008
23.685029983520508
24.172090530395508
24.359590530395508
24.146455764770508
24.281587600708008
24.859468460083008
21.267305374145508
24.887056350708008
17.940889358520508
23.605806350708008
20.585542678833008
22.041109085083008
23.601045608520508
24.145723342895508
23.728120803833008
23.465913772583008
23.762056350708008
23.863740921020508
24.357637405395508
24.391817092895508
23.778413772583008
24.925996780395508
23.467012405395508
24.384492874145508
23.927583694458008
24.496309280395508
24.698945999145508
24.770967483520508
23.452608108520508
19.775362014770508
23.545381546020508
23.717256546020508
24.198701858520508
24.772432327270508
24.887300491333008
24.575654983520508
21.566011428833008
22.568941116333008
23.755342483520508
24.034761428833008
24.863008499145508
23.900362014770508
23.918184280395508
24.143037796020508
23.866060256958008
24.278413772583008
24.353120803833008
23.958955764770508
23.361177444458008
24.157442092895508
24.949922561645508
23.676362991333008
24.023164749145508
24.894746780395508
23.846406936645508
24.149507522583008
24.015108108520508
24.796480178833008
23.998872756958008
23.954805374145508
24.414522171020508
24.628633499145508
24.753755569458008
23.914155960083008
24.102754592895508
24.397554397583008
24.814302444458008
24.909883499145508
24.974092483520508
24.967744827270508
24.854219436645508
24.683687210083008
25.498994827270508
24.913911819458008
25.451631546020508
25.236299514770508
25.750337600708008
25.491426467895508
24.542818069458008
24.550996780395508
24.749971389770508
24.939668655395508
23.450654983520508
25.485445022583008
25.659639358520508
24.899141311645508
23.752779006958008
25.280855178833008
24.511445999145508
25.707857131958008
24.948091506958008
24.811006546020508
25.416841506958008
25.081636428833008
25.613008499145508
25.826509475708008
25.450166702270508
25.925874710083008
26.013643264770508
25.836519241333008
25.741792678833008
25.874116897583008
24.033052444458008
24.771455764770508
24.526826858520508
25.473848342895508
24.155488967895508
23.833223342895508
24.472749710083008
23.985078811645508
24.334688186645508
23.777925491333008
25.006196975708008
24.740449905395508
24.041353225708008
23.839082717895508
24.312105178833008
24.856172561645508
23.904634475708008
24.889253616333008
24.506074905395508
24.651582717895508
24.490205764770508
24.963472366333008
24.521944046020508
24.778047561645508
24.513765335083008
24.736665725708008
24.640718460083008
24.694551467895508
25.172945022583008
24.947481155395508
24.860200881958008
25.149995803833008
24.917329788208008
25.685640335083008
25.240205764770508
25.195772171020508
25.229951858520508
25.395967483520508
24.855440139770508
24.982271194458008
24.831148147583008
24.755098342895508
24.935029983520508
24.849214553833008
22.265474319458008
16.509126663208008
22.232515335083008
22.446260452270508
23.100069046020508
23.977998733520508
26.551729202270508
25.964570999145508
24.457979202270508
26.583589553833008
25.135713577270508
26.840303421020508
27.306123733520508
27.667207717895508
27.584199905395508
27.315279006958008
26.167940139770508
26.528779983520508
26.135957717895508
26.176973342895508
26.157075881958008
25.647920608520508
25.900484085083008
26.175508499145508
26.400117874145508
26.622652053833008
26.175874710083008
26.710786819458008
25.346895217895508
25.236177444458008
25.424287796020508
25.133394241333008
25.604707717895508
25.304536819458008
24.786714553833008
23.480684280395508
24.302461624145508
24.763765335083008
24.188081741333008
23.416597366333008
23.353242874145508
24.487764358520508
23.960908889770508
24.707490921020508
24.528535842895508
23.773286819458008
24.612398147583008
24.127656936645508
24.959444046020508
24.881074905395508
24.990816116333008
25.615938186645508
25.046358108520508
24.910127639770508
25.419038772583008
25.616792678833008
25.114595413208008
24.950288772583008
24.848482131958008
24.834566116333008
24.700899124145508
25.205049514770508
25.024019241333008
24.799654006958008
24.954561233520508
24.665376663208008
24.760225296020508
24.842012405395508
24.609468460083008
24.733491897583008
24.259981155395508
24.986665725708008
25.077241897583008
24.064668655395508
24.738008499145508
24.478853225708008
24.154756546020508
24.549287796020508
24.892061233520508
24.734468460083008
24.609224319458008
24.720918655395508
24.051973342895508
24.810396194458008
24.953950881958008
24.340059280395508
24.501924514770508
24.777437210083008
25.116914749145508
25.029146194458008
24.478731155395508
24.219820022583008
24.828950881958008
24.780733108520508
25.208467483520508
24.864839553833008
24.798799514770508
24.525484085083008
24.956758499145508
24.922578811645508
25.227510452270508
24.942476272583008
24.891695022583008
24.902193069458008
25.033540725708008
24.870088577270508
24.927949905395508
24.867280960083008
24.907808303833008
25.015108108520508
24.906831741333008
24.722383499145508
24.789644241333008
24.575654983520508
24.741182327270508
25.138765335083008
24.790742874145508
24.677095413208008
25.134126663208008
25.060152053833008
24.519746780395508
24.892427444458008
24.449556350708008
24.957124710083008
25.064912796020508
24.820650100708008
24.574800491333008
24.510957717895508
24.294893264770508
24.686494827270508
24.179536819458008
24.161958694458008
24.974946975708008
24.063081741333008
24.553438186645508
24.181734085083008
24.615816116333008
24.873994827270508
24.108369827270508
24.212373733520508
24.245820999145508
24.654268264770508
23.880098342895508
25.176973342895508
23.878877639770508
24.429048538208008
24.205659866333008
23.957490921020508
24.529878616333008
23.699678421020508
23.699922561645508
23.852388381958008
24.425996780395508
24.665498733520508
18.934053421020508
26.796236038208008
25.995210647583008
26.201509475708008
27.039644241333008
27.398897171020508
26.207979202270508
25.925508499145508
26.096773147583008
26.418550491333008
26.592378616333008
26.507905960083008
26.106538772583008
25.193819046020508
25.113374710083008
25.113862991333008
23.520845413208008
23.668062210083008
24.418550491333008
24.940645217895508
24.910127639770508
24.900362014770508
24.923433303833008
25.795381546020508
24.922334671020508
24.678560256958008
24.940279006958008
24.667329788208008
24.857271194458008
24.910371780395508
24.595674514770508
24.894868850708008
24.775484085083008
24.275484085083008
24.843477249145508
24.863252639770508
24.812105178833008
25.058565139770508
24.893404006958008
24.714082717895508
24.734346389770508
25.080293655395508
24.649751663208008
24.543306350708008
24.821138381958008
24.377901077270508
24.423311233520508
25.037446975708008
24.838594436645508
24.004732131958008
24.029024124145508
20.000093460083008
26.503389358520508
26.610200881958008
26.942232131958008
25.782442092895508
27.141572952270508
26.234712600708008
25.604463577270508
26.044527053833008
26.321138381958008
25.330781936645508
23.998262405395508
23.706514358520508
24.656099319458008
25.005464553833008
24.942598342895508
24.970186233520508
25.540987014770508
23.998384475708008
24.580781936645508
24.890596389770508
24.726045608520508
25.204317092895508
24.868135452270508
24.581148147583008
24.944917678833008
24.674043655395508
24.673189163208008
24.330171585083008
24.514741897583008
22.294527053833008
26.066255569458008
26.026094436645508
26.900850296020508
26.326021194458008
25.851900100708008
25.541963577270508
24.079805374145508
24.685152053833008
23.712739944458008
25.179170608520508
24.911714553833008
24.808198928833008
24.055025100708008
24.819795608520508
24.520723342895508
24.934541702270508
24.781221389770508
25.176362991333008
24.821138381958008
24.090425491333008
24.139009475708008
24.906953811645508
23.988740921020508
24.734468460083008
26.820039749145508
25.976411819458008
26.138154983520508
23.860567092895508
24.506319046020508
25.030733108520508
25.103242874145508
24.932100296020508
24.922578811645508
25.456270217895508
25.000459671020508
24.101167678833008
24.316621780395508
22.095796585083008
26.545381546020508
26.430757522583008
26.271577835083008
25.950654983520508
25.427583694458008
24.121797561645508
25.346284866333008
25.029268264770508
25.037080764770508
24.689546585083008
24.164155960083008
24.214570999145508
24.433443069458008
24.418916702270508
26.486787796020508
26.395601272583008
24.950044631958008
25.107149124145508
24.370820999145508
24.960420608520508
26.577363967895508
26.404512405395508
25.310029983520508
24.918306350708008
24.858736038208008
25.155244827270508
25.331880569458008
24.164888381958008
24.248872756958008
24.556612014770508
24.495698928833008
22.337373733520508
24.748018264770508
24.934053421020508
24.403291702270508
24.318574905395508
24.507783889770508
26.538911819458008
24.937959671020508
25.472261428833008
24.746675491333008
24.321748733520508
24.463960647583008
24.604585647583008
24.634614944458008
23.210542678833008
24.945528030395508
25.061372756958008
24.616548538208008
24.364107131958008
25.714693069458008
24.729097366333008
24.113618850708008
26.647310256958008
25.432954788208008
24.546236038208008
25.910493850708008
26.151826858520508
24.874483108520508
26.326143264770508
24.856782913208008
24.678804397583008
24.831880569458008
26.334688186645508
24.920137405395508
24.817232131958008
24.656465530395508
24.789278030395508
24.875703811645508
26.468233108520508
24.880830764770508
24.762910842895508
25.224092483520508
24.778657913208008
24.486543655395508
25.136445999145508
26.247041702270508
26.567720413208008
24.888887405395508
24.792695999145508
24.513887405395508
25.074190139770508
24.649873733520508
24.728487014770508
