9.876351576561311e-42
4.129342555999756
9.267770767211914
0.9173065423965454
6.358102321624756
2.610299587249756
9.992746353149414
9.698556900024414
7.803658962249756
20.903757095336914
8.803293228149414
19.320871353149414
19.506784439086914
22.156198501586914
21.606515884399414
17.686471939086914
22.388010025024414
20.498361587524414
22.159616470336914
17.872262954711914
22.244333267211914
22.096261978149414
14.804880142211914
16.336618423461914
16.668039321899414
22.142404556274414
22.108102798461914
18.997385025024414
19.916818618774414
22.235177993774414
21.382028579711914
22.319650650024414
19.804147720336914
21.590158462524414
20.762643814086914
20.908639907836914
21.013986587524414
21.014352798461914
22.662179946899414
21.092477798461914
21.035470962524414
21.078195571899414
7.151315212249756
16.569528579711914
1.7638641595840454
8.260690689086914
11.931711196899414
18.309152603149414
21.988962173461914
12.181711196899414
21.022043228149414
22.316720962524414
20.011301040649414
22.027902603149414
13.456979751586914
22.159128189086914
17.878610610961914
21.502023696899414
22.326852798461914
21.032419204711914
12.269723892211914
19.952585220336914
6.142159938812256
15.521188735961914
10.553293228149414
22.084543228149414
22.199289321899414
20.779367446899414
15.020334243774414
21.569406509399414
21.237253189086914
20.989450454711914
10.173166275024414
18.181955337524414
8.067697525024414
13.702585220336914
22.200632095336914
22.308298110961914
13.704294204711914
21.798166275024414
20.566110610961914
20.986642837524414
17.023386001586914
20.018869400024414
17.086252212524414
22.058908462524414
22.145944595336914
22.159372329711914
21.825632095336914
20.567941665649414
19.275583267211914
11.664621353149414
22.002756118774414
22.174386978149414
21.043527603149414
20.484201431274414
22.142404556274414
22.247629165649414
20.766550064086914
15.646799087524414
15.638742446899414
22.126901626586914
21.119943618774414
21.063791275024414
14.100778579711914
19.993844985961914
16.755441665649414
22.219552993774414
20.398874282836914
21.144357681274414
17.145090103149414
21.310861587524414
18.547555923461914
21.171945571899414
21.443063735961914
19.408761978149414
20.730661392211914
13.630685806274414
21.011545181274414
16.878732681274414
22.142038345336914
20.086008071899414
21.308053970336914
21.218088150024414
21.304513931274414
22.131906509399414
21.522165298461914
22.110910415649414
22.310373306274414
21.542551040649414
22.026926040649414
15.290475845336914
22.062692642211914
21.972848892211914
21.847238540649414
22.033517837524414
18.296579360961914
21.249216079711914
21.719186782836914
20.985544204711914
22.101877212524414
21.476999282836914
21.128000259399414
21.537424087524414
21.946847915649414
22.173288345336914
22.150583267211914
22.082712173461914
21.935007095336914
22.022775650024414
21.957712173461914
21.831491470336914
21.917062759399414
22.056711196899414
22.237741470336914
22.261178970336914
22.288400650024414
22.285837173461914
22.346017837524414
22.374826431274414
22.634225845336914
22.842721939086914
6.508248805999756
7.228341579437256
6.555367946624756
8.825754165649414
6.474923610687256
9.794137954711914
12.875436782836914
8.776315689086914
13.926462173461914
11.986520767211914
6.322335720062256
9.361520767211914
13.980051040649414
7.692941188812256
15.512643814086914
8.756784439086914
11.284128189086914
20.084177017211914
8.386911392211914
19.675363540649414
16.940378189086914
8.807321548461914
4.871774196624756
20.553903579711914
18.304880142211914
16.905710220336914
10.747629165649414
13.826974868774414
17.538156509399414
6.266061305999756
18.702463150024414
14.798654556274414
18.281564712524414
14.314401626586914
6.589913845062256
7.756661891937256
6.461862087249756
11.334787368774414
12.423044204711914
5.929513454437256
11.882761001586914
11.575143814086914
18.453561782836914
11.349802017211914
13.901926040649414
7.653146266937256
20.637399673461914
11.874094009399414
19.878488540649414
7.159860134124756
8.043893814086914
15.892282485961914
9.468576431274414
20.716501235961914
15.429880142211914
6.746041774749756
10.857370376586914
21.754587173461914
14.941110610961914
9.223581314086914
13.328317642211914
12.059396743774414
16.490671157836914
7.950509548187256
17.627634048461914
9.689767837524414
9.915231704711914
19.018747329711914
16.298044204711914
12.481515884399414
15.026559829711914
15.240793228149414
11.229928970336914
16.524118423461914
17.797189712524414
16.587472915649414
15.740060806274414
19.024850845336914
19.868478775024414
13.669137954711914
19.285715103149414
14.720041275024414
21.102487564086914
16.171945571899414
20.743844985961914
18.382638931274414
17.964670181274414
19.266305923461914
18.370065689086914
18.911813735961914
19.334787368774414
19.947946548461914
20.463693618774414
21.221139907836914
21.524484634399414
21.851511001586914
19.954782485961914
20.450998306274414
18.269601821899414
14.300485610961914
13.432077407836914
13.728708267211914
12.835886001586914
11.717111587524414
6.388375759124756
6.784371852874756
9.728464126586914
19.025339126586914
16.543649673461914
17.437326431274414
15.897653579711914
14.310007095336914
4.949655055999756
6.210275173187256
8.350778579711914
6.465524196624756
11.389596939086914
15.732980728149414
15.259714126586914
6.956246852874756
11.727975845336914
16.306589126586914
11.224191665649414
18.991281509399414
14.049753189086914
20.976388931274414
14.622140884399414
13.506418228149414
14.576974868774414
17.914377212524414
4.070138454437256
13.510080337524414
8.043283462524414
14.786447525024414
12.686716079711914
10.950876235961914
14.014474868774414
19.398752212524414
15.238962173461914
6.658761501312256
12.058542251586914
9.331003189086914
15.285837173461914
6.428170680999756
8.279611587524414
15.348459243774414
12.807687759399414
8.268259048461914
18.001413345336914
14.334787368774414
15.580148696899414
7.906930446624756
15.978219985961914
9.580392837524414
7.464669704437256
9.621164321899414
10.823923110961914
11.053903579711914
15.883859634399414
11.518991470336914
10.579538345336914
12.684396743774414
12.015817642211914
15.790109634399414
12.355417251586914
16.081857681274414
13.371774673461914
13.224069595336914
14.275705337524414
15.713327407836914
15.439157485961914
15.907785415649414
16.376413345336914
15.901071548461914
16.430978775024414
15.867013931274414
18.549142837524414
19.825876235961914
19.423776626586914
20.833566665649414
20.538766860961914
23.012521743774414
20.167062759399414
16.175729751586914
17.065622329711914
21.451852798461914
16.709421157836914
20.080148696899414
21.974557876586914
16.889596939086914
13.727975845336914
17.472726821899414
21.161569595336914
23.055002212524414
23.316965103149414
23.577096939086914
23.516183853149414
23.723703384399414
23.792917251586914
24.245065689086914
24.028024673461914
23.681100845336914
23.399240493774414
23.558908462524414
18.654245376586914
15.816232681274414
21.084299087524414
19.119577407836914
22.301340103149414
20.476022720336914
15.168893814086914
23.757883071899414
23.538278579711914
23.686594009399414
23.755563735961914
23.688547134399414
23.296457290649414
18.297311782836914
18.480417251586914
19.758981704711914
17.353464126586914
23.736032485961914
19.807321548461914
18.756296157836914
21.480661392211914
20.431344985961914
22.534738540649414
21.242136001586914
16.598825454711914
20.955881118774414
21.918405532836914
18.330392837524414
23.559885025024414
22.413766860961914
22.933420181274414
20.223459243774414
22.711740493774414
23.225290298461914
21.828073501586914
23.543161392211914
22.858713150024414
21.994699478149414
23.625314712524414
23.759469985961914
23.744211196899414
23.690378189086914
23.900339126586914
23.776559829711914
23.753366470336914
23.793649673461914
23.760080337524414
23.793161392211914
24.018991470336914
23.891672134399414
23.708566665649414
21.944406509399414
21.827951431274414
22.766672134399414
22.524484634399414
22.792551040649414
23.045114517211914
23.333810806274414
23.512643814086914
23.625802993774414
23.517282485961914
23.636056900024414
23.747629165649414
23.780344009399414
23.798410415649414
23.805124282836914
23.684396743774414
23.346506118774414
23.361764907836914
23.460397720336914
23.104562759399414
23.108102798461914
13.733591079711914
12.371164321899414
9.894968032836914
19.445261001586914
22.798044204711914
17.955148696899414
18.442453384399414
23.163766860961914
22.909738540649414
12.592233657836914
21.086374282836914
21.546213150024414
19.600290298461914
23.146799087524414
22.985422134399414
17.306955337524414
22.994211196899414
17.862619400024414
19.340158462524414
19.201364517211914
14.104684829711914
23.464303970336914
22.042917251586914
22.554147720336914
23.101999282836914
15.741281509399414
23.337350845336914
21.093698501586914
23.270212173461914
22.289255142211914
23.985788345336914
23.458322525024414
23.840036392211914
23.518503189086914
23.333688735961914
23.266427993774414
23.304391860961914
23.162057876586914
23.467355728149414
20.758127212524414
19.674264907836914
22.931222915649414
18.570383071899414
21.220285415649414
22.803415298461914
19.321603775024414
22.879709243774414
23.269723892211914
20.684762954711914
22.806955337524414
23.223215103149414
22.153635025024414
23.190011978149414
22.778512954711914
22.202463150024414
23.331003189086914
23.181589126586914
23.058908462524414
22.959665298461914
23.209177017211914
23.988229751586914
22.412302017211914
22.186960220336914
23.116769790649414
20.797800064086914
23.203195571899414
18.550729751586914
22.961130142211914
20.270944595336914
21.334909439086914
22.909616470336914
23.360544204711914
23.229074478149414
22.436105728149414
22.878122329711914
22.574655532836914
22.381052017211914
22.236764907836914
22.429025650024414
22.950021743774414
23.170724868774414
22.731271743774414
22.655710220336914
22.286081314086914
22.245431900024414
22.912546157836914
22.554880142211914
19.342599868774414
23.263254165649414
22.855905532836914
22.809274673461914
22.907907485961914
23.032175064086914
22.711252212524414
20.637277603149414
21.985055923461914
23.207223892211914
23.057809829711914
23.243234634399414
22.592844009399414
22.704416275024414
23.480539321899414
23.018991470336914
22.858591079711914
23.039133071899414
23.195261001586914
22.904733657836914
23.239938735961914
23.394845962524414
23.272775650024414
23.429147720336914
23.817575454711914
23.092599868774414
23.708810806274414
23.065988540649414
23.404489517211914
22.998971939086914
22.787057876586914
22.349557876586914
22.789743423461914
23.080148696899414
23.038888931274414
23.168161392211914
23.297922134399414
23.703195571899414
23.565622329711914
23.686838150024414
23.926218032836914
24.021432876586914
24.273874282836914
23.523386001586914
23.032052993774414
23.212717056274414
23.594308853149414
23.875070571899414
23.557931900024414
23.060983657836914
23.473093032836914
23.648996353149414
23.086252212524414
21.958566665649414
23.854684829711914
23.951608657836914
23.234201431274414
22.181833267211914
23.884958267211914
23.132638931274414
23.645700454711914
23.137643814086914
22.902536392211914
23.684762954711914
23.083200454711914
23.595285415649414
24.112863540649414
24.165475845336914
24.354196548461914
24.366769790649414
24.232004165649414
24.174875259399414
24.107370376586914
22.460153579711914
23.478586196899414
23.389719009399414
23.628610610961914
22.448312759399414
22.683298110961914
23.489816665649414
23.252878189086914
23.521921157836914
23.225412368774414
23.692819595336914
24.016305923461914
23.255685806274414
23.120553970336914
23.433786392211914
23.865793228149414
23.138986587524414
23.038156509399414
23.589426040649414
23.826608657836914
23.537179946899414
23.894845962524414
22.699777603149414
23.607736587524414
23.145700454711914
23.587472915649414
23.620065689086914
23.669626235961914
23.248117446899414
23.801584243774414
23.757883071899414
23.607980728149414
23.870798110961914
23.796091079711914
23.774118423461914
23.579050064086914
23.679636001586914
23.780099868774414
23.737497329711914
23.812814712524414
23.807199478149414
23.945261001586914
24.027048110961914
24.126291275024414
18.396066665649414
14.231637954711914
17.767404556274414
18.643625259399414
19.546701431274414
20.837961196899414
22.503122329711914
22.097848892211914
21.272287368774414
22.562082290649414
21.747507095336914
22.755197525024414
22.897653579711914
23.341257095336914
23.384714126586914
23.398141860961914
22.907907485961914
22.879465103149414
22.796579360961914
22.693063735961914
22.687692642211914
23.010202407836914
23.276071548461914
23.462717056274414
23.369577407836914
23.380075454711914
22.990060806274414
23.419015884399414
23.071847915649414
23.025217056274414
23.086862564086914
23.070993423461914
23.240427017211914
23.051828384399414
22.765329360961914
22.019235610961914
22.651315689086914
22.985910415649414
22.545236587524414
21.737375259399414
21.596384048461914
22.635812759399414
22.105783462524414
23.119699478149414
22.666696548461914
21.993356704711914
22.891427993774414
22.120065689086914
23.490549087524414
22.421823501586914
22.872507095336914
24.153390884399414
22.551340103149414
23.481637954711914
23.717477798461914
23.798898696899414
22.882028579711914
22.726266860961914
22.855905532836914
22.970041275024414
22.923776626586914
23.329904556274414
23.141550064086914
22.717599868774414
23.315500259399414
23.097482681274414
23.307687759399414
23.676828384399414
22.523996353149414
23.109811782836914
23.276071548461914
23.470895767211914
23.771188735961914
23.184762954711914
23.284006118774414
22.921213150024414
23.538644790649414
23.262155532836914
23.544748306274414
22.582956314086914
22.412057876586914
22.843332290649414
23.724679946899414
22.675119400024414
23.432809829711914
23.452585220336914
23.475778579711914
23.870065689086914
23.637399673461914
23.335763931274414
23.134592056274414
23.811716079711914
23.212839126586914
23.931222915649414
23.761056900024414
24.144845962524414
23.135934829711914
23.297067642211914
23.951974868774414
23.420969009399414
23.967233657836914
23.844552993774414
23.572580337524414
23.937326431274414
24.261178970336914
23.938791275024414
23.830881118774414
23.946969985961914
24.046579360961914
23.802316665649414
23.533151626586914
24.054513931274414
24.003732681274414
24.088693618774414
24.023508071899414
24.279001235961914
24.135812759399414
23.917306900024414
24.310617446899414
24.241769790649414
23.668893814086914
23.859933853149414
23.803293228149414
24.276071548461914
24.342111587524414
24.360422134399414
23.733591079711914
23.575387954711914
23.386301040649414
24.046823501586914
23.402292251586914
24.049142837524414
24.282419204711914
23.294015884399414
23.872751235961914
23.593698501586914
23.925241470336914
23.923654556274414
23.495553970336914
23.561594009399414
23.539621353149414
23.772287368774414
23.325143814086914
23.544992446899414
23.287057876586914
23.599924087524414
23.423898696899414
23.283761978149414
23.600168228149414
23.139963150024414
23.190378189086914
23.231882095336914
23.554513931274414
23.634103775024414
15.677682876586914
22.468210220336914
22.332956314086914
22.955270767211914
22.810617446899414
22.984445571899414
23.081125259399414
22.875436782836914
22.884592056274414
23.050241470336914
23.185495376586914
23.511911392211914
23.236642837524414
23.103342056274414
23.088571548461914
22.932199478149414
21.865793228149414
21.878610610961914
22.285837173461914
22.774850845336914
23.358713150024414
22.491159439086914
22.570261001586914
24.177316665649414
22.827707290649414
22.664865493774414
23.170358657836914
23.005319595336914
23.861398696899414
23.228342056274414
22.823801040649414
23.649240493774414
22.862741470336914
23.926584243774414
23.703683853149414
23.424631118774414
24.089914321899414
24.318185806274414
23.760934829711914
23.997995376586914
24.003610610961914
24.002756118774414
23.694650650024414
24.090402603149414
24.087961196899414
23.372873306274414
23.837961196899414
23.754709243774414
23.763376235961914
23.410715103149414
23.258981704711914
16.132272720336914
22.503122329711914
22.918405532836914
23.351633071899414
22.970773696899414
23.216012954711914
23.377756118774414
23.305124282836914
23.583322525024414
23.622507095336914
23.220041275024414
22.147531509399414
22.172555923461914
22.929513931274414
22.588815689086914
22.813302993774414
22.998361587524414
24.042306900024414
23.522775650024414
23.023508071899414
23.991891860961914
22.783151626586914
24.045602798461914
23.658395767211914
24.231515884399414
23.952585220336914
24.136911392211914
23.624704360961914
23.462106704711914
23.543893814086914
17.771554946899414
22.719308853149414
22.585519790649414
23.074045181274414
23.502511978149414
23.639108657836914
23.292795181274414
22.437936782836914
23.207956314086914
21.866769790649414
22.735422134399414
22.745065689086914
23.161935806274414
23.476266860961914
23.105173110961914
23.041574478149414
23.818063735961914
24.082223892211914
24.327951431274414
23.828561782836914
23.274728775024414
23.539743423461914
23.590524673461914
23.340402603149414
23.533395767211914
22.996042251586914
23.467477798461914
23.617868423461914
22.313425064086914
22.781930923461914
22.352243423461914
22.564035415649414
23.209177017211914
22.953195571899414
23.811105728149414
23.976266860961914
23.437082290649414
23.585763931274414
17.652536392211914
23.143136978149414
23.112253189086914
23.092599868774414
23.620309829711914
23.308542251586914
22.478952407836914
23.161569595336914
22.857004165649414
22.638010025024414
23.572702407836914
23.716501235961914
23.605661392211914
23.654855728149414
23.521310806274414
23.227609634399414
23.229684829711914
23.005807876586914
22.775339126586914
23.957223892211914
23.558176040649414
23.212594985961914
23.406198501586914
23.297067642211914
22.767770767211914
24.068185806274414
23.710397720336914
24.337717056274414
23.816354751586914
23.733346939086914
23.746042251586914
23.658273696899414
18.346506118774414
22.881418228149414
24.059152603149414
23.910715103149414
23.855295181274414
23.921701431274414
23.471994400024414
23.236642837524414
23.445016860961914
22.810495376586914
24.145334243774414
24.209299087524414
23.909982681274414
23.533761978149414
19.058908462524414
24.142038345336914
23.819528579711914
24.285837173461914
20.015573501586914
23.450021743774414
22.875070571899414
20.528512954711914
23.306711196899414
23.603342056274414
22.800851821899414
21.914499282836914
22.318796157836914
23.467966079711914
22.474557876586914
23.450876235961914
22.733957290649414
23.389108657836914
22.572702407836914
23.424386978149414
22.755685806274414
22.597360610961914
24.013498306274414
22.776803970336914
22.597848892211914
23.343698501586914
23.525461196899414
23.389230728149414
23.178049087524414
23.383005142211914
23.420969009399414
22.652170181274414
23.360055923461914
22.767404556274414
24.010568618774414
23.037302017211914
24.207345962524414
23.097238540649414
23.865549087524414
