9.876351576561311e-42
5.130433559417725
10.568056106567383
1.8640762567520142
7.256532192230225
2.7796034812927246
11.752992630004883
11.399110794067383
7.738709926605225
23.242860794067383
8.940614700317383
21.918397903442383
21.933412551879883
24.346254348754883
23.872011184692383
20.510194778442383
24.744813919067383
22.848817825317383
24.679140090942383
20.359682083129883
24.674257278442383
24.758241653442383
14.160219192504883
17.164735794067383
17.201112747192383
24.841981887817383
24.711610794067383
21.909120559692383
23.096620559692383
25.079164505004883
24.037904739379883
25.228334426879883
22.017274856567383
24.658754348754883
23.786684036254883
24.007020950317383
23.508607864379883
23.600160598754883
25.484682083129883
23.776674270629883
23.758974075317383
23.763490676879883
8.477113723754883
17.988588333129883
1.9974991083145142
10.304262161254883
13.830141067504883
21.315126419067383
24.301698684692383
13.912904739379883
22.952821731567383
24.595033645629883
22.035829544067383
24.673280715942383
12.352846145629883
24.827699661254883
19.787050247192383
24.289735794067383
25.197938919067383
23.974916458129883
14.541566848754883
21.491273880004883
6.807679653167725
18.073183059692383
12.304506301879883
24.613466262817383
24.629335403442383
22.857240676879883
15.482728958129883
24.284486770629883
23.992738723754883
23.535829544067383
12.896181106567383
19.297426223754883
9.078310012817383
17.093935012817383
24.621767044067383
24.745424270629883
14.800233840942383
24.309877395629883
23.629823684692383
23.510805130004883
18.934144973754883
21.774354934692383
20.488222122192383
24.730287551879883
24.771059036254883
24.838808059692383
24.003602981567383
23.732973098754883
21.489320755004883
14.650453567504883
24.719789505004883
24.277406692504883
23.595399856567383
23.187318801879883
24.764223098754883
25.152040481567383
23.872011184692383
18.410707473754883
18.479188919067383
24.811708450317383
23.789003372192383
23.854310989379883
17.302186965942383
22.707582473754883
19.217470169067383
25.090150833129883
23.537904739379883
24.168642044067383
20.878480911254883
23.622377395629883
21.218446731567383
24.288026809692383
23.985536575317383
22.005189895629883
23.806581497192383
17.344789505004883
23.874940872192383
20.181093215942383
24.605653762817383
22.924989700317383
24.264589309692383
24.018739700317383
24.273012161254883
24.692689895629883
24.372865676879883
24.570009231567383
25.164369583129883
24.475160598754883
24.441591262817383
19.012758255004883
24.597108840942383
24.684755325317383
24.778383255004883
24.926088333129883
21.485414505004883
23.429140090942383
23.865297317504883
23.515932083129883
24.403261184692383
23.847963333129883
23.352968215942383
23.705873489379883
24.095643997192383
24.630922317504883
24.824159622192383
24.919496536254883
24.868593215942383
24.803895950317383
24.748598098754883
24.832338333129883
24.780336380004883
24.741518020629883
25.051332473754883
25.288270950317383
25.204652786254883
25.111146926879883
25.125673294067383
25.212099075317383
25.416444778442383
25.454408645629883
6.711488246917725
8.534608840942383
6.395936489105225
8.510927200317383
6.651551723480225
9.973695755004883
13.581972122192383
10.022890090942383
14.075502395629883
13.891542434692383
6.172425746917725
10.334657669067383
15.542787551879883
6.638246059417725
17.138978958129883
9.523500442504883
13.267885208129883
21.637514114379883
9.525331497192383
21.473939895629883
19.335268020629883
10.221376419067383
3.4581923484802246
22.102968215942383
18.938051223754883
17.011903762817383
12.120546340942383
15.336000442504883
17.783876419067383
6.652528285980225
19.373353958129883
16.595521926879883
18.895936965942383
16.264223098754883
7.571595668792725
8.502504348754883
6.643373012542725
10.599184036254883
12.715394973754883
6.466371059417725
13.190736770629883
12.975526809692383
19.894716262817383
12.626283645629883
16.319032669067383
8.169130325317383
22.124940872192383
14.191225051879883
22.141664505004883
8.599550247192383
9.600404739379883
18.073427200317383
10.341249465942383
22.197084426879883
16.931581497192383
8.945619583129883
12.883607864379883
23.502382278442383
16.980653762817383
11.016176223754883
15.821840286254883
14.198427200317383
17.678041458129883
9.367738723754883
19.148500442504883
10.986879348754883
11.284242630004883
20.784486770629883
18.021791458129883
13.236024856567383
16.152772903442383
16.062562942504883
12.729433059692383
19.196352005004883
19.439027786254883
18.790956497192383
18.447450637817383
20.152528762817383
21.005678176879883
15.263612747192383
20.120302200317383
16.446962356567383
22.815492630004883
17.879457473754883
22.383241653442383
19.351625442504883
20.257143020629883
21.613588333129883
20.336610794067383
21.298891067504883
21.165834426879883
21.695497512817383
22.232606887817383
22.868715286254883
23.288759231567383
23.701601028442383
18.840639114379883
19.861879348754883
18.723939895629883
13.751039505004883
12.227479934692383
12.678163528442383
12.178895950317383
12.170961380004883
6.289613246917725
7.004945278167725
8.454652786254883
19.919252395629883
16.515443801879883
17.774232864379883
16.375429153442383
14.692811965942383
6.476380825042725
7.711976528167725
9.051576614379883
7.469544887542725
11.148134231567383
17.720399856567383
16.478700637817383
8.380189895629883
10.013856887817383
16.704530715942383
11.028505325317383
18.458192825317383
13.658143997192383
21.019838333129883
14.002138137817383
13.508607864379883
14.687807083129883
18.703187942504883
6.101380825042725
14.296815872192383
9.709047317504883
15.406801223754883
10.745546340942383
11.043642044067383
13.301820755004883
19.471132278442383
15.611513137817383
7.053285121917725
11.651674270629883
10.390199661254883
14.807313919067383
7.590760707855225
9.575014114379883
15.347597122192383
12.876039505004883
10.498231887817383
17.779481887817383
14.622865676879883
15.742494583129883
8.612245559692383
16.019594192504883
11.929994583129883
7.842835903167725
11.505067825317383
11.842470169067383
12.546815872192383
16.513978958129883
12.661684036254883
10.166688919067383
13.817079544067383
12.159364700317383
17.129945755004883
14.080018997192383
17.091493606567383
14.564149856567383
13.468935012817383
14.296083450317383
15.832338333129883
15.594667434692383
16.458070755004883
17.208681106567383
16.482240676879883
16.497377395629883
16.066225051879883
19.560121536254883
20.478578567504883
20.616273880004883
22.008852005004883
21.666933059692383
22.644350051879883
21.303407669067383
16.515810012817383
17.267396926879883
22.596742630004883
18.213930130004883
22.326845169067383
23.815980911254883
18.317811965942383
12.577089309692383
19.876649856567383
23.722963333129883
24.773012161254883
24.325990676879883
25.372255325317383
23.962343215942383
25.101137161254883
25.233339309692383
25.149721145629883
25.082826614379883
24.695253372192383
24.885560989379883
25.015443801879883
19.394960403442383
17.108705520629883
23.047548294067383
21.712709426879883
24.405214309692383
23.556703567504883
16.248720169067383
24.659975051879883
23.938905715942383
25.270814895629883
25.226991653442383
24.855165481567383
24.966371536254883
19.881288528442383
20.447572708129883
22.726381301879883
20.600160598754883
24.539247512817383
21.719789505004883
21.642152786254883
24.797792434692383
23.656068801879883
25.392274856567383
23.017641067504883
18.934389114379883
24.342226028442383
23.501771926879883
21.322084426879883
25.389955520629883
23.904970169067383
24.139101028442383
23.627016067504883
24.248476028442383
24.531801223754883
24.616518020629883
25.424989700317383
25.104188919067383
25.058290481567383
25.334169387817383
24.854188919067383
24.942934036254883
25.242860794067383
25.327211380004883
24.904726028442383
25.249818801879883
25.299379348754883
25.070375442504883
25.080018997192383
25.179750442504883
25.112489700317383
25.270570755004883
22.772890090942383
22.761415481567383
22.983339309692383
23.523866653442383
23.590883255004883
23.870302200317383
24.019838333129883
23.886903762817383
23.956972122192383
24.075502395629883
24.113588333129883
24.641054153442383
24.820253372192383
24.702577590942383
24.843080520629883
25.103578567504883
24.978822708129883
25.013368606567383
24.994203567504883
24.998842239379883
24.963563919067383
13.666078567504883
11.728090286254883
9.454652786254883
22.383607864379883
24.510316848754883
19.820863723754883
19.298646926879883
24.289369583129883
24.964052200317383
12.758729934692383
24.181947708129883
23.410829544067383
20.146425247192383
24.264589309692383
24.977357864379883
20.261659622192383
24.519594192504883
20.015565872192383
22.878847122192383
21.492128372192383
15.186952590942383
24.842470169067383
23.829530715942383
23.658998489379883
24.245180130004883
17.923280715942383
24.647645950317383
24.524354934692383
25.505678176879883
25.145326614379883
25.225404739379883
25.054140090942383
24.971376419067383
24.909975051879883
24.692323684692383
24.693178176879883
24.766420364379883
24.946107864379883
24.818056106567383
21.523012161254883
19.308534622192383
23.822572708129883
18.481264114379883
21.795106887817383
24.762880325317383
20.064882278442383
24.604066848754883
24.379213333129883
22.040102005004883
24.446962356567383
24.346010208129883
24.048646926879883
25.011903762817383
24.386293411254883
23.943422317504883
24.638490676879883
24.579530715942383
24.763612747192383
24.740541458129883
24.845888137817383
25.210390090942383
24.848085403442383
24.947694778442383
25.355287551879883
20.976869583129883
24.693666458129883
18.191835403442383
23.826234817504883
20.660707473754883
22.303651809692383
24.407777786254883
24.807558059692383
24.677064895629883
24.261049270629883
24.700258255004883
24.857728958129883
24.994081497192383
24.998720169067383
23.340883255004883
24.981386184692383
23.999208450317383
24.820741653442383
24.904603958129883
25.044008255004883
25.182802200317383
25.065248489379883
23.501283645629883
20.133485794067383
24.556947708129883
24.537172317504883
25.140932083129883
25.239564895629883
25.220033645629883
24.936342239379883
21.971620559692383
22.879945755004883
24.725404739379883
24.754579544067383
25.117616653442383
24.533632278442383
24.491151809692383
24.744203567504883
24.875673294067383
24.931215286254883
25.171327590942383
25.146547317504883
23.763124465942383
24.815736770629883
25.209169387817383
24.502382278442383
25.119447708129883
25.311586380004883
24.827089309692383
25.109682083129883
24.960390090942383
25.060976028442383
24.787904739379883
24.954286575317383
25.021425247192383
25.337953567504883
25.190614700317383
24.961366653442383
25.000185012817383
25.106142044067383
25.023866653442383
25.081239700317383
25.214174270629883
25.219789505004883
25.239931106567383
25.112611770629883
24.318178176879883
23.711854934692383
24.215272903442383
24.416322708129883
24.593935012817383
24.518251419067383
24.215394973754883
24.486757278442383
24.628847122192383
24.335756301879883
23.145448684692383
24.561464309692383
24.745180130004883
24.508363723754883
23.129579544067383
24.982606887817383
24.477235794067383
24.518861770629883
24.561220169067383
24.107728958129883
24.980653762817383
24.497621536254883
24.978700637817383
25.150087356567383
25.111513137817383
25.382265090942383
25.191591262817383
25.186464309692383
24.841615676879883
25.080995559692383
23.356019973754883
24.311952590942383
24.231996536254883
24.944398880004883
23.624330520629883
23.607362747192383
24.403749465942383
23.838075637817383
24.563295364379883
23.715150833129883
24.856874465942383
24.998109817504883
23.797792434692383
23.653871536254883
24.111391067504883
24.612489700317383
23.847475051879883
24.325746536254883
24.501771926879883
24.903627395629883
24.354066848754883
24.968202590942383
23.778627395629883
24.515810012817383
24.194643020629883
24.284486770629883
24.619203567504883
24.407289505004883
24.398378372192383
25.147035598754883
24.743227005004883
24.818056106567383
25.280824661254883
24.865663528442383
24.467714309692383
24.678163528442383
24.930360794067383
25.148866653442383
24.638002395629883
24.963930130004883
24.951723098754883
25.213441848754883
25.117982864379883
25.085512161254883
16.618715286254883
12.712099075317383
17.071596145629883
17.628480911254883
18.134218215942383
19.480897903442383
20.509950637817383
20.943056106567383
20.312318801879883
20.874574661254883
21.357484817504883
22.291078567504883
22.786806106567383
23.225893020629883
23.330751419067383
23.360414505004883
22.399965286254883
22.721254348754883
22.878480911254883
22.703065872192383
23.349184036254883
23.500551223754883
23.575258255004883
23.705507278442383
23.836854934692383
23.530092239379883
23.561586380004883
23.854921340942383
23.815126419067383
24.284852981567383
23.570253372192383
24.381044387817383
23.513002395629883
24.309022903442383
23.694520950317383
22.099306106567383
23.177797317504883
23.078798294067383
22.962587356567383
22.019838333129883
22.075746536254883
22.614198684692383
22.355043411254883
23.202821731567383
22.810365676879883
22.542909622192383
22.917543411254883
22.730409622192383
24.557435989379883
23.790834426879883
24.006044387817383
24.824159622192383
24.343568801879883
24.519227981567383
24.571229934692383
24.653505325317383
24.400209426879883
24.184022903442383
23.939271926879883
23.992860794067383
23.874086380004883
24.488588333129883
24.337831497192383
23.866029739379883
24.248964309692383
23.916200637817383
24.060853958129883
24.137025833129883
23.863588333129883
23.761537551879883
24.401796340942383
24.634096145629883
24.805849075317383
24.598451614379883
23.899477005004883
23.640810012817383
24.414003372192383
23.914857864379883
24.843812942504883
24.036317825317383
24.005678176879883
23.991640090942383
24.597108840942383
24.183168411254883
24.832704544067383
24.499818801879883
24.408266067504883
25.051210403442383
24.969667434692383
24.670595169067383
24.388612747192383
24.549135208129883
24.650209426879883
25.077943801879883
24.786561965942383
25.310853958129883
24.362855911254883
24.463808059692383
25.274354934692383
24.654848098754883
24.856386184692383
25.119081497192383
24.827455520629883
25.265199661254883
25.268251419067383
25.270448684692383
24.947694778442383
24.922914505004883
24.802553176879883
24.919618606567383
25.380189895629883
24.805482864379883
24.982973098754883
25.458559036254883
25.067811965942383
25.309633255004883
25.072206497192383
25.211244583129883
25.202455520629883
25.173036575317383
24.938905715942383
25.312929153442383
24.896181106567383
25.119447708129883
25.176576614379883
25.285341262817383
25.057313919067383
24.803895950317383
24.699281692504883
25.087221145629883
24.496400833129883
24.892518997192383
25.268861770629883
24.613344192504883
24.967103958129883
24.909730911254883
24.970277786254883
25.391664505004883
24.917787551879883
24.675477981567383
24.731996536254883
25.354433059692383
24.496644973754883
25.363344192504883
24.507631301879883
25.073183059692383
24.677064895629883
24.568056106567383
25.081605911254883
24.579164505004883
24.419862747192383
24.470643997192383
25.049257278442383
25.386659622192383
14.326112747192383
20.843812942504883
21.229188919067383
22.346010208129883
22.575380325317383
22.919008255004883
23.405092239379883
22.773988723754883
23.143007278442383
22.938661575317383
23.565492630004883
23.764101028442383
23.770326614379883
24.023012161254883
24.174257278442383
24.088319778442383
22.224672317504883
22.198427200317383
22.794374465942383
23.670961380004883
23.709291458129883
23.843568801879883
24.318544387817383
24.874452590942383
24.145204544067383
23.854188919067383
24.284730911254883
23.850770950317383
24.912538528442383
24.570985794067383
23.775941848754883
25.036684036254883
24.220399856567383
24.606630325317383
24.885683059692383
24.810609817504883
25.055727005004883
25.172670364379883
24.820863723754883
24.897890090942383
24.964052200317383
25.264955520629883
24.939638137817383
25.081727981567383
25.094911575317383
25.399599075317383
24.883485794067383
25.373476028442383
25.407167434692383
24.768129348754883
24.381410598754883
14.874208450317383
21.208681106567383
23.005922317504883
23.314149856567383
22.741151809692383
23.167177200317383
23.690492630004883
23.821474075317383
23.731996536254883
23.713441848754883
24.252870559692383
22.649354934692383
22.242738723754883
22.883852005004883
24.234682083129883
24.328920364379883
24.077943801879883
24.620668411254883
24.583559036254883
24.037050247192383
25.259950637817383
24.207460403442383
25.086977005004883
24.838319778442383
25.294618606567383
25.149354934692383
25.150697708129883
25.333436965942383
24.865175247192383
25.065492630004883
16.453798294067383
22.000307083129883
21.558778762817383
23.261537551879883
23.636415481567383
23.826845169067383
24.300111770629883
22.541810989379883
23.214784622192383
22.524721145629883
23.708192825317383
24.323549270629883
24.066225051879883
25.004701614379883
24.529359817504883
24.339174270629883
25.020692825317383
25.189760208129883
25.230409622192383
25.123109817504883
25.059267044067383
24.766420364379883
25.338563919067383
24.550111770629883
25.160585403442383
23.198427200317383
23.877748489379883
23.698427200317383
22.466127395629883
22.945131301879883
23.882997512817383
23.737977981567383
24.174623489379883
24.266298294067383
24.506898880004883
25.336366653442383
25.000429153442383
24.829530715942383
16.763734817504883
23.497377395629883
23.561708450317383
23.176210403442383
23.798158645629883
24.071229934692383
22.607851028442383
24.354188919067383
23.742616653442383
24.132753372192383
24.096498489379883
25.009706497192383
24.787660598754883
24.827821731567383
25.017274856567383
23.640565872192383
23.478700637817383
23.831483840942383
24.033510208129883
25.086366653442383
24.913026809692383
23.577333450317383
23.725526809692383
24.470155715942383
23.948793411254883
25.315492630004883
25.127138137817383
25.300477981567383
24.838808059692383
24.859560012817383
25.201845169067383
25.242494583129883
17.146913528442383
24.125429153442383
25.280214309692383
25.036439895629883
24.839418411254883
25.223573684692383
24.129091262817383
24.041688919067383
24.522279739379883
23.844301223754883
25.032533645629883
25.144960403442383
25.346864700317383
25.168397903442383
17.892518997192383
25.257997512817383
25.133729934692383
25.262636184692383
18.786073684692383
24.131288528442383
24.324037551879883
19.002748489379883
23.274354934692383
24.499940872192383
23.721498489379883
20.641420364379883
20.519716262817383
25.238344192504883
20.839052200317383
24.394838333129883
23.899843215942383
24.300966262817383
21.142518997192383
24.392030715942383
24.090517044067383
24.138124465942383
25.057191848754883
24.194276809692383
21.275697708129883
24.161561965942383
24.295961380004883
25.318910598754883
23.827577590942383
24.382631301879883
25.421693801879883
21.452699661254883
23.683046340942383
24.218568801879883
25.158021926879883
24.211366653442383
25.284852981567383
23.887758255004883
24.987855911254883
