9.876351576561311e-42
6.149346828460693
10.688043594360352
4.700860500335693
7.796197414398193
4.319512844085693
12.329034805297852
12.747613906860352
9.457941055297852
23.46148109436035
10.087335586547852
22.54461097717285
22.41155433654785
25.18938636779785
24.17083168029785
21.75054359436035
26.14934730529785
24.18804359436035
26.01104164123535
22.06585121154785
25.58086585998535
26.23052406311035
15.259576797485352
18.54912757873535
17.68499183654785
26.07036781311035
25.92156410217285
23.26555824279785
24.23955726623535
25.96184730529785
25.72918128967285
26.30327796936035
22.48565101623535
25.16839027404785
24.46990394592285
25.67730140686035
24.78887367248535
25.18499183654785
26.02141761779785
24.48174476623535
25.41582679748535
24.65801429748535
8.775079727172852
19.22832679748535
4.386041164398193
10.481012344360352
14.230401992797852
21.32134437561035
24.92156410217285
15.061456680297852
23.60686683654785
26.09990882873535
23.01836585998535
25.99163246154785
13.847833633422852
25.67437171936035
20.61712074279785
25.43389320373535
25.92705726623535
25.80327796936035
14.794733047485352
21.83233070373535
8.678522109985352
18.43352699279785
13.573663711547852
25.77178382873535
26.04497718811035
24.22393226623535
17.05986976623535
25.75347328186035
25.70159339904785
24.81243324279785
12.862237930297852
20.00225257873535
10.366998672485352
16.99553871154785
26.05376625061035
26.20549964904785
16.03032875061035
25.84331703186035
24.54412269592285
25.05510902404785
18.99468421936035
22.21355628967285
20.51861000061035
25.97051429748535
26.10686683654785
26.19121742248535
25.71477699279785
25.18975257873535
21.71184730529785
14.950372695922852
25.90386390686035
25.75420570373535
25.27727699279785
23.37310218811035
26.00908851623535
26.06707191467285
25.51641273498535
18.10357093811035
19.57756996154785
25.95195960998535
25.52544593811035
25.54070472717285
16.89409828186035
23.10503578186035
20.87114906311035
25.94585609436035
25.00029945373535
25.61443519592285
20.68963050842285
23.98797035217285
22.79558753967285
25.29741859436035
24.17412757873535
23.77532386779785
25.42791175842285
17.10662269592285
25.72295570373535
20.10247230529785
25.14299964904785
24.73491859436035
25.41546058654785
25.77080726623535
25.34246253967285
25.35003089904785
25.56841468811035
25.37542152404785
25.98247718811035
25.47686195373535
25.87554359436035
18.65423011779785
25.53557777404785
25.55901527404785
25.58660316467285
25.75213050842285
21.64861488342285
24.80132484436035
24.96734046936035
25.12310218811035
24.90484046936035
25.64739418029785
25.13958168029785
25.37420082092285
25.45562171936035
25.37676429748535
25.54900550842285
25.69329261779785
25.63164710998535
25.63994789123535
25.81939125061035
25.80425453186035
25.84307289123535
25.81780433654785
26.07769203186035
26.11907386779785
26.04705238342285
25.78130531311035
25.89739418029785
25.86480140686035
26.01067543029785
26.11077308654785
10.230157852172852
11.166193008422852
8.635553359985352
10.472711563110352
9.035577774047852
11.981988906860352
15.235528945922852
12.088678359985352
15.708795547485352
15.681329727172852
8.608942031860352
11.900690078735352
16.96184730529785
8.120172500610352
18.92193031311035
11.483942031860352
15.259088516235352
21.79912757873535
11.776788711547852
21.10943031311035
20.66863441467285
12.653497695922852
5.288262844085693
23.74090003967285
20.88360023498535
19.06731605529785
13.894830703735352
17.42449378967285
19.59038734436035
7.415215969085693
21.22051429748535
18.41790199279785
20.45879554748535
17.30938148498535
10.538751602172852
10.632867813110352
9.079278945922852
12.769464492797852
14.294366836547852
8.922052383422852
14.848321914672852
13.778131484985352
20.61821937561035
14.041681289672852
17.66008949279785
10.113946914672852
22.14507484436035
16.27495765686035
23.19744300842285
11.061090469360352
12.257379531860352
19.16546058654785
12.358087539672852
22.46660804748535
18.37371253967285
12.339899063110352
14.920343399047852
24.76214027404785
18.72539710998535
12.920587539672852
17.59600257873535
15.470270156860352
19.14873695373535
11.963434219360352
20.19146156311035
12.828546524047852
13.464899063110352
21.38738441467285
19.60003089904785
14.795343399047852
17.58635902404785
17.55340003967285
14.612604141235352
21.71343421936035
20.92437171936035
21.05315589904785
19.66423988342285
21.70903968811035
22.77544593811035
16.97576332092285
21.84331703186035
18.11541175842285
24.53862953186035
19.70916175842285
24.15300941467285
21.26311683654785
21.17559242248535
22.63054847717285
20.62847328186035
20.64336585998535
21.17595863342285
22.36297035217285
22.87029457092285
24.23967933654785
24.72393226623535
25.07720375061035
24.77300453186035
25.13018226623535
24.44561195373535
18.68279457092285
16.91619300842285
17.38274574279785
17.30694007873535
17.48552894592285
9.249444961547852
9.977106094360352
11.138483047485352
25.17949867248535
21.90117835998535
22.58184242248535
22.28032875061035
20.53801918029785
10.087945938110352
12.031061172485352
13.135797500610352
11.437067031860352
14.388116836547852
19.09307289123535
18.50676918029785
11.951105117797852
12.458673477172852
17.75701332092285
13.205743789672852
24.64678382873535
18.90093421936035
25.78801918029785
18.82341957092285
18.98528480529785
20.79839515686035
23.57000160217285
10.158014297485352
19.23247718811035
13.494318008422852
18.43023109436035
12.951959609985352
14.084527969360352
18.94085121154785
24.87944984436035
21.76665687561035
10.486017227172852
15.136651992797852
12.856256484985352
20.96001625061035
11.675836563110352
11.771661758422852
21.04705238342285
16.83623695373535
13.653863906860352
24.32976722717285
20.12652015686035
21.10296058654785
12.387506484985352
21.34527015686035
15.005182266235352
11.158380508422852
15.386163711547852
15.513360977172852
15.410577774047852
21.53728675842285
15.868829727172852
13.070123672485352
17.91472816467285
15.887750625610352
21.45098304748535
17.96758460998535
22.44243812561035
19.59636878967285
18.21245765686035
19.94646644592285
21.68609046936035
21.68548011779785
22.68792152404785
23.54827308654785
22.64519691467285
21.99028968811035
21.22454261779785
24.59173011779785
25.25127601623535
25.74370765686035
27.16594886779785
26.82427406311035
27.97393226623535
25.86370277404785
21.18926429748535
21.77202796936035
27.01616859436035
21.31817054748535
22.98992347717285
24.97759437561035
19.05364418029785
14.593194961547852
20.28655433654785
24.33257484436035
26.08452796936035
26.79339027404785
27.00664710998535
27.33782386779785
27.00383949279785
27.54802894592285
27.86052894592285
27.93377113342285
26.89629554748535
26.86199378967285
27.61455726623535
24.21001625061035
20.75982093811035
26.09209632873535
21.79912757873535
25.24956703186035
23.47051429748535
17.23333168029785
27.39263343811035
26.99480628967285
27.39312171936035
27.59990882873535
26.90166664123535
27.39885902404785
23.21038246154785
20.62737464904785
22.75469398498535
21.05816078186035
27.11040687561035
24.79986000061035
21.92351722717285
24.93010902404785
23.73772621154785
26.16985511779785
24.19622230529785
19.90899085998535
24.43877601623535
25.32500648498535
21.34319496154785
27.14116859436035
25.66423988342285
26.22429847717285
23.62444496154785
25.71013832092285
26.43572425842285
24.92144203186035
27.09136390686035
25.94365882873535
25.29180335998535
26.97271156311035
27.34234046936035
27.20293617248535
27.27300453186035
27.63970375061035
27.29583168029785
27.41509437561035
27.55510902404785
27.23601722717285
27.34465980529785
27.65862464904785
27.75127601623535
27.45916175842285
27.96978187561035
27.80632972717285
27.83086585998535
27.39177894592285
26.99163246154785
27.10271644592285
27.24016761779785
27.48345375061035
27.54656410217285
27.36626625061035
27.38823890686035
27.31377601623535
27.33696937561035
27.17876625061035
27.21270179748535
27.15178871154785
27.23406410217285
27.32134437561035
27.44182777404785
27.30950355529785
27.28374671936035
14.928766250610352
13.306573867797852
11.663507461547852
23.64837074279785
26.48198890686035
21.54705238342285
21.68010902404785
27.36687660217285
27.19280433654785
14.240655899047852
25.39690589904785
25.52263832092285
22.85674476623535
27.02898597717285
27.15825843811035
21.09832191467285
27.18999671936035
22.51152992248535
23.59942054748535
24.16131019592285
16.12969398498535
27.65764808654785
26.68316078186035
27.02117347717285
27.61565589904785
18.57879066467285
27.88604164123535
25.18120765686035
27.09929847717285
26.45537757873535
27.77837562561035
27.23113441467285
28.01409339904785
27.93169593811035
27.52215003967285
27.28203773498535
27.01848793029785
26.67840003967285
26.80449867248535
24.62676429748535
21.40947914123535
27.05925941467285
19.21978187561035
23.67974281311035
26.84392738342285
20.25029945373535
26.71099281311035
26.80571937561035
22.00847816467285
26.04876136779785
26.65764808654785
25.35296058654785
27.09502601623535
25.98247718811035
25.31914710998535
26.62236976623535
26.78826332092285
26.88591957092285
26.86040687561035
26.74273109436035
27.13701820373535
26.91680335998535
26.74871253967285
26.58855628967285
23.84270668029785
26.67998695373535
19.45733070373535
26.63726234436035
21.76726722717285
23.03667640686035
26.25969886779785
26.46892738342285
26.75725746154785
25.61052894592285
27.04253578186035
27.03801918029785
26.85039710998535
26.67864418029785
26.57256507873535
27.09319496154785
26.47649574279785
26.93987464904785
26.66558265686035
26.76787757873535
26.47393226623535
27.25322914123535
26.11199378967285
20.07317543029785
26.85369300842285
26.18706703186035
26.71904945373535
26.81292152404785
26.50908851623535
27.05828285217285
21.85357093811035
24.24517250061035
26.70318031311035
26.69622230529785
26.90606117248535
25.74566078186035
25.76470375061035
26.50188636779785
26.73418617248535
27.11577796936035
26.78508949279785
27.05547523498535
26.00908851623535
26.84197425842285
26.71062660217285
26.73247718811035
27.05340003967285
26.87639808654785
26.64824867248535
27.07341957092285
26.65044593811035
26.87554359436035
26.88579750061035
26.94695472717285
26.89776039123535
26.69256019592285
26.79119300842285
26.61553382873535
26.65984535217285
26.87615394592285
26.94658851623535
26.97027015686035
26.87578773498535
26.98919105529785
26.96660804748535
26.89751625061035
26.88921546936035
26.60601234436035
26.63982582092285
25.51848793029785
26.36345863342285
25.85271644592285
24.36931800842285
24.86199378967285
25.02251625061035
24.64348793029785
22.97869300842285
25.85405921936035
25.83757972717285
24.51201820373535
23.16997718811035
25.25701332092285
24.32110023498535
26.64312171936035
24.90252113342285
24.63018226623535
25.63640785217285
25.16033363342285
25.75896644592285
25.70501136779785
25.30840492248535
25.70281410217285
25.82451820373535
25.60723304748535
25.46636390686035
25.49248695373535
23.92669105529785
24.01128578186035
24.35357093811035
25.09514808654785
24.19561195373535
23.74480628967285
24.12676429748535
24.30901527404785
24.82952308654785
23.13530921936035
24.83831214904785
25.80462074279785
23.78862953186035
23.19414710998535
24.06536293029785
24.88958168029785
23.61223793029785
24.85308265686035
24.29863929748535
25.22783851623535
24.09087562561035
25.19915199279785
24.69548988342285
23.91716957092285
24.61040687561035
24.72808265686035
24.53862953186035
24.71990394592285
25.10442543029785
24.92974281311035
24.88872718811035
25.00933265686035
25.09209632873535
25.08672523498535
24.39885902404785
24.40752601623535
24.60686683654785
24.91826820373535
24.20818519592285
24.87529945373535
24.99114418029785
25.23845863342285
25.30620765686035
26.01714515686035
24.90813636779785
19.36846351623535
24.40813636779785
24.52910804748535
24.71514320373535
25.45220375061035
27.73308753967285
27.58623695373535
25.76885414123535
27.75322914123535
26.42315101623535
27.93694496154785
28.34295082092285
28.42901039123535
28.35967445373535
28.40569496154785
27.84612464904785
27.88152503967285
27.81231117248535
27.24688148498535
27.58550453186035
27.37578773498535
27.72490882873535
27.89385414123535
28.20647621154785
27.65313148498535
27.38689613342285
28.22222328186035
27.64959144592285
27.43218421936035
27.75115394592285
27.36663246154785
27.56267738342285
27.22930335998535
26.98552894592285
25.96721839904785
26.42803382873535
26.37090492248535
26.16777992248535
25.69500160217285
25.67461585998535
25.68853187561035
25.92168617248535
25.45977210998535
25.59160804748535
25.97344398498535
25.19732093811035
25.97319984436035
26.78631019592285
26.46734046936035
26.54827308654785
25.47271156311035
26.51763343811035
26.72503089904785
25.39043617248535
25.85088539123535
26.11004066467285
25.77092933654785
26.44219398498535
26.59295082092285
26.56157875061035
26.00298500061035
25.82683753967285
25.67205238342285
26.60161781311035
26.58391761779785
26.77556800842285
24.43096351623535
25.63360023498535
26.64776039123535
26.66936683654785
25.33477210998535
25.37810707092285
26.87981605529785
26.74578285217285
26.42681312561035
26.78496742248535
26.87749671936035
25.09465980529785
26.05510902404785
25.57671546936035
26.30877113342285
27.04570960998535
25.89495277404785
25.16155433654785
24.71416664123535
26.92766761779785
25.61638832092285
25.29424476623535
25.21001625061035
26.68548011779785
27.03032875061035
25.88360023498535
27.00823402404785
25.81499671936035
27.05144691467285
24.61980628967285
24.43816566467285
26.88140296936035
24.42168617248535
25.80718421936035
27.00664710998535
25.49907875061035
26.83660316467285
25.89715003967285
26.68499183654785
25.95867347717285
26.35112953186035
24.89470863342285
26.07573890686035
26.76043128967285
24.34209632873535
24.89946937561035
26.85393714904785
25.89275550842285
26.90044593811035
26.78569984436035
25.22173500061035
26.98967933654785
26.82476234436035
25.41192054748535
24.99639320373535
24.89177894592285
26.84563636779785
27.01568031311035
26.63836097717285
24.94793128967285
25.08220863342285
25.41936683654785
25.06231117248535
24.89605140686035
25.15715980529785
26.34160804748535
24.97527503967285
24.75713539123535
25.60235023498535
24.72112464904785
25.60735511779785
25.54644203186035
24.74773597717285
24.60308265686035
24.73723793029785
24.54290199279785
26.15178871154785
24.42815589904785
24.85003089904785
24.56206703186035
24.46209144592285
24.97710609436035
24.26824378967285
24.17486000061035
23.78399085998535
24.72075843811035
24.73296546936035
21.85137367248535
27.78899574279785
27.58696937561035
27.92363929748535
28.37420082092285
28.36126136779785
28.24883460998535
27.71111488342285
27.66985511779785
27.71965980529785
27.55816078186035
27.94548988342285
27.40618324279785
27.63665199279785
27.56621742248535
27.15410804748535
25.98699378967285
25.80120277404785
26.07293128967285
26.44219398498535
25.97454261779785
26.21038246154785
26.47503089904785
25.88189125061035
25.72173500061035
26.17937660217285
25.38042640686035
26.58757972717285
25.06218910217285
25.20134925842285
26.40191078186035
25.13726234436035
26.05547523498535
27.08672523498535
26.77715492248535
26.00591468811035
26.86712074279785
25.47881507873535
26.15081214904785
24.97991371154785
25.25701332092285
26.29277992248535
25.89177894592285
25.60259437561035
24.95549964904785
25.07464027404785
24.83709144592285
25.55437660217285
24.99749183654785
25.30108070373535
24.09990882873535
23.16839027404785
27.72576332092285
28.30217933654785
28.33159828186035
27.69390296936035
28.14226722717285
27.47564125061035
27.81218910217285
27.57818031311035
27.75994300842285
27.82659339904785
26.55132484436035
26.08757972717285
25.50066566467285
26.27849769592285
26.00237464904785
26.61492347717285
25.75933265686035
26.96160316467285
26.54631996154785
27.09978675842285
25.30852699279785
25.95867347717285
25.15508460998535
26.87005043029785
25.72381019592285
24.99529457092285
25.03399085998535
24.69085121154785
24.83709144592285
25.05889320373535
27.60540199279785
27.64971351623535
28.38347816467285
27.61907386779785
27.65471839904785
28.03215980529785
26.24614906311035
25.89495277404785
26.00750160217285
26.06084632873535
26.01738929748535
26.60039710998535
27.11419105529785
25.24566078186035
26.48772621154785
25.67327308654785
26.90703773498535
25.77459144592285
25.28264808654785
24.91448402404785
25.55327796936035
25.55901527404785
24.46795082092285
25.23113441467285
28.34685707092285
27.91057777404785
27.69829750061035
26.43352699279785
26.69085121154785
26.55901527404785
26.02446937561035
26.58513832092285
25.84270668029785
25.95281410217285
27.00506019592285
25.21477699279785
24.52373695373535
25.06463050842285
28.39092445373535
28.34746742248535
27.71563148498535
27.73125648498535
27.86358070373535
26.51531410217285
25.94451332092285
26.18511390686035
25.81499671936035
24.88689613342285
27.13738441467285
25.01214027404785
24.52361488342285
25.02398109436035
28.49212074279785
28.19658851623535
26.22649574279785
25.88860511779785
27.16485023498535
26.72258949279785
28.41533851623535
28.14690589904785
25.57659339904785
25.75542640686035
27.08660316467285
26.73027992248535
26.03106117248535
25.09551429748535
25.64104652404785
24.71673011779785
24.76677894592285
24.93963050842285
25.55144691467285
26.95525550842285
25.08074378967285
24.96270179748535
24.94451332092285
28.11577796936035
26.35991859436035
25.88067054748535
26.37395668029785
25.19854164123535
25.08538246154785
25.34002113342285
25.23772621154785
25.56304359436035
26.96087074279785
26.68206214904785
25.18291664123535
26.53228187561035
28.03985023498535
25.37993812561035
25.49675941467285
28.08379554748535
26.09832191467285
26.41631507873535
27.68364906311035
27.86211585998535
25.55462074279785
27.77361488342285
26.70379066467285
26.32134437561035
26.72686195373535
27.78399085998535
26.73235511779785
26.16131019592285
25.47014808654785
26.79473304748535
25.88530921936035
27.81255531311035
26.76214027404785
25.40850257873535
25.83477210998535
26.80095863342285
24.93291664123535
25.68621253967285
27.82085609436035
28.17095375061035
25.66399574279785
26.76189613342285
24.51433753967285
26.84819984436035
26.78777503967285
25.10466957092285
