9.876351576561311e-42
3.064736843109131
8.302042007446289
0.7392975091934204
5.130898952484131
1.4663482904434204
9.756143569946289
9.179239273071289
5.359414577484131
22.59183692932129
6.865029811859131
20.77958106994629
21.12137794494629
22.86307716369629
23.24881935119629
19.91727638244629
23.34086036682129
22.51346778869629
23.12992286682129
20.17093849182129
23.58451271057129
23.46146583557129
12.985635757446289
16.44266700744629
16.39676856994629
23.47611427307129
23.35111427307129
22.35599708557129
23.15482521057129
24.09427833557129
23.48514747619629
23.80204200744629
21.21000099182129
23.15189552307129
23.03861427307129
23.63553810119629
23.32059669494629
23.30668067932129
24.54422950744629
23.41337013244629
23.26615333557129
23.54642677307129
6.335488796234131
15.887247085571289
0.8149811029434204
7.928018093109131
11.529581069946289
20.17801856994629
22.87186622619629
12.024942398071289
22.11161231994629
23.02543067932129
21.32547950744629
23.26395606994629
10.964883804321289
23.41947364807129
19.66996192932129
23.37967872619629
24.29325294494629
23.52738380432129
11.300088882446289
20.22049903869629
4.792764186859131
16.18265724182129
10.116250991821289
22.95340919494629
23.14652442932129
22.52054786682129
14.294473648071289
23.67264747619629
23.45023536682129
23.30668067932129
10.226846694946289
17.53470802307129
7.068154811859131
14.669229507446289
22.84720802307129
23.33280372619629
13.320108413696289
23.77836036682129
23.03739356994629
23.19779396057129
17.12870216369629
20.94242286682129
18.59086036682129
22.94462013244629
23.41874122619629
23.46805763244629
23.75687599182129
23.67264747619629
20.53226661682129
12.502725601196289
23.20267677307129
23.85819435119629
23.17899513244629
22.36161231994629
23.42655372619629
23.86356544494629
23.75419044494629
16.59305763244629
17.40824317932129
23.57279396057129
23.38920021057129
23.39457130432129
15.457315444946289
21.71879005432129
18.49125099182129
23.95267677307129
23.70121192932129
23.64505958557129
19.47904396057129
22.84891700744629
20.93119239807129
23.60160255432129
23.29935646057129
21.92411231994629
23.79886817932129
15.319864273071289
23.64798927307129
18.72440528869629
23.89310646057129
22.97196388244629
23.40751075744629
23.62504005432129
23.30277442932129
23.72562599182129
23.38089942932129
23.38480567932129
24.14481544494629
23.32816505432129
23.81766700744629
17.17630958557129
23.29154396057129
23.19046974182129
23.18216896057129
23.27689552307129
20.33329200744629
23.30716896057129
23.56595802307129
23.26957130432129
23.86161231994629
23.57792091369629
23.20340919494629
23.60648536682129
23.78080177307129
23.80253028869629
23.67215919494629
23.46024513244629
23.11185646057129
23.18729591369629
22.94852638244629
23.05594825744629
23.07914161682129
23.28202247619629
23.55765724182129
23.84745216369629
24.00150489807129
24.10282325744629
24.23783302307129
24.35453224182129
24.45243263244629
24.36625099182129
5.890176296234131
7.843301296234131
3.708779811859131
7.576943874359131
4.848672389984131
8.558633804321289
11.635538101196289
7.946084499359131
12.310342788696289
12.536172866821289
3.794961452484131
7.118936061859131
13.483194351196289
4.507607936859131
15.665811538696289
7.741006374359131
11.394571304321289
20.09891700744629
8.460489273071289
19.84647560119629
18.32352638244629
8.977579116821289
2.180703639984131
21.24857521057129
18.12064552307129
15.758096694946289
10.412637710571289
13.479288101196289
16.49491310119629
5.059854030609131
18.48368263244629
14.635782241821289
17.66971778869629
14.054727554321289
6.707803249359131
7.625283718109131
3.310342311859131
8.980020523071289
11.112588882446289
3.734902858734131
10.698526382446289
10.263223648071289
18.55497169494629
10.723428726196289
14.712442398071289
7.053506374359131
20.88065528869629
12.819131851196289
21.20218849182129
7.568887233734131
6.475869655609131
16.90580177307129
8.863565444946289
20.90726661682129
14.865762710571289
5.916055202484131
11.532266616821289
22.01175880432129
15.798135757446289
9.411661148071289
14.440958023071289
12.178018569946289
15.933389663696289
6.792275905609131
18.00126075744629
9.604288101196289
8.756143569946289
19.50638771057129
16.17191505432129
11.766153335571289
14.555948257446289
14.657022476196289
10.833292007446289
17.67484474182129
17.95633888244629
17.60111427307129
17.22806739807129
19.15482521057129
20.15165138244629
13.513711929321289
19.18094825744629
15.274942398071289
21.83353614807129
16.80838966369629
21.58524513244629
17.89750099182129
19.16068458557129
20.55716896057129
18.68363380432129
18.97513771057129
19.43729591369629
20.35453224182129
21.03934669494629
21.60477638244629
21.91752052307129
22.14554786682129
17.25638771057129
17.87284278869629
17.09256935119629
12.630167007446289
11.131387710571289
11.511026382446289
11.260538101196289
11.583780288696289
4.347939968109131
5.045205593109131
7.181191921234131
17.49955177307129
13.973428726196289
15.236612319946289
14.238321304321289
14.336954116821289
4.862344264984131
6.380410671234131
7.969033718109131
6.557168483734131
10.435831069946289
13.724649429321289
13.135538101196289
7.841104030609131
9.199014663696289
13.677286148071289
10.081827163696289
17.15726661682129
12.727823257446289
18.81400489807129
12.582315444946289
12.629922866821289
13.637735366821289
16.43314552307129
4.703652858734131
13.821817398071289
9.137002944946289
13.074991226196289
9.335733413696289
10.828165054321289
12.418008804321289
17.75712013244629
14.058145523071289
5.472695827484131
10.854288101196289
9.738321304321289
13.980508804321289
5.742959499359131
9.219522476196289
14.413858413696289
11.992227554321289
10.662393569946289
16.59671974182129
13.972452163696289
14.454874038696289
6.866250514984131
13.941202163696289
11.677286148071289
6.120645046234131
10.980020523071289
11.366006851196289
11.514200210571289
13.820840835571289
11.972452163696289
8.871866226196289
13.275918960571289
11.149942398071289
13.856241226196289
13.504434585571289
14.285928726196289
14.283487319946289
12.647256851196289
13.550821304321289
14.158731460571289
14.290323257446289
14.614542007446289
14.810831069946289
14.398233413696289
14.200235366821289
14.330606460571289
17.53983497619629
18.43070411682129
18.45682716369629
19.62455177307129
19.04007911682129
20.65702247619629
18.31376075744629
13.643838882446289
14.180704116821289
19.89603614807129
14.649698257446289
19.18094825744629
21.26151466369629
14.723917007446289
10.657510757446289
16.21952247619629
21.02030372619629
22.53421974182129
22.04300880432129
22.71146583557129
22.50785255432129
22.85184669494629
23.08548927307129
22.30985450744629
22.43045997619629
23.41947364807129
23.98807716369629
22.89505958557129
16.15824317932129
13.566934585571289
19.99466896057129
18.22171974182129
22.00345802307129
20.33304786682129
14.126016616821289
22.49027442932129
22.67142677307129
22.84159278869629
23.13895606994629
23.32254981994629
23.18119239807129
16.52738380432129
17.19828224182129
19.43241310119629
18.15726661682129
23.16703224182129
18.54154396057129
18.36625099182129
21.82279396057129
20.40653419494629
22.21097755432129
20.16166114807129
15.088418960571289
21.11844825744629
20.80619239807129
17.76249122619629
22.49637794494629
21.35575294494629
21.75907325744629
20.24320411682129
21.91800880432129
22.30155372619629
21.48661231994629
22.44950294494629
22.36283302307129
22.17655372619629
22.67460060119629
22.55692481994629
22.65360450744629
22.65677833557129
22.41800880432129
22.70780372619629
22.87894630432129
22.48783302307129
22.84671974182129
22.93973731994629
22.54960060119629
22.70145606994629
23.21000099182129
20.30253028869629
20.08963966369629
20.68998146057129
20.71170997619629
20.80179786682129
21.26737403869629
21.56449317932129
21.57816505432129
21.86405372619629
21.82157325744629
22.49637794494629
22.81302833557129
22.74833106994629
23.01810646057129
22.88578224182129
23.28690528869629
23.73783302307129
23.55936622619629
23.23587989807129
23.64408302307129
23.41483497619629
12.060342788696289
10.538370132446289
8.297159194946289
19.94437599182129
21.68045997619629
17.79471778869629
17.92167091369629
22.38309669494629
23.80887794494629
11.148233413696289
21.35746192932129
21.18485450744629
18.58280372619629
22.48539161682129
23.57206153869629
17.86991310119629
21.96952247619629
18.29129981994629
20.24320411682129
19.57377052307129
13.498575210571289
22.03226661682129
21.65799903869629
21.58207130432129
22.14286231994629
15.937051773071289
22.44120216369629
21.56449317932129
22.37333106994629
22.07230567932129
22.18461036682129
21.99295997619629
22.04129981994629
22.56815528869629
22.57108497619629
22.76590919494629
22.92923927307129
23.43851661682129
24.03910255432129
19.80253028869629
17.51590919494629
22.07865333557129
16.71341896057129
20.69950294494629
24.11893653869629
18.28910255432129
24.13456153869629
22.61136817932129
20.11014747619629
22.62211036682129
22.82816505432129
22.52518653869629
24.02152442932129
22.53641700744629
22.19950294494629
22.80277442932129
22.88920021057129
22.92484474182129
22.94803810119629
22.81229591369629
24.72391700744629
23.47977638244629
23.70340919494629
24.55961036682129
19.29618263244629
24.29960060119629
16.54471778869629
22.25199317932129
19.27054786682129
21.06546974182129
22.86966896057129
22.77640724182129
23.03666114807129
22.30375099182129
22.91874122619629
22.96586036682129
23.82084083557129
23.88163185119629
21.59891700744629
24.08304786682129
22.41361427307129
24.14286231994629
23.15995216369629
24.09671974182129
24.17435646057129
23.96659278869629
22.14896583557129
18.26761817932129
22.87064552307129
22.42411231994629
23.61942481994629
24.44608497619629
24.51346778869629
24.09134864807129
20.08744239807129
21.93827247619629
23.09842872619629
22.42533302307129
24.49955177307129
22.42484474182129
22.09330177307129
22.55570411682129
23.25565528869629
23.90213966369629
24.03544044494629
23.98587989807129
22.47635841369629
22.81595802307129
24.57938575744629
22.86869239807129
24.11551856994629
24.35965919494629
23.34598731994629
24.31766700744629
23.63627052307129
24.37601661682129
22.68900489807129
22.88578224182129
23.86649513244629
24.05497169494629
24.27103614807129
23.71122169494629
23.99588966369629
24.33500099182129
24.45804786682129
24.45633888244629
24.50150489807129
24.39798927307129
24.28641700744629
24.46366310119629
23.82328224182129
23.40482521057129
23.82743263244629
23.49955177307129
24.16337013244629
24.08353614807129
23.97587013244629
24.46195411682129
25.05423927307129
24.79325294494629
24.19193458557129
23.88089942932129
24.21366310119629
24.38138771057129
23.55814552307129
24.57865333557129
24.69754981994629
23.92655372619629
25.19559669494629
24.79496192932129
25.24808692932129
25.37577247619629
25.39530372619629
24.44730567932129
24.95389747619629
24.79911231994629
24.82816505432129
24.94486427307129
24.50150489807129
24.94657325744629
24.30179786682129
24.50589942932129
24.59964942932129
25.75736427307129
25.02933692932129
25.35379981994629
25.07547950744629
25.72416114807129
25.56058692932129
25.69706153869629
26.11551856994629
25.73197364807129
25.64774513244629
25.65116310119629
26.27128028869629
26.15018653869629
26.21659278869629
25.56034278869629
25.37796974182129
26.15580177307129
26.17875099182129
26.08963966369629
24.84476661682129
25.04520606994629
25.79422950744629
25.92435646057129
26.24711036682129
26.23172950744629
25.28568458557129
26.27640724182129
26.11087989807129
26.01566505432129
26.35648536682129
25.33109474182129
24.52689552307129
24.99320411682129
25.48124122619629
25.98636817932129
25.41239356994629
26.11429786682129
26.15336036682129
26.37504005432129
26.05912208557129
25.69242286682129
16.06058692932129
12.112344741821289
16.31864356994629
16.83500099182129
17.20731544494629
17.57010841369629
18.89359474182129
18.76712989807129
18.14652442932129
19.24003028869629
19.12186622619629
20.07328224182129
20.33744239807129
20.13773536682129
20.43534278869629
20.53641700744629
20.56156349182129
20.48807716369629
20.63968849182129
20.56791114807129
20.70365333557129
21.74003028869629
21.78690528869629
21.88627052307129
21.74149513244629
21.26664161682129
20.91654396057129
22.02860450744629
22.30887794494629
22.96268653869629
22.02860450744629
23.16532325744629
21.92118263244629
23.22635841369629
22.42630958557129
21.17875099182129
22.48050880432129
21.85160255432129
22.85990333557129
21.55204200744629
21.74808692932129
21.90043067932129
21.64505958557129
22.96708106994629
22.65702247619629
22.41288185119629
22.65921974182129
22.46390724182129
24.38529396057129
24.02494239807129
23.82767677307129
24.45267677307129
24.49491310119629
24.61722755432129
24.36405372619629
24.57499122619629
24.50760841369629
24.06595802307129
23.76004981994629
23.89701271057129
23.85087013244629
24.63749122619629
24.38407325744629
23.83402442932129
24.43168067932129
23.87772560119629
24.23002052307129
23.99222755432129
24.18241310119629
24.21268653869629
23.89139747619629
24.73734474182129
24.83768653869629
23.92411231994629
24.15873146057129
24.04496192932129
23.76664161682129
24.10575294494629
24.69217872619629
24.27201271057129
24.29325294494629
24.52982521057129
23.80936622619629
24.37357521057129
24.72074317932129
25.29545021057129
24.29105567932129
25.49808692932129
25.03275489807129
24.79618263244629
24.62504005432129
23.94632911682129
24.96732521057129
25.04862403869629
24.99881935119629
24.74711036682129
24.73783302307129
25.32279396057129
25.39212989807129
25.14237403869629
25.18534278869629
24.43705177307129
25.68827247619629
25.25882911682129
25.77909278869629
25.32670021057129
25.73783302307129
25.85868263244629
26.04496192932129
26.31107521057129
24.49979591369629
26.02982521057129
25.85648536682129
24.52713966369629
26.47001075744629
25.22538185119629
25.01835060119629
25.59501075744629
25.07377052307129
24.98783302307129
25.64579200744629
25.74857521057129
25.88724708557129
24.71830177307129
24.85404396057129
24.57084083557129
25.66800880432129
25.48172950744629
25.67069435119629
25.52152442932129
25.20096778869629
25.24588966369629
24.55228614807129
25.85013771057129
24.82816505432129
26.27640724182129
24.70194435119629
24.73295021057129
26.37992286682129
24.88187599182129
24.66117286682129
25.05961036682129
24.88309669494629
24.02958106994629
24.54789161682129
24.87308692932129
24.55619239807129
24.47660255432129
24.70633888244629
24.65213966369629
24.42704200744629
25.15336036682129
24.35135841369629
24.88089942932129
13.787149429321289
19.13431739807129
19.12308692932129
20.42728614807129
20.29496192932129
20.27225685119629
20.92167091369629
20.50980567932129
20.63724708557129
20.72489356994629
21.15238380432129
21.95633888244629
21.30619239807129
22.62430763244629
22.82670021057129
22.92386817932129
21.31717872619629
21.54960060119629
22.43216896057129
23.64701271057129
23.33744239807129
23.90970802307129
24.39823341369629
24.65409278869629
24.12870216369629
24.13163185119629
24.44950294494629
24.26371192932129
24.87845802307129
24.54740333557129
24.35379981994629
24.82450294494629
24.41068458557129
23.94315528869629
25.39237403869629
25.60697364807129
24.58353614807129
25.85404396057129
26.22049903869629
25.71024513244629
26.10917091369629
25.97464942932129
25.73978614807129
25.06229591369629
25.76029396057129
27.33744239807129
24.77079200744629
24.38822364807129
24.75150489807129
26.01127052307129
25.16800880432129
14.365762710571289
19.32694435119629
20.59305763244629
20.79325294494629
20.51200294494629
20.60306739807129
21.47440528869629
22.29398536682129
21.72220802307129
22.16776466369629
22.73124122619629
21.25760841369629
21.28495216369629
21.99076271057129
24.41581153869629
24.26712989807129
24.08719825744629
24.38480567932129
23.81522560119629
24.37504005432129
24.82254981994629
24.20682716369629
24.98368263244629
25.61356544494629
24.44242286682129
25.98343849182129
25.45609474182129
24.68631935119629
24.57523536682129
24.48758888244629
16.24393653869629
20.15140724182129
19.55814552307129
20.62504005432129
21.64212989807129
22.01053810119629
22.67557716369629
21.57523536682129
22.34842872619629
22.59574317932129
23.33109474182129
24.20560646057129
24.00760841369629
24.04471778869629
24.71317481994629
24.63480567932129
25.42826271057129
24.72025489807129
25.81522560119629
25.72171974182129
26.60404396057129
25.96830177307129
24.45414161682129
24.38627052307129
24.75785255432129
20.65995216369629
22.37796974182129
22.00004005432129
21.13773536682129
21.78885841369629
24.19120216369629
23.64261817932129
24.23270606994629
24.19828224182129
24.45316505432129
25.10062599182129
26.56376075744629
24.59330177307129
16.02103614807129
20.91776466369629
20.96659278869629
20.72147560119629
22.29545021057129
22.56742286682129
21.38846778869629
24.08768653869629
23.44803810119629
24.02469825744629
24.15629005432129
24.21097755432129
25.69632911682129
24.41459083557129
24.71512794494629
21.19974708557129
21.10892677307129
23.80838966369629
23.59427833557129
24.64969825744629
25.49588966369629
21.20218849182129
21.68387794494629
24.44608497619629
23.64188575744629
24.80277442932129
26.08695411682129
25.82401466369629
25.48050880432129
25.83304786682129
24.91385841369629
24.90775489807129
16.23172950744629
24.31888771057129
24.88212013244629
25.44706153869629
24.86527442932129
24.96390724182129
22.07206153869629
24.15262794494629
24.60184669494629
23.84794044494629
25.28104591369629
25.20731544494629
25.00882911682129
24.65433692932129
16.95804786682129
24.74222755432129
25.98221778869629
25.60575294494629
17.70731544494629
22.57792091369629
24.52958106994629
17.62259864807129
20.91288185119629
24.63309669494629
24.08866310119629
18.53861427307129
18.52836036682129
24.62211036682129
18.91678810119629
24.59379005432129
24.34476661682129
24.42606544494629
19.24784278869629
24.59476661682129
24.49222755432129
24.32523536682129
24.85306739807129
24.40043067932129
19.49442481994629
24.38944435119629
24.59647560119629
24.29813575744629
24.25589942932129
24.92777442932129
24.58719825744629
19.56034278869629
21.81180763244629
24.38529396057129
24.97074317932129
24.73295021057129
25.32840919494629
24.21170997619629
25.06644630432129
