9.876351576561311e-42
6.19638204574585
11.158784866333008
3.1805129051208496
7.79281759262085
4.59750509262085
12.351167678833008
11.962251663208008
10.182222366333008
24.286470413208008
10.941255569458008
22.419282913208008
22.417329788208008
26.540620803833008
25.522310256958008
20.848482131958008
28.033052444458008
24.524019241333008
27.717866897583008
21.469087600708008
27.333833694458008
27.866304397583008
17.126070022583008
19.297456741333008
19.586519241333008
27.451021194458008
27.640230178833008
23.096040725708008
24.198823928833008
26.763032913208008
26.367280960083008
27.078218460083008
23.279146194458008
26.252534866333008
24.543550491333008
26.218599319458008
25.989839553833008
26.361177444458008
26.653413772583008
25.563814163208008
26.476411819458008
25.627779006958008
9.109712600708008
18.254976272583008
3.8885207176208496
9.834321975708008
14.426118850708008
20.980562210083008
26.007173538208008
14.320894241333008
24.547700881958008
27.720552444458008
23.614351272583008
27.830171585083008
15.865816116333008
27.035249710083008
21.413911819458008
26.256196975708008
26.560152053833008
26.424654006958008
14.135591506958008
22.603853225708008
8.281099319458008
18.228853225708008
12.431001663208008
26.667085647583008
27.896577835083008
24.571626663208008
17.905366897583008
26.089204788208008
26.388765335083008
25.747896194458008
12.023530960083008
20.399507522583008
10.316255569458008
16.278413772583008
27.193696975708008
28.082368850708008
16.513277053833008
26.263277053833008
24.614107131958008
26.124849319458008
19.191499710083008
22.704195022583008
20.011079788208008
27.217134475708008
27.722993850708008
27.613130569458008
26.234956741333008
25.297700881958008
21.899995803833008
14.062105178833008
27.715669631958008
26.593843460083008
26.309419631958008
23.792085647583008
27.609956741333008
26.932222366333008
25.910737991333008
17.845552444458008
18.643648147583008
27.328950881958008
26.430025100708008
26.504976272583008
16.337984085083008
23.212495803833008
20.056001663208008
26.827241897583008
25.160737991333008
26.376802444458008
19.832124710083008
25.016939163208008
22.244234085083008
26.290864944458008
25.286958694458008
23.639986038208008
25.776460647583008
16.161714553833008
26.276460647583008
19.549898147583008
26.528169631958008
24.729097366333008
26.293306350708008
25.878999710083008
26.189546585083008
26.328706741333008
26.131929397583008
26.296968460083008
26.601167678833008
26.007661819458008
26.437105178833008
17.914644241333008
27.004976272583008
26.862642288208008
26.577974319458008
26.513521194458008
21.213960647583008
25.073579788208008
25.575288772583008
25.432954788208008
26.555757522583008
25.876314163208008
25.223970413208008
25.654390335083008
26.084566116333008
26.944917678833008
26.781831741333008
26.421236038208008
26.340669631958008
26.318696975708008
26.716646194458008
26.766206741333008
27.240816116333008
27.564790725708008
27.092134475708008
26.797700881958008
26.680269241333008
26.469331741333008
26.434175491333008
26.436128616333008
26.654146194458008
26.729585647583008
9.795991897583008
9.865816116333008
8.486909866333008
10.870210647583008
8.603609085083008
11.238618850708008
15.224458694458008
10.548189163208008
16.460298538208008
13.537935256958008
8.042329788208008
10.445161819458008
15.364107131958008
9.179536819458008
17.034517288208008
9.676851272583008
12.071382522583008
23.872652053833008
9.059175491333008
23.469331741333008
18.751314163208008
9.472993850708008
6.77450704574585
24.874116897583008
20.998872756958008
18.549654006958008
11.946870803833008
15.248140335083008
19.646821975708008
8.181978225708008
21.905855178833008
16.656587600708008
21.185152053833008
15.960542678833008
9.227876663208008
9.800630569458008
8.187593460083008
13.231538772583008
14.280855178833008
7.50912618637085
12.817964553833008
12.909273147583008
21.076021194458008
12.587007522583008
15.185884475708008
8.691255569458008
24.820894241333008
12.684175491333008
23.233491897583008
9.307466506958008
9.227388381958008
17.839448928833008
10.381441116333008
24.979829788208008
18.639009475708008
8.038423538208008
11.595796585083008
26.616060256958008
15.896089553833008
11.013765335083008
14.132417678833008
13.666353225708008
19.671968460083008
9.556489944458008
19.992525100708008
11.293794631958008
11.176851272583008
21.939790725708008
18.572847366333008
14.258638381958008
17.315279006958008
17.205904006958008
12.613618850708008
19.983980178833008
20.489351272583008
19.361909866333008
17.220796585083008
22.724214553833008
24.356782913208008
14.685640335083008
23.130952835083008
16.047700881958008
26.264741897583008
17.920015335083008
25.510347366333008
22.280855178833008
20.305269241333008
22.078950881958008
21.090425491333008
22.221773147583008
22.578950881958008
23.409029006958008
24.450777053833008
25.957857131958008
26.551851272583008
27.199312210083008
28.340913772583008
28.609712600708008
25.523042678833008
18.963716506958008
17.634126663208008
18.129732131958008
16.786226272583008
14.918550491333008
9.813570022583008
10.436372756958008
13.029146194458008
26.744722366333008
21.554048538208008
24.360933303833008
19.800874710083008
18.211030960083008
9.566255569458008
10.915376663208008
12.124849319458008
10.662691116333008
15.074556350708008
20.233491897583008
19.072114944458008
10.381441116333008
15.000093460083008
19.823823928833008
13.866304397583008
26.902193069458008
18.626802444458008
28.993745803833008
19.473237991333008
17.230562210083008
18.753755569458008
24.919282913208008
9.705904006958008
17.840913772583008
12.100923538208008
17.910982131958008
15.896821975708008
14.245698928833008
18.814790725708008
27.107027053833008
19.575288772583008
10.364351272583008
15.333589553833008
11.765230178833008
21.032564163208008
10.638277053833008
10.815523147583008
20.868501663208008
15.792573928833008
11.623872756958008
25.407075881958008
18.241304397583008
21.107515335083008
11.710054397583008
19.271333694458008
12.865816116333008
11.298189163208008
13.539400100708008
14.712739944458008
15.234956741333008
19.510835647583008
16.214693069458008
14.236177444458008
17.478120803833008
15.671480178833008
19.749605178833008
16.586519241333008
20.179048538208008
17.428316116333008
16.996919631958008
18.166353225708008
19.422456741333008
19.568452835083008
20.091890335083008
20.615571975708008
20.397310256958008
21.678071975708008
21.479585647583008
25.679048538208008
27.393648147583008
27.099458694458008
29.108003616333008
28.940034866333008
32.472015380859375
28.433443069458008
21.046724319458008
23.796480178833008
30.132661819458008
23.249361038208008
27.184663772583008
29.770357131958008
21.166597366333008
16.930757522583008
22.508638381958008
28.423921585083008
30.827241897583008
31.897310256958008
30.188081741333008
31.842866897583008
31.670503616333008
31.464204788208008
30.917329788208008
31.271821975708008
31.287691116333008
31.025239944458008
31.498628616333008
26.203462600708008
20.551607131958008
29.703950881958008
23.975191116333008
29.812837600708008
26.656099319458008
18.799409866333008
32.261077880859375
31.556245803833008
30.832124710083008
31.568941116333008
31.424654006958008
31.231538772583008
25.676362991333008
22.538423538208008
25.412446975708008
21.629976272583008
31.611665725708008
27.938081741333008
25.286958694458008
27.551362991333008
25.094331741333008
28.419771194458008
28.943452835083008
21.795503616333008
26.322603225708008
30.285737991333008
23.983736038208008
29.823823928833008
30.833101272583008
31.460054397583008
26.982759475708008
30.697847366333008
31.400484085083008
28.887788772583008
29.459077835083008
30.228609085083008
28.548677444458008
30.694185256958008
32.199310302734375
31.963960647583008
31.185152053833008
30.192476272583008
31.917085647583008
31.664155960083008
30.512300491333008
31.792818069458008
31.904634475708008
31.191011428833008
31.420503616333008
31.606050491333008
30.601655960083008
30.569429397583008
32.251800537109375
32.034271240234375
32.108978271484375
32.273529052734375
32.477386474609375
32.733001708984375
32.596771240234375
32.495452880859375
32.082855224609375
31.938325881958008
31.995454788208008
31.785737991333008
31.861421585083008
31.545503616333008
31.397310256958008
31.519868850708008
31.509126663208008
31.261323928833008
31.003267288208008
17.021089553833008
15.273042678833008
11.939546585083008
24.325532913208008
28.595064163208008
22.028657913208008
23.224458694458008
30.289400100708008
30.997652053833008
15.412935256958008
26.639986038208008
26.758882522583008
25.076509475708008
30.000093460083008
30.809663772583008
21.867769241333008
29.497163772583008
22.147066116333008
24.660493850708008
24.310152053833008
17.410737991333008
30.372163772583008
28.124116897583008
29.497896194458008
30.286714553833008
19.574068069458008
30.660982131958008
26.734468460083008
29.664155960083008
28.330171585083008
30.884126663208008
29.900728225708008
31.055513381958008
31.003999710083008
30.666841506958008
30.374116897583008
30.120943069458008
29.850923538208008
30.781831741333008
26.928804397583008
24.944673538208008
29.880220413208008
22.639253616333008
26.812593460083008
30.906099319458008
23.790620803833008
30.471773147583008
29.785005569458008
24.964448928833008
27.749849319458008
28.978853225708008
26.848726272583008
30.276704788208008
27.656343460083008
27.267183303833008
28.572847366333008
28.755708694458008
28.733247756958008
29.105318069458008
28.375093460083008
30.097261428833008
28.732515335083008
28.649019241333008
28.706392288208008
26.701265335083008
30.921968460083008
23.187837600708008
29.606538772583008
25.301362991333008
26.095552444458008
28.222993850708008
28.193696975708008
29.260835647583008
27.770601272583008
28.897066116333008
29.038423538208008
28.875337600708008
28.781587600708008
29.112398147583008
31.219331741333008
29.451509475708008
30.630220413208008
29.148530960083008
28.914644241333008
28.747407913208008
31.291353225708008
28.916597366333008
23.513032913208008
29.061372756958008
27.977388381958008
29.273775100708008
29.229341506958008
28.937105178833008
30.992036819458008
24.847993850708008
27.225923538208008
29.562837600708008
28.556734085083008
29.190034866333008
27.164155960083008
27.276704788208008
28.389986038208008
29.267427444458008
30.720064163208008
29.481538772583008
30.547700881958008
28.889986038208008
28.569429397583008
28.892183303833008
29.294771194458008
30.448823928833008
28.498140335083008
29.511568069458008
30.273042678833008
29.496431350708008
29.160737991333008
28.748628616333008
28.893159866333008
29.017671585083008
29.339937210083008
29.335054397583008
29.783296585083008
29.735933303833008
29.688570022583008
29.041841506958008
28.950288772583008
28.710542678833008
28.556978225708008
28.367036819458008
28.071138381958008
30.318941116333008
30.211030960083008
30.112642288208008
29.821626663208008
30.147798538208008
29.988862991333008
28.818941116333008
29.260347366333008
29.263277053833008
28.497652053833008
26.248872756958008
29.984712600708008
30.010835647583008
28.813081741333008
26.859956741333008
29.701509475708008
28.733980178833008
30.159273147583008
28.608980178833008
28.171724319458008
29.196870803833008
28.447847366333008
29.067964553833008
29.975191116333008
29.792818069458008
30.072359085083008
29.953706741333008
29.785005569458008
29.642183303833008
29.688325881958008
27.443941116333008
28.768404006958008
28.860933303833008
28.513765335083008
27.563081741333008
27.195894241333008
28.608736038208008
27.215181350708008
28.459566116333008
26.171968460083008
27.616792678833008
28.738130569458008
26.597749710083008
26.216646194458008
26.783052444458008
27.029146194458008
26.107027053833008
28.038423538208008
28.356538772583008
28.165620803833008
27.073335647583008
27.383394241333008
27.900484085083008
28.548677444458008
27.626802444458008
27.601167678833008
27.341646194458008
27.047212600708008
28.449068069458008
27.675386428833008
27.381685256958008
28.057222366333008
27.751314163208008
28.997652053833008
29.015230178833008
28.702486038208008
28.440034866333008
28.178071975708008
28.328950881958008
27.925386428833008
28.022066116333008
27.890230178833008
27.492036819458008
28.547700881958008
27.362154006958008
19.706636428833008
25.414644241333008
26.948579788208008
28.421480178833008
29.607759475708008
32.749114990234375
31.661958694458008
29.868989944458008
32.690765380859375
30.250093460083008
32.840911865234375
32.748870849609375
32.766937255859375
32.479339599609375
32.468597412109375
32.745452880859375
32.809661865234375
32.672210693359375
31.691743850708008
32.599456787109375
31.499361038208008
31.765474319458008
32.017181396484375
32.769134521484375
32.917572021484375
32.589202880859375
32.500091552734375
31.399751663208008
31.099946975708008
31.870698928833008
30.922456741333008
32.023773193359375
30.553071975708008
30.753999710083008
30.340669631958008
30.415864944458008
31.172700881958008
30.084810256958008
29.806489944458008
29.724458694458008
30.536226272583008
30.119478225708008
30.266206741333008
30.278902053833008
29.794771194458008
30.225191116333008
29.841157913208008
30.386079788208008
29.795747756958008
29.888032913208008
30.070894241333008
29.932710647583008
30.399995803833008
29.984224319458008
29.900239944458008
29.986421585083008
29.654390335083008
29.846529006958008
29.911226272583008
29.812105178833008
30.011323928833008
29.795503616333008
29.705904006958008
30.168306350708008
29.928804397583008
30.093355178833008
29.053071975708008
29.536226272583008
29.755708694458008
29.888032913208008
29.708101272583008
29.799898147583008
30.005708694458008
29.811861038208008
29.603609085083008
29.682222366333008
29.683931350708008
29.647066116333008
29.366792678833008
29.444673538208008
29.285493850708008
29.711030960083008
29.211763381958008
29.564546585083008
28.733003616333008
29.621675491333008
29.119722366333008
29.453218460083008
29.316255569458008
29.390962600708008
29.604585647583008
28.646089553833008
29.200532913208008
28.935396194458008
29.130464553833008
28.457857131958008
28.242280960083008
28.932954788208008
28.355318069458008
28.790864944458008
28.765230178833008
28.342866897583008
28.733003616333008
28.351167678833008
28.591157913208008
28.649751663208008
28.662935256958008
27.135347366333008
28.863130569458008
28.653413772583008
27.306978225708008
27.634370803833008
28.143892288208008
28.941743850708008
27.986421585083008
28.520845413208008
28.378267288208008
28.145845413208008
28.344331741333008
27.466890335083008
28.227388381958008
27.220064163208008
28.434663772583008
28.305269241333008
27.757173538208008
27.917573928833008
27.701997756958008
27.207368850708008
28.554292678833008
27.416109085083008
28.158784866333008
27.534517288208008
26.946138381958008
28.156831741333008
27.413179397583008
28.242036819458008
27.782808303833008
26.965181350708008
27.507173538208008
27.648775100708008
27.578462600708008
27.045259475708008
27.561861038208008
27.201997756958008
27.404634475708008
27.456392288208008
26.902925491333008
27.250337600708008
26.699556350708008
26.796968460083008
26.307710647583008
26.823091506958008
26.541109085083008
21.967134475708008
32.783050537109375
31.791841506958008
32.387054443359375
32.829193115234375
32.668304443359375
32.757171630859375
32.849700927734375
32.851898193359375
31.911226272583008
32.798675537109375
32.767913818359375
32.650970458984375
31.299165725708008
31.097017288208008
30.667573928833008
30.237154006958008
29.889253616333008
30.003755569458008
30.040864944458008
30.591157913208008
29.746675491333008
29.816743850708008
29.939790725708008
29.578462600708008
29.504243850708008
29.616548538208008
29.539400100708008
29.618257522583008
29.676118850708008
29.390474319458008
29.466646194458008
29.179780960083008
29.691499710083008
29.097017288208008
28.538667678833008
28.420991897583008
28.096529006958008
28.874849319458008
29.107027053833008
29.117036819458008
28.188081741333008
27.697847366333008
28.399019241333008
28.624849319458008
26.553804397583008
28.071626663208008
27.889009475708008
27.733736038208008
26.763765335083008
26.433687210083008
22.736909866333008
32.705413818359375
32.732269287109375
32.298431396484375
32.945892333984375
32.193939208984375
32.789642333984375
31.660493850708008
32.786468505859375
32.643402099609375
31.314790725708008
30.762544631958008
30.444185256958008
30.529390335083008
29.700777053833008
29.815523147583008
29.934907913208008
29.638032913208008
29.730562210083008
29.427095413208008
29.156099319458008
28.991060256958008
29.105318069458008
28.331148147583008
28.095796585083008
27.961763381958008
28.645357131958008
27.637056350708008
26.704927444458008
26.878755569458008
25.955415725708008
32.807220458984375
31.996919631958008
32.524749755859375
32.849212646484375
32.597259521484375
31.521333694458008
30.706392288208008
30.625825881958008
29.748384475708008
29.917818069458008
29.644868850708008
29.995943069458008
30.089693069458008
29.466402053833008
29.314546585083008
28.448091506958008
28.175386428833008
28.329439163208008
28.099458694458008
26.854585647583008
27.165132522583008
27.868257522583008
27.333345413208008
26.934663772583008
32.628509521484375
31.908296585083008
32.772308349609375
30.886568069458008
31.304292678833008
29.845552444458008
29.803804397583008
30.035493850708008
29.579683303833008
29.744722366333008
28.919038772583008
27.138765335083008
27.767427444458008
25.688814163208008
32.544281005859375
32.650482177734375
32.999603271484375
32.564056396484375
31.545259475708008
31.011323928833008
29.958345413208008
29.868013381958008
29.729585647583008
29.197847366333008
29.992036819458008
27.678071975708008
27.877779006958008
27.122163772583008
32.672454833984375
32.897308349609375
29.873140335083008
29.859468460083008
29.894380569458008
29.012300491333008
32.563079833984375
32.866302490234375
29.920503616333008
29.788179397583008
29.143404006958008
28.912691116333008
28.562105178833008
27.931245803833008
27.657564163208008
27.670503616333008
27.405611038208008
27.178560256958008
29.579683303833008
28.822603225708008
28.130708694458008
27.986909866333008
27.929780960083008
32.669769287109375
30.044771194458008
29.883150100708008
29.749849319458008
28.337739944458008
28.515474319458008
27.758394241333008
27.430513381958008
28.607759475708008
28.726167678833008
28.982027053833008
28.701997756958008
29.916353225708008
31.784029006958008
29.616548538208008
29.710542678833008
32.129974365234375
29.845552444458008
29.505464553833008
31.760591506958008
32.521331787109375
27.610200881958008
32.449310302734375
30.268159866333008
29.324556350708008
30.170991897583008
32.455657958984375
30.261812210083008
29.222993850708008
29.217866897583008
28.576997756958008
29.120943069458008
32.650970458984375
30.140718460083008
29.360933303833008
27.476411819458008
29.810152053833008
29.006441116333008
27.186861038208008
32.487640380859375
32.433929443359375
29.057222366333008
28.383150100708008
28.364107131958008
28.253511428833008
29.622163772583008
29.369234085083008
