9.876351576561311e-42
8.47089958190918
12.439895629882812
12.630502700805664
6.18016242980957
9.536663055419922
18.444534301757812
17.224409103393555
10.476558685302734
27.692230224609375
6.28080940246582
37.318092346191406
36.16350173950195
42.68851852416992
33.21144104003906
25.874019622802734
34.906436920166016
30.886734008789062
53.596214294433594
5.412078857421875
27.7390193939209
37.26074981689453
10.683095932006836
8.498476028442383
4.347698211669922
26.902931213378906
39.366477966308594
4.637798309326172
4.410482406616211
10.286605834960938
11.793510437011719
15.567068099975586
17.86522102355957
14.635322570800781
22.68538475036621
2.879117965698242
3.484527587890625
1.2503242492675781
6.255304336547852
10.403202056884766
1.1116943359375
10.892112731933594
8.826616287231445
7.502592086791992
12.403179168701172
6.226606369018555
40.997955322265625
30.12888526916504
36.617919921875
27.88472557067871
31.127521514892578
49.9150505065918
40.668914794921875
45.05473327636719
11.237045288085938
29.43157386779785
3.5803279876708984
14.075130462646484
7.92047119140625
1.402383804321289
13.869024276733398
8.049213409423828
11.42801284790039
56.14759826660156
25.010089874267578
44.891456604003906
46.70606231689453
30.017446517944336
9.967041015625
21.509855270385742
9.272073745727539
4.502866744995117
8.102249145507812
16.00698471069336
13.685291290283203
51.095252990722656
52.12323760986328
36.539947509765625
7.650346755981445
21.24748992919922
18.23919105529785
3.1090736389160156
20.748146057128906
15.812276840209961
52.448822021484375
58.269805908203125
32.17900085449219
35.71192169189453
26.835582733154297
6.0618743896484375
19.100013732910156
28.009950637817383
51.582611083984375
26.87481689453125
3.365814208984375
23.42197036743164
26.438642501831055
13.832101821899414
3.226652145385742
26.62561798095703
18.332096099853516
19.676301956176758
4.821178436279297
1.9873046875
30.168325424194336
28.372323989868164
9.651151657104492
12.151376724243164
3.151517868041992
10.256448745727539
42.80603790283203
30.452781677246094
16.117149353027344
12.337770462036133
31.500715255737305
11.926895141601562
3.8820743560791016
39.320098876953125
4.723978042602539
42.84145736694336
35.741790771484375
11.923381805419922
11.16806411743164
19.919445037841797
10.65654182434082
35.33920669555664
13.764028549194336
33.628578186035156
8.932500839233398
13.501411437988281
20.374238967895508
44.621826171875
21.029834747314453
22.852397918701172
27.89398193359375
34.14808654785156
40.95808792114258
31.319976806640625
34.12187194824219
24.210569381713867
35.82978439331055
24.581409454345703
27.218990325927734
30.384342193603516
31.805635452270508
33.12377166748047
34.09128952026367
36.79829025268555
44.839744567871094
42.98540496826172
53.72437286376953
53.26291275024414
54.89239501953125
43.5799560546875
17.79584503173828
10.090551376342773
9.666790008544922
10.979013442993164
9.927595138549805
8.918973922729492
5.206327438354492
5.724765777587891
6.251583099365234
5.826061248779297
8.134891510009766
9.447257995605469
10.595552444458008
16.06357765197754
24.77069091796875
23.48305320739746
26.90791130065918
23.094829559326172
12.041292190551758
29.377962112426758
27.325103759765625
12.48443603515625
21.125022888183594
23.01359748840332
27.623971939086914
30.401453018188477
11.693782806396484
29.72723960876465
20.960716247558594
10.128414154052734
9.548885345458984
30.351306915283203
6.67247200012207
7.879240036010742
10.214521408081055
13.271799087524414
8.197486877441406
10.776144027709961
5.014848709106445
13.377723693847656
9.541595458984375
13.330743789672852
8.735530853271484
5.852010726928711
6.050867080688477
22.24459457397461
22.22153663635254
8.758642196655273
28.05371856689453
32.0112190246582
22.01957893371582
28.041271209716797
25.85237693786621
12.287208557128906
36.9464225769043
11.855451583862305
31.459426879882812
9.951457977294922
22.65743637084961
22.372854232788086
19.482603073120117
36.645408630371094
29.67782211303711
14.483430862426758
14.718908309936523
65.11909484863281
16.463136672973633
24.645618438720703
20.05769157409668
13.262645721435547
25.800138473510742
19.68678855895996
20.717853546142578
12.493831634521484
25.186094284057617
26.313823699951172
11.104574203491211
16.62481689453125
23.948017120361328
19.926193237304688
25.318632125854492
17.27997398376465
5.790302276611328
15.936695098876953
22.54114532470703
8.941898345947266
7.979482650756836
23.062332153320312
6.460283279418945
16.54763412475586
12.590597152709961
15.736272811889648
19.99832534790039
16.43984031677246
21.48244857788086
27.390457153320312
24.83863067626953
25.68263053894043
27.859590530395508
29.65083885192871
34.83536148071289
50.4439811706543
37.05793762207031
23.000612258911133
38.375953674316406
58.240028381347656
45.56614685058594
26.353544235229492
17.645952224731445
25.4431095123291
19.49921989440918
9.696025848388672
0.4829216003417969
1.1636772155761719
5.586023330688477
60.645103454589844
31.737384796142578
51.38346862792969
25.900794982910156
26.940431594848633
2.405292510986328
3.9371776580810547
8.163604736328125
2.7047767639160156
12.289094924926758
43.60296630859375
30.74383544921875
5.511026382446289
15.86386489868164
35.34053039550781
23.994369506835938
35.03726577758789
25.64572525024414
72.38545989990234
30.212263107299805
16.44482421875
32.22401428222656
54.8089485168457
2.023008346557617
25.603334426879883
6.1603546142578125
23.113693237304688
21.149656295776367
12.130184173583984
29.312177658081055
52.81867599487305
34.44768524169922
1.4603595733642578
16.564634323120117
7.203508377075195
30.930866241455078
3.530801773071289
6.795862197875977
30.170812606811523
19.51390266418457
4.324430465698242
34.78761291503906
26.45318603515625
35.274559020996094
4.810649871826172
21.251800537109375
4.260112762451172
2.584798812866211
7.321559906005859
7.033195495605469
17.619688034057617
20.113014221191406
21.03190040588379
10.64614486694336
23.337730407714844
16.84572982788086
20.001070022583008
21.995040893554688
34.35444641113281
25.63473129272461
18.560083389282227
20.0507869720459
21.91683578491211
32.18268585205078
32.39200973510742
28.47886848449707
30.336421966552734
37.4334716796875
42.39350509643555
55.97515869140625
62.96906280517578
52.10231399536133
67.4686279296875
66.72825622558594
50.42790603637695
59.074283599853516
33.16108703613281
51.65589904785156
53.748130798339844
48.50867462158203
59.37897491455078
53.81608963012695
42.11341094970703
26.68703269958496
51.19990539550781
61.92363739013672
101.72831726074219
97.6030502319336
70.37898254394531
60.583988189697266
107.51768493652344
75.03886413574219
66.10093688964844
82.24714660644531
87.79061126708984
50.64257049560547
73.70471954345703
60.30741882324219
33.48161315917969
44.46919631958008
45.251075744628906
79.3108139038086
51.57030487060547
26.06097412109375
136.53497314453125
73.2641830444336
73.72184753417969
59.376380920410156
96.9346694946289
61.38758850097656
47.29425811767578
35.384307861328125
57.44461441040039
24.25955581665039
112.26986694335938
46.466339111328125
74.38712310791016
63.763526916503906
39.673736572265625
35.589805603027344
44.3323974609375
56.47071075439453
51.85224151611328
35.049896240234375
60.31857681274414
64.25860595703125
48.28872299194336
72.82102966308594
58.62560272216797
76.37924194335938
101.06597137451172
69.94627380371094
51.159812927246094
89.2430648803711
53.65470886230469
78.29269409179688
132.06581115722656
110.84980773925781
84.01780700683594
55.703765869140625
101.39334869384766
87.83468627929688
66.47093963623047
95.82196044921875
85.70247650146484
70.9862060546875
75.45799255371094
79.09602355957031
75.87580108642578
67.25316619873047
41.85223388671875
38.05109405517578
43.39262771606445
61.5233039855957
78.61766815185547
81.1336441040039
86.56830596923828
91.08456420898438
82.2662353515625
133.1215057373047
127.091552734375
111.82051086425781
96.90768432617188
102.46902465820312
78.46871948242188
77.04806518554688
75.94020080566406
64.64981079101562
47.187828063964844
26.455101013183594
26.491474151611328
10.531726837158203
35.380348205566406
51.628150939941406
29.522279739379883
15.004877090454102
39.394676208496094
47.0733642578125
32.947418212890625
38.58271026611328
48.523502349853516
14.336881637573242
34.13606262207031
38.64569854736328
28.7115535736084
60.359352111816406
18.333784103393555
29.739322662353516
27.72647476196289
32.23381042480469
66.13446807861328
52.304847717285156
26.97121238708496
40.34918212890625
27.833810806274414
54.03424072265625
32.667884826660156
46.83026885986328
43.27932357788086
58.01996612548828
54.854576110839844
71.62348175048828
65.60089111328125
51.47844696044922
43.533477783203125
39.167823791503906
34.53789520263672
35.82568359375
14.028341293334961
12.220468521118164
26.021442413330078
24.172698974609375
8.06279182434082
38.245399475097656
21.720260620117188
27.19560432434082
32.61076354980469
28.36705780029297
39.479576110839844
20.942068099975586
73.15342712402344
33.45268249511719
58.36610794067383
50.30036926269531
35.0544548034668
26.725364685058594
29.7247257232666
23.00234603881836
37.47054672241211
21.851755142211914
20.62152099609375
19.561664581298828
16.90306282043457
7.368488311767578
27.605863571166992
21.59524917602539
22.72348403930664
12.888904571533203
19.671558380126953
30.210948944091797
55.77787780761719
26.387325286865234
31.6184139251709
23.747404098510742
26.618967056274414
20.285400390625
18.86200714111328
13.766031265258789
59.140682220458984
24.030336380004883
37.30211639404297
26.428586959838867
19.82221221923828
19.388208389282227
67.99777221679688
10.898818969726562
26.644466400146484
21.364826202392578
37.52433776855469
28.387496948242188
25.54947280883789
21.415502548217773
47.95353698730469
32.983238220214844
14.444406509399414
30.862009048461914
30.719467163085938
22.56923484802246
69.37895202636719
61.33491516113281
49.83633804321289
28.30588722229004
37.01482391357422
30.737882614135742
30.886371612548828
14.477546691894531
34.824317932128906
20.749961853027344
24.692481994628906
33.26176452636719
13.571708679199219
31.05980682373047
32.125274658203125
31.403276443481445
23.795080184936523
30.031099319458008
29.782188415527344
20.050933837890625
25.468358993530273
25.927593231201172
33.37846374511719
32.881343841552734
32.766387939453125
19.57152557373047
18.942981719970703
17.272747039794922
12.652639389038086
10.011148452758789
7.4889984130859375
15.930389404296875
10.75076675415039
9.748273849487305
10.888763427734375
24.831649780273438
10.851943969726562
8.822525024414062
15.245796203613281
14.205911636352539
5.812946319580078
2.9153366088867188
18.397218704223633
13.428071975708008
6.958930969238281
2.847747802734375
16.05317497253418
10.3126220703125
16.022781372070312
7.598499298095703
4.994564056396484
7.997642517089844
5.958463668823242
5.7922821044921875
16.733169555664062
13.170948028564453
11.5633544921875
8.608505249023438
8.931203842163086
12.31704330444336
7.700849533081055
8.407903671264648
20.11564826965332
20.849496841430664
7.569780349731445
8.589883804321289
6.8464813232421875
18.51920509338379
6.877555847167969
16.93128204345703
8.12308120727539
11.236480712890625
11.121551513671875
9.36207389831543
6.873090744018555
9.894205093383789
7.681179046630859
4.625263214111328
6.163627624511719
17.566843032836914
11.610382080078125
11.98887825012207
8.332443237304688
9.475419998168945
17.29755973815918
5.138174057006836
8.082229614257812
12.934232711791992
8.025152206420898
7.889045715332031
10.492183685302734
9.841236114501953
6.842308044433594
8.32217788696289
8.918769836425781
19.95289421081543
17.13917350769043
13.413986206054688
9.839895248413086
15.807466506958008
10.782161712646484
11.210155487060547
6.596111297607422
7.349611282348633
7.756572723388672
13.931312561035156
27.056425094604492
27.638307571411133
22.612808227539062
21.70426368713379
42.895660400390625
65.2074203491211
50.40019989013672
58.7872428894043
57.524932861328125
72.253662109375
39.18909454345703
30.592300415039062
27.978464126586914
22.930919647216797
27.348108291625977
43.31227111816406
34.207889556884766
39.11968994140625
40.20600128173828
36.45985794067383
58.936126708984375
54.444854736328125
45.40589141845703
44.49585723876953
54.188232421875
50.623313903808594
40.846595764160156
44.81272888183594
25.811548233032227
16.07204246520996
13.536243438720703
17.794950485229492
6.680145263671875
14.125699996948242
19.372201919555664
11.84794807434082
29.539714813232422
8.420503616333008
21.05644989013672
21.179885864257812
35.36743927001953
27.77044105529785
41.11936950683594
58.229862213134766
23.48507308959961
41.12309265136719
25.73655128479004
23.80272102355957
25.780046463012695
55.75270080566406
10.804527282714844
14.590038299560547
25.744190216064453
10.631624221801758
8.040464401245117
10.691011428833008
13.70966911315918
29.465364456176758
29.743350982666016
18.921297073364258
13.416513442993164
14.790014266967773
14.91839599609375
20.900632858276367
19.909008026123047
21.0218505859375
22.23455238342285
16.86338996887207
21.21471405029297
28.04814910888672
20.210729598999023
19.53272247314453
31.43655776977539
24.716066360473633
17.1302547454834
27.34601593017578
23.447084426879883
17.558216094970703
16.05558967590332
16.078792572021484
16.389202117919922
28.686555862426758
14.35984992980957
17.03780174255371
17.566682815551758
19.162967681884766
15.060928344726562
15.729095458984375
14.493783950805664
13.519622802734375
18.00528907775879
12.369190216064453
12.746969223022461
9.962890625
11.14175796508789
11.560741424560547
9.86216926574707
10.447837829589844
9.673635482788086
7.9542388916015625
14.645269393920898
7.158041000366211
9.136615753173828
8.009593963623047
8.004999160766602
4.232139587402344
7.799564361572266
7.931404113769531
3.827594757080078
16.522241592407227
7.988088607788086
8.4918212890625
6.894693374633789
0.5766696929931641
4.551115036010742
2.0692367553710938
0.6607170104980469
2.1327552795410156
1.5498275756835938
8.014970779418945
0.7177314758300781
5.289937973022461
0.7459659576416016
0.9965953826904297
6.104255676269531
0.7965545654296875
0.6743049621582031
2.632810592651367
0.2585601806640625
1.156991958618164
1.0517463684082031
5.4003143310546875
2.1890830993652344
1.417642593383789
6.277578353881836
2.0375213623046875
0.5282135009765625
6.849567413330078
1.650003433227539
1.5471420288085938
1.1361942291259766
2.574901580810547
0.6988792419433594
2.3191680908203125
2.531370162963867
2.1141929626464844
6.186790466308594
4.569402694702148
5.208730697631836
5.53974723815918
6.928571701049805
10.617855072021484
6.340229034423828
27.45667266845703
51.03114318847656
50.22576141357422
56.948089599609375
34.895668029785156
24.574798583984375
24.609956741333008
36.07701873779297
34.63817596435547
40.151512145996094
55.21648025512695
53.78319549560547
68.44786071777344
30.130844116210938
17.330833435058594
9.15976333618164
20.020803451538086
19.925046920776367
48.68925476074219
7.556230545043945
48.170677185058594
30.330570220947266
16.316356658935547
7.596275329589844
14.872186660766602
16.962507247924805
18.84181022644043
19.37480354309082
16.5544490814209
17.923629760742188
17.206811904907227
15.493600845336914
14.02293586730957
18.90583610534668
11.815860748291016
11.027873992919922
8.562267303466797
7.592212677001953
4.941486358642578
0.6118488311767578
0.5846767425537109
9.61477279663086
5.224689483642578
0.21926307678222656
0.3282451629638672
6.877622604370117
0.9825172424316406
0.8313999176025391
0.9324741363525391
3.4543838500976562
10.831279754638672
24.331899642944336
48.59912109375
33.08100891113281
27.749343872070312
28.162206649780273
25.25568199157715
72.20115661621094
44.96391296386719
81.78411102294922
51.22492980957031
17.757369995117188
18.305988311767578
17.7642822265625
36.43075180053711
14.323570251464844
11.672628402709961
51.507354736328125
11.497953414916992
31.64360237121582
17.195127487182617
10.989776611328125
11.301048278808594
7.627412796020508
7.07316780090332
7.221014022827148
9.295095443725586
0.33138084411621094
2.098665237426758
10.906993865966797
9.205839157104492
15.593883514404297
36.65571594238281
50.84062576293945
27.333332061767578
74.72506713867188
82.06947326660156
16.486730575561523
21.785417556762695
47.56890869140625
19.505126953125
66.86729431152344
11.917688369750977
27.40469741821289
34.972862243652344
15.027385711669922
15.356760025024414
3.9995689392089844
8.507450103759766
8.204633712768555
0.6624469757080078
5.503688812255859
4.970521926879883
1.4117851257324219
2.5225696563720703
7.456626892089844
31.997644424438477
41.378177642822266
85.04742431640625
18.339473724365234
21.031147003173828
19.782176971435547
36.935638427734375
40.224021911621094
15.131301879882812
12.062271118164062
8.940849304199219
6.970331192016602
2.3896045684814453
17.82561683654785
29.176406860351562
29.556306838989258
28.880727767944336
80.9634017944336
30.122203826904297
17.49355125427246
10.010438919067383
62.70658874511719
12.393142700195312
22.615135192871094
30.70760154724121
1.4064712524414062
3.197458267211914
5.321834564208984
34.766754150390625
23.8448543548584
51.44728469848633
44.66667938232422
15.692426681518555
11.86192512512207
34.66870880126953
45.861671447753906
10.724905014038086
23.55546760559082
10.617033004760742
8.78898811340332
9.438051223754883
1.2957592010498047
4.817718505859375
1.5715961456298828
2.7658557891845703
15.831352233886719
16.601316452026367
8.394020080566406
0.7600040435791016
1.3895549774169922
0.7432212829589844
46.73295211791992
37.630279541015625
9.01694107055664
18.135494232177734
0.6614742279052734
0.4426536560058594
0.4354133605957031
3.5076236724853516
13.189420700073242
8.308996200561523
8.45193862915039
0.4082984924316406
14.785419464111328
27.224538803100586
15.940675735473633
26.849733352661133
37.15846252441406
12.773527145385742
16.99468231201172
46.76921081542969
56.90022277832031
2.4492950439453125
58.04967498779297
29.33275032043457
16.81296730041504
23.406099319458008
53.210243225097656
21.92300033569336
15.479082107543945
14.132549285888672
8.777688980102539
12.368310928344727
47.89167022705078
20.613563537597656
21.35044288635254
0.9772930145263672
23.495826721191406
19.597726821899414
4.115373611450195
48.011268615722656
32.913002014160156
11.367151260375977
8.369195938110352
11.065969467163086
3.2792587280273438
21.66994285583496
14.365123748779297
