9.876351576561311e-42
0.133880615234375
3.229888916015625
5.136962890625
1.85150146484375
2.16131591796875
30.945510864257812
31.298126220703125
28.635116577148438
15.225875854492188
41.84478759765625
31.038345336914062
44.227264404296875
2.8481903076171875
5.79229736328125
28.866317749023438
5.373016357421875
17.27117919921875
3.906097412109375
3.800689697265625
4.00445556640625
5.0816650390625
3.7811279296875
2.360137939453125
4.5100250244140625
4.1451568603515625
4.3738555908203125
2.2686920166015625
6.6967620849609375
0.234649658203125
1.611053466796875
2.6694793701171875
12.700637817382812
5.30865478515625
12.06378173828125
3.2780303955078125
5.811126708984375
4.4350128173828125
0.039886474609375
8.205963134765625
4.139678955078125
8.312530517578125
2.374053955078125
5.560516357421875
3.64910888671875
3.0133056640625
51.49053955078125
42.02845764160156
3.2932891845703125
49.65455627441406
19.160476684570312
3.3951263427734375
29.114913940429688
4.5688629150390625
7.2415771484375
4.728424072265625
2.2135009765625
1.935302734375
0.1180877685546875
3.1268768310546875
5.4976043701171875
8.824462890625
16.402069091796875
62.72749328613281
37.82630920410156
3.725189208984375
3.90325927734375
26.1065673828125
7.6463470458984375
1.883697509765625
2.7127685546875
7.0546417236328125
4.614227294921875
28.887466430664062
23.673965454101562
53.61976623535156
3.5601654052734375
4.5310821533203125
12.932571411132812
2.6021728515625
10.032424926757812
6.166656494140625
36.65718078613281
27.939376831054688
63.85441589355469
4.2725830078125
5.512420654296875
4.5571136474609375
4.1650848388671875
5.952423095703125
36.28199768066406
35.98077392578125
4.41705322265625
3.94122314453125
5.79364013671875
20.489486694335938
4.6318206787109375
1.2582855224609375
3.9037017822265625
41.16813659667969
20.080047607421875
3.1535797119140625
5.5923309326171875
4.2046966552734375
43.03895568847656
25.522918701171875
11.940353393554688
0.4466094970703125
3.895050048828125
3.8955078125
45.70716857910156
12.842666625976562
17.53076171875
4.2124176025390625
8.59716796875
6.1951904296875
2.76141357421875
40.663177490234375
2.1839752197265625
44.96142578125
6.1443328857421875
3.1078948974609375
3.047210693359375
2.31195068359375
5.0625
3.8669281005859375
3.8011932373046875
2.9589691162109375
0.2131195068359375
5.667022705078125
3.320587158203125
49.29048156738281
3.8514251708984375
4.7174835205078125
5.7837982177734375
5.6832733154296875
54.04060363769531
22.36224365234375
18.618118286132812
5.427459716796875
9.048629760742188
4.388916015625
15.247756958007812
13.263671875
11.279678344726562
6.5265350341796875
5.4363861083984375
4.7751007080078125
6.0571746826171875
4.508056640625
4.6390380859375
5.552886962890625
4.9849853515625
3.9801025390625
3.481414794921875
1.339691162109375
0.6203460693359375
0.156463623046875
0.0478057861328125
0.0372161865234375
0.0483551025390625
0.0568389892578125
0.1615753173828125
0.2096099853515625
2.255706787109375
1.212554931640625
2.197509765625
5.47296142578125
2.375640869140625
6.221923828125
4.80859375
10.381072998046875
1.868408203125
6.0426025390625
13.544723510742188
4.8609771728515625
13.737533569335938
3.830841064453125
8.629867553710938
9.566070556640625
1.09759521484375
11.87548828125
6.2796783447265625
0.7364501953125
0.9609375
1.5563507080078125
1.82470703125
2.574005126953125
2.248870849609375
2.4114227294921875
1.9076690673828125
0.9621734619140625
1.349365234375
2.76312255859375
2.8243408203125
4.5895233154296875
0.3664093017578125
1.353118896484375
2.3250274658203125
3.92431640625
7.2655792236328125
1.7202606201171875
10.900772094726562
11.451644897460938
12.859588623046875
10.537002563476562
13.13079833984375
1.030975341796875
10.76361083984375
3.3007659912109375
6.7239990234375
1.708984375
4.4987640380859375
17.215621948242188
4.8303375244140625
7.9720611572265625
2.351531982421875
3.043487548828125
5.127044677734375
3.5776214599609375
5.86517333984375
7.1150054931640625
9.156692504882812
3.6185302734375
5.6247100830078125
4.8646697998046875
14.942367553710938
6.5004425048828125
7.886962890625
12.567886352539062
3.7069549560546875
8.82794189453125
8.942352294921875
11.032424926757812
9.84783935546875
5.56256103515625
4.650787353515625
7.867645263671875
11.564376831054688
3.740997314453125
2.44488525390625
13.400115966796875
1.8971099853515625
13.540115356445312
0.7959136962890625
12.029891967773438
0.8021392822265625
6.168914794921875
16.10491943359375
12.52008056640625
10.967544555664062
11.983261108398438
11.193893432617188
9.781021118164062
6.62554931640625
2.447540283203125
1.0031280517578125
0.8731689453125
13.985488891601562
16.0528564453125
34.56761169433594
26.708648681640625
16.2216796875
13.610244750976562
5.65765380859375
0.8731689453125
0.0
0.0
0.0059661865234375
7.708587646484375
9.464279174804688
9.177566528320312
5.569915771484375
2.3832550048828125
0.0
0.0135345458984375
0.027069091796875
0.0
2.609283447265625
14.613479614257812
13.478302001953125
0.090789794921875
7.7343292236328125
21.0604248046875
9.129959106445312
24.513809204101562
32.552337646484375
18.830780029296875
21.563613891601562
1.840301513671875
5.657379150390625
16.31719970703125
0.0
1.56158447265625
0.009002685546875
12.343215942382812
10.968612670898438
4.8159942626953125
40.52299499511719
24.398422241210938
9.129364013671875
0.001556396484375
4.314971923828125
0.5379791259765625
45.0450439453125
0.007598876953125
0.373779296875
38.61503601074219
6.34405517578125
0.16668701171875
37.63414001464844
2.4710540771484375
32.7705078125
0.0151824951171875
3.9947662353515625
0.24261474609375
0.0031280517578125
0.0180206298828125
1.370697021484375
0.05755615234375
4.06005859375
0.1028594970703125
0.018890380859375
0.60284423828125
0.4449920654296875
4.1253509521484375
0.51873779296875
6.4312896728515625
1.4180908203125
1.28851318359375
2.3162994384765625
4.7086181640625
5.47760009765625
7.14990234375
8.822372436523438
12.601669311523438
14.850479125976562
27.1182861328125
31.003173828125
24.50518798828125
13.72674560546875
11.052291870117188
5.988006591796875
1.457489013671875
3.8362884521484375
6.6786346435546875
6.1840057373046875
2.2671966552734375
3.2724456787109375
8.830474853515625
6.4645538330078125
20.855514526367188
14.246017456054688
20.65057373046875
9.703384399414062
8.223556518554688
4.494384765625
3.671905517578125
3.82501220703125
2.2006378173828125
3.7755889892578125
3.591461181640625
3.503204345703125
4.819610595703125
5.07196044921875
4.0399017333984375
5.066650390625
3.982421875
1.052032470703125
29.057144165039062
9.866363525390625
22.916091918945312
23.991195678710938
2.9347991943359375
5.4998779296875
3.71453857421875
4.640960693359375
4.42926025390625
4.8717193603515625
2.489501953125
31.181350708007812
26.932723999023438
25.642837524414062
6.07110595703125
1.7322235107421875
11.983932495117188
23.918121337890625
29.47808837890625
13.752334594726562
5.9760589599609375
14.451705932617188
26.698257446289062
4.019317626953125
18.81805419921875
5.30792236328125
4.613616943359375
4.9331512451171875
13.404632568359375
6.4483184814453125
5.598968505859375
13.91845703125
6.943756103515625
11.354583740234375
19.7889404296875
2.83990478515625
2.926666259765625
2.614349365234375
3.4029083251953125
5.2496337890625
3.1898193359375
3.9691009521484375
4.48211669921875
3.1721954345703125
4.129180908203125
3.68353271484375
4.0720367431640625
4.6753082275390625
8.126480102539062
3.5128173828125
1.0304718017578125
0.61541748046875
1.9093475341796875
2.59088134765625
3.2831268310546875
3.148284912109375
3.475555419921875
3.4326934814453125
3.38397216796875
4.51654052734375
3.465728759765625
4.0108184814453125
3.7672271728515625
4.449432373046875
6.4838104248046875
6.9843597412109375
5.512054443359375
6.7557830810546875
5.5233306884765625
19.252761840820312
14.132949829101562
1.071990966796875
6.809661865234375
1.53582763671875
2.3070220947265625
3.4653778076171875
0.407958984375
7.214996337890625
11.765899658203125
8.18231201171875
1.5608673095703125
2.033966064453125
1.1241912841796875
6.013916015625
12.167678833007812
1.1097412109375
3.46710205078125
14.9713134765625
1.3716278076171875
17.12744140625
1.0391693115234375
1.0789337158203125
0.3951263427734375
0.454833984375
21.719528198242188
0.4882965087890625
14.761077880859375
7.617431640625
8.028656005859375
1.6122283935546875
1.4381103515625
1.2659149169921875
0.905242919921875
0.9871063232421875
1.99151611328125
3.820526123046875
6.34063720703125
5.7230377197265625
0.6026458740234375
3.59429931640625
0.283172607421875
8.977828979492188
1.82568359375
7.733734130859375
8.463882446289062
6.707855224609375
2.5523834228515625
10.585739135742188
5.3626556396484375
3.2494049072265625
4.9464569091796875
6.342681884765625
1.161651611328125
1.1229705810546875
3.5547027587890625
4.310150146484375
4.3693084716796875
5.9816436767578125
2.3814239501953125
3.8377838134765625
5.1736297607421875
4.8953704833984375
0.0423126220703125
1.0885772705078125
5.3690185546875
6.1000213623046875
0.5563201904296875
5.144805908203125
6.6865692138671875
3.9297027587890625
2.0843505859375
5.5332183837890625
1.0020599365234375
5.506500244140625
6.7028656005859375
5.48834228515625
4.587158203125
0.2744140625
7.7010040283203125
1.2270050048828125
7.9322509765625
7.0820465087890625
4.278900146484375
2.005126953125
8.640045166015625
0.4331817626953125
10.749908447265625
4.881256103515625
1.182586669921875
6.5314788818359375
1.6475830078125
0.7082061767578125
8.906829833984375
11.59527587890625
2.7872772216796875
5.3232421875
2.678466796875
0.7572784423828125
6.4300079345703125
6.7955169677734375
2.79925537109375
6.0323486328125
6.9730377197265625
5.430572509765625
5.8166351318359375
0.84173583984375
3.23211669921875
0.3317413330078125
3.8792724609375
5.375732421875
0.029052734375
6.6188507080078125
4.60675048828125
6.0247039794921875
1.5362548828125
3.6649932861328125
5.18389892578125
5.803009033203125
3.21270751953125
2.1454620361328125
7.2044525146484375
5.8620758056640625
4.5196990966796875
1.057952880859375
0.4364166259765625
0.198760986328125
0.096221923828125
0.0314178466796875
0.0395355224609375
10.201461791992188
10.931686401367188
12.180496215820312
9.829803466796875
11.324386596679688
12.800247192382812
11.1602783203125
11.87445068359375
10.04730224609375
6.3737030029296875
5.1094970703125
10.643310546875
12.90045166015625
7.0478363037109375
4.95953369140625
12.588592529296875
9.25390625
11.70074462890625
7.5716552734375
5.80157470703125
8.298446655273438
6.0897064208984375
6.619598388671875
12.9097900390625
10.840667724609375
12.024032592773438
11.534896850585938
9.025222778320312
11.40020751953125
7.1494598388671875
5.142059326171875
14.214920043945312
14.020294189453125
3.6763763427734375
4.947540283203125
4.377166748046875
15.192276000976562
3.3854827880859375
18.7901611328125
3.2417144775390625
3.433319091796875
7.9902801513671875
2.4861297607421875
3.1685028076171875
5.816925048828125
6.0318145751953125
6.6223907470703125
4.3119354248046875
16.3642578125
10.700714111328125
4.6431427001953125
6.061737060546875
4.9913482666015625
13.00872802734375
3.8487091064453125
2.96417236328125
3.1543731689453125
5.8973541259765625
4.793975830078125
4.2511749267578125
5.115631103515625
3.3202667236328125
6.3780975341796875
4.59661865234375
11.688232421875
11.913421630859375
9.977294921875
8.041168212890625
11.80255126953125
5.376068115234375
8.612533569335938
7.928955078125
6.9227142333984375
7.5757904052734375
33.20112609863281
48.54533386230469
39.18482971191406
25.30548095703125
14.081314086914062
11.235794067382812
9.019393920898438
8.95916748046875
13.18017578125
8.4683837890625
15.628402709960938
4.4095306396484375
7.01568603515625
9.664138793945312
9.873031616210938
10.191436767578125
1.8773956298828125
4.504425048828125
1.3628387451171875
13.980621337890625
0.8590545654296875
12.265380859375
10.888107299804688
9.872467041015625
10.668731689453125
4.420135498046875
1.756134033203125
8.991592407226562
10.254806518554688
7.738677978515625
5.6347503662109375
6.670684814453125
5.7397918701171875
7.4785003662109375
5.9882049560546875
9.964630126953125
8.915542602539062
5.8326416015625
11.797149658203125
13.700103759765625
14.339309692382812
6.74993896484375
10.839096069335938
7.3246917724609375
7.413848876953125
13.030715942382812
7.31011962890625
12.239852905273438
7.1612396240234375
11.6644287109375
7.436553955078125
12.0792236328125
11.27984619140625
7.1639404296875
11.62664794921875
11.199447631835938
11.153671264648438
9.773468017578125
7.73272705078125
7.352447509765625
8.331329345703125
11.8751220703125
11.1021728515625
8.7861328125
5.005035400390625
8.285293579101562
7.07427978515625
13.473037719726562
8.674575805664062
7.4532623291015625
6.137481689453125
10.968765258789062
11.867767333984375
6.8687591552734375
5.3364715576171875
8.365158081054688
6.2603302001953125
6.195465087890625
10.693069458007812
7.517364501953125
8.340545654296875
7.9847259521484375
6.0904388427734375
7.400238037109375
9.8653564453125
16.198089599609375
6.29559326171875
10.832138061523438
9.8048095703125
9.165725708007812
8.580947875976562
6.05657958984375
8.697036743164062
3.6413726806640625
9.39581298828125
0.886627197265625
10.525924682617188
10.255783081054688
2.859405517578125
10.547439575195312
9.458099365234375
0.1890106201171875
8.5172119140625
1.8016510009765625
8.134307861328125
1.6226348876953125
7.62646484375
5.8737335205078125
6.40509033203125
7.4730987548828125
0.02978515625
8.94775390625
9.148971557617188
0.017608642578125
6.1487274169921875
0.2258148193359375
1.7804107666015625
7.280853271484375
0.4974212646484375
0.990264892578125
9.292098999023438
7.3328857421875
9.102935791015625
0.9774627685546875
0.769012451171875
0.048492431640625
7.4166259765625
7.11602783203125
8.507369995117188
5.6009979248046875
7.244476318359375
6.798583984375
0.25714111328125
8.077499389648438
5.4710540771484375
6.8291015625
5.060089111328125
1.0026702880859375
6.247039794921875
4.973724365234375
5.0084075927734375
1.7742767333984375
4.6160430908203125
1.0923004150390625
4.3686981201171875
2.9620208740234375
3.9945831298828125
5.26947021484375
3.9275054931640625
3.839263916015625
4.381866455078125
4.8341217041015625
5.5951385498046875
5.1612091064453125
51.64935302734375
7.5396728515625
9.799713134765625
4.6835479736328125
5.5904388427734375
8.44085693359375
7.20391845703125
1.5483245849609375
1.2463226318359375
13.20245361328125
2.8759613037109375
8.329727172851562
2.4190826416015625
7.8880157470703125
6.8289031982421875
6.622283935546875
10.24859619140625
13.0609130859375
10.516586303710938
12.682662963867188
7.6941070556640625
10.97442626953125
10.959564208984375
11.86651611328125
9.728225708007812
8.203720092773438
10.069732666015625
7.9610137939453125
11.460235595703125
9.925888061523438
8.080169677734375
10.505783081054688
7.8892974853515625
5.6020965576171875
7.1695709228515625
8.634201049804688
0.07379150390625
8.584197998046875
7.251312255859375
6.3514556884765625
6.2237091064453125
8.790313720703125
8.648818969726562
2.6490631103515625
6.08746337890625
7.2166290283203125
5.69610595703125
1.005218505859375
1.389739990234375
5.5703277587890625
5.722320556640625
51.82429504394531
6.3455352783203125
6.2138519287109375
11.195037841796875
1.684814453125
11.553558349609375
3.679107666015625
9.376922607421875
4.4786529541015625
7.1477203369140625
6.758331298828125
6.052276611328125
9.680633544921875
6.8189544677734375
10.639251708984375
10.7911376953125
7.019012451171875
12.197723388671875
6.5787506103515625
8.305419921875
2.9130859375
7.857330322265625
8.669540405273438
8.90338134765625
0.0165557861328125
9.350189208984375
6.4199981689453125
2.087066650390625
5.8849029541015625
4.998992919921875
43.527923583984375
3.0440521240234375
10.608566284179688
8.36712646484375
5.41644287109375
4.670257568359375
6.5864105224609375
8.390289306640625
7.0108489990234375
13.821548461914062
8.18505859375
10.428573608398438
7.65496826171875
5.9772186279296875
9.286239624023438
8.649810791015625
7.558013916015625
0.0543365478515625
9.125213623046875
7.28955078125
7.505828857421875
5.593017578125
1.764434814453125
4.1730194091796875
4.4029083251953125
7.29052734375
8.71685791015625
6.2974853515625
6.128204345703125
5.8780059814453125
12.354415893554688
10.009750366210938
7.431884765625
10.329177856445312
11.439376831054688
2.090606689453125
7.24761962890625
4.6686553955078125
42.1317138671875
8.491043090820312
7.847503662109375
1.6814422607421875
6.2488861083984375
7.75634765625
6.2041168212890625
12.683914184570312
7.704193115234375
9.865463256835938
12.962142944335938
5.348541259765625
7.444854736328125
4.2041168212890625
4.5944671630859375
8.409042358398438
6.0619659423828125
7.4077301025390625
8.130935668945312
4.7198944091796875
7.415313720703125
8.621322631835938
8.897994995117188
11.28643798828125
8.34063720703125
1.8997955322265625
7.213226318359375
9.666259765625
7.435821533203125
5.9298858642578125
2.57086181640625
2.40972900390625
29.6492919921875
9.533340454101562
1.112701416015625
7.540771484375
5.3634185791015625
2.72021484375
9.280059814453125
7.6644439697265625
10.749710083007812
8.532821655273438
7.135589599609375
6.2906646728515625
1.5230255126953125
3.4969482421875
17.814987182617188
0.1348876953125
6.9144439697265625
6.6524658203125
11.926849365234375
7.5598602294921875
9.406784057617188
10.825363159179688
12.17462158203125
10.9822998046875
7.953521728515625
8.0220947265625
8.474807739257812
3.0664520263671875
9.432235717773438
7.50433349609375
7.1360626220703125
7.461700439453125
9.291915893554688
6.9658966064453125
7.09796142578125
8.098922729492188
0.93768310546875
7.0598602294921875
7.4832611083984375
5.9092864990234375
12.499984741210938
2.1905975341796875
6.1297760009765625
13.606033325195312
2.770660400390625
8.791015625
10.009902954101562
7.283111572265625
0.83843994140625
10.220901489257812
1.0030670166015625
6.897735595703125
11.14617919921875
