9.876351576561311e-42
19.62189483642578
25.36237335205078
5.247919082641602
12.316642761230469
9.197555541992188
23.235008239746094
16.701435089111328
9.579036712646484
59.794776916503906
8.25130844116211
58.39495849609375
65.72705841064453
69.02677917480469
67.34721374511719
32.72276306152344
52.81719207763672
49.97789001464844
57.26555252075195
19.741710662841797
89.1381607055664
47.41331481933594
15.777687072753906
17.38128089904785
16.29176139831543
37.48500061035156
48.29610824584961
29.746185302734375
40.354225158691406
40.030582427978516
73.24234771728516
41.338401794433594
46.468685150146484
59.35625457763672
48.493988037109375
40.57276916503906
42.076393127441406
35.24390411376953
27.96257781982422
49.310543060302734
31.61800765991211
35.506744384765625
22.11189079284668
43.70074462890625
6.253059387207031
18.835601806640625
23.52631187438965
47.22148513793945
62.522674560546875
17.45475196838379
68.30850982666016
68.94922637939453
44.71018981933594
48.25202178955078
12.892080307006836
83.01685333251953
21.42778968811035
84.19467163085938
44.23421096801758
40.33482360839844
33.06259536743164
43.271095275878906
12.850379943847656
36.84276580810547
13.251312255859375
77.63251495361328
53.47444152832031
52.008052825927734
13.028387069702148
84.60306549072266
62.86790466308594
23.51734733581543
26.810148239135742
36.740665435791016
17.57971954345703
30.605270385742188
72.48204040527344
53.451141357421875
7.351396560668945
84.91038513183594
44.58600616455078
20.33560562133789
37.047183990478516
43.88928985595703
42.147342681884766
64.51962280273438
43.618446350097656
44.038551330566406
82.63947296142578
42.251991271972656
44.42700958251953
26.218978881835938
50.36622619628906
87.75386047363281
18.978260040283203
62.08348083496094
45.537017822265625
43.452301025390625
41.69465637207031
35.471221923828125
12.411996841430664
36.36890411376953
19.53068733215332
34.217926025390625
32.679988861083984
60.79067611694336
13.593639373779297
43.225826263427734
41.497581481933594
38.58346176147461
49.038543701171875
70.6744613647461
32.519744873046875
30.240463256835938
71.9310531616211
35.32671356201172
41.3319091796875
35.710723876953125
43.001258850097656
53.17284393310547
89.04721069335938
40.74601745605469
62.71900939941406
70.88288116455078
58.16325378417969
78.4023208618164
80.77671813964844
74.68919372558594
46.26027297973633
72.66548919677734
86.60955810546875
43.863712310791016
85.92497253417969
80.56075286865234
72.80009460449219
76.07550048828125
55.408721923828125
81.0570297241211
97.3019790649414
59.32673645019531
100.17808532714844
73.51374816894531
62.34297180175781
81.8841552734375
91.86136627197266
94.27178955078125
85.44994354248047
76.92332458496094
71.24262237548828
74.80867004394531
75.23890686035156
66.25161743164062
55.16754150390625
47.66691970825195
35.92708206176758
40.69953918457031
44.844947814941406
37.81916809082031
42.075714111328125
45.67070007324219
26.650026321411133
23.522127151489258
21.686870574951172
38.41950225830078
12.559946060180664
62.94970703125
14.07034683227539
72.92092895507812
107.86793518066406
29.289051055908203
98.79096984863281
40.62281036376953
12.769327163696289
23.49846076965332
53.6208381652832
19.53192138671875
67.3730697631836
22.75980567932129
24.757822036743164
60.984954833984375
19.493040084838867
46.08401870727539
59.132850646972656
30.39392852783203
21.395828247070312
42.475860595703125
69.36112976074219
93.71438598632812
52.54365539550781
79.73213195800781
81.69263458251953
22.27935791015625
60.62559509277344
80.76141357421875
62.975364685058594
52.80670928955078
25.354063034057617
46.235618591308594
8.931966781616211
99.63786315917969
77.37721252441406
8.792015075683594
42.194129943847656
28.519304275512695
70.73783874511719
29.226181030273438
35.101966857910156
11.511669158935547
55.72727966308594
39.175498962402344
72.6878433227539
31.33163833618164
15.839275360107422
52.41529083251953
18.934375762939453
64.4788818359375
97.75232696533203
9.192869186401367
25.32005500793457
65.84142303466797
51.986595153808594
32.238277435302734
34.43511199951172
55.52256774902344
88.09833526611328
21.883541107177734
64.49605560302734
62.916568756103516
30.636247634887695
68.17747497558594
69.77639770507812
68.5279541015625
72.98478698730469
63.16642761230469
38.69644546508789
63.429229736328125
48.26171112060547
54.174713134765625
48.421630859375
48.81634521484375
46.7337646484375
50.978294372558594
51.282711029052734
49.28025817871094
54.67335510253906
66.5364990234375
46.29371643066406
86.97396850585938
66.49874114990234
74.03558349609375
71.77500915527344
44.49262619018555
59.49240493774414
71.36955261230469
70.83367919921875
57.02003479003906
57.600433349609375
62.21578598022461
1.6640510559082031
1.6134986877441406
3.8436737060546875
17.718318939208984
16.985483169555664
16.88776397705078
17.677961349487305
28.7989444732666
9.754495620727539
14.540994644165039
32.109474182128906
25.607473373413086
17.249347686767578
27.264019012451172
9.654613494873047
22.614768981933594
8.132892608642578
25.88665771484375
42.92327880859375
21.324556350708008
49.16425704956055
29.206998825073242
30.22398567199707
31.736032485961914
50.590003967285156
40.135398864746094
68.94692993164062
2.449644088745117
17.93471336364746
2.3634681701660156
18.290483474731445
33.51927185058594
27.35770034790039
23.05008316040039
12.483709335327148
33.181068420410156
25.87540054321289
38.11919403076172
55.042213439941406
41.631011962890625
18.151508331298828
1.7396011352539062
23.330392837524414
12.319158554077148
52.2515754699707
57.72713851928711
16.657310485839844
17.774028778076172
48.273765563964844
14.237794876098633
54.875152587890625
37.17109680175781
5.404701232910156
25.66188621520996
14.632566452026367
32.64447784423828
15.359781265258789
39.602928161621094
21.324756622314453
33.688316345214844
49.971778869628906
44.3612060546875
19.43299102783203
50.87657165527344
37.59808349609375
41.628963470458984
38.06742858886719
34.02394104003906
38.70244598388672
9.307249069213867
30.587617874145508
34.48535919189453
29.74578285217285
13.249944686889648
24.15485382080078
19.52442741394043
14.461692810058594
18.993242263793945
21.40006446838379
17.27249526977539
4.698049545288086
2.1213226318359375
16.699621200561523
14.969303131103516
26.40802764892578
22.293794631958008
35.1942138671875
12.008792877197266
20.248502731323242
38.36478042602539
26.019132614135742
2.44891357421875
1.5933399200439453
25.991113662719727
56.24950408935547
15.853668212890625
1.647012710571289
6.776979446411133
5.030635833740234
7.071229934692383
10.179866790771484
7.623048782348633
18.538400650024414
19.682430267333984
24.049837112426758
9.868507385253906
14.153892517089844
35.05387496948242
27.86097526550293
52.8347282409668
26.869935989379883
16.60010528564453
4.368528366088867
5.186595916748047
58.50410842895508
7.682567596435547
7.066703796386719
12.370481491088867
21.717243194580078
11.386388778686523
39.987449645996094
21.083208084106445
28.38028907775879
8.171552658081055
47.678592681884766
7.248199462890625
24.850505828857422
7.915613174438477
4.358224868774414
16.27716636657715
29.35097885131836
2.2095088958740234
31.49839210510254
9.261171340942383
3.66534423828125
11.262748718261719
8.582929611206055
1.9106521606445312
3.1187305450439453
2.6860599517822266
3.581331253051758
5.785467147827148
3.911691665649414
10.881586074829102
5.954856872558594
3.802541732788086
7.745815277099609
8.22105598449707
7.804424285888672
12.062271118164062
14.947187423706055
8.523578643798828
16.63232421875
13.99740219116211
8.982234954833984
10.971445083618164
20.633323669433594
23.762306213378906
18.89320945739746
15.82645034790039
27.665771484375
25.341657638549805
18.806047439575195
8.590600967407227
5.829109191894531
6.600130081176758
9.376684188842773
10.099637985229492
7.8140869140625
7.419801712036133
7.581441879272461
8.476547241210938
8.675325393676758
9.734142303466797
13.110183715820312
22.951465606689453
25.306608200073242
28.768543243408203
39.53057098388672
40.885860443115234
61.91444396972656
63.385887145996094
82.54682159423828
71.63076782226562
96.1469955444336
85.80502319335938
103.1639175415039
48.6948356628418
39.79975128173828
89.74930572509766
81.08586120605469
75.13433837890625
126.44255828857422
47.4582405090332
44.24201202392578
75.79122924804688
99.6695556640625
84.23617553710938
67.06616973876953
80.38504791259766
68.35633087158203
77.79752349853516
82.00924682617188
73.40440368652344
61.83729934692383
57.224647521972656
48.77410888671875
49.48638153076172
35.216243743896484
63.42566680908203
38.18352508544922
75.10000610351562
41.82530212402344
39.06451416015625
37.396240234375
38.818275451660156
39.46335220336914
65.23222351074219
12.382064819335938
112.2850341796875
117.30590057373047
62.42007064819336
64.79345703125
84.52226257324219
28.203786849975586
58.52088165283203
30.439863204956055
43.026573181152344
57.56952667236328
72.01692962646484
73.88447570800781
67.38800811767578
44.08977127075195
67.7049789428711
65.18672180175781
68.38976287841797
70.28758239746094
66.90571594238281
67.98587799072266
62.79418182373047
58.78245544433594
59.776466369628906
64.75135803222656
58.92829895019531
112.15586853027344
14.933496475219727
84.06658172607422
58.09230041503906
79.59994506835938
65.60238647460938
73.19120788574219
65.8239517211914
74.90779876708984
66.92143249511719
68.0077896118164
68.90771484375
74.4916763305664
69.08012390136719
71.87236022949219
28.431991577148438
51.53589630126953
36.857601165771484
75.52176666259766
77.95057678222656
63.52785110473633
38.96260452270508
66.35470581054688
50.732078552246094
69.87814331054688
68.28236389160156
75.77664947509766
75.20128631591797
60.54436111450195
35.922393798828125
56.85022735595703
72.38893127441406
64.45941925048828
61.93138885498047
78.330078125
69.88947296142578
71.34591674804688
68.93405151367188
78.00630950927734
42.050872802734375
86.81289672851562
53.87763214111328
64.64054870605469
65.3359146118164
62.612335205078125
66.02289581298828
61.03186798095703
40.25004959106445
72.36737060546875
64.1138916015625
77.82546997070312
84.23596954345703
60.86738586425781
72.6086654663086
88.82969665527344
89.44486236572266
93.96354675292969
69.16571044921875
76.08738708496094
97.49288940429688
64.85586547851562
70.40287017822266
51.76316452026367
35.27492904663086
23.166736602783203
13.692697525024414
24.90865707397461
29.088966369628906
31.418054580688477
23.034549713134766
28.488401412963867
31.804460525512695
26.962318420410156
21.169124603271484
19.742456436157227
31.22786521911621
21.8687744140625
22.443132400512695
33.17754364013672
27.858821868896484
19.104860305786133
19.413532257080078
26.20844268798828
30.505062103271484
30.1521053314209
32.28933334350586
25.307836532592773
30.36471176147461
27.70139503479004
33.03522491455078
20.323486328125
35.28821563720703
30.203523635864258
20.948469161987305
24.154401779174805
22.75602912902832
18.1263484954834
19.547639846801758
26.0594425201416
23.59217643737793
16.443424224853516
21.589841842651367
24.9827823638916
26.77776527404785
25.333967208862305
31.07386016845703
21.27710723876953
13.131637573242188
29.047748565673828
28.079742431640625
15.728952407836914
14.533687591552734
15.010625839233398
21.2767333984375
16.506498336791992
10.362485885620117
18.344703674316406
14.523927688598633
16.12205696105957
16.96916961669922
23.309537887573242
22.86495018005371
22.704425811767578
14.50975227355957
21.552759170532227
15.32827377319336
15.880762100219727
22.683969497680664
11.582845687866211
24.80388832092285
16.14628791809082
13.99691390991211
12.744552612304688
13.058259963989258
9.488393783569336
12.519031524658203
9.669357299804688
10.238754272460938
13.987226486206055
11.446813583374023
11.369241714477539
24.316017150878906
8.277656555175781
3.935525894165039
2.825469970703125
1.6468391418457031
3.137910842895508
1.8492679595947266
1.9327526092529297
3.5024185180664062
3.155668258666992
3.8378849029541016
3.349294662475586
7.405847549438477
7.790849685668945
5.748266220092773
14.764139175415039
3.0773181915283203
15.915792465209961
8.392892837524414
13.782445907592773
6.707271575927734
5.280900955200195
5.316316604614258
9.52214241027832
11.248085021972656
10.117036819458008
6.922151565551758
6.743562698364258
10.400745391845703
12.10770034790039
12.592283248901367
13.588106155395508
13.0684814453125
14.056774139404297
19.714523315429688
23.735010147094727
16.50630760192871
33.13011932373047
26.452674865722656
27.84702491760254
15.423686981201172
20.16213035583496
10.0655517578125
17.703210830688477
31.2564754486084
13.795886993408203
29.232805252075195
8.952058792114258
32.84326171875
24.08634376525879
39.22773361206055
28.806533813476562
12.256542205810547
38.048187255859375
35.20176696777344
30.20530891418457
40.22661590576172
28.022600173950195
22.72665023803711
27.278972625732422
27.24694061279297
28.33839225769043
37.00059127807617
18.008636474609375
22.137523651123047
16.352821350097656
20.337688446044922
27.485183715820312
29.835918426513672
35.58667755126953
19.02568817138672
20.53184700012207
35.565635681152344
34.06536102294922
30.673559188842773
36.14424133300781
37.36271667480469
17.81974983215332
28.89052391052246
27.481306076049805
29.636655807495117
32.42655944824219
26.99542999267578
18.784515380859375
30.623319625854492
36.45072937011719
14.187053680419922
14.781696319580078
22.00074005126953
43.03785705566406
29.90884017944336
20.092124938964844
33.56166076660156
13.866640090942383
28.77850914001465
13.056636810302734
11.571741104125977
41.174346923828125
9.59036636352539
13.078666687011719
54.52588653564453
13.446319580078125
22.262914657592773
15.408246994018555
12.09811019897461
16.69771957397461
16.658260345458984
16.42989730834961
19.183361053466797
54.4292106628418
22.67118263244629
19.869239807128906
28.71583366394043
8.097023010253906
8.508390426635742
7.523052215576172
17.82134246826172
11.535623550415039
10.789173126220703
16.120487213134766
20.863157272338867
20.062305450439453
12.41219711303711
12.736040115356445
12.256935119628906
20.347286224365234
22.17313575744629
20.530746459960938
13.424530029296875
25.374086380004883
15.159440994262695
12.316659927368164
26.58884620666504
16.679584503173828
18.49431800842285
19.090591430664062
13.433025360107422
20.72291374206543
10.047843933105469
13.015512466430664
16.919986724853516
9.486663818359375
22.121505737304688
13.26654052734375
18.23672103881836
19.767745971679688
18.33131217956543
18.428077697753906
14.00015640258789
18.20205307006836
18.812135696411133
11.743099212646484
10.788923263549805
26.951223373413086
4.805334091186523
2.367525100708008
16.311752319335938
3.6742782592773438
3.9422740936279297
3.9631500244140625
8.27743148803711
9.29384994506836
6.763875961303711
10.764581680297852
10.599117279052734
8.799112319946289
6.801347732543945
7.277700424194336
12.62870979309082
20.899826049804688
26.511348724365234
25.7851619720459
31.459552764892578
7.177419662475586
35.50282669067383
32.398475646972656
34.14899444580078
36.08608627319336
30.53055763244629
19.72723388671875
37.1920280456543
19.180660247802734
19.540197372436523
32.41310501098633
15.443538665771484
20.47562026977539
28.518518447875977
35.859710693359375
18.990982055664062
15.37350845336914
21.09986114501953
18.884777069091797
10.714361190795898
9.15438461303711
11.921939849853516
15.331666946411133
14.635643005371094
11.286296844482422
31.129894256591797
13.837596893310547
16.300857543945312
15.737937927246094
13.56718635559082
17.694780349731445
25.47797203063965
4.457836151123047
2.8985347747802734
6.013404846191406
6.076286315917969
8.057538986206055
11.27406120300293
5.890497207641602
11.681926727294922
9.984241485595703
5.956361770629883
15.894205093383789
19.637737274169922
14.759641647338867
36.48957443237305
32.788475036621094
18.42542839050293
29.220972061157227
34.22407531738281
40.657718658447266
32.20757293701172
23.379737854003906
9.996089935302734
10.18511962890625
21.038793563842773
11.409341812133789
7.817476272583008
19.1396484375
14.203161239624023
11.28167724609375
11.124443054199219
4.283002853393555
4.271440505981445
3.2774581909179688
12.853134155273438
11.956548690795898
6.786100387573242
17.09417724609375
10.793485641479492
31.46910858154297
23.627056121826172
37.15099334716797
18.32618522644043
45.372947692871094
24.827871322631836
40.967506408691406
14.694461822509766
9.351922988891602
18.23888397216797
19.84636116027832
28.566543579101562
15.192045211791992
20.503921508789062
18.635108947753906
12.822120666503906
2.748506546020508
6.025943756103516
12.755399703979492
15.606058120727539
14.976297378540039
28.443849563598633
34.74850082397461
14.560544967651367
32.32255554199219
31.549821853637695
31.225963592529297
24.1335506439209
17.64407730102539
11.249567031860352
3.9902477264404297
3.6737327575683594
8.401599884033203
12.830743789672852
5.86058235168457
14.755224227905273
29.02070426940918
18.47451400756836
38.42244338989258
24.34766960144043
43.624549865722656
20.723421096801758
19.861671447753906
17.465457916259766
5.438442230224609
7.909547805786133
13.777359008789062
31.06606101989746
35.46648406982422
33.39788818359375
5.021059036254883
11.552099227905273
33.5518798828125
35.63618850708008
27.042360305786133
26.983741760253906
14.501359939575195
16.738622665405273
13.343183517456055
18.313819885253906
18.910472869873047
8.088428497314453
22.586116790771484
22.637866973876953
17.089672088623047
11.288230895996094
17.022499084472656
8.565296173095703
10.569477081298828
33.853118896484375
31.824220657348633
14.64024543762207
8.838584899902344
14.98647689819336
18.406917572021484
6.563604354858398
22.813209533691406
28.043590545654297
7.622255325317383
5.2719268798828125
6.180049896240234
23.802560806274414
2.5769596099853516
5.484258651733398
31.51101303100586
32.190372467041016
2.2726268768310547
2.635326385498047
19.39345932006836
2.1659164428710938
11.408439636230469
31.061309814453125
16.542911529541016
2.774496078491211
16.55695343017578
26.977981567382812
27.413267135620117
15.269441604614258
18.7891902923584
4.677074432373047
16.82075309753418
26.55838966369629
21.212377548217773
32.8893928527832
29.715696334838867
16.502981185913086
4.570533752441406
6.948829650878906
23.585468292236328
9.464588165283203
15.743419647216797
7.445411682128906
38.60306167602539
17.226543426513672
