9.876351576561311e-42
0.0
1.7480850219726562
0.0
0.06020069122314453
0.0
0.0
0.0
0.08630752563476562
0.0
0.13005733489990234
1.3357996940612793
0.30112266540527344
0.0
0.0
0.48470497131347656
0.0
0.0
0.0
0.0
0.0
0.0
0.8846521377563477
0.0
0.0
0.0
0.0
0.0
0.0
0.0
0.0
0.0
0.0
0.0
0.0
0.0
0.0
0.0
0.0
0.0
0.0
0.0
0.0
0.9264945983886719
0.0
0.0
0.1341104507446289
0.2994537353515625
0.0
2.5482177734375
0.0
0.0
0.40900707244873047
0.0
1.5529394149780273
0.0
0.0
0.0
0.0
0.0
2.252936363220215
0.3719329833984375
0.0
3.018975257873535
0.6768703460693359
0.0
0.0
0.0
1.1146068572998047
0.0
0.0
0.0
2.5186538696289062
0.5009174346923828
0.0
0.0
0.0
0.0
1.2404918670654297
0.0
0.0
0.0
2.2423267364501953
0.0
1.6341209411621094
0.0
0.0
0.0
0.0
0.0
0.0
0.3273487091064453
0.0
0.0
0.0
0.0
0.0
0.0
0.0
3.2917261123657227
1.201033592224121
0.0
0.0
0.0
1.323699951171875
0.07295608520507812
0.09179115295410156
0.0
0.0
0.0
2.160966396331787
0.0
0.0
0.0
0.0
0.0
0.0
1.8048286437988281
0.0
1.7441511154174805
0.0
0.0
0.0
0.0
0.0
0.0
0.0
0.0
0.0
0.0
0.0
0.20074844360351562
0.0
0.0
0.0
0.0
0.7916688919067383
0.0
0.0
0.0
0.0
0.0
0.0
0.0
0.0
0.0
0.0
0.0
0.0
0.0
0.0
0.0
0.0
0.0
0.0
0.0
0.0
0.0
0.0
0.0
0.0
0.0
0.0
0.0
0.2995729446411133
0.0
0.0
0.0
0.0
0.0
0.0
0.0
0.09834766387939453
0.11801719665527344
0.8876323699951172
1.8315315246582031
1.3507604598999023
0.0
0.0
0.5686283111572266
0.0
0.34618377685546875
0.3248453140258789
1.622915267944336
0.06091594696044922
0.41353702545166016
0.33545494079589844
0.32341480255126953
1.299440860748291
1.2603998184204102
0.0
1.0401010513305664
4.087328910827637
1.6838312149047852
0.26738643646240234
0.9291172027587891
0.0
0.0
0.0
0.0
0.0
0.0
1.0515451431274414
3.1069517135620117
1.0565519332885742
4.86379861831665
3.973245620727539
0.0
0.057697296142578125
3.7082433700561523
0.5438327789306641
0.0
0.0
3.215670585632324
0.0
0.4457235336303711
0.6597042083740234
0.0
0.0
0.21207332611083984
5.252182483673096
0.0
0.5522966384887695
2.1455883979797363
1.9908547401428223
0.0
0.7071495056152344
0.0
0.0
0.5050897598266602
0.4304647445678711
0.0
2.276301383972168
0.706791877746582
0.0
0.14090538024902344
0.545501708984375
1.5548467636108398
0.9402036666870117
0.7647275924682617
0.8088350296020508
0.7878541946411133
1.7361640930175781
0.07784366607666016
0.15795230865478516
0.6873607635498047
1.2177228927612305
0.18644332885742188
1.9335746765136719
0.2218484878540039
0.6635189056396484
0.6289482116699219
0.8015632629394531
0.38635730743408203
0.6338357925415039
0.21886825561523438
0.24640560150146484
0.0
0.6102323532104492
0.6948113441467285
0.4984140396118164
0.16164779663085938
0.0
0.0
0.1621246337890625
0.0
0.4392862319946289
0.22399425506591797
0.6117820739746094
4.6509504318237305
0.0
0.0
0.0
0.0
0.0
0.07545948028564453
0.35381317138671875
0.0
0.0
0.07390975952148438
0.0
0.0
0.0
0.0
0.0
0.8838772773742676
0.4418492317199707
1.0296106338500977
0.1468658447265625
0.0
0.0
1.9451379776000977
0.0
0.15217065811157227
0.06961822509765625
0.0
0.0
0.0
0.36203861236572266
1.3422369956970215
0.3083944320678711
0.1348257064819336
0.14889240264892578
0.0
0.573277473449707
0.0
0.0
0.4677772521972656
0.40435791015625
0.0
0.47576427459716797
0.40912628173828125
0.18167495727539062
0.19156932830810547
0.0
0.0
0.0
0.2766847610473633
0.0
0.0
0.0
0.0
1.2514591217041016
0.0
0.0
0.0
0.0
0.0
0.0
0.0
0.0
0.0
0.0
0.0
0.0
0.0
0.13208389282226562
0.1533031463623047
0.9667873382568359
1.2775063514709473
3.042459487915039
0.32383203506469727
0.3724098205566406
0.06318092346191406
0.7508993148803711
0.0
0.0
0.08106231689453125
0.1367330551147461
0.6401538848876953
0.48553943634033203
0.0
0.0
0.24497509002685547
0.41615962982177734
0.3439188003540039
0.17213821411132812
0.0
0.33342838287353516
0.0
0.0
0.0
0.0
0.25725364685058594
0.10251998901367188
0.0
2.9907822608947754
0.0
0.274658203125
0.0
0.0
0.0
0.05733966827392578
0.2357959747314453
0.3801584243774414
0.0
0.06008148193359375
0.16355514526367188
0.0
0.7686614990234375
0.16129016876220703
0.0
0.0
0.5533695220947266
0.8066892623901367
0.1308917999267578
0.0
0.0
0.0
0.7276535034179688
0.08380413055419922
0.0
0.4869699478149414
0.32961368560791016
0.0
0.6021261215209961
0.40221214294433594
0.16963481903076172
0.34046173095703125
0.2865791320800781
0.0
0.0
0.0
0.0
0.0
0.054836273193359375
0.0
0.0
0.0
0.05555152893066406
0.0
0.0
0.0
0.07140636444091797
0.0
0.0
0.08666515350341797
0.16170740127563477
0.16689300537109375
0.1226663589477539
0.23066997528076172
0.2537965774536133
0.16558170318603516
0.1004934310913086
0.0
0.09965896606445312
0.0
0.23114681243896484
0.41604042053222656
0.21159648895263672
0.26535987854003906
0.1977682113647461
0.10395050048828125
0.0902414321899414
0.056624412536621094
0.0
0.0
0.0
0.0
0.0
0.0
0.0
0.0
0.13554096221923828
0.0
0.0
0.0
0.0
0.0
0.0
0.0
0.0
0.0
0.4769563674926758
0.0
0.06556510925292969
0.055789947509765625
0.0
0.0
0.0
0.0
0.0
0.0
0.0
0.0
0.0
0.0
0.0
0.0
0.0
0.0
0.0
0.0
0.0
0.0
0.0
0.1386404037475586
0.0
0.0
0.0
0.09119510650634766
0.0
0.0
0.0
0.0
0.0
0.0
0.0
0.0
0.0
0.0
0.0
0.07200241088867188
0.0
0.0
0.0
0.0
0.0
0.0
0.0
0.0
0.0
0.0
0.07033348083496094
0.0
0.0
0.0
0.0
0.0
0.0
0.0
0.10979175567626953
0.0
0.0
0.0
0.0
0.0
0.05614757537841797
0.0
0.0
0.0
0.0
0.0
0.0
0.0
0.0
0.0
0.0
0.0
0.0
0.0
0.0
0.0
0.0
0.0
0.0
0.0
0.0
0.0
0.0
0.0
0.0
0.0
0.0
0.0
0.0
0.0
0.0
0.0
0.0
0.0
0.0
0.0
0.0
0.0
0.0
0.0
0.0
0.0
0.0
0.0
0.0
0.0
0.0
0.0
0.0
0.0
0.0
0.0
0.0
0.0
0.0
0.0
0.0
0.0
0.0
0.0
0.0
0.0
0.0
0.0
0.0
0.0
0.0
0.0
0.0
0.0
0.0
0.0
0.0
0.0
0.0
0.0
0.0
0.0
0.0
0.0
0.0
0.0
0.0
0.0
0.0
0.0
0.0
0.0
0.0
0.0
0.0
0.0
0.0
0.0
0.0
0.0
0.0
0.0
0.0
0.0
0.0
0.0
0.0
0.0
0.0
0.0
0.0
0.0
0.0
0.0
0.0
0.0
0.0
0.0
0.0
0.0
0.0
0.0
0.0
0.0
0.0
0.0
0.0
0.0
0.0
0.44739246368408203
0.06794929504394531
1.2215375900268555
0.823974609375
0.39386749267578125
0.24843215942382812
0.35822391510009766
0.4143714904785156
0.46646595001220703
0.0959634780883789
0.39631128311157227
0.0
0.0
0.0
0.0
0.0
0.056743621826171875
0.0
0.08618831634521484
0.0
0.1270771026611328
0.0
0.0
0.0
0.0
0.0
0.13017654418945312
0.0
0.0
0.0
0.0
0.0
0.0
0.0
0.0
0.0
0.0
0.0
0.0
0.0
0.0
0.0
0.0
0.0
0.0
0.0
0.0
0.0
0.22161006927490234
0.0
0.0
0.0
0.0
0.07557868957519531
0.0
0.0
0.0
0.0
0.0
0.0
0.0
0.0
0.0
0.0
0.0
0.0
0.07224082946777344
0.0
0.0
0.05257129669189453
0.0
0.0
0.0
0.0
0.0
0.0
0.0
0.0
0.0
0.0
0.0
0.0
0.0
0.0
0.0
0.0
0.0
0.0
0.0
0.0
0.0
0.0
0.0
0.0
0.0
0.0
0.0
0.0
0.0
0.0
0.0
0.0
0.0
0.0
0.0
0.0
0.0
0.0
0.0
0.0
0.0
0.0
0.0
0.0
0.0
0.0
0.0
0.0
0.0
0.0
0.0
0.0
0.0
0.0
0.0
0.0
0.0
0.0
0.0
0.0
0.0
0.0
0.05328655242919922
0.0
0.0
0.0
0.0
0.0
0.0
0.0
0.0
0.0
0.0
0.0
0.0
0.0
0.0
0.0
0.0
0.0
0.0
0.0
0.0
0.0
0.21183490753173828
0.0
0.7157325744628906
0.1798868179321289
0.0
0.0
0.0
0.0
0.07462501525878906
0.0
0.08952617645263672
0.0
0.08559226989746094
0.0
0.0
0.0
0.0
0.0
0.0
0.0
0.22029876708984375
0.0
0.0
0.0
0.0
0.0
0.0
0.05316734313964844
0.0
0.0
0.0
0.0
0.0
0.0
0.0
0.0
0.0
0.0
0.0
0.0
0.0
0.0
0.0
0.0
0.0
0.0
0.0
0.0
0.0
0.0
0.0
0.3546476364135742
0.07390975952148438
0.0
0.0
0.0
0.0
0.060439109802246094
0.0
0.0
0.0
0.0
0.0
0.0
0.13315677642822266
0.0
0.0
0.0
0.0
0.0
0.0
0.0
0.0
0.0
0.0
0.0
0.0
0.0
0.0
0.0
0.0
0.2067089080810547
0.05710124969482422
0.3180503845214844
0.0
0.05996227264404297
0.10383129119873047
0.0
0.0
0.1360177993774414
0.0
0.0
0.0
0.0
0.0
0.0
0.0
0.0
0.0
0.0
0.0
0.0
0.0
0.0
0.0
0.0
0.0
0.0
0.0
0.0
0.27930736541748047
0.0
0.0
0.0
0.0
0.0
0.0
0.0
0.0
0.3954172134399414
0.0
0.0
0.0
0.0
0.0
0.056743621826171875
0.0
0.0
0.0
0.0
0.0
0.0
0.0
0.0
0.0
0.0
0.0
0.0
0.0
0.0
0.0
0.0
0.0
0.0
0.0
0.0
0.0
0.0
0.0
0.0
0.0
0.4481077194213867
0.0
0.0
0.0
0.0
0.0
0.0
0.0
0.0
0.0
0.0
0.0
0.0
0.0
1.0686516761779785
0.0
0.0
0.0
0.4127025604248047
0.0
0.0
0.2951622009277344
0.0
0.0
0.0
0.2472400665283203
0.5171298980712891
0.0
0.6670951843261719
0.09691715240478516
0.0
0.08165836334228516
0.506281852722168
0.0
0.0
0.0
0.0
0.0
0.09250640869140625
0.0
0.0
0.0
0.0
0.0
0.0
0.26547908782958984
0.0
0.0
0.0
0.0
0.0
0.12671947479248047
0.0
