9.876351576561311e-42
0.17337223887443542
0.8710613250732422
0.4678630530834198
0.14178845286369324
0.20476338267326355
7.733680725097656
20.469573974609375
14.208621978759766
28.685335159301758
7.252744674682617
51.619056701660156
78.02328491210938
12.215869903564453
24.523242950439453
32.5707893371582
7.145359039306641
41.41222381591797
10.080385208129883
6.342618942260742
23.645456314086914
6.034910202026367
1.6513690948486328
1.1638660430908203
7.517553329467773
4.213781356811523
5.22150993347168
7.9637298583984375
17.810977935791016
2.318624496459961
12.187234878540039
3.7289085388183594
18.788488388061523
15.591512680053711
14.99435806274414
13.838376998901367
15.872068405151367
14.232757568359375
1.4796924591064453
15.579803466796875
13.845954895019531
13.84492301940918
0.24938389658927917
5.80712890625
0.33630749583244324
0.2159728705883026
40.335838317871094
47.04445266723633
13.180959701538086
13.49681282043457
51.99656677246094
12.674217224121094
57.3547477722168
7.103790283203125
1.9195194244384766
22.001176834106445
5.646795272827148
12.330448150634766
2.5506229400634766
13.75644302368164
1.4902820587158203
14.771867752075195
1.083242416381836
58.73241424560547
6.156076431274414
14.332342147827148
9.892265319824219
64.81864166259766
2.667816162109375
21.246845245361328
12.308368682861328
14.200538635253906
0.32539746165275574
29.133554458618164
4.408546447753906
56.14752960205078
13.503299713134766
8.58067512512207
4.171772003173828
21.395023345947266
17.207483291625977
13.059171676635742
34.91987609863281
33.58622360229492
79.35116577148438
12.117420196533203
5.247673034667969
4.642417907714844
28.624345779418945
16.967050552368164
41.34764099121094
23.631418228149414
7.486553192138672
27.7374324798584
12.332321166992188
36.72930145263672
4.445135116577148
3.364351272583008
14.513372421264648
38.42335510253906
16.626277923583984
3.6738204956054688
11.743719100952148
13.876766204833984
37.3480339050293
44.74322509765625
11.484451293945312
2.894245147705078
14.4051513671875
11.759538650512695
48.59119415283203
41.72711944580078
22.990478515625
10.605525970458984
32.37220001220703
13.410160064697266
13.168401718139648
26.793100357055664
12.654905319213867
58.546173095703125
32.21382522583008
11.676687240600586
11.624683380126953
18.650758743286133
11.704452514648438
24.990367889404297
13.325441360473633
19.858985900878906
3.1617050170898438
14.320390701293945
21.543195724487305
57.34687805175781
20.454849243164062
18.914461135864258
17.04182243347168
20.490772247314453
78.68721008300781
61.046485900878906
57.274513244628906
25.469690322875977
39.8138542175293
29.511306762695312
47.164974212646484
44.835418701171875
42.50597381591797
31.729656219482422
27.107501983642578
22.740571975708008
18.636005401611328
19.24749755859375
14.154352188110352
13.976358413696289
10.731536865234375
5.427604675292969
3.3169612884521484
4.965906143188477
3.966829299926758
4.598535537719727
3.4778575897216797
2.666074752807617
1.46856689453125
1.4675025939941406
0.0034560863859951496
0.0
0.24954983592033386
0.15699955821037292
0.1375732123851776
0.4453105628490448
1.3955841064453125
1.3168506622314453
2.0549697875976562
3.0243797302246094
0.236202210187912
1.7368507385253906
6.61604118347168
0.639068603515625
7.825828552246094
2.763853073120117
5.758367538452148
19.07818031311035
1.5351886749267578
22.137041091918945
9.350391387939453
1.2769584655761719
0.15280911326408386
14.186861038208008
6.070222854614258
4.408725738525391
1.0942440032958984
2.7514419555664062
1.7851181030273438
0.25183674693107605
4.940038681030273
1.4797725677490234
5.521390914916992
3.4907875061035156
0.007987946271896362
0.0052642528899014
0.2399711310863495
0.9204311370849609
2.0121536254882812
0.13719555735588074
3.4270172119140625
3.495424270629883
13.400091171264648
5.143459320068359
10.317550659179688
1.3692684173583984
27.062149047851562
4.523811340332031
15.196462631225586
0.026742905378341675
1.131591796875
9.932010650634766
3.563762664794922
24.314128875732422
2.097820281982422
0.5527591705322266
4.456869125366211
26.93758201599121
7.77082633972168
1.0128002166748047
7.378696441650391
1.1744422912597656
3.1801929473876953
1.163482666015625
12.350532531738281
0.5961723327636719
2.2719459533691406
14.709375381469727
4.506067276000977
2.50250244140625
3.585306167602539
4.40086555480957
2.902914047241211
5.433902740478516
7.532354354858398
5.951471328735352
11.581384658813477
9.257661819458008
12.910503387451172
4.52733039855957
8.925270080566406
5.037641525268555
17.261423110961914
7.124475479125977
14.535074234008789
12.021207809448242
15.45663070678711
17.073047637939453
13.080427169799805
17.466381072998047
15.379268646240234
17.39017105102539
20.35873031616211
22.24016761779785
22.07028579711914
22.703001022338867
0.5009326934814453
0.3696727454662323
0.09799954295158386
0.020488709211349487
0.010883302427828312
0.011825532652437687
0.0029754345305263996
0.00032994194771163166
0.0
0.0
0.0
0.04497906565666199
0.05468365550041199
0.06343838572502136
0.1091289222240448
0.06566235423088074
0.0
7.6000214903615415e-06
1.713676465442404e-05
0.0
0.34810635447502136
6.717973709106445
5.024114608764648
0.0
1.751882553100586
7.59846305847168
2.140989303588867
0.3195609748363495
0.020347565412521362
0.19746586680412292
0.020677536725997925
0.011217087507247925
0.03959652781486511
0.009119004011154175
0.0
0.08336636424064636
0.0015163128264248371
3.330425262451172
2.6469173431396484
1.0185489654541016
0.020347565412521362
0.22545620799064636
0.03217121958732605
0.0
0.6684551239013672
0.03266903758049011
0.024873703718185425
0.0
0.016330689191818237
0.0294017493724823
1.1777820587158203
0.00803181529045105
0.1347942054271698
0.11021992564201355
0.0266856849193573
0.0
0.13227269053459167
0.01607319712638855
0.0
0.003034562338143587
0.14694592356681824
0.014955490827560425
0.18886563181877136
0.027368515729904175
0.0030669872649013996
0.05124279856681824
0.007953613996505737
0.24547001719474792
0.028884857892990112
0.1289958655834198
0.04821392893791199
0.015964478254318237
0.026620835065841675
0.08926388621330261
0.06380078196525574
0.05575177073478699
0.04770466685295105
0.024744004011154175
0.01737019419670105
0.021593064069747925
0.04689022898674011
0.10267063975334167
0.014697998762130737
0.03905484080314636
0.034105271100997925
0.5146045684814453
0.1546306312084198
0.20236775279045105
0.2975139319896698
0.16649815440177917
0.5713539123535156
6.802122116088867
6.691974639892578
9.58450698852539
3.793750762939453
11.570747375488281
8.616579055786133
9.265230178833008
5.169525146484375
8.22650146484375
2.3948116302490234
4.986043930053711
3.6344852447509766
4.163364410400391
3.0395984649658203
3.328397750854492
2.620817184448242
2.217226028442383
0.2141704261302948
0.3892364203929901
0.3095550239086151
14.806985855102539
10.005231857299805
16.40349769592285
7.053083419799805
3.475391387939453
2.7898406982421875
5.910310745239258
3.120319366455078
3.298341751098633
2.9319019317626953
0.41707417368888855
12.691181182861328
16.92300033569336
9.088668823242188
3.4971256256103516
0.3029937446117401
8.172592163085938
17.058074951171875
14.455413818359375
10.055915832519531
5.537811279296875
7.713495254516602
15.75667953491211
4.592243194580078
11.96711540222168
9.698915481567383
5.29454231262207
5.552194595336914
10.716772079467773
7.394012451171875
6.865409851074219
12.872726440429688
11.171184539794922
11.89952278137207
15.99454116821289
6.990573883056641
3.9315319061279297
4.448646545410156
5.295269012451172
7.640316009521484
4.106863021850586
3.6269702911376953
6.775356292724609
4.367374420166016
3.750225067138672
3.8989391326904297
3.0799560546875
3.136951446533203
0.1197490394115448
0.04597088694572449
0.6313591003417969
0.7614154815673828
3.3813114166259766
3.418191909790039
3.0617122650146484
2.4130115509033203
2.211069107055664
2.8423709869384766
2.707040786743164
3.4902915954589844
3.8272323608398438
3.7165660858154297
3.7623443603515625
3.1994667053222656
2.9719295501708984
3.0761756896972656
2.646678924560547
3.381725311279297
3.6806373596191406
5.146310806274414
3.5435428619384766
0.3087405860424042
3.6555519104003906
3.878175735473633
2.775106430053711
11.365665435791016
2.396648406982422
4.036096572875977
3.0572662353515625
4.955291748046875
3.138334274291992
7.3426666259765625
3.472604751586914
4.459800720214844
4.170436859130859
3.024904251098633
3.898683547973633
6.03753662109375
2.363412857055664
4.850830078125
3.727750778198242
2.5192947387695312
2.0990333557128906
2.093435287475586
6.889156341552734
2.204822540283203
8.254138946533203
7.922304153442383
6.670904159545898
5.798877716064453
5.092565536499023
4.1198272705078125
2.280458450317383
2.5605602264404297
3.4993972778320312
5.026987075805664
7.80120849609375
2.765138626098633
3.3195056915283203
10.65017318725586
2.2399864196777344
17.401187896728516
8.869647979736328
3.9715003967285156
20.277551651000977
4.299694061279297
5.3387603759765625
23.966312408447266
22.308834075927734
10.728170394897461
28.27828598022461
5.915508270263672
26.497732162475586
26.058088302612305
22.265254974365234
17.353485107421875
19.99469757080078
10.781620025634766
25.230058670043945
6.330326080322266
11.857559204101562
7.862855911254883
1.3067188262939453
5.203315734863281
2.744558334350586
16.09682846069336
3.467090606689453
14.573694229125977
19.047792434692383
17.633201599121094
27.021526336669922
10.053869247436523
25.525815963745117
15.280599594116211
13.207712173461914
9.558698654174805
6.35527229309082
2.534961700439453
3.533273696899414
5.659942626953125
4.7769317626953125
9.99789047241211
4.847742080688477
3.0077457427978516
3.8315906524658203
4.348649978637695
22.123559951782227
11.565353393554688
25.729318618774414
8.79433822631836
3.481231689453125
2.2127609252929688
4.391592025756836
26.2581844329834
14.129133224487305
8.385444641113281
23.438596725463867
2.932373046875
28.006269454956055
26.984289169311523
27.176761627197266
9.424100875854492
4.61836051940918
7.5760498046875
5.942037582397461
7.393716812133789
24.70858383178711
1.9445629119873047
8.854597091674805
6.6324920654296875
1.3552131652832031
9.636857986450195
6.481410980224609
8.606452941894531
3.7128963470458984
22.240406036376953
17.72414207458496
7.259836196899414
5.3268280029296875
4.530155181884766
9.025045394897461
7.825263977050781
6.625486373901367
3.0755786895751953
2.4001007080078125
1.708059310913086
1.5202903747558594
1.388031005859375
2.647878646850586
0.242519348859787
0.3370971381664276
0.3427543342113495
0.30823132395744324
0.23489758372306824
0.32599636912345886
0.4993095099925995
0.45740124583244324
0.43288418650627136
0.35890576243400574
0.33119961619377136
0.27506253123283386
0.26483914256095886
0.42120739817619324
0.3632354438304901
0.4154967963695526
0.43480297923088074
0.26477810740470886
0.36133190989494324
0.3241996467113495
0.38187405467033386
0.27984997630119324
0.30718228220939636
0.27220913767814636
0.430965393781662
0.2488212287425995
0.2871818244457245
0.40241238474845886
0.3807372748851776
0.33451077342033386
0.300929993391037
0.5515327453613281
0.7305641174316406
0.20867154002189636
0.30075833201408386
0.5095558166503906
0.8261985778808594
0.455013245344162
1.2038230895996094
0.5754661560058594
0.30046841502189636
1.2500953674316406
0.345546692609787
0.393733948469162
0.2907714545726776
0.33769986033439636
0.3462333381175995
0.2547149360179901
0.9218292236328125
0.7762413024902344
0.2951049506664276
0.36554333567619324
0.26256558299064636
0.5166397094726562
0.35486218333244324
0.19168469309806824
0.3132133185863495
0.28900906443595886
0.2522582709789276
0.35051342844963074
0.30411526560783386
0.2001800239086151
0.4436340034008026
0.24195095896720886
0.424098938703537
0.403163880109787
0.31734463572502136
0.23152539134025574
0.481746643781662
0.39578625559806824
0.5793418884277344
0.5946083068847656
0.48049160838127136
1.2436065673828125
0.20081517100334167
0.036729782819747925
0.12800022959709167
0.3263492286205292
0.507537841796875
0.6720809936523438
0.5168914794921875
0.7067469954490662
0.5641460418701172
0.6410198211669922
0.40929409861564636
1.1587352752685547
0.7907886505126953
0.6657161712646484
0.7828044891357422
0.8403186798095703
0.9713954925537109
1.402109146118164
1.0843734741210938
0.4931335151195526
1.2067413330078125
0.4508838355541229
0.5029659271240234
0.6125068664550781
1.5664825439453125
2.453214645385742
3.115934371948242
1.1620941162109375
0.3659228980541229
0.2220897376537323
0.4070586860179901
0.17747876048088074
0.8205070495605469
0.203975647687912
0.3075370490550995
1.0753517150878906
0.3948669135570526
1.7868881225585938
0.48030850291252136
1.2186393737792969
1.0584564208984375
2.067657470703125
1.6078853607177734
2.4304885864257812
2.147441864013672
1.3346366882324219
2.2702465057373047
1.5310401916503906
2.6667709350585938
1.4158859252929688
2.043832778930664
0.22975537180900574
0.8381767272949219
2.8050899505615234
0.2954406440258026
0.29774853587150574
0.8086128234863281
1.7361793518066406
1.9900474548339844
2.2569580078125
2.3154220581054688
0.9529037475585938
1.2637825012207031
1.5756950378417969
2.760892868041992
2.120389938354492
2.184490203857422
0.506591796875
1.7852706909179688
2.939075469970703
5.295263290405273
1.221435546875
0.8566360473632812
5.888975143432617
3.2899513244628906
3.097890853881836
5.874813079833984
3.7318458557128906
1.2112922668457031
3.1113929748535156
2.0108299255371094
7.5629730224609375
6.737052917480469
5.412685394287109
2.182971954345703
1.0255851745605469
4.52813720703125
0.81964111328125
2.6509323120117188
2.9261627197265625
5.595205307006836
6.2607269287109375
11.427742004394531
4.569328308105469
4.607391357421875
2.88037109375
10.140357971191406
10.026538848876953
4.461584091186523
9.377296447753906
4.250537872314453
1.9788246154785156
6.119483947753906
4.106517791748047
1.0314102172851562
5.0108489990234375
6.336132049560547
10.017702102661133
0.42587658762931824
11.949081420898438
1.2864704132080078
0.5579376220703125
0.6685829162597656
1.9466781616210938
17.788721084594727
1.8842391967773438
9.793563842773438
2.0585594177246094
1.7093925476074219
8.176834106445312
0.6700248718261719
1.1171455383300781
0.6250114440917969
10.514970779418945
1.5345458984375
1.1187973022460938
1.019256591796875
1.0331344604492188
0.7171401977539062
17.910810470581055
0.9821243286132812
2.0388450622558594
1.717294692993164
0.7046241760253906
7.3070220947265625
0.9356536865234375
11.8648681640625
12.55946159362793
0.9560127258300781
1.6242599487304688
2.3341941833496094
17.279022216796875
1.1524391174316406
3.6155529022216797
1.6076736450195312
12.9261474609375
6.373512268066406
7.476924896240234
15.865915298461914
2.1218395233154297
4.506349563598633
5.143650054931641
14.706958770751953
13.855009078979492
0.016788452863693237
0.6660480499267578
0.6980094313621521
0.5440425872802734
0.9040336608886719
0.6775550842285156
1.3100395202636719
1.4826374053955078
1.6011943817138672
0.6704597473144531
2.7939929962158203
1.715240478515625
2.9392471313476562
0.26123806834220886
0.2079276740550995
0.23625561594963074
0.872467041015625
1.3788261413574219
1.7487812042236328
0.4831351935863495
2.703012466430664
1.7695350646972656
1.3374176025390625
0.26778027415275574
1.5517196655273438
2.6118240356445312
1.5862503051757812
3.722623825073242
0.7076034545898438
1.7150039672851562
4.006429672241211
1.4732780456542969
11.119518280029297
6.948118209838867
4.680713653564453
10.045692443847656
1.4371109008789062
0.8390464782714844
14.257165908813477
15.749265670776367
17.76419448852539
0.8676490783691406
0.7923927307128906
22.066753387451172
13.409049987792969
0.6730937957763672
3.6009597778320312
12.209781646728516
14.744272232055664
0.8256340026855469
8.736526489257812
0.013236969709396362
0.8661670684814453
1.1063365936279297
0.8674869537353516
1.8626155853271484
0.7267856597900391
2.566896438598633
0.39630886912345886
2.0853538513183594
1.5369930267333984
0.2264403998851776
0.6840400695800781
1.2782478332519531
2.231203079223633
1.8366889953613281
1.2877388000488281
2.2623214721679688
0.3711394965648651
6.525995254516602
6.251569747924805
4.314092636108398
4.583911895751953
2.088397979736328
5.6009674072265625
2.5629806518554688
0.77923583984375
9.242706298828125
16.30168342590332
13.240964889526367
15.155132293701172
0.04170987010002136
1.4697303771972656
0.6759376525878906
0.8805580139160156
2.2301101684570312
1.8708019256591797
0.25885769724845886
1.4293689727783203
2.4565258026123047
1.1382408142089844
2.037679672241211
1.7668876647949219
2.2150821685791016
6.579248428344727
2.3201332092285156
8.780521392822266
3.0311050415039062
1.2714653015136719
1.0588455200195312
1.0487899780273438
0.8697395324707031
0.9351654052734375
16.912803649902344
3.7152862548828125
15.603263854980469
0.9934444427490234
0.4678897559642792
1.8647537231445312
0.9314384460449219
1.249990463256836
1.062255859375
1.8910694122314453
2.314849853515625
1.5746803283691406
0.329433411359787
3.7924652099609375
0.8812751770019531
5.048625946044922
0.08146092295646667
1.247222900390625
1.2786293029785156
1.978658676147461
1.6275825500488281
0.28256794810295105
1.1788482666015625
0.44858166575431824
2.1983089447021484
1.8520164489746094
0.5660324096679688
6.609224319458008
0.9534111022949219
8.430999755859375
13.472732543945312
1.5595874786376953
1.722360610961914
2.339090347290039
1.7700271606445312
6.6392059326171875
7.582246780395508
1.6073989868164062
1.8377933502197266
0.3995361030101776
1.6202049255371094
3.5971946716308594
8.147377014160156
1.2786483764648438
1.1533050537109375
1.1185150146484375
15.315963745117188
15.690505981445312
0.26697537302970886
1.5756111145019531
2.7972259521484375
1.4103813171386719
2.4511642456054688
18.98440170288086
1.466024398803711
2.420286178588867
0.37450024485588074
2.0262622833251953
3.016216278076172
6.083522796630859
19.63562774658203
16.418245315551758
0.4565238654613495
1.8020896911621094
6.62324333190918
8.55926513671875
0.5933628082275391
0.32189175486564636
1.7141075134277344
0.6371898055076599
0.892791748046875
0.3709220588207245
3.2049636840820312
0.67486572265625
0.5828838348388672
16.97052001953125
0.5702495574951172
2.5862274169921875
3.950742721557617
2.422525405883789
0.6374015808105469
2.671844482421875
7.111949920654297
3.2973709106445312
2.771747589111328
10.273153305053711
0.7966289520263672
2.443622589111328
0.6379470825195312
3.4439125061035156
2.8873252868652344
0.8473472595214844
3.280120849609375
0.7307605743408203
1.1762237548828125
7.7139739990234375
3.141061782836914
11.55032730102539
5.838703155517578
3.3831310272216797
0.7636222839355469
