9.876351576561311e-42
0.0
1.0503530502319336
0.0
0.6108283996582031
0.05245208740234375
1.332998275756836
0.9135007858276367
0.5761384963989258
2.9960274696350098
1.6636848449707031
6.930708885192871
4.3631792068481445
2.6210546493530273
2.773165702819824
20.687698364257812
0.5491375923156738
0.808417797088623
0.568389892578125
1.119077205657959
9.445964813232422
0.2033710479736328
1.6987025737762451
1.2789368629455566
0.5203485488891602
0.2900362014770508
0.1665353775024414
0.3943443298339844
0.09620189666748047
0.14328956604003906
0.8022785186767578
0.3286600112915039
0.46944618225097656
0.32699108123779297
0.5851387977600098
0.06449222564697266
0.0667572021484375
0.09679794311523438
0.3293752670288086
0.3101229667663574
0.11110305786132812
0.22494792938232422
1.212477684020996
1.8758773803710938
0.0
4.040270805358887
2.9129981994628906
13.11892318725586
2.681553363800049
24.220735549926758
3.1385719776153564
1.8404722213745117
9.768933296203613
0.3362298011779785
1.8442869186401367
1.4476776123046875
0.5064010620117188
0.8817911148071289
0.0
0.3986358642578125
6.295442581176758
4.263758659362793
0.0
31.750022888183594
4.913270473480225
1.9753575325012207
1.1450648307800293
3.134429454803467
2.872258424758911
1.0716915130615234
0.4113912582397461
0.30624866485595703
8.799284934997559
7.4288249015808105
0.10013580322265625
4.1446685791015625
1.8614530563354492
0.6137490272521973
13.469636917114258
1.325368881225586
0.6359219551086426
0.2651214599609375
12.681007385253906
5.37872314453125
25.148540496826172
0.5560517311096191
1.1175870895385742
1.124262809753418
1.139223575592041
0.5707740783691406
8.784711837768555
2.1924376487731934
0.6467103958129883
2.071201801300049
0.25904178619384766
4.150152206420898
0.4075765609741211
0.2224445343017578
0.12868642807006836
11.189669609069824
25.974868774414062
0.3426074981689453
0.06580352783203125
0.1710653305053711
4.919558525085449
7.574915885925293
2.3846328258514404
0.20015239715576172
0.45937299728393555
0.17249584197998047
8.727460861206055
2.345830202102661
1.3225078582763672
0.2789497375488281
2.718985080718994
1.7767548561096191
0.050127506256103516
6.8708062171936035
0.7364749908447266
8.270442962646484
2.8029978275299072
0.4266500473022461
0.0845193862915039
0.8739829063415527
0.20444393157958984
3.5931766033172607
0.9397268295288086
2.4607181549072266
0.13625621795654297
0.723719596862793
2.771735191345215
5.654394626617432
1.0848045349121094
0.37109851837158203
0.22673606872558594
0.45800209045410156
9.809822082519531
1.1365413665771484
1.1233389377593994
1.5793442726135254
2.168327569961548
0.4602670669555664
0.45222043991088867
0.8940696716308594
0.3237724304199219
2.8995275497436523
1.064300537109375
0.7154941558837891
0.4991292953491211
0.6563067436218262
0.6823539733886719
0.41115283966064453
0.2593994140625
0.30624866485595703
0.5059242248535156
0.13899803161621094
0.16736984252929688
0.13005733489990234
0.3420114517211914
0.19872188568115234
0.29206275939941406
0.5048513412475586
0.0
0.0
0.0
0.0
0.0
0.0
2.000093460083008
0.21314620971679688
0.6631612777709961
0.0
0.0
2.232074737548828
0.32770633697509766
2.5905370712280273
0.6345510482788086
1.9763708114624023
1.9699335098266602
4.112958908081055
0.0
3.434896469116211
0.0
5.410164833068848
0.6074905395507812
3.9217472076416016
0.8980035781860352
0.6462633609771729
6.22430419921875
6.3190460205078125
1.2854337692260742
0.7333755493164062
1.8193721771240234
2.477586269378662
1.4902949333190918
0.4781484603881836
0.0
0.0
0.0
0.0
0.23996829986572266
0.0
3.141850233078003
6.060183048248291
0.8869767189025879
12.841939926147461
11.511116981506348
0.0
2.8838515281677246
7.07477331161499
1.917809247970581
0.0
0.2732276916503906
3.3568739891052246
0.0
2.850174903869629
2.252340316772461
0.0
0.0
5.035996437072754
3.0761659145355225
0.0
1.5691518783569336
2.3061931133270264
1.669764518737793
0.0
1.3107061386108398
0.0
0.606536865234375
1.421809196472168
0.6308555603027344
0.0
0.6755590438842773
0.6772279739379883
0.0
1.2035369873046875
1.528322696685791
0.4744529724121094
1.6238689422607422
2.0771026611328125
1.5802383422851562
0.2918243408203125
1.2383460998535156
0.746607780456543
0.8045434951782227
0.57220458984375
4.49553108215332
3.0622482299804688
1.3715028762817383
0.5663633346557617
0.35303831100463867
1.5538930892944336
2.666771411895752
0.9955763816833496
2.193659543991089
0.890195369720459
0.7082223892211914
0.6148815155029297
1.745462417602539
2.1510720252990723
0.7194280624389648
0.2917945384979248
0.0
0.0
0.0
0.0
0.0
0.0
0.0
0.053435564041137695
0.0
0.0
0.0
0.0
0.0
0.0
0.0
0.0
0.0
0.5273222923278809
0.2866983413696289
0.0
0.0
2.7080178260803223
0.0
0.7958412170410156
0.16501545906066895
1.2133121490478516
0.0
0.0
0.0
0.6539225578308105
0.0
0.0
0.0
0.0
0.0
0.0
0.1289844512939453
0.7156133651733398
0.0
0.0
0.0
0.0
0.5508959293365479
0.0
0.0
0.5050897598266602
0.1817941665649414
0.0
1.5145540237426758
0.1322627067565918
0.5463361740112305
0.0
0.0
0.0
0.0
0.0
0.0
0.0
0.10979175567626953
0.0
0.0
0.0
0.0
0.21255016326904297
0.0
0.44924020767211914
0.0
0.0
0.0
0.0
0.0
0.0
0.0
0.0
0.0
0.0
0.0
0.4851818084716797
0.5363225936889648
0.8826255798339844
0.0
0.16772747039794922
0.0
0.5900263786315918
0.32824277877807617
0.0
1.0388493537902832
1.0483860969543457
2.3581087589263916
6.669461727142334
0.0
6.350517272949219
3.0696988105773926
3.749966621398926
0.811845064163208
4.21169376373291
0.1131296157836914
3.270268440246582
2.1194517612457275
2.3284852504730225
1.7813146114349365
0.17011165618896484
0.0
0.9756386280059814
0.0
0.4852414131164551
0.3032684326171875
14.373302459716797
4.569024085998535
6.286501884460449
15.372217178344727
0.8865892887115479
0.11146068572998047
3.085017204284668
0.5891323089599609
0.06508827209472656
0.5265474319458008
0.0
14.584482192993164
10.332375526428223
27.048290252685547
0.14317035675048828
0.0
2.409994602203369
6.961673736572266
17.54653549194336
8.98599624633789
0.3364086151123047
1.007676124572754
10.039180755615234
0.6219148635864258
5.468547344207764
5.577385425567627
2.6256442070007324
1.543581485748291
5.386769771575928
3.0787885189056396
1.674562692642212
4.445135593414307
7.034122943878174
4.639089107513428
5.714535713195801
3.700077533721924
0.9427070617675781
1.8512606620788574
2.7990639209747314
2.931565046310425
1.0760724544525146
1.9329190254211426
2.9464364051818848
2.205073833465576
0.9556710720062256
1.6911625862121582
1.2726187705993652
0.308990478515625
0.6997585296630859
0.0
0.3781318664550781
0.7120668888092041
1.0080933570861816
0.9876489639282227
0.6707906723022461
0.45287609100341797
0.07784366607666016
0.28836727142333984
0.14901161193847656
0.2536773681640625
0.28589367866516113
0.1499652862548828
0.8696317672729492
0.08785724639892578
0.09465217590332031
0.2551078796386719
0.4105567932128906
0.11026859283447266
0.2658367156982422
12.738347053527832
0.0
0.0
9.35560417175293
2.054542303085327
2.716749906539917
2.7832984924316406
1.5628933906555176
0.17762184143066406
8.922279357910156
6.156623363494873
2.278566360473633
1.4031529426574707
1.056581735610962
0.33783912658691406
26.77449607849121
2.390652894973755
1.8926262855529785
32.22393798828125
1.43393874168396
14.40092945098877
2.2333860397338867
1.0318756103515625
1.1015534400939941
1.9970834255218506
24.349689483642578
1.850038766860962
11.122584342956543
3.865838050842285
3.2332241535186768
2.852499485015869
2.9323697090148926
2.1363794803619385
1.7174184322357178
1.2423694133758545
0.4992485046386719
0.6326436996459961
0.28455257415771484
0.0
0.42259693145751953
1.3020038604736328
2.2605061531066895
4.615843296051025
1.1456012725830078
0.0
2.1085143089294434
0.0
0.5353689193725586
1.4551877975463867
2.2345781326293945
1.4636516571044922
2.566814422607422
0.1329183578491211
1.29014253616333
4.701733589172363
2.0990371704101562
1.207590103149414
0.2881288528442383
0.34677982330322266
0.5579590797424316
0.1443624496459961
0.28252601623535156
0.38123130798339844
0.1704692840576172
0.6445646286010742
0.0
3.323495388031006
1.9636154174804688
1.277148723602295
1.3231635093688965
2.1320581436157227
1.9200444221496582
0.2567768096923828
1.5957355499267578
0.6704330444335938
0.1220703125
0.22912025451660156
0.2846717834472656
0.9805560111999512
0.0
0.6337165832519531
0.0
0.2932548522949219
0.4316568374633789
0.5456209182739258
0.07271766662597656
1.0445117950439453
3.588736057281494
0.35130977630615234
0.8092522621154785
0.2752542495727539
0.8077621459960938
0.513911247253418
0.0
2.321958541870117
1.5570521354675293
0.12874603271484375
0.37103891372680664
0.453948974609375
1.4516115188598633
1.6121268272399902
2.337336540222168
0.4467964172363281
0.0
0.28228759765625
0.28324127197265625
0.8454322814941406
0.2847909927368164
0.2886056900024414
0.6331205368041992
0.4749298095703125
0.10061264038085938
0.0
0.3314018249511719
0.7832050323486328
0.133514404296875
0.10955333709716797
0.16736984252929688
0.5494356155395508
0.6694793701171875
0.46432018280029297
0.3437995910644531
0.24616718292236328
0.0
0.0
0.1825094223022461
0.1995563507080078
0.3377199172973633
0.08535385131835938
0.7698535919189453
0.2586841583251953
0.4515647888183594
0.31495094299316406
0.0
0.10120868682861328
0.1628398895263672
0.0
0.0
0.0
0.0
0.0
0.0
0.0
0.0
0.0
0.0
0.0
0.2319812774658203
0.0
0.0
0.0
0.0
0.0
0.0
0.0
0.0
0.0
0.0
0.0
0.0
0.0
0.0
0.37479400634765625
0.0
0.0
0.0
0.31006336212158203
0.0
0.2688169479370117
0.0
0.0
0.3548860549926758
0.0
0.0
0.0
0.0
0.0
0.0
0.0
0.2617835998535156
0.0
0.0
0.0
0.0
0.0
0.0
0.0
0.0
0.0
0.0
0.0
0.0
0.0
0.0
0.0
0.0
0.0
0.0
0.0
0.0
0.0
0.05745887756347656
0.06437301635742188
0.0
1.9428431987762451
0.45675039291381836
2.231597900390625
1.3755559921264648
2.946525812149048
3.830522298812866
4.365384578704834
6.1728057861328125
3.9928555488586426
1.5490055084228516
2.186506986618042
0.18084049224853516
0.12803077697753906
0.05614757537841797
0.0
0.19788742065429688
0.742793083190918
0.4055500030517578
0.8710622787475586
0.19693374633789062
0.7826089859008789
0.33283233642578125
0.0
0.0
0.06663799285888672
0.05078315734863281
0.657200813293457
0.06258487701416016
0.42128562927246094
0.6033182144165039
0.0730752944946289
0.45859813690185547
0.0
0.41174888610839844
0.3560781478881836
0.2262592315673828
0.7228851318359375
0.0871419906616211
0.35750865936279297
0.46634674072265625
0.29206275939941406
0.1538991928100586
0.23031234741210938
0.3669857978820801
0.5217790603637695
0.7773637771606445
0.38170814514160156
0.6084442138671875
0.0
0.5325078964233398
0.8492469787597656
0.0
0.3685951232910156
0.0
0.08499622344970703
0.2377033233642578
0.24318695068359375
0.5934238433837891
0.6934404373168945
0.2416372299194336
0.35071372985839844
0.3584623336791992
0.2840757369995117
0.16546249389648438
0.5756616592407227
0.18405914306640625
0.270843505859375
0.0
0.0
0.601649284362793
0.47194957733154297
0.43392181396484375
0.06389617919921875
0.4655122756958008
0.3674030303955078
0.5301237106323242
0.1773834228515625
0.49555301666259766
0.3129243850708008
0.5270242691040039
0.7501840591430664
0.3889799118041992
0.0826120376586914
0.6067752838134766
0.8308887481689453
0.6184577941894531
0.10097026824951172
0.24235248565673828
0.637054443359375
0.11348724365234375
0.0
0.05698204040527344
0.5042552947998047
0.23031234741210938
0.2384185791015625
0.3896951675415039
0.5043745040893555
0.535130500793457
0.39899349212646484
0.4246234893798828
0.33736228942871094
0.35440921783447266
0.5064010620117188
0.5234479904174805
0.0
0.21946430206298828
0.4489421844482422
0.0
0.0
0.1348257064819336
0.1990795135498047
0.0
0.3364086151123047
0.24378299713134766
0.0
0.0
0.33283233642578125
0.5548000335693359
0.0
0.5840063095092773
0.27292966842651367
0.34368038177490234
0.22971630096435547
0.48232078552246094
0.0
0.11038780212402344
0.37658214569091797
0.14209747314453125
0.1786947250366211
0.3554821014404297
0.13124942779541016
0.22971630096435547
1.1268854141235352
0.09500980377197266
0.9099245071411133
0.13065338134765625
1.0004043579101562
0.8410215377807617
0.4292726516723633
0.5905628204345703
0.37801265716552734
0.5097389221191406
0.09000301361083984
0.0
0.08094310760498047
0.08893013000488281
0.6645917892456055
0.3466606140136719
0.09882450103759766
0.053763389587402344
0.5514621734619141
0.40519237518310547
0.37729740142822266
0.6453990936279297
1.65480375289917
0.5358457565307617
4.610300064086914
0.11646747589111328
0.11366605758666992
0.07462501525878906
0.0654458999633789
0.5952119827270508
0.4138946533203125
0.0
0.28061866760253906
0.05364418029785156
0.4138946533203125
0.5552768707275391
0.4769563674926758
0.20313262939453125
0.1806020736694336
0.21839141845703125
0.607609748840332
0.4080533981323242
0.5561709403991699
0.5905628204345703
0.2963542938232422
0.0
0.19812583923339844
0.24807453155517578
0.5657672882080078
0.052928924560546875
0.0680685043334961
0.08845329284667969
0.6333589553833008
0.5152225494384766
0.29087066650390625
0.09226799011230469
0.3775358200073242
0.44906139373779297
0.34058094024658203
0.0
0.0
0.0
0.5044937133789062
0.4385709762573242
0.26416778564453125
0.3561973571777344
0.5632638931274414
0.06389617919921875
0.4335641860961914
0.08654594421386719
0.5785226821899414
0.2338886260986328
0.33104419708251953
1.8067359924316406
0.0
0.2162456512451172
0.0
0.11539459228515625
0.0
0.20325183868408203
0.3274679183959961
0.0
0.054955482482910156
0.6532669067382812
0.0
0.23055076599121094
0.0514984130859375
0.4916191101074219
0.27108192443847656
0.7790327072143555
0.06747245788574219
0.2143383026123047
0.0
0.08130073547363281
0.06437301635742188
0.2808570861816406
0.43141841888427734
0.10573863983154297
0.36132335662841797
1.1479854583740234
0.6198883056640625
0.5232095718383789
0.11527538299560547
1.414954662322998
0.17052888870239258
1.2477636337280273
0.2206563949584961
0.09012222290039062
0.0
0.2714395523071289
0.19347667694091797
0.054717063903808594
0.6425380706787109
0.5782842636108398
0.3751516342163086
0.07224082946777344
0.0
1.1014938354492188
0.4354715347290039
0.5159378051757812
0.4134178161621094
0.0
0.3222227096557617
0.10311603546142578
0.07843971252441406
0.3935098648071289
0.7420778274536133
0.20742416381835938
0.0
0.10085105895996094
0.059485435485839844
0.10657310485839844
0.07355213165283203
0.4616975784301758
0.6668567657470703
0.527501106262207
0.5548000335693359
0.35762786865234375
0.4838705062866211
0.14698505401611328
0.8929967880249023
2.074599266052246
0.08857250213623047
0.3591775894165039
0.056743621826171875
0.06031990051269531
0.492095947265625
0.08893013000488281
0.46253204345703125
0.7989406585693359
0.7628202438354492
0.14030933380126953
0.0
0.41365623474121094
0.9647607803344727
0.09989738464355469
0.09465217590332031
0.07045269012451172
0.8414983749389648
0.7481575012207031
0.110626220703125
0.3628730773925781
0.07522106170654297
0.05650520324707031
0.39565563201904297
0.6422996520996094
0.2263784408569336
0.05936622619628906
0.396728515625
0.5249977111816406
0.8999109268188477
0.5562305450439453
0.08702278137207031
1.7223656177520752
0.0
0.42426586151123047
0.5513429641723633
0.4438161849975586
0.8436441421508789
0.0
0.7768869400024414
0.26214122772216797
0.3858804702758789
0.4296302795410156
0.07653236389160156
0.7625818252563477
0.4868507385253906
4.740566253662109
0.3466606140136719
0.6535053253173828
0.9264945983886719
4.0914716720581055
0.19490718841552734
0.6254911422729492
3.808826208114624
0.0
0.13518333435058594
0.12743473052978516
5.279839038848877
6.453156471252441
0.48160552978515625
5.72049617767334
0.0
0.7643699645996094
0.21064281463623047
2.612590789794922
0.5322694778442383
0.5224943161010742
0.9497404098510742
0.3892183303833008
0.5080699920654297
0.20587444305419922
0.8661746978759766
0.3770589828491211
0.0
0.7280111312866211
0.1634359359741211
0.06330013275146484
0.9269118309020996
0.06914138793945312
1.0595321655273438
0.0
0.9239912033081055
0.0
0.1270771026611328
0.2778768539428711
