9.876351576561311e-42
7.5157880783081055
14.76740837097168
11.893749237060547
9.486198425292969
6.003141403198242
10.555505752563477
9.642601013183594
7.9631805419921875
10.431528091430664
10.029792785644531
14.136314392089844
18.392324447631836
16.061067581176758
10.057449340820312
11.07335090637207
5.452871322631836
5.8242082595825195
14.393806457519531
1.993417739868164
6.714105606079102
6.339788436889648
23.949384689331055
12.149930000305176
6.422519683837891
9.100914001464844
9.177684783935547
5.033254623413086
0.110626220703125
7.192850112915039
17.215251922607422
13.106346130371094
3.608226776123047
7.180213928222656
0.19931793212890625
8.116841316223145
7.651209831237793
7.6781511306762695
1.8810033798217773
3.124713897705078
12.416958808898926
3.4923553466796875
11.310935020446777
16.10398292541504
7.070779800415039
8.319377899169922
14.028072357177734
10.001897811889648
14.264583587646484
12.276768684387207
15.049457550048828
14.85133171081543
8.783340454101562
7.959842681884766
15.623927116394043
7.940053939819336
0.8960962295532227
16.359806060791016
6.213903427124023
12.51530647277832
16.51930809020996
17.837642669677734
2.965688705444336
13.0157470703125
14.15550708770752
13.606071472167969
10.42032241821289
7.621526718139648
27.84895896911621
11.726140975952148
18.296480178833008
9.675860404968262
14.297723770141602
16.818761825561523
6.698369979858398
15.750288963317871
16.005754470825195
6.475210189819336
16.07537269592285
6.8721771240234375
2.4993419647216797
9.616851806640625
9.56106185913086
13.412714004516602
14.45460319519043
15.291690826416016
8.03828239440918
6.849765777587891
9.104013442993164
1.9040107727050781
8.444786071777344
10.196208953857422
12.307405471801758
5.742073059082031
14.951229095458984
8.152961730957031
6.890773773193359
9.240388870239258
4.468798637390137
8.250713348388672
13.605833053588867
8.615255355834961
12.323379516601562
13.08584213256836
10.564565658569336
11.142730712890625
12.863993644714355
6.365299224853516
3.013491630554199
16.36672019958496
11.460661888122559
10.796785354614258
3.281235694885254
20.18594741821289
8.080720901489258
7.698178291320801
6.104469299316406
11.641740798950195
11.121034622192383
15.146732330322266
10.736227035522461
13.450145721435547
21.172046661376953
17.475366592407227
18.240690231323242
7.838726043701172
10.572433471679688
9.348630905151367
6.103038787841797
9.356021881103516
4.973173141479492
13.94200325012207
4.509687423706055
6.956815719604492
10.660409927368164
4.462957382202148
15.410423278808594
14.171361923217773
15.561342239379883
9.171605110168457
13.380289077758789
5.388021469116211
7.845163345336914
8.725404739379883
13.808727264404297
10.932207107543945
8.025884628295898
5.361080169677734
6.651163101196289
8.172035217285156
12.653827667236328
8.961915969848633
11.347293853759766
7.381200790405273
6.160974502563477
15.433073043823242
15.276908874511719
16.295194625854492
3.825664520263672
2.6317834854125977
1.6144514083862305
2.2020339965820312
6.449699401855469
9.763836860656738
9.540557861328125
6.517529487609863
7.3986053466796875
7.449865341186523
12.414932250976562
15.154600143432617
17.729759216308594
16.54302978515625
14.98556137084961
22.133588790893555
33.336402893066406
22.643207550048828
41.756629943847656
21.26288414001465
27.63843536376953
19.8514461517334
12.256503105163574
28.00857925415039
34.3073616027832
15.375494956970215
8.8348388671875
21.16227149963379
23.84412384033203
25.462509155273438
14.541983604431152
21.51095962524414
17.438770294189453
10.895848274230957
16.94774627685547
23.158788681030273
14.318704605102539
14.586091041564941
7.315874099731445
6.639361381530762
7.286787033081055
10.096073150634766
17.00556182861328
8.05521011352539
33.605812072753906
26.643037796020508
32.86945724487305
27.176498413085938
32.58538055419922
10.288476943969727
30.918359756469727
22.323490142822266
23.975133895874023
6.8694353103637695
14.608383178710938
28.203725814819336
17.55976676940918
20.347000122070312
14.898061752319336
5.651235580444336
20.000219345092773
19.42980194091797
29.349803924560547
9.479761123657227
31.06069564819336
21.05176544189453
23.10347557067871
14.131546020507812
25.153518676757812
7.457733154296875
21.528959274291992
18.26727294921875
13.716936111450195
14.528512954711914
27.9386043548584
28.40423583984375
20.296096801757812
31.414031982421875
19.730449676513672
33.99872589111328
38.41483688354492
20.681739807128906
14.301896095275879
33.987281799316406
14.381885528564453
30.180692672729492
13.170242309570312
40.496826171875
17.627120971679688
36.71192932128906
24.799823760986328
21.943092346191406
35.391807556152344
27.69363021850586
22.026538848876953
16.025066375732422
15.739679336547852
13.971567153930664
12.602925300598145
6.937980651855469
1.7044544219970703
1.6040802001953125
0.7991790771484375
4.132986068725586
6.694316864013672
9.961128234863281
7.525920867919922
6.035566329956055
3.687262535095215
2.518892288208008
4.721164703369141
1.1932849884033203
6.34002685546875
1.5306472778320312
1.8985271453857422
0.5180835723876953
3.665924072265625
5.216240882873535
4.424095153808594
6.763219833374023
4.592418670654297
5.673885345458984
3.162860870361328
8.216023445129395
10.24770736694336
10.534286499023438
5.065679550170898
1.7857551574707031
4.361152648925781
2.2242069244384766
9.300470352172852
8.121728897094727
9.860754013061523
1.1792182922363281
5.6618452072143555
0.6979703903198242
5.926012992858887
2.0847320556640625
8.740425109863281
9.76717472076416
3.7126541137695312
1.6649961471557617
9.394645690917969
2.048969268798828
3.078579902648926
5.447626113891602
2.3641586303710938
2.5839805603027344
8.985757827758789
1.22833251953125
0.4711151123046875
6.94584846496582
0.7624626159667969
0.18787384033203125
1.4827251434326172
2.146482467651367
0.4394054412841797
6.37507438659668
2.852916717529297
6.388425827026367
8.02457332611084
2.8908252716064453
0.6854534149169922
3.211379051208496
5.291461944580078
1.2900829315185547
5.524873733520508
5.81812858581543
2.716064453125
8.872509002685547
1.3012886047363281
3.126382827758789
3.1936168670654297
0.7102489471435547
0.9350776672363281
1.6689300537109375
6.807804107666016
7.868766784667969
4.535436630249023
4.724264144897461
1.199483871459961
0.9500980377197266
0.5815029144287109
0.9500980377197266
0.0
0.19240379333496094
0.37741661071777344
10.98489761352539
5.726099014282227
0.7648468017578125
8.922100067138672
3.660440444946289
1.0786056518554688
14.200448989868164
5.892038345336914
15.416860580444336
1.4314651489257812
0.4642009735107422
0.1010894775390625
11.875152587890625
0.30541419982910156
2.9414892196655273
23.74410629272461
57.97791290283203
30.897140502929688
6.310701370239258
9.052157402038574
13.663291931152344
2.5571584701538086
10.01429557800293
0.9913444519042969
21.535873413085938
1.0380744934082031
12.850522994995117
14.097929000854492
0.4112720489501953
1.0027885437011719
19.867658615112305
17.4710750579834
10.238409042358398
8.425712585449219
4.286766052246094
19.135475158691406
19.704103469848633
16.642093658447266
4.305362701416016
1.338958740234375
7.302284240722656
5.710601806640625
13.91911506652832
28.104066848754883
1.5833377838134766
7.940053939819336
9.652376174926758
0.6344318389892578
11.446714401245117
20.305038452148438
0.0
0.0
4.497051239013672
0.667572021484375
0.11301040649414062
4.847526550292969
27.080774307250977
0.8804798126220703
2.571582794189453
5.671977996826172
0.6392002105712891
2.0627975463867188
12.113809585571289
63.47393798828125
5.749702453613281
18.61572265625
38.125274658203125
8.994340896606445
16.5555477142334
38.242103576660156
23.600339889526367
15.207052230834961
1.8267631530761719
0.8335113525390625
0.05984306335449219
0.0591278076171875
0.0
0.08606910705566406
0.21195411682128906
0.25916099548339844
0.38361549377441406
0.21839141845703125
0.3371238708496094
1.2335777282714844
2.5398731231689453
7.293462753295898
12.447118759155273
13.84878158569336
9.936332702636719
11.208057403564453
12.66026496887207
9.11092758178711
7.503986358642578
12.357234954833984
9.752750396728516
8.381247520446777
10.998964309692383
26.055574417114258
16.15309715270996
38.72466278076172
10.075807571411133
7.897377014160156
10.9940767288208
18.581390380859375
16.60752296447754
41.03767776489258
8.55875015258789
7.004976272583008
9.825944900512695
24.36661720275879
29.878854751586914
8.571743965148926
27.62913703918457
11.711359024047852
21.80314064025879
26.848793029785156
29.389142990112305
20.155906677246094
12.242317199707031
13.084888458251953
21.249055862426758
75.8199691772461
45.14360427856445
62.20579147338867
37.20235824584961
30.5783748626709
13.180732727050781
8.405447006225586
6.509304046630859
5.129575729370117
3.6163330078125
7.314324378967285
38.815975189208984
43.63679885864258
15.898466110229492
34.81435775756836
30.231237411499023
4.979133605957031
33.70117950439453
3.3805370330810547
6.8759918212890625
26.186107635498047
20.699142456054688
13.58342170715332
30.04908561706543
3.234386444091797
25.296926498413086
21.98314666748047
11.684775352478027
10.118246078491211
10.41102409362793
6.043195724487305
9.497880935668945
1.3451576232910156
4.720449447631836
4.157543182373047
14.973640441894531
38.87152862548828
6.652116775512695
40.65787887573242
12.474298477172852
35.04228591918945
25.550247192382812
19.483566284179688
19.48261260986328
3.027677536010742
10.625600814819336
10.004997253417969
5.450725555419922
4.536151885986328
4.143953323364258
25.270938873291016
6.755471229553223
10.446548461914062
3.585696220397949
3.338336944580078
6.112813949584961
8.486032485961914
8.194446563720703
20.720958709716797
30.696510314941406
6.124734878540039
11.048674583435059
2.4759769439697266
4.135847091674805
9.612798690795898
6.183862686157227
29.258609771728516
23.537635803222656
4.15802001953125
5.785465240478516
4.762172698974609
26.713848114013672
21.548986434936523
13.858675956726074
3.2007694244384766
5.452156066894531
1.2385845184326172
3.025054931640625
17.831802368164062
9.319305419921875
10.338544845581055
8.046865463256836
2.0682811737060547
13.622283935546875
3.490924835205078
1.934051513671875
2.811908721923828
2.6297569274902344
7.289886474609375
7.213354110717773
3.640890121459961
2.678394317626953
1.4057159423828125
2.3903846740722656
1.0938644409179688
1.8236637115478516
2.618551254272461
5.622625350952148
10.028839111328125
9.027957916259766
10.194063186645508
16.35909080505371
20.677566528320312
20.81441879272461
17.018199920654297
25.93338394165039
12.96091079711914
19.462703704833984
25.243759155273438
25.80010986328125
18.962265014648438
16.302703857421875
22.50707244873047
17.760395050048828
20.242332458496094
12.520432472229004
32.84668731689453
17.266155242919922
21.27671241760254
18.27132797241211
16.961097717285156
20.696044921875
12.866735458374023
18.27096939086914
11.70957088470459
13.183355331420898
14.716029167175293
13.915657997131348
15.928864479064941
11.576056480407715
19.882917404174805
12.888312339782715
26.84271240234375
18.478275299072266
27.839542388916016
23.668527603149414
20.224809646606445
19.575714111328125
16.667007446289062
15.892863273620605
28.52654457092285
10.936737060546875
12.079954147338867
18.40317153930664
14.02139663696289
11.687517166137695
9.972095489501953
7.614612579345703
6.583690643310547
19.261837005615234
9.126424789428711
24.225234985351562
14.899015426635742
7.725715637207031
16.762256622314453
10.36524772644043
17.718433380126953
17.22407341003418
15.126585960388184
8.187055587768555
15.884757041931152
12.650251388549805
15.90430736541748
15.414834022521973
5.958199501037598
20.806074142456055
28.567672729492188
18.762229919433594
7.049202919006348
13.319730758666992
4.320502281188965
3.8254261016845703
2.923727035522461
10.561347007751465
4.564642906188965
8.499622344970703
2.4428367614746094
1.0585784912109375
2.9456615447998047
3.2320022583007812
1.3806819915771484
1.6818046569824219
2.169370651245117
2.5892257690429688
0.6966590881347656
1.3170242309570312
1.737356185913086
0.0
3.0868053436279297
4.2858123779296875
2.2182464599609375
2.851724624633789
0.2079010009765625
0.2307891845703125
0.05221366882324219
6.103634834289551
0.12254714965820312
5.184769630432129
3.157377243041992
2.8667449951171875
0.4298686981201172
0.2353191375732422
0.1494884490966797
0.8568763732910156
2.406597137451172
9.951591491699219
1.8608570098876953
13.83507251739502
0.438690185546875
15.190482139587402
6.168127059936523
2.309083938598633
14.45627212524414
0.8585453033447266
17.148256301879883
2.839326858520508
9.921550750732422
3.2892227172851562
3.509044647216797
3.0640363693237305
5.953550338745117
6.19959831237793
5.7773590087890625
3.1404495239257812
2.8046369552612305
4.761934280395508
6.46519660949707
18.863439559936523
13.86117935180664
4.616022109985352
21.522640228271484
19.423484802246094
19.887924194335938
7.00831413269043
8.10098648071289
5.802154541015625
6.332039833068848
21.760581970214844
17.748355865478516
8.018851280212402
3.837704658508301
1.8587112426757812
2.2325515747070312
28.391002655029297
12.289047241210938
1.7538070678710938
2.768993377685547
18.64731216430664
16.49618148803711
2.1698474884033203
2.176046371459961
2.5703907012939453
4.975080490112305
1.5811920166015625
16.733407974243164
19.260765075683594
20.117759704589844
13.284564018249512
5.123376846313477
19.501567840576172
23.93484115600586
30.916452407836914
8.429765701293945
21.715402603149414
12.066483497619629
16.548751831054688
7.563591003417969
6.7996978759765625
9.746670722961426
13.805627822875977
8.376002311706543
3.264904022216797
14.01972770690918
13.880133628845215
13.231158256530762
4.361987113952637
1.9657611846923828
6.555795669555664
5.148649215698242
9.06991958618164
8.562207221984863
11.357784271240234
3.019571304321289
12.980818748474121
8.046865463256836
7.146358489990234
12.846708297729492
12.675881385803223
7.46607780456543
12.469768524169922
14.775872230529785
14.368295669555664
11.884331703186035
8.697509765625
16.56651496887207
15.176892280578613
13.262033462524414
10.293960571289062
8.279561996459961
8.548974990844727
14.587640762329102
11.417388916015625
14.061689376831055
15.607357025146484
17.21787452697754
5.872249603271484
9.88459587097168
8.901119232177734
8.463382720947266
9.130239486694336
4.636287689208984
9.401559829711914
5.269527435302734
11.137843132019043
5.368232727050781
12.135982513427734
7.279157638549805
8.17418098449707
9.205818176269531
7.137656211853027
5.212068557739258
3.418445587158203
3.640413284301758
2.4566650390625
4.154682159423828
5.679607391357422
6.551027297973633
8.914709091186523
4.949808120727539
6.397008895874023
2.304553985595703
1.03759765625
3.4885406494140625
0.133514404296875
0.7710456848144531
5.449056625366211
0.28586387634277344
0.12159347534179688
0.16260147094726562
3.6524534225463867
0.24747848510742188
0.5555152893066406
0.1850128173828125
8.683919906616211
13.769149780273438
12.94088363647461
7.648706436157227
2.070903778076172
4.085779190063477
14.41502571105957
3.6023855209350586
2.921581268310547
7.6160430908203125
17.050504684448242
9.294271469116211
12.132763862609863
22.92597198486328
2.8955936431884766
7.641077041625977
22.291301727294922
6.708741188049316
16.217350006103516
11.059761047363281
4.474639892578125
7.937073707580566
7.502317428588867
11.809587478637695
14.427661895751953
14.766931533813477
2.7997493743896484
14.352917671203613
8.862972259521484
11.113882064819336
13.229727745056152
5.762696266174316
8.469104766845703
8.023738861083984
13.719916343688965
10.128259658813477
6.669759750366211
9.644746780395508
2.2618770599365234
0.10728836059570312
0.17881393432617188
1.6949176788330078
0.0
2.882719039916992
0.30922889709472656
2.5072097778320312
0.48232078552246094
0.8380413055419922
6.1637163162231445
1.3966560363769531
1.2750625610351562
1.775503158569336
5.312919616699219
15.122771263122559
4.768848419189453
19.147872924804688
3.4989118576049805
7.2754621505737305
8.860468864440918
18.763303756713867
4.074811935424805
5.87153434753418
15.444517135620117
11.098027229309082
6.119370460510254
9.987831115722656
5.22923469543457
4.727840423583984
4.7550201416015625
0.0
0.888824462890625
3.6482810974121094
0.5123615264892578
0.621795654296875
4.726767539978027
1.291513442993164
1.5320777893066406
9.605646133422852
6.932973861694336
11.064410209655762
3.2134056091308594
4.180788993835449
25.10464096069336
7.650136947631836
1.1379718780517578
14.12355899810791
14.474153518676758
9.624481201171875
11.046171188354492
5.804300308227539
10.072112083435059
5.907535552978516
4.990100860595703
1.0843276977539062
2.857208251953125
0.7812976837158203
1.8362998962402344
0.12493133544921875
9.697914123535156
4.90260124206543
4.523873329162598
16.213178634643555
20.924686431884766
8.478045463562012
10.331153869628906
6.069421768188477
4.601955413818359
1.9671916961669922
0.5083084106445312
0.08916854858398438
0.7069110870361328
4.080533981323242
0.37860870361328125
16.962646484375
6.290674209594727
6.2923431396484375
25.941730499267578
4.318833351135254
10.99085807800293
6.006002426147461
2.8769969940185547
0.5970001220703125
0.19550323486328125
3.4509897232055664
7.5168609619140625
1.8215179443359375
9.693384170532227
0.7913112640380859
0.25463104248046875
26.304006576538086
7.527828216552734
3.6361217498779297
9.659647941589355
11.301755905151367
10.42628288269043
8.002996444702148
5.783319473266602
4.606485366821289
3.543376922607422
16.746044158935547
6.682991981506348
10.691642761230469
11.674165725708008
9.219050407409668
0.7898807525634766
4.284143447875977
29.499889373779297
7.463216781616211
9.034156799316406
6.829500198364258
11.989712715148926
7.467031478881836
1.2052059173583984
7.124662399291992
6.138324737548828
3.525972366333008
3.7355422973632812
2.221345901489258
21.780372619628906
1.7828941345214844
2.070903778076172
20.86043357849121
9.878277778625488
1.9321441650390625
2.192258834838867
6.452441215515137
2.1562576293945312
3.056168556213379
14.85133171081543
2.4012327194213867
1.6055107116699219
3.922104835510254
13.897895812988281
23.11873435974121
9.814858436584473
11.836528778076172
0.6814002990722656
4.556059837341309
15.405416488647461
6.498813629150391
3.524661064147949
20.32613754272461
6.910443305969238
0.8397102355957031
0.850677490234375
17.143964767456055
11.922478675842285
20.106077194213867
13.790369033813477
2.3992061614990234
12.132048606872559
