9.876351576561311e-42
4.366278648376465
3.7152767181396484
4.240274429321289
6.908059120178223
2.9196739196777344
8.681416511535645
6.809830665588379
6.5490007400512695
0.1773834228515625
7.83693790435791
0.0
0.0
0.0
0.0
0.0
0.0
0.0
0.11479854583740234
0.10919570922851562
0.06365776062011719
0.0
2.2323131561279297
0.0
0.0
0.25391578674316406
0.0
0.0
0.0
0.0
0.0
0.0
0.0
0.15020370483398438
0.0
0.05841255187988281
0.07510185241699219
0.0
0.3750324249267578
0.15246868133544922
0.0
0.20134449005126953
3.979802131652832
0.9903907775878906
2.410888671875
5.087614059448242
6.289243698120117
0.6117820739746094
0.0
6.369590759277344
0.0
0.0
0.0
0.0
8.505463600158691
0.09250640869140625
0.0
0.0
0.4067420959472656
0.0
0.7927417755126953
0.91552734375
5.718588829040527
3.3936500549316406
6.092071533203125
0.0
0.0
0.0
0.0
0.0
0.0
0.053763389587402344
0.9343624114990234
1.0080337524414062
6.373047828674316
3.9380788803100586
0.0
0.0
2.655625343322754
0.11348724365234375
0.0
0.0
0.83160400390625
0.2999305725097656
0.0553131103515625
0.0
0.3088712692260742
0.3376007080078125
0.0
0.0
0.6201267242431641
7.5092315673828125
0.1842975616455078
0.0
0.0
0.44918060302734375
0.0
0.11968612670898438
0.0
1.3117790222167969
0.0
0.0
0.0
0.059604644775390625
6.002664566040039
0.2701282501220703
0.0
0.171661376953125
0.0
0.054836273193359375
0.0
0.0
0.0
0.0
0.0
0.1838207244873047
0.057578086853027344
3.3843517303466797
0.0730752944946289
0.6717443466186523
0.0
0.0
0.0
0.0
0.0
0.0
0.0
0.0
0.0
0.0
0.14972686767578125
3.9055347442626953
0.0
0.0
0.0
0.17309188842773438
0.0
0.0
0.0
0.05447864532470703
0.05710124969482422
0.0
0.0
0.0
0.0
0.0
0.0
0.0
0.0
0.0
0.0
0.19788742065429688
0.19693374633789062
0.08535385131835938
0.38933753967285156
0.0
0.8807182312011719
0.26535987854003906
0.24127960205078125
0.5016326904296875
0.3535747528076172
0.6067752838134766
3.7360191345214844
0.05435943603515625
3.7251710891723633
0.38814544677734375
0.8486509323120117
0.9999275207519531
12.70294189453125
2.803325653076172
8.986115455627441
0.07987022399902344
7.374167442321777
7.295727729797363
0.12159347534179688
13.62597942352295
0.9417533874511719
10.746598243713379
7.831096649169922
0.15044212341308594
4.057884216308594
0.3726482391357422
0.2532005310058594
8.409380912780762
8.131980895996094
0.213623046875
3.7140846252441406
0.0
7.11369514465332
1.7644166946411133
1.9843578338623047
12.127876281738281
5.492687225341797
0.05936622619628906
2.1393299102783203
0.4532337188720703
1.2576580047607422
0.16880035400390625
2.9473304748535156
6.6405534744262695
1.7294883728027344
2.051830291748047
1.1646747589111328
3.582119941711426
1.4088153839111328
18.76723861694336
11.447906494140625
1.3072490692138672
0.0
4.396677017211914
0.685572624206543
0.0
3.5582780838012695
0.0
3.363370895385742
0.0743865966796875
13.535499572753906
1.186370849609375
3.546476364135742
0.0
0.0
0.0
1.2347698211669922
2.080559730529785
3.2613277435302734
3.675699234008789
0.4279613494873047
0.0
4.5806169509887695
0.7176399230957031
0.45680999755859375
0.9393692016601562
1.8819570541381836
1.2669563293457031
0.0
0.4124641418457031
1.2619495391845703
1.120448112487793
0.15854835510253906
1.1179447174072266
0.0
0.091552734375
2.091050148010254
0.5810260772705078
0.0
0.8020401000976562
0.0
0.0
0.0
0.0
0.44989585876464844
0.3459453582763672
1.0237693786621094
0.7681846618652344
0.07081031799316406
0.05125999450683594
0.0
0.0
9.448528289794922
4.4144392013549805
1.512289047241211
5.244255065917969
9.937047958374023
6.884932518005371
6.531238555908203
0.49304962158203125
6.5735578536987305
3.81314754486084
4.909753799438477
3.7817955017089844
1.743316650390625
5.401134490966797
0.2741813659667969
0.7803440093994141
5.451679229736328
10.005831718444824
11.011719703674316
5.4340362548828125
3.8694143295288086
0.43010711669921875
0.46455860137939453
1.9762516021728516
0.802159309387207
0.4316568374633789
1.4503002166748047
2.8172731399536133
5.50532341003418
3.6008358001708984
5.063056945800781
0.9944438934326172
1.817941665649414
3.778696060180664
6.420135498046875
3.595590591430664
7.087588310241699
0.2982616424560547
1.3086795806884766
1.297593116760254
12.76850700378418
2.1278858184814453
1.8221139907836914
5.178928375244141
3.3888816833496094
0.6794929504394531
12.875914573669434
7.425785064697266
0.36644935607910156
3.225088119506836
1.4004707336425781
1.7386674880981445
1.5325546264648438
1.5668869018554688
2.5087594985961914
6.716370582580566
0.4813671112060547
1.1156797409057617
2.9468536376953125
8.137822151184082
7.375597953796387
6.579756736755371
0.3979206085205078
9.868860244750977
6.025195121765137
4.047036170959473
7.747530937194824
0.37360191345214844
0.7121562957763672
0.6220340728759766
0.8673667907714844
0.6798505783081055
0.6270408630371094
0.42510032653808594
0.14710426330566406
0.24318695068359375
1.1371374130249023
2.1169185638427734
2.7551651000976562
3.086209297180176
1.8248558044433594
2.0276308059692383
2.0084381103515625
1.8254518508911133
2.565145492553711
1.5872716903686523
2.9941797256469727
0.7343292236328125
3.3048391342163086
1.798391342163086
1.0068416595458984
1.9342899322509766
1.175522804260254
0.6616115570068359
0.26679039001464844
0.8817911148071289
1.5032291412353516
0.4315376281738281
0.141143798828125
0.0
0.0
0.6346702575683594
0.8099079132080078
0.22840499877929688
0.08344650268554688
0.7927417755126953
0.3707408905029297
0.0928640365600586
4.025816917419434
0.41413307189941406
1.5954971313476562
0.16999244689941406
0.7600784301757812
0.25391578674316406
1.1105537414550781
0.8943080902099609
0.17058849334716797
0.2567768096923828
0.24461746215820312
0.08082389831542969
0.08916854858398438
2.921938896179199
0.5702972412109375
0.156402587890625
0.0
0.0
2.7495622634887695
1.143813133239746
0.08749961853027344
0.0
0.06818771362304688
2.1212100982666016
0.49114227294921875
0.0
1.1557340621948242
1.1036396026611328
0.15282630920410156
0.5651712417602539
0.37872791290283203
1.4832019805908203
0.3859996795654297
0.29730796813964844
0.6525516510009766
0.05412101745605469
0.5397796630859375
0.3113746643066406
0.13375282287597656
0.43964385986328125
0.5173683166503906
0.3719329833984375
0.5776882171630859
0.5851984024047852
0.7085800170898438
0.6444454193115234
0.30803680419921875
0.4780292510986328
0.31185150146484375
0.4228353500366211
0.13327598571777344
2.0041465759277344
2.0313262939453125
0.6225109100341797
0.44357776641845703
0.45311450958251953
0.44476985931396484
0.43570995330810547
0.1569986343383789
0.0
0.4761219024658203
0.10907649993896484
0.18668174743652344
0.8771419525146484
1.42669677734375
0.42891502380371094
0.4189014434814453
0.15306472778320312
0.20456314086914062
0.0
0.0
0.0
4.990100860595703
1.6934871673583984
5.4024457931518555
0.2460479736328125
0.05888938903808594
1.138448715209961
0.08153915405273438
0.0934600830078125
0.0
8.16333293914795
0.0
0.0
0.0
0.12290477752685547
0.2598762512207031
8.095979690551758
0.0
0.2875328063964844
0.16045570373535156
0.0
3.4656524658203125
0.0
0.07128715515136719
0.0
0.0
1.061558723449707
0.0
0.0
0.38051605224609375
0.11515617370605469
0.24366378784179688
0.0972747802734375
0.17261505126953125
0.0820159912109375
0.08463859558105469
0.0
0.09989738464355469
0.0
0.06568431854248047
0.0
0.0
0.0
0.0
0.0
0.40531158447265625
0.0
0.2391338348388672
0.10371208190917969
0.0
0.060677528381347656
0.05602836608886719
0.0
0.25963783264160156
0.0
0.7652044296264648
0.05412101745605469
0.0
0.0
0.11920928955078125
0.17273426055908203
2.9740333557128906
0.10561943054199219
0.2090930938720703
1.743316650390625
0.0
0.28514862060546875
0.0
0.1195669174194336
0.0
0.0
0.0858306884765625
0.1423358917236328
0.0
0.0
0.0
0.09036064147949219
0.5383491516113281
0.9095668792724609
0.0
0.15151500701904297
0.10263919830322266
0.37288665771484375
0.41103363037109375
1.3151168823242188
1.3890266418457031
0.15234947204589844
0.2104043960571289
0.30684471130371094
0.0
0.0
0.9171962738037109
0.7506608963012695
0.9582042694091797
0.4665851593017578
0.12469291687011719
0.12063980102539062
0.11944770812988281
0.0
0.16069412231445312
0.0
0.11479854583740234
0.05221366882324219
0.2899169921875
0.3027915954589844
2.0186901092529297
0.2987384796142578
0.08189678192138672
0.0
0.614166259765625
0.11777877807617188
0.5915164947509766
0.4913806915283203
0.45609474182128906
1.1646747589111328
1.1353492736816406
0.0
0.08559226989746094
0.06914138793945312
0.6568431854248047
0.4780292510986328
0.5422830581665039
0.31566619873046875
0.7474422454833984
5.89299201965332
4.071235656738281
0.5462169647216797
0.8261203765869141
0.35071372985839844
0.26035308837890625
0.7140636444091797
0.0
0.0
0.0
0.0
0.0
0.0
0.0
0.0
0.0
0.0
0.0
0.0
0.0
0.0
0.0
0.0
0.0
0.0
0.0
0.0
0.0
0.0
0.0
0.0
0.0
0.0
0.0
0.0
0.0
0.0
0.0
0.0
0.057220458984375
0.0
0.0
0.0
0.11539459228515625
0.0
0.2319812774658203
0.0
0.0
0.07987022399902344
0.0
0.0
0.0
0.0
0.0
0.0
0.0
0.12874603271484375
0.0
0.0
0.0
0.10514259338378906
0.0
0.0
0.0
0.0
0.0
0.0
0.0
0.0
0.0
0.0
0.0
0.0
0.0
0.0
0.0
0.0
0.0
0.0
0.0
0.0
5.4405927658081055
12.835979461669922
6.422162055969238
4.876971244812012
9.848594665527344
6.245136260986328
4.901885986328125
4.3326616287231445
4.840612411499023
3.543972969055176
4.586458206176758
0.4227161407470703
0.05841255187988281
0.0
0.0
0.0
1.1599063873291016
0.1990795135498047
0.4400014877319336
0.0
0.24557113647460938
0.0
0.0
0.0
0.0
0.0
0.3148317337036133
0.06794929504394531
0.0
0.0
0.0
0.0
0.0
0.0
0.0
0.0
0.0
0.0
0.0
0.1251697540283203
0.0
0.3343820571899414
0.29861927032470703
0.0
0.34809112548828125
0.1850128173828125
0.5617141723632812
0.24712085723876953
0.20170211791992188
0.15592575073242188
0.3504753112792969
0.0
0.06222724914550781
0.20551681518554688
0.0
0.051021575927734375
0.0
0.40411949157714844
0.6353855133056641
0.8831024169921875
0.36597251892089844
0.0
0.24747848510742188
0.3199577331542969
0.6144046783447266
0.2167224884033203
0.6797313690185547
0.0
0.5371570587158203
0.3085136413574219
0.6172657012939453
0.10776519775390625
0.25653839111328125
0.5352497100830078
0.2872943878173828
0.529170036315918
1.7064809799194336
0.9930133819580078
0.2548694610595703
0.6721019744873047
0.6628036499023438
0.6661415100097656
6.279349327087402
0.4794597625732422
0.10013580322265625
0.339508056640625
1.611471176147461
0.05555152893066406
0.3407001495361328
0.2968311309814453
1.2394189834594727
2.0183324813842773
0.4049539566040039
0.6994009017944336
0.21314620971679688
1.7527341842651367
0.2529621124267578
0.263214111328125
0.8628368377685547
0.2658367156982422
0.16951560974121094
1.3365745544433594
0.18405914306640625
0.9828805923461914
0.0
1.1162757873535156
0.3457069396972656
1.0660886764526367
0.0
0.3306865692138672
1.2390613555908203
0.05984306335449219
0.06842613220214844
0.6647109985351562
1.7960071563720703
0.6937980651855469
1.662611961364746
0.0
0.26345252990722656
0.7201433181762695
0.0
0.14710426330566406
0.0
0.5223751068115234
0.5819797515869141
3.1898021697998047
0.0
0.3123283386230469
0.3066062927246094
0.36454200744628906
0.11324882507324219
0.06508827209472656
1.8227100372314453
0.10085105895996094
0.32806396484375
0.2751350402832031
0.0
1.0101795196533203
0.0
0.4253387451171875
0.3998279571533203
0.4222393035888672
0.4761219024658203
0.4591941833496094
0.6318092346191406
0.2607107162475586
0.5246400833129883
0.2981424331665039
0.0
0.4253387451171875
0.0
0.2913475036621094
0.6580352783203125
0.7371902465820312
12.906789779663086
0.6086826324462891
3.098607063293457
1.1627674102783203
0.21076202392578125
0.0
0.0
0.18310546875
0.1399517059326172
0.0
0.1125335693359375
0.0
0.20813941955566406
0.0
0.0
0.0
0.0
0.24139881134033203
0.2741813659667969
0.0
0.6115436553955078
0.13756752014160156
0.23365020751953125
0.0
0.4992485046386719
0.11777877807617188
0.3495216369628906
0.6129741668701172
0.0705718994140625
0.6487369537353516
0.2505779266357422
0.05984306335449219
0.2624988555908203
2.3272037506103516
0.3408193588256836
0.32722949981689453
0.6116628646850586
0.07557868957519531
1.017928123474121
0.0
1.4786720275878906
0.09632110595703125
0.13113021850585938
0.370025634765625
0.4200935363769531
0.13303756713867188
0.0
0.09584426879882812
0.7128715515136719
0.0
0.0
7.715344429016113
0.5710124969482422
0.13446807861328125
0.0
0.062465667724609375
0.0
0.171661376953125
0.0
0.0
0.0
0.0
0.0
0.05602836608886719
0.42045116424560547
0.1513957977294922
0.2720355987548828
1.2352466583251953
0.0
1.3436079025268555
0.25582313537597656
0.7953643798828125
0.4723072052001953
0.05626678466796875
0.2434253692626953
0.05888938903808594
0.08559226989746094
0.37169456481933594
0.0
0.5092620849609375
0.2529621124267578
4.040122032165527
0.5371570587158203
1.8090009689331055
0.0
0.06628036499023438
0.0
0.0
0.0
0.10085105895996094
0.0
0.43511390686035156
0.39076805114746094
0.5789995193481445
0.9968280792236328
0.4591941833496094
0.17261505126953125
0.2491474151611328
0.5534887313842773
0.06580352783203125
0.2193450927734375
0.13685226440429688
0.1838207244873047
0.2944469451904297
0.0
0.4932880401611328
0.0
0.0
0.0
0.0
0.057220458984375
0.06031990051269531
0.4061460494995117
0.26416778564453125
0.4329681396484375
0.0
0.9167194366455078
0.0
0.34236907958984375
6.8569183349609375
0.0
0.0
0.0
0.0
0.0
0.0
0.0
0.3566741943359375
0.3374814987182617
0.0
1.976609230041504
0.0
0.3311634063720703
0.23925304412841797
0.0
0.0
0.7925033569335938
0.4563331604003906
1.6710758209228516
0.5919933319091797
0.0
0.0
0.0
0.6177425384521484
0.8883476257324219
0.7151365280151367
0.1475811004638672
0.1621246337890625
0.30517578125
0.247955322265625
0.0
6.610631942749023
0.5848407745361328
0.7653236389160156
0.07104873657226562
0.24199485778808594
0.22101402282714844
0.0
0.19741058349609375
0.08058547973632812
0.4570484161376953
0.09679794311523438
0.28908252716064453
0.4832744598388672
0.0
6.053805351257324
0.7649660110473633
0.3980398178100586
0.316619873046875
9.877562522888184
0.0
0.5753040313720703
10.605812072753906
0.0
0.0
0.5502700805664062
10.865330696105957
10.841727256774902
0.2543926239013672
5.0078630447387695
0.5617141723632812
0.7621049880981445
0.5996227264404297
2.599358558654785
0.0
0.9844303131103516
0.6744861602783203
0.9200572967529297
0.5452632904052734
0.8339881896972656
0.07534027099609375
0.30541419982910156
0.4894733428955078
0.6818771362304688
0.20599365234375
0.7801055908203125
0.8563995361328125
0.0
0.7562637329101562
0.84686279296875
0.0
1.1664628982543945
0.7483959197998047
0.12302398681640625
