9.876351576561311e-42
7.059055328369141
18.901866912841797
0.197509765625
8.138080596923828
1.8450050354003906
43.53071975708008
44.237422943115234
17.890789031982422
32.938846588134766
15.352062225341797
44.78656768798828
52.79653549194336
20.323543548583984
36.30919647216797
44.189212799072266
18.495506286621094
51.976844787597656
22.221019744873047
35.0533561706543
40.87628173828125
22.109233856201172
15.612510681152344
22.53308868408203
22.930206298828125
26.122695922851562
29.551761627197266
50.029964447021484
48.06956481933594
28.34622573852539
43.4746208190918
34.628719329833984
35.7689323425293
36.16167449951172
26.865741729736328
42.6873893737793
36.66111755371094
34.9776496887207
22.798969268798828
37.116493225097656
37.595149993896484
34.09097671508789
17.831722259521484
24.21799087524414
0.4171905517578125
25.81975555419922
34.17799377441406
42.180572509765625
24.40542221069336
36.03591537475586
39.65074920654297
14.966110229492188
53.35073471069336
25.721412658691406
13.158489227294922
39.6895866394043
33.6070556640625
41.36548614501953
31.376590728759766
43.3380126953125
40.09682846069336
18.352088928222656
18.462440490722656
45.199981689453125
32.71860885620117
26.17517852783203
20.52801513671875
48.40060043334961
17.895919799804688
43.941444396972656
40.43753433227539
33.83926010131836
40.38191223144531
26.120506286621094
32.450897216796875
48.67507553100586
19.149208068847656
18.012908935546875
19.093338012695312
45.423221588134766
30.294872283935547
35.36262130737305
38.186038970947266
27.944705963134766
48.120670318603516
25.79720687866211
22.508708953857422
26.00101089477539
50.3076286315918
36.40108108520508
29.555625915527344
68.61834716796875
27.907588958740234
47.01939392089844
37.725791931152344
33.750526428222656
23.520309448242188
33.75507736206055
38.18642044067383
51.68426513671875
35.02487564086914
26.192344665527344
33.172607421875
38.36546325683594
60.333675384521484
37.4078369140625
29.09235382080078
31.683250427246094
50.60356903076172
31.6676025390625
60.087825775146484
37.378150939941406
41.526859283447266
27.40784454345703
37.286312103271484
45.83012771606445
50.717281341552734
79.19739532470703
50.860069274902344
64.24211883544922
36.813682556152344
55.03428268432617
38.72220993041992
43.075687408447266
37.70021438598633
34.783485412597656
39.496337890625
33.98296356201172
33.45920181274414
39.01613998413086
43.4177131652832
61.00387954711914
39.1494026184082
39.04233932495117
39.13047790527344
39.013710021972656
51.989402770996094
48.7037353515625
49.021240234375
48.13557052612305
40.66271209716797
50.56037139892578
52.388214111328125
51.53126525878906
49.011375427246094
41.424583435058594
38.832061767578125
37.372318267822266
39.279441833496094
37.305416107177734
31.14288330078125
34.463382720947266
30.630611419677734
31.579315185546875
36.85720443725586
30.186511993408203
32.88246154785156
23.47189712524414
30.5848388671875
32.767112731933594
18.14877700805664
14.595645904541016
0.5479812622070312
1.5462989807128906
1.5742263793945312
1.9606132507324219
3.525562286376953
4.030799865722656
5.039863586425781
9.28512954711914
4.1700592041015625
10.615509033203125
1.08892822265625
14.627216339111328
15.114208221435547
3.9437484741210938
6.9672393798828125
5.694038391113281
10.18524169921875
7.3747406005859375
17.23326873779297
6.72906494140625
21.674602508544922
21.024852752685547
6.555503845214844
12.386917114257812
18.93056869506836
22.87743377685547
29.255943298339844
29.209102630615234
22.01123046875
9.284706115722656
18.00424575805664
25.381690979003906
19.43148422241211
23.670387268066406
0.9748802185058594
2.0690231323242188
0.455291748046875
3.6901779174804688
3.9293785095214844
0.2595367431640625
12.727958679199219
24.425098419189453
6.473594665527344
13.445411682128906
15.643592834472656
8.00168228149414
6.059043884277344
33.116634368896484
11.462944030761719
3.2004165649414062
9.076927185058594
15.75537109375
9.899585723876953
7.215293884277344
3.9020919799804688
4.850414276123047
27.037918090820312
9.879158020019531
27.112430572509766
14.015327453613281
22.955608367919922
26.822792053222656
3.50921630859375
6.101802825927734
10.090301513671875
8.265064239501953
9.783199310302734
7.984371185302734
20.832382202148438
6.472339630126953
3.2072906494140625
3.7429466247558594
10.153949737548828
2.5780563354492188
16.022552490234375
2.9200897216796875
20.558940887451172
13.237403869628906
11.810821533203125
8.747482299804688
15.950702667236328
4.336277008056641
9.432525634765625
2.7767105102539062
10.827800750732422
4.397300720214844
12.052314758300781
11.622493743896484
5.190853118896484
6.1638031005859375
6.086841583251953
8.959609985351562
9.000988006591797
10.950614929199219
10.615951538085938
9.626998901367188
0.0273284912109375
0.02849578857421875
0.025867462158203125
0.8059959411621094
0.6496772766113281
0.3978538513183594
0.3097991943359375
1.0172462463378906
0.00838470458984375
0.5359077453613281
2.9859848022460938
0.10783767700195312
0.032440185546875
0.17219161987304688
0.13173294067382812
0.6596946716308594
0.0376739501953125
1.1520957946777344
2.5113601684570312
0.9144515991210938
7.931610107421875
0.7286109924316406
2.0078163146972656
1.3602561950683594
7.821750640869141
4.685009002685547
6.152370452880859
0.020397186279296875
0.8062248229980469
0.017452239990234375
0.5826988220214844
0.9445419311523438
0.291015625
0.046131134033203125
0.3715629577636719
1.9430427551269531
2.9142189025878906
3.714763641357422
9.200374603271484
5.204181671142578
0.5123672485351562
0.014331817626953125
0.22449111938476562
0.045650482177734375
8.885093688964844
3.734375
0.19076919555664062
0.1521453857421875
2.2564239501953125
0.3321189880371094
8.293453216552734
2.657276153564453
0.036815643310546875
1.4340171813964844
0.3153038024902344
2.051471710205078
0.4780616760253906
3.2034568786621094
1.0707054138183594
3.478984832763672
5.238746643066406
5.145164489746094
0.22669219970703125
4.6301116943359375
4.299053192138672
2.8683204650878906
2.9836692810058594
0.10000228881835938
2.8930206298828125
0.058437347412109375
1.4723014831542969
1.7739944458007812
0.8018264770507812
0.22611236572265625
0.28252410888671875
0.19774627685546875
0.048870086669921875
0.061492919921875
0.031742095947265625
0.20513916015625
0.0
0.0
0.01503753662109375
0.021137237548828125
0.07023239135742188
0.004512786865234375
0.15954971313476562
0.0485992431640625
0.3800239562988281
0.06692886352539062
0.37078857421875
0.24731063842773438
0.024730682373046875
2.9402236938476562
9.097152709960938
1.1313018798828125
0.056365966796875
0.0
0.0
0.02655792236328125
0.0
0.0
0.18051910400390625
0.1420135498046875
0.13495254516601562
0.5139312744140625
4.128303527832031
2.0838623046875
0.2936515808105469
0.11719512939453125
0.09528350830078125
1.4903411865234375
0.009288787841796875
0.25629425048828125
8.522098541259766
0.0
0.0
0.06797409057617188
0.4412574768066406
0.992279052734375
3.3994369506835938
0.4407844543457031
2.6712188720703125
0.6390419006347656
5.874202728271484
0.049053192138671875
0.24817657470703125
0.3014488220214844
0.17914199829101562
0.8239974975585938
0.3102684020996094
0.10937118530273438
0.6195030212402344
0.25482940673828125
0.011371612548828125
0.5299148559570312
0.06837081909179688
0.00171661376953125
0.0
0.062244415283203125
0.004009246826171875
0.0
0.0081634521484375
0.09735107421875
0.0
0.054714202880859375
0.007244110107421875
0.0
0.0
0.0879974365234375
0.11177444458007812
0.02678680419921875
0.301605224609375
0.09984588623046875
0.04669189453125
0.3492584228515625
0.14696884155273438
0.23859786987304688
0.8268241882324219
0.02123260498046875
0.041187286376953125
0.014739990234375
0.02571868896484375
0.0
0.0
0.0
0.0
0.0
0.0
0.0
0.0046844482421875
0.01354217529296875
0.11226272583007812
0.21799468994140625
1.5463218688964844
3.7827072143554688
3.266277313232422
2.526927947998047
3.403553009033203
2.0357894897460938
9.2774658203125
8.315376281738281
4.327861785888672
1.4303131103515625
0.06480026245117188
2.044342041015625
4.448543548583984
2.0548133850097656
2.6463699340820312
7.70098876953125
0.5133209228515625
0.13918304443359375
4.2110595703125
1.2946510314941406
1.2525138854980469
4.4641571044921875
0.039276123046875
1.75250244140625
2.380054473876953
0.9710311889648438
7.9777679443359375
0.045780181884765625
0.07891082763671875
1.5553970336914062
1.0154342651367188
7.475196838378906
0.8797111511230469
1.0519294738769531
0.12036514282226562
0.1630859375
0.11531448364257812
0.0707550048828125
0.0758514404296875
1.109619140625
2.591663360595703
1.56842041015625
0.7043571472167969
1.5952568054199219
3.762889862060547
2.8354415893554688
5.686408996582031
2.2412490844726562
8.165599822998047
4.728607177734375
4.901084899902344
7.501171112060547
5.078727722167969
0.6171798706054688
6.291412353515625
4.5253753662109375
5.718852996826172
8.907787322998047
1.2152252197265625
8.195133209228516
9.83688735961914
8.06903076171875
7.739467620849609
10.253944396972656
6.968936920166016
7.5140533447265625
3.4453887939453125
4.750507354736328
3.760608673095703
2.2854766845703125
3.6814613342285156
4.572925567626953
8.431682586669922
1.2330322265625
6.799053192138672
6.10205078125
4.657814025878906
7.105976104736328
5.584400177001953
9.049186706542969
10.059040069580078
9.077491760253906
4.173847198486328
3.3534889221191406
3.5514602661132812
4.718555450439453
0.6927986145019531
3.476604461669922
9.602497100830078
3.650745391845703
3.4097366333007812
3.8527145385742188
1.7432975769042969
8.040336608886719
6.240291595458984
7.476402282714844
10.109046936035156
3.2685699462890625
2.620227813720703
3.375579833984375
6.853946685791016
5.315910339355469
3.1905555725097656
8.695869445800781
3.737945556640625
6.831279754638672
6.301475524902344
8.002395629882812
6.776638031005859
2.255970001220703
8.188251495361328
0.8824882507324219
1.2248878479003906
9.015708923339844
2.8367042541503906
4.78662109375
1.9913825988769531
2.3126602172851562
4.335735321044922
3.0604095458984375
5.696247100830078
6.0137786865234375
8.452186584472656
8.275276184082031
4.73956298828125
4.955924987792969
5.46319580078125
2.986164093017578
4.319847106933594
5.488960266113281
6.078941345214844
3.636402130126953
3.127105712890625
3.4177589416503906
2.36737060546875
1.8560905456542969
0.21256637573242188
0.18473052978515625
0.9352836608886719
1.0594673156738281
1.6763916015625
3.4552459716796875
1.6436386108398438
0.636932373046875
1.0579299926757812
3.06036376953125
4.861942291259766
0.7741546630859375
2.788360595703125
1.2520027160644531
2.139667510986328
1.8164024353027344
1.21905517578125
1.0987930297851562
3.7932357788085938
3.6196517944335938
2.9873580932617188
4.3903350830078125
3.864696502685547
2.394378662109375
2.4697418212890625
2.456634521484375
4.119514465332031
3.4926605224609375
5.896339416503906
4.154060363769531
3.8031768798828125
14.097991943359375
13.748065948486328
8.128795623779297
6.17230224609375
8.128753662109375
14.225410461425781
8.733222961425781
9.218852996826172
17.18347930908203
13.177040100097656
17.431163787841797
12.578414916992188
17.87506866455078
23.603466033935547
24.566425323486328
24.27988052368164
7.106990814208984
12.923412322998047
18.456493377685547
20.15557861328125
20.169559478759766
5.086601257324219
14.660030364990234
7.716503143310547
8.565986633300781
15.41891860961914
23.67852783203125
6.349269866943359
18.812057495117188
20.975326538085938
8.003067016601562
21.20697021484375
7.8694000244140625
14.280010223388672
13.665740966796875
11.71221923828125
10.772594451904297
15.062118530273438
16.59307861328125
18.121463775634766
23.791919708251953
20.48495101928711
28.66629409790039
0.0
0.173675537109375
0.00218963623046875
0.00121307373046875
0.00162506103515625
0.024627685546875
0.0
0.0
0.028736114501953125
0.0
0.021480560302734375
0.0
0.0
0.0
0.0
0.0
0.0
0.0
0.0
0.0
0.0
0.0
0.0
0.0
0.0
0.0
0.0
0.0
0.0
0.0
0.0
0.0
0.0
0.0
0.0
0.00226593017578125
0.06484603881835938
0.0
0.30071258544921875
0.13995361328125
0.4059410095214844
0.032440185546875
0.0633544921875
0.3163108825683594
0.19351959228515625
0.8087615966796875
0.12393951416015625
0.42893218994140625
2.8239059448242188
4.2689208984375
5.2105712890625
4.281085968017578
8.302696228027344
4.517829895019531
5.98828125
6.386787414550781
10.377189636230469
9.051643371582031
6.705547332763672
7.061614990234375
8.438282012939453
13.302921295166016
14.501983642578125
9.001480102539062
7.247890472412109
8.998310089111328
8.041580200195312
12.693252563476562
10.162906646728516
5.713481903076172
3.5439834594726562
21.764232635498047
18.579090118408203
2.110321044921875
3.472442626953125
7.147453308105469
2.425647735595703
2.408599853515625
21.029502868652344
9.107170104980469
14.187915802001953
3.566020965576172
2.642040252685547
11.634998321533203
16.26019287109375
12.424552917480469
1.5470352172851562
15.284160614013672
16.84274673461914
15.233551025390625
2.153606414794922
2.3580245971679688
13.676284790039062
2.8698883056640625
18.498416900634766
3.954601287841797
22.757152557373047
26.920948028564453
2.6675949096679688
28.538867950439453
26.536766052246094
3.4265708923339844
27.533172607421875
2.7337875366210938
31.280643463134766
2.709491729736328
23.99475860595703
4.220149993896484
25.883724212646484
14.204544067382812
2.2849960327148438
38.43899154663086
42.381797790527344
2.4507904052734375
16.104042053222656
2.0802879333496094
2.225494384765625
14.73331069946289
1.9846611022949219
1.8397674560546875
33.46564483642578
15.065185546875
34.32794189453125
2.4655799865722656
2.9285316467285156
6.734588623046875
11.3460693359375
9.753498077392578
18.757530212402344
10.988758087158203
9.67734146118164
9.468738555908203
10.916065216064453
18.815460205078125
17.529083251953125
23.52590560913086
15.798091888427734
9.739307403564453
30.04216766357422
29.62939453125
26.565990447998047
15.28470230102539
27.945735931396484
9.319072723388672
25.568931579589844
20.808189392089844
21.956626892089844
25.673152923583984
23.27181625366211
32.08860397338867
28.61343765258789
55.03559112548828
29.652790069580078
54.40599822998047
0.06633758544921875
0.0
0.0
0.0
0.0
0.0
0.0
0.0
0.0
0.0
0.0
0.0
0.0
0.0
0.0
0.0
0.11131668090820312
0.07190704345703125
0.37790679931640625
1.047882080078125
0.39949798583984375
2.5362319946289062
8.378555297851562
4.677497863769531
13.500743865966797
8.401180267333984
23.342208862304688
3.2571945190429688
18.301795959472656
19.707763671875
4.129222869873047
19.21114730834961
7.636684417724609
2.8313522338867188
2.264892578125
16.778942108154297
3.5070648193359375
34.68427276611328
10.031890869140625
19.477596282958984
18.208019256591797
40.2972297668457
26.54177474975586
4.894611358642578
13.626056671142578
43.01776885986328
19.951133728027344
12.879596710205078
14.266098022460938
31.455127716064453
42.84684753417969
0.007472991943359375
0.0
0.0
0.0
0.0
0.0
0.0
0.0
0.0
0.0
0.0
0.0
0.0
0.02077484130859375
6.064624786376953
11.099578857421875
5.2136077880859375
6.177387237548828
2.2049522399902344
2.01971435546875
3.009815216064453
16.2342529296875
19.334949493408203
31.366519927978516
2.0877647399902344
43.832061767578125
13.039852142333984
19.262184143066406
40.38517761230469
36.2530517578125
0.0
0.0
0.0
0.0
0.0
0.0
0.0
0.0
0.053028106689453125
1.1411056518554688
2.8733558654785156
10.709770202636719
7.396717071533203
1.9816360473632812
19.197383880615234
2.644542694091797
27.564102172851562
2.740459442138672
40.945457458496094
15.531242370605469
31.178245544433594
30.131065368652344
16.331092834472656
23.61669158935547
36.744476318359375
0.0
0.0
0.0
0.0
0.0
5.137901306152344
2.1337928771972656
5.028415679931641
15.365314483642578
7.9249114990234375
2.90814208984375
24.010520935058594
22.101924896240234
0.0
0.0
0.0
0.0
0.0
0.0
0.0
4.278327941894531
2.9162826538085938
4.598503112792969
12.14987564086914
2.8201522827148438
10.7537841796875
18.690876007080078
22.07315444946289
0.0
0.0
3.04974365234375
5.9803619384765625
2.9683761596679688
4.4682464599609375
0.0
0.0
7.121097564697266
7.878879547119141
3.4611740112304688
6.014575958251953
43.96100616455078
9.943977355957031
23.79644012451172
15.402118682861328
21.163742065429688
0.0
23.01172637939453
3.400054931640625
10.757583618164062
21.897857666015625
10.466129302978516
0.0
3.0265541076660156
8.288646697998047
8.322898864746094
11.161018371582031
11.63418197631836
10.438732147216797
24.429664611816406
0.0
3.7095909118652344
2.445281982421875
15.080440521240234
0.0
0.0
22.231307983398438
0.00146484375
0.0
10.223445892333984
7.308597564697266
0.0
0.0
22.929832458496094
0.0
4.862461090087891
5.767848968505859
6.5384521484375
0.0
6.011207580566406
6.812732696533203
17.083080291748047
3.2102012634277344
12.272834777832031
0.0
7.288475036621094
12.63680648803711
8.302806854248047
4.152435302734375
13.193161010742188
31.412757873535156
0.0
0.0
16.37503433227539
2.8470458984375
19.96490478515625
2.16632080078125
2.629974365234375
17.05040740966797
