9.876351576561311e-42
9.169816970825195
5.684018135070801
6.039619445800781
7.699251174926758
7.035732269287109
8.793354034423828
8.258819580078125
8.678317070007324
5.6667327880859375
12.812376022338867
12.881755828857422
14.71090316772461
4.666447639465332
5.875349044799805
8.151769638061523
6.560087203979492
3.110170364379883
11.354207992553711
4.494428634643555
5.9947967529296875
2.7048587799072266
30.26127815246582
6.663203239440918
4.094958305358887
0.34928321838378906
3.1391382217407227
0.78582763671875
0.903010368347168
1.5996694564819336
3.628849983215332
5.129575729370117
4.095792770385742
5.934238433837891
2.6679039001464844
0.9775161743164062
2.7675628662109375
0.8225440979003906
2.452850341796875
4.049420356750488
1.4941692352294922
4.269957542419434
7.456779479980469
2.426266670227051
7.368326187133789
8.791923522949219
11.427760124206543
8.423209190368652
5.790114402770996
11.598348617553711
13.804435729980469
9.214997291564941
4.95600700378418
5.023479461669922
25.399446487426758
3.1098127365112305
0.18310546875
3.932952880859375
4.3182373046875
1.5039443969726562
5.430936813354492
2.4324655532836914
5.604863166809082
8.600115776062012
14.949440956115723
5.695343017578125
11.183500289916992
4.323482513427734
33.17880630493164
3.033876419067383
2.550482749938965
1.761317253112793
8.566617965698242
5.179882049560547
8.98730754852295
9.382486343383789
4.012823104858398
7.492661476135254
21.347761154174805
1.8303394317626953
2.237081527709961
0.5285739898681641
8.589029312133789
5.881786346435547
8.446455001831055
8.110642433166504
1.1470317840576172
1.6274452209472656
2.1785497665405273
2.5010108947753906
10.782599449157715
6.0280561447143555
9.517312049865723
3.7719011306762695
1.852869987487793
9.595751762390137
0.49495697021484375
1.0311603546142578
1.4469623565673828
6.995081901550293
17.673015594482422
0.30994415283203125
3.9664506912231445
2.8945207595825195
9.018421173095703
9.215712547302246
11.270761489868164
2.5823116302490234
1.7974376678466797
4.802942276000977
9.7275972366333
7.7724456787109375
3.1479597091674805
5.526423454284668
6.3010454177856445
2.025485038757324
1.6493797302246094
6.940960884094238
1.8230676651000977
9.023547172546387
7.013559341430664
0.9555816650390625
4.629611968994141
1.0987520217895508
3.140091896057129
6.537079811096191
0.27871131896972656
7.2394609451293945
5.192995071411133
2.0040273666381836
1.2400150299072266
6.941676139831543
6.367683410644531
2.197146415710449
2.657771110534668
1.2967586517333984
13.013005256652832
7.775545120239258
7.930397987365723
1.262664794921875
6.123661994934082
0.7781982421875
1.8578767776489258
2.5641918182373047
3.5353899002075195
4.4231414794921875
6.546258926391602
6.3228607177734375
4.048347473144531
6.161689758300781
6.420135498046875
7.861495018005371
10.100603103637695
3.6908388137817383
3.024578094482422
5.425453186035156
3.772258758544922
7.659435272216797
5.192756652832031
3.5434961318969727
2.750515937805176
1.8652677536010742
0.2434253692626953
0.15735626220703125
2.6432275772094727
6.968021392822266
0.21123886108398438
8.32509994506836
6.154060363769531
13.8702392578125
7.163643836975098
7.846593856811523
7.123708724975586
6.09898567199707
8.681297302246094
8.609294891357422
7.085323333740234
16.21139144897461
13.643383979797363
6.53684139251709
6.932854652404785
11.66236400604248
7.4024200439453125
11.060237884521484
8.279919624328613
15.38705825805664
18.772363662719727
0.9256601333618164
5.779743194580078
4.589200019836426
8.263587951660156
18.116355895996094
20.574928283691406
0.5331039428710938
4.066944122314453
0.3032684326171875
0.0
4.939794540405273
3.0329227447509766
7.450580596923828
7.00986385345459
0.3148317337036133
9.923219680786133
5.658507347106934
10.207891464233398
18.014549255371094
18.252731323242188
8.042216300964355
9.975433349609375
7.085323333740234
12.247085571289062
0.74005126953125
2.310037612915039
8.337736129760742
11.274456977844238
10.173916816711426
10.839462280273438
0.16117095947265625
4.972219467163086
4.678964614868164
1.6279220581054688
4.637479782104492
6.433606147766113
1.5194416046142578
14.65141773223877
3.676772117614746
9.942889213562012
6.732940673828125
5.496501922607422
10.489940643310547
0.2598762512207031
6.535053253173828
9.27436351776123
9.028434753417969
5.8727264404296875
17.941951751708984
1.3848543167114258
14.486551284790039
7.3375701904296875
1.4075040817260742
0.5314350128173828
3.3693313598632812
4.683732986450195
7.966279983520508
0.0
10.133028030395508
4.032015800476074
16.450286865234375
7.528424263000488
5.615234375
13.016700744628906
12.991666793823242
8.897781372070312
6.454586982727051
4.036664962768555
4.110217094421387
0.6673336029052734
0.43451786041259766
1.4190673828125
0.43964385986328125
9.177446365356445
6.32023811340332
4.719138145446777
3.4623146057128906
5.801916122436523
0.4611015319824219
0.0
0.25844573974609375
1.2068748474121094
0.0
2.2072792053222656
0.6015300750732422
0.0
0.7140636444091797
0.0
1.192331314086914
0.8600950241088867
0.7814168930053711
0.24366378784179688
0.0
0.0
0.0
0.37097930908203125
0.0
0.7445812225341797
3.901243209838867
4.360198974609375
0.11897087097167969
2.044200897216797
0.2701282501220703
2.292633056640625
4.242420196533203
0.7127523422241211
0.4951953887939453
1.0453462600708008
0.6539821624755859
1.2028217315673828
0.0
7.203578948974609
5.08880615234375
2.000093460083008
0.5352497100830078
0.4856586456298828
0.5820989608764648
7.49516487121582
0.0
0.16951560974121094
8.184671401977539
1.2464523315429688
0.0
7.628440856933594
1.3599395751953125
7.219076156616211
0.4228353500366211
0.7333755493164062
0.0
0.2644062042236328
0.658869743347168
0.30803680419921875
0.3955364227294922
0.0
0.41306018829345703
0.19156932830810547
0.3275871276855469
0.28073787689208984
0.0
0.0787973403930664
0.0
0.2288818359375
0.2804994583129883
0.5939006805419922
1.3384819030761719
1.268148422241211
0.17523765563964844
1.577615737915039
4.814386367797852
6.774187088012695
0.4906654357910156
2.0799636840820312
1.7299652099609375
0.2741813659667969
0.0
0.0
0.1285076141357422
0.0
0.0
0.0
0.06520748138427734
0.2346038818359375
0.5424022674560547
1.0557174682617188
2.521395683288574
0.0
4.287362098693848
3.6541223526000977
3.999471664428711
1.0951757431030273
14.497637748718262
0.37658214569091797
5.856990814208984
6.4154863357543945
13.882279396057129
11.822223663330078
0.6694793701171875
0.40531158447265625
6.751298904418945
0.0
0.0
0.29778480529785156
9.606480598449707
5.110502243041992
7.692933082580566
5.942225456237793
0.7383823394775391
0.2377033233642578
10.91015338897705
0.6629228591918945
0.7303953170776367
2.751946449279785
0.0
7.886290550231934
9.644627571105957
16.73352813720703
0.6320476531982422
0.0
1.3041496276855469
12.565374374389648
18.762470245361328
27.9691219329834
0.06949901580810547
0.0
15.664100646972656
0.540614128112793
5.013704299926758
17.976642608642578
0.5352497100830078
0.5666017532348633
5.62739372253418
1.695871353149414
1.838088035583496
5.82122802734375
24.513362884521484
7.203221321105957
10.097146034240723
10.747313499450684
0.8962154388427734
2.4285316467285156
5.889177322387695
16.45624542236328
1.2440681457519531
2.902865409851074
14.77193832397461
1.9699335098266602
0.8461475372314453
10.733723640441895
6.850838661193848
0.6988048553466797
0.0
0.0
0.6399154663085938
0.7127523422241211
0.5975961685180664
0.4304647445678711
0.42510032653808594
0.09417533874511719
0.38802623748779297
0.546574592590332
0.6246566772460938
0.7729530334472656
1.0253190994262695
1.0935068130493164
1.0221004486083984
0.8851289749145508
0.5506277084350586
0.4216432571411133
1.795649528503418
0.4595518112182617
0.0
4.781126976013184
4.3402910232543945
8.417129516601562
23.926616668701172
12.610077857971191
19.351123809814453
15.280842781066895
7.727503776550293
0.064849853515625
5.934596061706543
22.644996643066406
12.604117393493652
12.305259704589844
6.753802299499512
0.156402587890625
17.448543548583984
12.974262237548828
18.272876739501953
41.308284759521484
12.95161247253418
7.182955741882324
14.64855670928955
8.598685264587402
10.709285736083984
12.128949165344238
9.41014289855957
10.097265243530273
21.531463623046875
19.007801055908203
22.545696258544922
16.848325729370117
16.421079635620117
15.031933784484863
8.507966995239258
5.477190017700195
3.2994747161865234
0.11324882507324219
0.47647953033447266
0.6338357925415039
8.26871395111084
7.954120635986328
9.342432022094727
13.659834861755371
10.29503345489502
0.3333091735839844
5.307197570800781
0.3509521484375
3.595590591430664
5.669951438903809
6.266474723815918
4.804372787475586
2.7829408645629883
0.10848045349121094
0.3845691680908203
0.38909912109375
3.3235549926757812
3.652215003967285
1.5287399291992188
2.4433135986328125
0.3600120544433594
0.13589859008789062
2.139449119567871
1.6117095947265625
0.053882598876953125
8.796930313110352
0.33342838287353516
9.808540344238281
7.212400436401367
6.529688835144043
7.384657859802246
5.412101745605469
0.6680488586425781
0.064849853515625
0.18596649169921875
3.231525421142578
2.5708675384521484
1.9366741180419922
1.239776611328125
10.892868041992188
0.42188167572021484
5.75709342956543
0.4420280456542969
0.30410289764404297
0.08785724639892578
0.07390975952148438
0.34606456756591797
8.430838584899902
9.292960166931152
3.0660629272460938
0.9396076202392578
0.0
0.0
0.06031990051269531
0.25582313537597656
5.523681640625
7.5882673263549805
0.05435943603515625
0.15795230865478516
0.07331371307373047
3.552079200744629
5.555987358093262
2.2089481353759766
0.09894371032714844
0.45049190521240234
0.2390146255493164
0.1850128173828125
5.774736404418945
0.6029605865478516
0.07927417755126953
2.950906753540039
0.4475116729736328
0.0
0.16379356384277344
0.6545782089233398
0.08392333984375
0.0
1.1665821075439453
2.2073984146118164
0.4914999008178711
0.0
0.0
0.3274679183959961
0.5409717559814453
0.26917457580566406
0.21564960479736328
0.0
0.0
0.09775161743164062
0.31828880310058594
0.0
3.1919479370117188
6.334543228149414
6.6242218017578125
0.21338462829589844
0.8080005645751953
3.7719011306762695
0.6407499313354492
0.0
0.0
2.870917320251465
1.1148452758789062
0.2875328063964844
2.03859806060791
2.799510955810547
1.5060901641845703
0.0591278076171875
0.40531158447265625
3.1707286834716797
0.2620220184326172
3.2781362533569336
0.18310546875
2.185702323913574
0.091552734375
1.0553598403930664
0.0
1.0943412780761719
3.482699394226074
0.9009838104248047
3.802061080932617
1.135110855102539
2.1544694900512695
6.941437721252441
15.972137451171875
4.778504371643066
1.4842748641967773
2.5730133056640625
11.522650718688965
6.841540336608887
8.490920066833496
6.317853927612305
8.551836013793945
5.844831466674805
8.272528648376465
4.838109016418457
5.269289016723633
6.212949752807617
6.194949150085449
5.752086639404297
3.8863420486450195
5.9806108474731445
7.156252861022949
7.827639579772949
1.7069578170776367
0.2187490463256836
5.735158920288086
7.9811811447143555
7.27081298828125
5.831599235534668
1.9443035125732422
9.833335876464844
8.31460952758789
5.566835403442383
7.8765153884887695
1.0788440704345703
0.3962516784667969
0.0
2.23696231842041
5.475759506225586
0.5544424057006836
6.147861480712891
4.6901702880859375
3.7838220596313477
3.8008689880371094
3.701329231262207
4.796504974365234
6.858587265014648
6.196498870849609
5.853414535522461
3.0031204223632812
0.2391338348388672
0.0
0.6488561630249023
0.6357431411743164
0.0
0.2923011779785156
0.0
0.0
0.18358230590820312
0.0
0.35572052001953125
0.2541542053222656
0.0
0.19800662994384766
2.0928382873535156
0.29468536376953125
1.8121004104614258
0.6388425827026367
0.4888772964477539
0.2617835998535156
0.0
0.2866983413696289
0.15664100646972656
0.3724098205566406
0.8624792098999023
0.5223751068115234
0.37872791290283203
0.7224082946777344
2.0061731338500977
1.509547233581543
1.0813474655151367
3.0907392501831055
0.5662441253662109
5.372762680053711
3.725886344909668
4.352569580078125
2.374410629272461
2.1404027938842773
3.554821014404297
2.049684524536133
2.188444137573242
2.048611640930176
1.0919570922851562
0.58746337890625
2.7490854263305664
4.112720489501953
2.438783645629883
3.6470890045166016
0.5103349685668945
1.759171485900879
2.340555191040039
2.978205680847168
2.2373199462890625
3.082871437072754
4.96828556060791
4.097104072570801
1.2954473495483398
6.974697113037109
2.3081302642822266
0.5626678466796875
4.436492919921875
3.163576126098633
7.137537002563477
3.3773183822631836
4.706144332885742
0.2613067626953125
4.459261894226074
0.6165504455566406
0.2435445785522461
1.150965690612793
2.893805503845215
0.1621246337890625
0.9791851043701172
3.3855438232421875
4.348874092102051
5.237340927124023
5.745649337768555
0.17309188842773438
4.482269287109375
5.17582893371582
12.52436637878418
0.3490447998046875
7.129788398742676
2.3698806762695312
4.164457321166992
2.2400617599487305
0.12218952178955078
6.129264831542969
0.29778480529785156
3.7539005279541016
0.19979476928710938
3.711104393005371
5.479097366333008
0.3160238265991211
4.443645477294922
4.085659980773926
0.0845193862915039
4.374146461486816
0.33283233642578125
3.5947561264038086
0.517725944519043
3.1175613403320312
0.6965398788452148
8.593201637268066
2.7208328247070312
0.11622905731201172
11.708974838256836
15.822887420654297
0.06365776062011719
1.964569091796875
0.11301040649414062
1.4667510986328125
1.8835067749023438
0.3619194030761719
2.073526382446289
14.058947563171387
2.3277997970581055
14.524459838867188
2.032756805419922
1.5643835067749023
0.0
1.1953115463256836
3.137826919555664
6.722092628479004
6.865382194519043
5.008101463317871
0.9245872497558594
0.1437664031982422
6.735324859619141
9.674072265625
0.052094459533691406
5.069613456726074
4.306197166442871
0.4826784133911133
1.7132759094238281
8.878588676452637
4.945278167724609
2.1609067916870117
3.898739814758301
2.990126609802246
8.073925971984863
11.482596397399902
12.933611869812012
7.107257843017578
5.363583564758301
13.418078422546387
11.357426643371582
7.087349891662598
7.473468780517578
5.732059478759766
0.0
0.24843215942382812
0.05507469177246094
0.0
0.12063980102539062
0.0
0.06592273712158203
0.0
0.4570484161376953
0.0
0.17905235290527344
0.23806095123291016
0.5227327346801758
1.952052116394043
5.841255187988281
2.6139020919799805
1.3353824615478516
1.9352436065673828
4.809260368347168
1.2671947479248047
2.469778060913086
3.8619041442871094
4.599332809448242
1.2269020080566406
4.584670066833496
1.7514228820800781
3.7151575088500977
0.1882314682006836
2.298116683959961
4.977583885192871
2.1892786026000977
5.289673805236816
0.10728836059570312
3.1528472900390625
6.801843643188477
0.10585784912109375
13.857841491699219
2.4656057357788086
2.8159618377685547
2.12252140045166
9.183645248413086
8.320927619934082
5.710840225219727
7.570862770080566
4.043459892272949
7.108092308044434
4.685878753662109
5.143404006958008
0.45168399810791016
13.276219367980957
7.809877395629883
0.0
0.0
0.3311634063720703
0.0
0.0
0.31256675720214844
0.46181678771972656
0.10657310485839844
0.11587142944335938
3.525853157043457
0.3654956817626953
0.6872415542602539
0.8589029312133789
3.371119499206543
4.567384719848633
4.374384880065918
5.8602094650268555
0.2567768096923828
4.046201705932617
0.27489662170410156
4.4879913330078125
2.6384592056274414
4.625082015991211
0.0
12.04979419708252
6.789207458496094
7.200837135314941
9.870171546936035
6.991744041442871
6.081104278564453
0.0
0.06198883056640625
0.24747848510742188
0.07534027099609375
0.09655952453613281
1.2311935424804688
0.773310661315918
0.5487203598022461
4.648566246032715
3.1533241271972656
1.924276351928711
3.997325897216797
0.44548511505126953
5.3375959396362305
3.1043291091918945
2.892613410949707
0.1888275146484375
14.987945556640625
3.2896995544433594
2.603292465209961
0.2231597900390625
6.405949592590332
11.174678802490234
7.260322570800781
0.12683868408203125
1.3971328735351562
0.10442733764648438
0.500798225402832
0.07176399230957031
3.9472579956054688
2.4099349975585938
2.8482675552368164
1.8309354782104492
3.540515899658203
0.2485513687133789
1.0077953338623047
11.004090309143066
5.987644195556641
0.0
0.11992454528808594
0.0
0.13017654418945312
1.3818740844726562
0.44536590576171875
3.902316093444824
4.118561744689941
3.01361083984375
8.477568626403809
0.24878978729248047
1.461029052734375
10.69784164428711
8.488774299621582
0.20122528076171875
0.0
4.202723503112793
3.4776926040649414
0.19180774688720703
4.964590072631836
0.17213821411132812
0.0
4.508733749389648
1.6835927963256836
0.15747547149658203
5.449771881103516
8.82112979888916
0.18072128295898438
1.0133981704711914
7.297039031982422
6.868481636047363
3.3676624298095703
2.063632011413574
0.2818107604980469
0.47528743743896484
2.3756027221679688
2.944827079772949
0.18930435180664062
2.2237300872802734
3.6867856979370117
3.532290458679199
0.8938312530517578
5.5130720138549805
3.624081611633301
7.784843444824219
2.804279327392578
0.13315677642822266
2.9462575912475586
4.955172538757324
1.577615737915039
1.8335580825805664
4.227757453918457
0.9949207305908203
0.35881996154785156
0.5966424942016602
5.34975528717041
0.8902549743652344
0.3808736801147461
5.866408348083496
0.22470951080322266
0.5276203155517578
5.8356523513793945
0.9362697601318359
0.24068355560302734
0.5648136138916016
5.780816078186035
4.068732261657715
0.24044513702392578
4.472613334655762
0.0
1.0627508163452148
1.6531944274902344
3.5479068756103516
3.528714179992676
5.168795585632324
8.361220359802246
0.0
0.21791458129882812
4.717469215393066
0.1672506332397461
4.222273826599121
0.13327598571777344
5.3157806396484375
2.603769302368164
