9.876351576561311e-42
0.015010833740234375
0.03975677490234375
0.04514503479003906
0.1780109405517578
0.10542488098144531
5.103097915649414
3.824544906616211
2.4634265899658203
4.026912689208984
5.327156066894531
9.610799789428711
17.4303035736084
4.137779235839844
7.292858123779297
41.397422790527344
5.292821884155273
35.53281021118164
12.518966674804688
32.64947509765625
25.63913917541504
7.155689239501953
7.022546768188477
17.7016658782959
8.899633407592773
4.648885726928711
11.933843612670898
36.157859802246094
23.120426177978516
2.4908580780029297
30.3818302154541
4.453859329223633
23.76767921447754
23.968156814575195
6.356742858886719
36.6259651184082
27.14776611328125
27.812013626098633
5.213432312011719
16.125211715698242
29.626405715942383
11.122323989868164
0.1998729705810547
0.15967559814453125
0.05415153503417969
0.5391311645507812
14.142852783203125
4.1812591552734375
4.760751724243164
8.876813888549805
16.412277221679688
9.629047393798828
21.103172302246094
12.24824333190918
5.381134033203125
19.505300521850586
20.697673797607422
34.02424240112305
2.5597972869873047
33.094749450683594
0.14418601989746094
2.233753204345703
1.1145763397216797
15.595455169677734
9.375930786132812
15.045541763305664
10.875356674194336
24.526611328125
13.43121337890625
38.64875411987305
28.1202449798584
22.8370361328125
0.6720657348632812
3.202127456665039
5.749149322509766
13.58985710144043
10.562477111816406
6.862430572509766
7.362726211547852
37.869468688964844
11.59364128112793
21.941204071044922
2.518888473510742
5.127429962158203
14.58685302734375
13.627948760986328
5.1534881591796875
5.965478897094727
42.48741149902344
20.932443618774414
4.521595001220703
13.882148742675781
14.363924026489258
41.254676818847656
19.893218994140625
5.750249862670898
3.611265182495117
3.6015186309814453
28.852819442749023
4.68132209777832
18.02956199645996
3.4380416870117188
17.33649253845215
27.41566276550293
6.27983283996582
8.138946533203125
26.335880279541016
2.933666229248047
29.955604553222656
18.93636703491211
3.689483642578125
14.648923873901367
49.34455108642578
16.728178024291992
11.807580947875977
47.118431091308594
36.83018493652344
11.888404846191406
32.13017272949219
10.533449172973633
25.4549617767334
37.268104553222656
26.05974006652832
34.74565887451172
24.337589263916016
22.474496841430664
29.5594482421875
19.682424545288086
2.951662063598633
25.94814109802246
35.499847412109375
13.13597297668457
22.76899528503418
17.820039749145508
16.845190048217773
17.307743072509766
16.38765525817871
35.714962005615234
39.35144805908203
39.84523391723633
29.459543228149414
40.525230407714844
36.129615783691406
42.12410354614258
42.83076477050781
28.17049789428711
22.466739654541016
19.57261848449707
19.67485237121582
19.247634887695312
16.200101852416992
16.01915740966797
15.361095428466797
15.082366943359375
7.824979782104492
3.787080764770508
3.383909225463867
3.610401153564453
3.2703475952148438
2.8317317962646484
6.228967666625977
7.370735168457031
0.0
0.00267791748046875
0.0091552734375
0.017910003662109375
0.001811981201171875
1.1997547149658203
1.4662094116210938
1.1408023834228516
1.2620735168457031
0.21495628356933594
0.08037185668945312
0.06270408630371094
0.24851608276367188
0.037899017333984375
0.13445091247558594
0.3245525360107422
0.7466888427734375
3.215181350708008
0.29111480712890625
8.183670043945312
0.3324604034423828
0.081756591796875
0.0
1.699533462524414
0.4335174560546875
0.12714767456054688
0.12923049926757812
0.3182411193847656
0.3028411865234375
0.0008831024169921875
0.5359306335449219
0.3983345031738281
0.48436927795410156
0.18452835083007812
0.0
0.023363113403320312
0.009557723999023438
1.3195514678955078
1.4757747650146484
0.04590034484863281
0.0989532470703125
0.32729339599609375
0.9404563903808594
0.4030189514160156
0.3709869384765625
0.6483993530273438
6.716695785522461
0.1977996826171875
1.2487831115722656
0.017953872680664062
0.07314872741699219
0.3532276153564453
0.9385452270507812
3.429738998413086
1.2676753997802734
0.08951187133789062
0.5172653198242188
1.8787422180175781
0.04865837097167969
0.19927597045898438
0.2823772430419922
0.17580032348632812
0.4423332214355469
1.1245250701904297
0.6051979064941406
1.0879173278808594
0.9102516174316406
0.14804840087890625
0.38123512268066406
1.354360580444336
1.0791053771972656
1.010101318359375
0.9359874725341797
0.18265151977539062
0.29241943359375
0.1709747314453125
0.11448287963867188
0.6407413482666016
1.04315185546875
0.10410690307617188
0.7761955261230469
0.119140625
2.7034225463867188
0.0319976806640625
2.3827266693115234
0.3321704864501953
0.015697479248046875
0.12816238403320312
1.2336769104003906
1.6602439880371094
0.7318477630615234
0.35199928283691406
1.4985466003417969
2.3328723907470703
2.2420616149902344
1.9815025329589844
0.0
0.001033782958984375
0.0
0.0
0.0073833465576171875
0.027622222900390625
0.0859832763671875
0.0681610107421875
0.0
0.035800933837890625
0.031810760498046875
0.00414276123046875
0.0057125091552734375
0.0070037841796875
0.00234222412109375
0.016208648681640625
0.0
0.0
0.000621795654296875
0.0
0.0
0.7202301025390625
0.43415260314941406
0.0
0.0
0.9855556488037109
0.06544113159179688
0.0
0.012706756591796875
0.00180816650390625
0.00604248046875
0.12209320068359375
0.15927886962890625
0.003887176513671875
0.0
0.0029277801513671875
0.0
0.18988990783691406
0.001556396484375
0.0
0.04987335205078125
0.0
0.03698539733886719
0.0
0.000286102294921875
0.00505828857421875
0.013599395751953125
0.0
0.01219940185546875
0.003467559814453125
0.003631591796875
0.0
0.0
0.00534820556640625
0.0
0.00231170654296875
0.004650115966796875
0.0
0.0413970947265625
0.0
0.0
0.00032806396484375
0.001495361328125
8.96453857421875e-05
0.0001068115234375
0.0015087127685546875
0.0018157958984375
0.0049991607666015625
0.0056095123291015625
0.007534027099609375
0.010890960693359375
0.03157234191894531
0.0894927978515625
0.00899505615234375
0.08442115783691406
0.00597381591796875
0.007572174072265625
0.017869949340820312
0.0065460205078125
0.00164794921875
0.0
0.0
0.000614166259765625
0.0
0.002216339111328125
0.08449172973632812
0.0073566436767578125
0.00775146484375
0.008684158325195312
0.015239715576171875
0.020990371704101562
0.2873420715332031
0.17897987365722656
2.126779556274414
0.019618988037109375
3.3065242767333984
0.23340415954589844
0.1602497100830078
0.20523643493652344
0.04837989807128906
0.3772239685058594
0.38268280029296875
0.3175773620605469
0.3797798156738281
0.45470428466796875
0.8645095825195312
0.7534980773925781
0.5229339599609375
0.011178970336914062
0.01100921630859375
0.02610015869140625
1.8670578002929688
0.14464950561523438
1.0918960571289062
2.3757457733154297
0.3221263885498047
0.6090965270996094
0.17017173767089844
0.3736839294433594
0.7831802368164062
0.554962158203125
0.017696380615234375
2.9632434844970703
1.6985740661621094
2.8587608337402344
0.5243949890136719
0.015924453735351562
0.5604419708251953
0.16295433044433594
3.0057430267333984
0.0137939453125
0.17819786071777344
0.7064437866210938
1.0332527160644531
0.15565872192382812
2.264739990234375
0.013671875
0.16319847106933594
0.18462371826171875
0.4070777893066406
0.1504077911376953
0.1744518280029297
0.17605972290039062
0.00732421875
0.14794540405273438
0.05431938171386719
0.1903076171875
0.3414497375488281
0.3076515197753906
0.29023170471191406
0.15915870666503906
0.37236976623535156
0.34700775146484375
0.1470623016357422
0.39334869384765625
0.4702644348144531
0.3358325958251953
0.43586158752441406
0.3741588592529297
0.01142120361328125
0.0092010498046875
0.047794342041015625
0.058650970458984375
0.10376548767089844
0.09779167175292969
0.12792205810546875
0.0776824951171875
0.11173248291015625
0.14192771911621094
0.26157379150390625
0.4034690856933594
0.4059181213378906
0.5271472930908203
0.5218391418457031
0.67755126953125
0.6308860778808594
0.599456787109375
0.5668296813964844
0.6027259826660156
0.5372123718261719
1.193063735961914
0.43439483642578125
0.06072998046875
0.6231517791748047
0.3682231903076172
0.3269233703613281
0.16638565063476562
0.318756103515625
0.6408157348632812
1.4972572326660156
0.2347888946533203
0.751312255859375
0.18605613708496094
0.4342803955078125
0.6849250793457031
1.6801395416259766
0.2884559631347656
0.07487106323242188
0.7597198486328125
0.21307945251464844
1.2346916198730469
0.29477691650390625
0.41189002990722656
0.24015426635742188
0.23618698120117188
1.690359115600586
0.32599449157714844
0.24239540100097656
0.09342384338378906
0.08782196044921875
0.24010848999023438
0.21876144409179688
0.36655616760253906
0.43878746032714844
0.4199695587158203
0.46728515625
0.5977058410644531
0.7849025726318359
0.7635612487792969
0.1941070556640625
0.6084651947021484
0.2641792297363281
1.1715278625488281
0.7461433410644531
0.6949253082275391
1.3781929016113281
0.7085094451904297
0.5670089721679688
1.1992263793945312
0.38248443603515625
0.8119277954101562
0.4797801971435547
0.896148681640625
0.3750801086425781
1.490255355834961
0.3876228332519531
0.5439682006835938
0.4684104919433594
0.9382686614990234
0.3029975891113281
1.1025142669677734
0.6494197845458984
0.9298191070556641
1.3512344360351562
0.3405780792236328
0.8054313659667969
0.5801010131835938
0.4042243957519531
1.197305679321289
1.0431041717529297
0.4814414978027344
0.29033851623535156
0.923248291015625
1.106790542602539
0.6158199310302734
0.6825447082519531
0.5533790588378906
0.7908840179443359
0.3337821960449219
0.7315101623535156
0.5212440490722656
0.8612117767333984
0.8988761901855469
0.7168369293212891
0.7418136596679688
0.5919761657714844
0.413848876953125
4.845239639282227
0.9113426208496094
0.3596210479736328
0.7929840087890625
0.5013351440429688
0.6512451171875
0.7308712005615234
3.992572784423828
0.7270660400390625
0.8247795104980469
0.37732887268066406
0.5483512878417969
0.3510150909423828
0.3475532531738281
0.3275947570800781
0.8980159759521484
0.8042697906494141
0.6649169921875
0.8175258636474609
0.4937591552734375
0.33391571044921875
0.7947883605957031
0.8576011657714844
0.7522048950195312
1.5798091888427734
0.8619880676269531
0.8168983459472656
0.8153190612792969
0.6437549591064453
0.34368133544921875
0.6384162902832031
0.6179046630859375
0.6473579406738281
0.6060523986816406
0.7503814697265625
0.7045421600341797
0.6704559326171875
0.7476444244384766
0.833038330078125
1.0632572174072266
1.3223342895507812
1.8289299011230469
1.909078598022461
1.004323959350586
1.0003833770751953
0.9759387969970703
1.3720817565917969
1.0902156829833984
1.1134891510009766
1.5335140228271484
1.0725021362304688
1.317708969116211
2.199514389038086
5.139320373535156
1.433380126953125
0.8520069122314453
2.486928939819336
5.502342224121094
0.7443561553955078
2.8395557403564453
1.0828113555908203
1.9830188751220703
2.1322784423828125
1.2656230926513672
1.3649940490722656
1.077341079711914
1.0029335021972656
0.851104736328125
1.1364631652832031
1.6373710632324219
0.8819656372070312
1.6567058563232422
0.8699264526367188
4.082815170288086
1.2568168640136719
2.188272476196289
2.1907081604003906
6.28718376159668
10.93940544128418
1.5775566101074219
15.36225700378418
3.004833221435547
14.529731750488281
3.159334182739258
7.60736083984375
10.267221450805664
7.801008224487305
6.851467132568359
7.735256195068359
11.158302307128906
4.5443572998046875
1.9312934875488281
6.624904632568359
5.429830551147461
6.641761779785156
3.0242748260498047
1.2587947845458984
8.744647979736328
8.077156066894531
5.226249694824219
6.966268539428711
2.1291332244873047
5.612722396850586
6.141597747802734
4.257295608520508
5.903507232666016
1.2876033782958984
1.143728256225586
1.0145435333251953
1.1379413604736328
1.6617450714111328
1.6715946197509766
3.6324634552001953
5.153970718383789
6.087072372436523
6.984594345092773
7.736865997314453
0.011905670166015625
0.17274093627929688
0.0
0.0
0.0
0.000835418701171875
0.081207275390625
0.0055999755859375
0.002887725830078125
0.08801651000976562
0.007404327392578125
0.10262489318847656
0.08709907531738281
0.02252197265625
0.0186920166015625
0.027317047119140625
0.11978530883789062
0.09584808349609375
0.06906509399414062
0.0880126953125
0.07304763793945312
0.026905059814453125
0.0324554443359375
0.06885528564453125
0.24161148071289062
0.09560012817382812
0.07555770874023438
0.2621307373046875
0.048320770263671875
0.2531013488769531
0.252288818359375
0.4883708953857422
0.34841156005859375
0.8949222564697266
0.90728759765625
0.7138042449951172
1.122640609741211
0.8805904388427734
1.0779380798339844
0.908416748046875
1.1214351654052734
1.1375980377197266
0.9182815551757812
1.4670562744140625
0.6542415618896484
0.7943954467773438
1.4604339599609375
0.5814418792724609
1.1581497192382812
0.7475433349609375
1.2194709777832031
1.1892032623291016
1.6117725372314453
1.0999622344970703
2.326478958129883
2.734750747680664
5.1864776611328125
2.624509811401367
1.8190784454345703
1.4063663482666016
1.5097427368164062
8.193862915039062
7.484949111938477
3.0013160705566406
1.1731452941894531
1.2774391174316406
1.4252490997314453
1.3490028381347656
7.432415008544922
1.489156723022461
1.1303081512451172
12.796194076538086
13.161079406738281
1.1285648345947266
1.3101558685302734
1.7488956451416016
1.452493667602539
1.7229804992675781
16.066051483154297
7.798322677612305
9.915760040283203
5.5689849853515625
2.3503189086914062
10.628173828125
17.881982803344727
3.3710784912109375
1.803079605102539
9.477493286132812
17.494993209838867
15.610574722290039
2.19842529296875
1.9402732849121094
8.257184982299805
1.3688812255859375
13.02961540222168
1.2123184204101562
11.140054702758789
11.74642562866211
1.0060901641845703
12.253705978393555
15.25018310546875
1.1705455780029297
10.695960998535156
0.9609336853027344
8.428596496582031
1.3771705627441406
10.736919403076172
3.6178855895996094
8.562938690185547
10.129186630249023
1.318868637084961
14.94430923461914
17.16461753845215
1.6710681915283203
15.36971664428711
1.9255599975585938
6.194562911987305
20.445833206176758
1.9397335052490234
3.8989696502685547
24.48161506652832
21.06829071044922
23.520462036132812
6.090631484985352
3.9012088775634766
1.936910629272461
23.413129806518555
24.196067810058594
25.778127670288086
17.00379753112793
26.721464157104492
23.00855255126953
2.0993385314941406
27.050764083862305
16.70785903930664
17.717689514160156
19.491201400756836
17.98272132873535
16.539310455322266
15.998004913330078
15.33187484741211
15.851272583007812
14.70026969909668
8.940580368041992
13.775480270385742
13.351686477661133
12.996692657470703
12.576910018920898
15.17808723449707
12.965896606445312
11.693704605102539
11.925174713134766
13.269508361816406
13.980827331542969
0.04711151123046875
0.06528091430664062
0.031177520751953125
0.10205841064453125
0.13392066955566406
0.057376861572265625
0.06814956665039062
0.09309005737304688
0.08657455444335938
0.14188003540039062
0.09332656860351562
0.23575973510742188
0.07567977905273438
0.34888267517089844
0.7067222595214844
0.91619873046875
0.893218994140625
0.5415267944335938
0.4987316131591797
0.8358287811279297
1.1732463836669922
1.0519123077392578
1.434722900390625
1.1981182098388672
5.508859634399414
3.6459312438964844
12.059471130371094
1.803314208984375
14.779808044433594
15.54494857788086
3.845937728881836
16.977882385253906
5.672143936157227
2.206554412841797
3.293447494506836
8.798885345458984
1.2957420349121094
10.708175659179688
8.57403564453125
17.605195999145508
17.062715530395508
23.3160457611084
24.64833641052246
12.880685806274414
21.658836364746094
25.662996292114258
17.51237678527832
15.921417236328125
16.667659759521484
15.307458877563477
14.838077545166016
0.0
0.08755111694335938
0.10242843627929688
0.019626617431640625
0.08201980590820312
0.02767181396484375
0.0821075439453125
0.03426361083984375
0.0795135498046875
0.2890434265136719
0.5344581604003906
0.56219482421875
0.5561199188232422
1.7333621978759766
1.519205093383789
4.410083770751953
1.0707588195800781
1.0742874145507812
1.8419170379638672
2.107645034790039
1.7194290161132812
11.185239791870117
13.497137069702148
11.703714370727539
1.8365840911865234
21.167957305908203
23.693458557128906
12.401081085205078
12.857683181762695
13.773298263549805
0.00213623046875
0.125030517578125
0.06702423095703125
0.0579833984375
0.08245086669921875
0.13974761962890625
0.2323150634765625
0.7787380218505859
1.4887619018554688
0.8293228149414062
0.6240177154541016
3.5874385833740234
1.3331623077392578
1.174245834350586
15.611457824707031
2.3217811584472656
11.571901321411133
1.4714546203613281
13.80246353149414
22.90431785583496
22.286502838134766
15.902456283569336
11.547964096069336
12.823720932006836
14.804716110229492
0.07699775695800781
0.054737091064453125
0.1001434326171875
0.5012931823730469
0.5632820129394531
0.7235221862792969
0.9934062957763672
1.800973892211914
6.593662261962891
2.652189254760742
1.2191390991210938
21.12480926513672
14.187583923339844
0.0
0.059650421142578125
0.08368301391601562
0.06971359252929688
0.16052627563476562
0.26160430908203125
0.5553627014160156
1.3690299987792969
0.5188980102539062
1.5157146453857422
2.957794189453125
1.4196834564208984
24.655780792236328
15.140487670898438
14.532743453979492
0.06365203857421875
0.06489181518554688
0.7297515869140625
1.4269027709960938
1.4126930236816406
4.900386810302734
0.1041717529296875
0.22725296020507812
3.3082542419433594
1.7757644653320312
1.4922199249267578
6.667451858520508
17.532014846801758
23.538307189941406
15.566436767578125
14.721302032470703
13.989376068115234
0.0
10.812786102294922
1.5472984313964844
22.72283935546875
17.766864776611328
16.729331970214844
0.2655601501464844
1.1094379425048828
4.867855072021484
1.9791488647460938
21.996540069580078
24.101879119873047
17.76142120361328
13.431245803833008
0.0
1.5403308868408203
4.643951416015625
21.39213752746582
0.0
0.12571334838867188
13.609413146972656
4.9591064453125e-05
0.17243576049804688
5.393930435180664
2.2734947204589844
0.0028839111328125
0.0196380615234375
11.627664566040039
0.040691375732421875
1.932626724243164
5.823539733886719
1.6487712860107422
0.06298065185546875
1.4387950897216797
8.445775985717773
11.412738800048828
1.1589241027832031
7.977834701538086
0.09053421020507812
1.3973522186279297
6.230531692504883
7.09718132019043
1.3602466583251953
4.825538635253906
18.620220184326172
0.088714599609375
0.19385147094726562
9.801248550415039
1.4061527252197266
10.924724578857422
3.4482803344726562
1.7706050872802734
14.00224494934082
