9.876351576561311e-42
2.8965301513671875
5.429557800292969
3.6749954223632812
10.54425048828125
0.9256744384765625
7.789825439453125
14.027725219726562
16.0240478515625
26.060928344726562
7.052696228027344
5.483268737792969
12.538368225097656
36.37086486816406
29.763748168945312
0.56170654296875
14.098846435546875
4.894447326660156
17.708702087402344
6.400909423828125
25.77165985107422
13.500129699707031
19.580223083496094
15.432609558105469
10.836151123046875
11.621429443359375
12.326957702636719
0.203948974609375
0.156829833984375
13.247688293457031
6.439262390136719
5.3910064697265625
0.7768630981445312
7.4445953369140625
4.3656463623046875
1.5333404541015625
1.7455368041992188
0.8987655639648438
5.752601623535156
6.9095916748046875
2.297821044921875
2.800018310546875
4.618736267089844
1.38470458984375
1.5051727294921875
9.594017028808594
12.610710144042969
6.092826843261719
35.233253479003906
5.042816162109375
14.209220886230469
18.20318603515625
9.31939697265625
16.4158935546875
28.76050567626953
21.91992950439453
5.2884063720703125
5.2456207275390625
6.5932769775390625
7.9408416748046875
2.6524429321289062
8.757637023925781
7.839019775390625
9.600570678710938
4.683662414550781
22.162994384765625
19.604759216308594
11.74603271484375
22.923484802246094
21.83777618408203
3.3087615966796875
4.870635986328125
5.926612854003906
8.1820068359375
6.9940948486328125
9.330604553222656
17.475143432617188
15.827278137207031
25.40234375
19.22087860107422
1.8045578002929688
4.242515563964844
7.3506011962890625
14.731956481933594
8.942787170410156
20.595718383789062
12.582969665527344
10.23236083984375
15.211257934570312
0.569061279296875
7.933845520019531
10.183563232421875
15.365249633789062
18.00971221923828
3.7380447387695312
16.31104278564453
14.190010070800781
7.8006744384765625
0.38294219970703125
9.625312805175781
0.7977447509765625
12.598892211914062
15.779525756835938
11.16094970703125
12.016868591308594
9.718971252441406
7.006034851074219
10.70880126953125
0.1844482421875
2.2657241821289062
6.885528564453125
17.773513793945312
1.628662109375
4.61993408203125
22.81560516357422
1.4806594848632812
0.79083251953125
8.257850646972656
3.856475830078125
4.320854187011719
22.15052032470703
0.25408935546875
5.5992431640625
8.661712646484375
5.562034606933594
24.204627990722656
6.0052337646484375
28.351356506347656
9.069709777832031
6.5267791748046875
17.605751037597656
6.444915771484375
12.340469360351562
9.178504943847656
9.721641540527344
16.86254119873047
11.775672912597656
13.901611328125
17.15447235107422
4.872833251953125
21.28863525390625
13.563102722167969
8.990928649902344
12.564552307128906
17.411727905273438
29.570541381835938
27.21979522705078
22.30030059814453
14.431716918945312
17.949928283691406
21.054039001464844
17.057449340820312
14.64886474609375
10.741653442382812
7.996307373046875
1.0769195556640625
6.896064758300781
14.57244873046875
17.033180236816406
7.274688720703125
9.824905395507812
15.712745666503906
5.4217071533203125
8.316070556640625
5.500801086425781
12.521049499511719
5.633689880371094
20.502975463867188
26.979171752929688
4.834495544433594
20.605911254882812
8.604957580566406
2.58416748046875
11.10540771484375
6.07354736328125
6.356414794921875
1.3123626708984375
8.626319885253906
7.431854248046875
41.96453094482422
5.7279510498046875
46.492897033691406
15.947158813476562
8.584495544433594
2.88800048828125
12.553382873535156
12.275642395019531
4.47991943359375
11.78875732421875
11.676727294921875
3.0370712280273438
4.91778564453125
7.318946838378906
6.2826690673828125
2.2458572387695312
2.6033859252929688
5.861106872558594
15.718658447265625
5.267341613769531
24.442123413085938
14.420402526855469
1.1366424560546875
4.580772399902344
15.006385803222656
20.934844970703125
14.058464050292969
16.814720153808594
1.8210525512695312
43.29633331298828
6.796272277832031
34.18046569824219
8.848106384277344
9.183692932128906
21.635963439941406
4.166419982910156
33.97637176513672
29.715538024902344
6.211860656738281
5.321296691894531
21.509506225585938
9.294944763183594
6.7144927978515625
9.308372497558594
7.1295013427734375
15.271049499511719
4.740837097167969
21.555206298828125
12.106849670410156
4.712196350097656
34.8209228515625
1.3561859130859375
10.065910339355469
10.677955627441406
9.490379333496094
4.3436279296875
19.50463104248047
1.5710525512695312
14.138618469238281
16.03130340576172
1.72515869140625
2.3668365478515625
3.5745849609375
3.4801483154296875
8.842376708984375
10.515892028808594
2.7442092895507812
12.568687438964844
40.939170837402344
28.248062133789062
39.34105682373047
20.80304718017578
39.40019989013672
38.7635498046875
39.59956359863281
30.765281677246094
13.819206237792969
13.760139465332031
12.699607849121094
12.977622985839844
15.127998352050781
19.71758270263672
10.266998291015625
7.9803924560546875
11.716110229492188
8.181297302246094
9.144462585449219
2.57855224609375
3.201019287109375
8.530059814453125
20.205581665039062
31.15184783935547
34.903221130371094
36.64067840576172
28.32483673095703
2.1386795043945312
4.744972229003906
9.856986999511719
8.391014099121094
32.53645324707031
10.900154113769531
18.998779296875
4.3368988037109375
23.755897521972656
15.92669677734375
24.662925720214844
13.15887451171875
4.55426025390625
18.760032653808594
19.456100463867188
11.808700561523438
10.038253784179688
47.56165313720703
3.099609375
34.68316650390625
5.549949645996094
20.183700561523438
23.468116760253906
24.004722595214844
8.844306945800781
19.445579528808594
11.6834716796875
2.4779891967773438
29.592147827148438
8.086029052734375
6.560142517089844
1.3900909423828125
9.832984924316406
7.548149108886719
19.453536987304688
9.052268981933594
16.363807678222656
30.41033935546875
13.11822509765625
9.682640075683594
19.594207763671875
8.586402893066406
5.667793273925781
4.5584869384765625
16.93183135986328
6.9690399169921875
17.427696228027344
16.167518615722656
9.178375244140625
31.176124572753906
18.710655212402344
12.207168579101562
19.792312622070312
25.386367797851562
26.370269775390625
19.95905303955078
17.181175231933594
35.376380920410156
16.9276123046875
18.433349609375
19.374168395996094
19.4775390625
40.073951721191406
24.393203735351562
28.362831115722656
28.99376678466797
29.629310607910156
17.323448181152344
11.485244750976562
1.326629638671875
3.0108184814453125
23.520904541015625
9.423530578613281
0.37834930419921875
4.871246337890625
4.2234649658203125
9.538543701171875
13.360580444335938
22.333938598632812
10.976112365722656
12.986541748046875
30.424476623535156
8.642112731933594
34.494117736816406
8.127357482910156
29.889297485351562
37.13496398925781
44.280181884765625
40.00898742675781
7.088958740234375
11.480720520019531
25.601463317871094
6.994537353515625
8.554061889648438
0.34021759033203125
34.86255645751953
24.98974609375
25.14720916748047
32.30342102050781
10.419464111328125
5.86761474609375
34.659454345703125
25.362449645996094
6.59820556640625
19.77422332763672
6.975128173828125
34.62677764892578
27.28858184814453
39.66490173339844
13.42364501953125
3.3254852294921875
9.308265686035156
40.240631103515625
47.536956787109375
50.229087829589844
2.318878173828125
10.618614196777344
50.32818603515625
1.2666397094726562
11.127006530761719
39.21113586425781
5.121635437011719
7.831214904785156
12.308723449707031
16.64739227294922
17.947547912597656
25.485626220703125
41.811805725097656
35.036537170410156
36.83534240722656
37.14154052734375
10.662384033203125
12.194259643554688
35.45207977294922
42.451568603515625
5.479148864746094
32.77996063232422
40.347625732421875
19.27796173095703
8.90057373046875
45.159767150878906
36.3765869140625
20.44953155517578
8.119888305664062
5.238334655761719
0.9386138916015625
0.433319091796875
0.39288330078125
0.49689483642578125
1.0899581909179688
1.1297531127929688
3.0222244262695312
4.950706481933594
10.065292358398438
12.969215393066406
11.049766540527344
11.054252624511719
4.082550048828125
10.151741027832031
17.432090759277344
18.291587829589844
19.838485717773438
17.371841430664062
16.8275146484375
33.506988525390625
31.589569091796875
10.290573120117188
27.36639404296875
45.907691955566406
28.994338989257812
48.96046447753906
36.647789001464844
18.53594207763672
29.23828125
37.369781494140625
35.398101806640625
37.42778778076172
28.991424560546875
16.421371459960938
27.083213806152344
41.76637268066406
28.638519287109375
37.054168701171875
31.459678649902344
43.08837890625
41.65838623046875
37.79931640625
36.900352478027344
38.949256896972656
44.340431213378906
41.210838317871094
45.81446075439453
48.825721740722656
45.26525115966797
41.9053955078125
46.399513244628906
39.64306640625
41.252655029296875
38.690040588378906
25.731666564941406
18.45928192138672
11.470870971679688
7.605743408203125
34.541259765625
34.72148132324219
33.22483825683594
44.01695251464844
31.861190795898438
12.324066162109375
34.637123107910156
9.923538208007812
21.495880126953125
30.3397216796875
23.689987182617188
20.55780029296875
33.182861328125
12.806251525878906
33.66838073730469
21.406036376953125
22.737319946289062
23.49127960205078
24.524337768554688
18.941246032714844
25.113616943359375
13.278312683105469
22.384262084960938
20.447647094726562
13.090377807617188
34.018272399902344
11.451568603515625
47.73296356201172
28.53418731689453
32.090606689453125
31.00098419189453
23.83074951171875
26.721908569335938
19.672683715820312
20.13758087158203
23.747779846191406
24.520599365234375
21.841598510742188
18.893356323242188
33.421051025390625
13.600028991699219
22.7008056640625
14.873138427734375
20.349525451660156
16.552528381347656
13.255378723144531
26.29126739501953
24.578590393066406
35.4456787109375
19.604408264160156
31.52196502685547
22.464736938476562
14.005828857421875
15.751785278320312
20.01087188720703
31.058074951171875
28.658096313476562
15.640922546386719
24.61553955078125
16.976852416992188
28.71087646484375
27.93250274658203
25.026168823242188
20.154922485351562
16.08527374267578
28.64313507080078
13.803596496582031
19.715286254882812
23.736587524414062
16.554840087890625
19.636383056640625
12.5970458984375
8.721160888671875
18.724159240722656
12.495529174804688
23.214622497558594
17.704010009765625
24.910324096679688
28.337234497070312
18.234970092773438
15.039337158203125
18.008644104003906
16.820404052734375
24.40563201904297
31.139671325683594
14.883743286132812
12.953125
14.196685791015625
9.454544067382812
5.0040283203125
6.52435302734375
11.5528564453125
14.830291748046875
5.910987854003906
4.703224182128906
7.845237731933594
8.73382568359375
4.9758758544921875
2.9204559326171875
6.9019622802734375
0.47943115234375
1.9116134643554688
5.73480224609375
6.6839447021484375
0.1620330810546875
1.0566940307617188
2.361785888671875
1.692718505859375
3.9803314208984375
0.6598587036132812
2.1535568237304688
2.2161407470703125
0.97723388671875
0.288482666015625
3.8984375
5.690093994140625
1.3448638916015625
1.2405853271484375
5.6988372802734375
6.43646240234375
5.325531005859375
4.533302307128906
4.058135986328125
8.840843200683594
1.5715866088867188
3.5259552001953125
5.384284973144531
10.455924987792969
2.7418746948242188
16.354934692382812
4.8170013427734375
7.0878143310546875
12.259780883789062
2.0074005126953125
2.5095672607421875
1.2363052368164062
1.258941650390625
5.3365478515625
1.044921875
8.655685424804688
11.79010009765625
1.4353790283203125
0.5327377319335938
3.671417236328125
1.3631134033203125
1.7267990112304688
6.1911468505859375
5.978202819824219
0.9055404663085938
0.6260452270507812
2.02557373046875
0.594757080078125
3.57818603515625
1.6641311645507812
1.0335845947265625
2.9191055297851562
1.1410598754882812
4.357078552246094
12.355720520019531
3.4678573608398438
2.3668746948242188
5.7969512939453125
3.494598388671875
1.3767242431640625
9.310653686523438
53.93133544921875
24.39698028564453
17.0928955078125
16.129295349121094
15.192001342773438
12.946197509765625
5.234344482421875
12.039413452148438
11.337127685546875
4.783515930175781
9.743499755859375
10.053421020507812
3.766998291015625
1.0510711669921875
1.0558395385742188
0.7421417236328125
1.9137191772460938
5.179656982421875
1.7306976318359375
5.608619689941406
0.7453765869140625
6.106559753417969
2.4309921264648438
1.1938858032226562
0.237335205078125
0.5879058837890625
0.4064483642578125
0.19893646240234375
10.587409973144531
20.997154235839844
2.4781951904296875
22.364776611328125
1.9896163940429688
15.7783203125
17.49614715576172
12.157890319824219
18.75518798828125
8.186126708984375
16.886627197265625
10.725334167480469
12.914909362792969
10.780174255371094
5.1596527099609375
0.716888427734375
11.810592651367188
14.96734619140625
2.7007675170898438
11.134613037109375
3.38079833984375
12.574150085449219
2.1160049438476562
4.580169677734375
12.689865112304688
1.2570037841796875
5.804046630859375
4.1737213134765625
9.9678955078125
6.826576232910156
1.832366943359375
0.177978515625
0.155181884765625
10.30035400390625
12.558380126953125
6.4865570068359375
1.2185211181640625
1.1841583251953125
1.5708770751953125
8.893013000488281
0.45770263671875
0.1169891357421875
2.8564605712890625
11.123054504394531
9.247825622558594
7.248649597167969
0.401458740234375
0.117828369140625
1.77630615234375
0.10406494140625
8.341339111328125
5.533294677734375
1.13592529296875
10.652557373046875
5.6574554443359375
9.920806884765625
4.968658447265625
19.966278076171875
0.786102294921875
4.876411437988281
5.17718505859375
2.9218978881835938
7.04962158203125
1.7044830322265625
9.84722900390625
5.9448089599609375
8.29046630859375
6.486480712890625
3.44781494140625
3.2367630004882812
4.6969757080078125
3.9257278442382812
8.536201477050781
6.960968017578125
4.992500305175781
5.4217681884765625
7.7458343505859375
2.61297607421875
3.9137496948242188
4.9466094970703125
1.7927398681640625
7.7412261962890625
11.627700805664062
5.0609130859375
6.889678955078125
5.7182464599609375
3.6096572875976562
0.2823638916015625
1.06787109375
4.8074188232421875
0.3129730224609375
0.3506927490234375
7.550933837890625
6.701438903808594
8.839942932128906
2.3566207885742188
0.28704833984375
7.7906494140625
8.495208740234375
8.596969604492188
11.002044677734375
0.7369003295898438
7.8494415283203125
3.28662109375
7.801994323730469
10.68084716796875
5.659423828125
3.891693115234375
2.8634033203125
0.6756134033203125
1.332550048828125
0.5196456909179688
5.2474517822265625
3.368896484375
0.468841552734375
1.7469329833984375
5.3208160400390625
10.497764587402344
13.417030334472656
21.600120544433594
11.476982116699219
7.214622497558594
17.348724365234375
13.925727844238281
18.02972412109375
8.656768798828125
19.793678283691406
14.641944885253906
7.608123779296875
1.4594879150390625
6.773536682128906
1.9247283935546875
1.9938735961914062
2.3941116333007812
1.11761474609375
2.3521499633789062
0.44797515869140625
0.414276123046875
0.4473419189453125
12.546318054199219
15.343124389648438
17.04583740234375
15.224159240722656
8.252815246582031
4.616691589355469
11.336944580078125
2.0190048217773438
8.384681701660156
16.732894897460938
3.90362548828125
7.27020263671875
0.191070556640625
14.480239868164062
0.123870849609375
8.7880859375
9.697906494140625
4.7332763671875
5.757293701171875
16.443984985351562
5.9547576904296875
7.149322509765625
3.6890487670898438
2.695343017578125
4.735107421875
8.035202026367188
7.745429992675781
6.152931213378906
9.987327575683594
10.624267578125
8.983787536621094
0.46254730224609375
1.64227294921875
2.95733642578125
1.1211776733398438
1.5934982299804688
1.3192825317382812
24.56195831298828
30.244728088378906
17.81682586669922
2.9399490356445312
1.4481887817382812
2.2079010009765625
2.23321533203125
0.67022705078125
5.295143127441406
1.2632217407226562
0.9969024658203125
9.392189025878906
14.5443115234375
8.6116943359375
5.820976257324219
16.65473175048828
12.753082275390625
0.2147979736328125
7.138092041015625
5.947044372558594
3.940948486328125
4.56396484375
6.624908447265625
7.814544677734375
0.873443603515625
6.807014465332031
7.1773681640625
3.3276290893554688
4.4793548583984375
16.443870544433594
7.848838806152344
74.75556182861328
6.192779541015625
3.64617919921875
1.0913925170898438
1.6769561767578125
1.418487548828125
4.856056213378906
8.57940673828125
2.4396209716796875
17.645713806152344
8.324348449707031
9.809349060058594
1.3967742919921875
10.313423156738281
3.163177490234375
14.378555297851562
4.563774108886719
1.0459747314453125
5.5189361572265625
6.35821533203125
1.6358871459960938
0.761993408203125
2.5861740112304688
12.18017578125
4.9268951416015625
1.8798828125
1.7555389404296875
2.0433807373046875
11.722190856933594
9.243934631347656
13.331069946289062
10.915061950683594
0.1464996337890625
7.7785186767578125
5.698272705078125
5.915802001953125
3.6800537109375
10.983238220214844
35.59510803222656
0.5503616333007812
1.0759429931640625
1.3194427490234375
1.978363037109375
5.950721740722656
7.666679382324219
10.265274047851562
1.5292739868164062
7.857200622558594
6.52960205078125
8.822212219238281
7.882293701171875
7.140892028808594
12.813873291015625
0.4813995361328125
1.2023086547851562
0.244232177734375
11.837654113769531
10.768386840820312
6.429779052734375
0.43581390380859375
0.3941802978515625
6.078826904296875
10.380966186523438
4.791168212890625
2.7881851196289062
2.8748855590820312
5.1799774169921875
4.3850555419921875
4.2280426025390625
11.517036437988281
29.75312042236328
11.0570068359375
6.4954376220703125
5.8287200927734375
2.1330795288085938
1.73712158203125
0.18792724609375
0.2252197265625
3.5115203857421875
1.179840087890625
5.201416015625
4.892280578613281
0.7058334350585938
8.056808471679688
19.25933837890625
6.4097747802734375
3.8029632568359375
4.147193908691406
12.001152038574219
1.6526107788085938
7.0029754638671875
13.907966613769531
1.8832244873046875
3.7611846923828125
0.12933349609375
16.06085205078125
11.969940185546875
6.169410705566406
8.877388000488281
0.134185791015625
6.50146484375
1.851654052734375
5.1486663818359375
0.873504638671875
11.855804443359375
3.1798858642578125
4.1148223876953125
12.13629150390625
4.1164398193359375
0.506195068359375
2.7803192138671875
1.4669952392578125
0.13006591796875
12.67547607421875
2.2957611083984375
2.1675491333007812
0.348419189453125
9.778915405273438
1.7705841064453125
4.301612854003906
0.5134735107421875
0.116363525390625
7.836639404296875
