9.876351576561311e-42
0.2799568176269531
6.195417404174805
0.0
0.3728313446044922
0.0
5.019931793212891
12.555660247802734
1.2937183380126953
0.4018440246582031
3.215961456298828
1.8090362548828125
1.8302726745605469
0.20430374145507812
0.2880096435546875
4.45435905456543
0.21654891967773438
1.1443748474121094
0.1215362548828125
0.5965232849121094
0.001171112060546875
0.4527778625488281
3.5476455688476562
3.543478012084961
1.5910987854003906
0.5101966857910156
0.3468055725097656
0.3830108642578125
0.16366958618164062
0.663177490234375
0.0
0.5442771911621094
0.13945770263671875
0.0
0.3105354309082031
0.00778961181640625
0.10105514526367188
0.012760162353515625
0.3374214172363281
0.08809661865234375
0.00295257568359375
0.056400299072265625
1.999898910522461
3.187061309814453
0.0
2.9567317962646484
27.975854873657227
2.678598403930664
0.3038825988769531
20.434965133666992
1.4835948944091797
0.13829803466796875
2.680225372314453
0.2926826477050781
2.012819290161133
0.006927490234375
0.7408313751220703
0.0
0.5022048950195312
0.004512786865234375
7.2288818359375
2.8065929412841797
0.27381324768066406
12.786911010742188
10.602470397949219
0.24124526977539062
0.13620758056640625
1.323965072631836
6.23179817199707
0.061832427978515625
0.0
0.029266357421875
8.14407730102539
6.4700775146484375
1.3007984161376953
21.037778854370117
0.21115493774414062
0.19552230834960938
9.522758483886719
0.01184844970703125
0.20166015625
0.0
8.645101547241211
1.2228107452392578
4.567922592163086
0.10570144653320312
0.5702285766601562
0.5382957458496094
0.13096237182617188
0.2612953186035156
2.401021957397461
14.123790740966797
0.2823753356933594
0.086944580078125
0.0
1.159841537475586
0.5180931091308594
0.4469032287597656
0.19738388061523438
14.130504608154297
4.479097366333008
0.29766082763671875
0.0
0.0
20.916711807250977
2.238882064819336
3.7130813598632812
0.4753570556640625
0.10267829895019531
0.0
4.5630035400390625
0.8178539276123047
2.3889102935791016
0.0
0.34809112548828125
0.12371635437011719
0.07628631591796875
9.566566467285156
0.028261184692382812
2.4893131256103516
0.21730422973632812
0.2550048828125
0.0
0.05761528015136719
0.0
0.19649505615234375
0.0
0.16457366943359375
0.7572212219238281
0.0
0.0
8.016197204589844
0.00133514404296875
0.007068634033203125
0.0093231201171875
0.001422882080078125
1.7038307189941406
0.7695827484130859
0.4095726013183594
0.3798351287841797
0.18462371826171875
0.2552356719970703
0.49104881286621094
0.3217906951904297
0.2858695983886719
0.14262771606445312
0.15015792846679688
0.15822601318359375
0.027568817138671875
0.10152053833007812
0.11045074462890625
0.14529037475585938
0.269195556640625
0.3510398864746094
0.7078361511230469
0.5335540771484375
0.6287155151367188
0.6690788269042969
0.5580368041992188
0.364959716796875
0.1714324951171875
0.20513916015625
0.0
0.0
0.0
0.0
0.019092559814453125
4.9591064453125e-05
0.18263626098632812
0.0345001220703125
0.07584381103515625
0.021471023559570312
0.0
0.3373546600341797
1.2192726135253906
0.15706634521484375
0.1291046142578125
0.559722900390625
3.7267723083496094
0.39974021911621094
0.6089897155761719
0.7959499359130859
0.7254276275634766
1.022775650024414
0.18892288208007812
0.8091545104980469
0.9585208892822266
0.9050579071044922
4.559907913208008
1.7547626495361328
1.7712745666503906
0.8039989471435547
1.0271415710449219
1.2201461791992188
1.2671699523925781
1.1670341491699219
0.0
0.0
0.0
0.08588409423828125
0.029817581176757812
0.0
0.5497112274169922
3.053192138671875
2.5295467376708984
8.87663459777832
4.515361785888672
0.006282806396484375
1.101858139038086
1.1514720916748047
1.3871173858642578
0.0
0.0
0.7016277313232422
0.3424701690673828
0.4437675476074219
0.2701454162597656
0.0
0.12332344055175781
0.8863849639892578
0.6824741363525391
0.5612907409667969
0.579559326171875
1.4548053741455078
0.2863636016845703
0.0
1.813985824584961
0.0
0.05068206787109375
4.413642883300781
0.9858379364013672
0.09393119812011719
0.1654796600341797
0.21286392211914062
0.11342811584472656
0.35691070556640625
1.7993335723876953
0.2324047088623047
0.4838523864746094
1.459075927734375
1.008443832397461
0.04740715026855469
0.4947547912597656
0.05315399169921875
0.15297317504882812
0.19804000854492188
0.5792770385742188
0.7276611328125
2.051607131958008
6.229219436645508
1.0631542205810547
0.4346923828125
1.4805183410644531
2.1946163177490234
0.2960033416748047
0.5979175567626953
0.504119873046875
0.09199905395507812
0.0
0.0
0.029514312744140625
0.0
0.0
0.0
0.0
0.0
0.0
0.0
0.0
0.0
0.029537200927734375
0.00274658203125
0.021112442016601562
0.0
0.0
0.0
0.0
0.0
0.0
2.7302780151367188
1.0198230743408203
0.0
0.0
7.030979156494141
0.03961181640625
0.0123291015625
0.0
0.0
0.0
0.0
0.0
0.0
0.0
0.0
0.0
0.2673778533935547
0.2635021209716797
0.0
0.0
0.0020961761474609375
0.0049915313720703125
0.0
0.0
0.0
0.0
0.0
0.0
0.0
0.05895042419433594
0.0
0.05895042419433594
0.0
0.0
0.0
0.0224761962890625
0.0
0.0
0.0
0.0
0.0
0.07501602172851562
0.0
0.0
0.0
0.0
0.21778106689453125
0.0
0.1277313232421875
0.0
0.0
0.0
0.0
0.0
0.0083770751953125
0.022274017333984375
0.02252960205078125
0.00594329833984375
0.0
0.0018596649169921875
0.0003719329833984375
0.0
0.0
0.0
0.006351470947265625
0.0
0.19530487060546875
0.047748565673828125
0.00540924072265625
0.1424274444580078
0.6799678802490234
0.6198539733886719
7.734851837158203
3.114816665649414
8.699947357177734
0.9121379852294922
0.21667098999023438
0.11188888549804688
0.6002388000488281
0.3253173828125
0.14279937744140625
0.13080215454101562
0.15447616577148438
0.06806182861328125
0.30193328857421875
0.6363143920898438
0.20840072631835938
0.00522613525390625
0.2467174530029297
0.04671287536621094
5.879556655883789
0.5465068817138672
2.3861141204833984
19.702213287353516
0.2860755920410156
0.49178314208984375
0.19137954711914062
0.12900924682617188
0.3843803405761719
0.07377243041992188
0.020481109619140625
9.973344802856445
4.4512939453125
5.4560699462890625
0.7015762329101562
0.014984130859375
1.4465694427490234
1.2608909606933594
1.3654613494873047
0.3798065185546875
0.4331378936767578
3.1983394622802734
1.077688217163086
0.2592201232910156
5.185863494873047
0.6881923675537109
0.1982555389404297
0.0855865478515625
1.2938270568847656
0.1884593963623047
0.12397003173828125
1.0594558715820312
0.5805988311767578
0.4081611633300781
0.9733180999755859
0.5399665832519531
0.232879638671875
0.15535736083984375
0.138641357421875
0.49146270751953125
0.19530487060546875
0.10970687866210938
0.2783966064453125
0.07075119018554688
0.23717117309570312
0.10004425048828125
0.1321258544921875
0.11290740966796875
0.0
0.0
0.02591705322265625
0.03544807434082031
0.05614280700683594
0.047882080078125
0.1233062744140625
0.24810791015625
0.3236236572265625
0.2667884826660156
0.5886726379394531
0.4814186096191406
0.35482025146484375
0.473724365234375
0.48511505126953125
0.2923698425292969
0.4451255798339844
0.15212631225585938
0.12408065795898438
0.175537109375
0.10681533813476562
8.768423080444336
0.4790668487548828
0.00412750244140625
0.6953353881835938
0.00550079345703125
0.7999553680419922
0.9900989532470703
0.06259536743164062
0.20568466186523438
5.198442459106445
0.225494384765625
0.1298809051513672
0.350799560546875
0.18042755126953125
0.4520988464355469
0.9703731536865234
0.12039947509765625
0.7832984924316406
1.1959514617919922
0.6959724426269531
13.497135162353516
0.2952308654785156
0.017910003662109375
0.206787109375
0.14183807373046875
13.174690246582031
0.01309967041015625
0.7441787719726562
0.1730327606201172
0.01727294921875
0.3373832702636719
0.12512969970703125
0.245025634765625
0.096923828125
0.24122238159179688
0.19133377075195312
0.11518096923828125
0.3503303527832031
0.7781219482421875
0.03597259521484375
0.059543609619140625
0.02738189697265625
1.0426578521728516
0.1631622314453125
0.2480316162109375
0.19112777709960938
0.5988349914550781
0.21405029296875
0.33911895751953125
0.06725311279296875
0.17303085327148438
0.6358604431152344
0.40019989013671875
0.15485382080078125
0.3302879333496094
0.11815643310546875
0.22733688354492188
0.13014984130859375
0.30576324462890625
0.1323089599609375
0.665130615234375
0.05747222900390625
0.089202880859375
0.21229934692382812
0.11487197875976562
0.3338127136230469
0.3439960479736328
0.08425140380859375
0.14888381958007812
0.22401809692382812
0.11439895629882812
0.087677001953125
0.388092041015625
0.09857559204101562
0.12194442749023438
0.15868759155273438
0.1178131103515625
0.1838531494140625
0.1116790771484375
0.39910888671875
0.17667770385742188
0.34311676025390625
0.4497528076171875
0.3103828430175781
0.3872222900390625
0.3529396057128906
0.054553985595703125
0.38312721252441406
0.23846435546875
0.10846710205078125
0.4911155700683594
0.420196533203125
0.3978729248046875
0.3061714172363281
0.50152587890625
0.15172958374023438
0.35932159423828125
0.1479339599609375
0.3912811279296875
0.16187667846679688
0.13549041748046875
0.09398269653320312
0.40296173095703125
0.4748954772949219
0.4912834167480469
0.3910636901855469
0.12267684936523438
0.09478378295898438
0.4100494384765625
0.16606521606445312
0.6497421264648438
0.4188690185546875
0.40091705322265625
0.6197853088378906
0.458465576171875
0.4580726623535156
0.07091903686523438
0.059078216552734375
0.2739753723144531
0.3504447937011719
0.47173309326171875
0.3188056945800781
0.31073760986328125
0.36898040771484375
0.4540824890136719
0.4018592834472656
0.44582366943359375
0.4368553161621094
0.33431243896484375
0.11035919189453125
0.0
0.00330352783203125
0.0
0.0
0.0
0.0
0.0
0.0
0.0
0.0
0.0
0.0
0.0
0.0
0.0
0.0
0.0
0.0
0.0
0.0
0.0
0.0
0.0
0.0
0.0
0.00473785400390625
0.00048828125
0.0
0.0
0.0
0.0
0.0
0.0
0.0
0.0
0.0
0.0
0.0
0.0
0.0
0.0
0.0
0.0
0.0
0.0
0.0
0.0
0.0
0.0
0.0
0.0
0.0
0.0
0.0
0.0
0.0
0.0
0.0
0.0
0.0
0.0
0.0
0.0
0.0
0.0
0.0
0.0
0.0
0.0
0.0
0.0
0.0
0.0
0.0
0.015970230102539062
0.0
0.0324249267578125
0.03188323974609375
0.00853729248046875
0.0
0.009571075439453125
0.01076507568359375
0.0
0.000675201416015625
0.0
0.09273147583007812
0.002349853515625
0.050384521484375
0.13809967041015625
0.07918930053710938
0.0378875732421875
0.01874542236328125
0.058376312255859375
0.001590728759765625
0.0260009765625
0.034320831298828125
0.009792327880859375
0.011005401611328125
0.021915435791015625
0.05632781982421875
0.04342079162597656
0.03882598876953125
0.003726959228515625
0.0
0.0
0.0
0.0146484375
0.0
0.0
0.033939361572265625
0.0
0.5544624328613281
0.00634765625
0.053302764892578125
0.01683807373046875
0.5222702026367188
0.301483154296875
0.8891067504882812
0.7329063415527344
0.03136444091796875
0.8878211975097656
0.106689453125
0.7701873779296875
0.021312713623046875
0.731170654296875
0.0050048828125
0.00048065185546875
0.6212272644042969
0.0
0.0
4.9591064453125e-05
0.055614471435546875
0.407958984375
0.3520240783691406
0.3845176696777344
0.0
0.0263519287109375
0.10558319091796875
0.6080398559570312
0.6773529052734375
0.705047607421875
0.0
0.0506744384765625
0.400482177734375
0.6016120910644531
0.0
0.0
0.4937286376953125
0.3303108215332031
0.18154144287109375
0.848785400390625
0.32712554931640625
0.0
0.04763031005859375
0.0333099365234375
0.10406494140625
0.7275199890136719
0.06159210205078125
0.0
0.0
0.407958984375
0.0
0.0
0.0
0.2864227294921875
0.5606842041015625
0.0649871826171875
0.3712158203125
0.0
0.7233543395996094
0.000377655029296875
0.07155609130859375
0.22478866577148438
0.0128173828125
0.0
0.4938468933105469
0.06933975219726562
0.3269805908203125
0.0
0.12828445434570312
0.055644989013671875
0.2568931579589844
0.0
0.019123077392578125
0.367919921875
0.0
0.0
0.4370307922363281
0.06744003295898438
0.24769210815429688
0.13038253784179688
0.00762939453125
0.21479415893554688
0.141326904296875
0.0
0.056182861328125
0.0
0.2867088317871094
0.11954879760742188
0.1812896728515625
0.02173614501953125
0.005603790283203125
0.0
0.20173263549804688
0.0
0.047100067138671875
0.2352447509765625
0.0
0.11357498168945312
0.00087738037109375
0.2837066650390625
0.3887214660644531
0.0202484130859375
0.0494232177734375
0.0464324951171875
0.2700347900390625
0.0139617919921875
0.11783218383789062
0.026332855224609375
0.3042716979980469
0.2987327575683594
0.3903999328613281
0.20101547241210938
0.037097930908203125
0.24488449096679688
0.6622352600097656
0.13766860961914062
0.17959213256835938
0.0
0.013011932373046875
0.02150726318359375
0.0
0.008518218994140625
0.008365631103515625
0.02352142333984375
0.029132843017578125
0.008876800537109375
0.029232025146484375
0.02691650390625
0.08013534545898438
0.0621795654296875
0.0
0.0
0.0
0.0137481689453125
0.137054443359375
0.3572883605957031
0.0021820068359375
0.9893112182617188
0.057857513427734375
0.01552581787109375
0.014308929443359375
0.1169281005859375
0.0944061279296875
0.0
0.3825569152832031
0.0
0.0
0.15473556518554688
0.0
0.06579971313476562
0.4843177795410156
0.14498519897460938
0.055267333984375
0.5867919921875
0.0
0.06795883178710938
0.037841796875
0.025310516357421875
0.0
0.0
0.3836021423339844
0.02870941162109375
0.0
0.09345245361328125
0.31018829345703125
0.2663116455078125
0.0
0.9254989624023438
0.0
0.00817108154296875
0.00832366943359375
0.011249542236328125
0.038654327392578125
0.01094818115234375
0.122772216796875
0.0
0.36519622802734375
0.037448883056640625
0.0
0.015087127685546875
0.07720184326171875
0.632049560546875
0.0481414794921875
0.007801055908203125
1.0079612731933594
0.0
0.6785202026367188
0.3339958190917969
0.4255256652832031
0.00826263427734375
0.0
0.04671478271484375
0.6550407409667969
0.0
0.001262664794921875
0.2678031921386719
0.21918487548828125
0.2102813720703125
0.011445999145507812
0.03528594970703125
0.004543304443359375
0.0
0.206878662109375
0.4838905334472656
0.0
0.150634765625
0.6169776916503906
0.006038665771484375
0.4856376647949219
0.048122406005859375
0.6630783081054688
0.4829673767089844
0.00124359130859375
0.24048995971679688
0.040111541748046875
0.312774658203125
0.0
0.08576583862304688
0.0
0.008281707763671875
0.20695877075195312
0.1417388916015625
0.182159423828125
0.0013580322265625
0.0
0.3534393310546875
0.02408599853515625
0.0917816162109375
0.0
0.13282394409179688
1.0068702697753906
0.08165740966796875
0.0
0.4416770935058594
0.0
0.11545944213867188
0.017190933227539062
0.002399444580078125
0.007568359375
0.028415679931640625
0.2922821044921875
0.0
0.038509368896484375
0.0
1.3623313903808594
0.13604736328125
0.0
0.5856475830078125
0.0
0.3537559509277344
0.18356704711914062
0.012500762939453125
0.024196624755859375
1.7503471374511719
0.3838844299316406
0.5987548828125
0.09503936767578125
0.012248992919921875
0.0663909912109375
0.0
0.354095458984375
0.5344123840332031
0.1365509033203125
0.008853912353515625
0.006351470947265625
0.010013580322265625
0.32877349853515625
0.2543678283691406
0.0575103759765625
0.043231964111328125
0.6109275817871094
0.01753997802734375
0.058757781982421875
0.3381996154785156
0.03455352783203125
1.3204917907714844
0.0
0.21738052368164062
0.044094085693359375
0.03688812255859375
0.3695869445800781
0.2482147216796875
0.049510955810546875
0.6345977783203125
0.23341751098632812
0.010639190673828125
0.01026153564453125
0.0
0.015956878662109375
0.0011806488037109375
0.045360565185546875
0.0
0.09112167358398438
0.004283905029296875
0.00762939453125
0.14648818969726562
0.0580596923828125
0.8452262878417969
0.08880233764648438
0.754669189453125
0.023193359375
0.5622520446777344
0.03960418701171875
0.02483367919921875
0.62237548828125
0.057285308837890625
0.005481719970703125
0.5807647705078125
0.0
0.0645751953125
0.3604011535644531
0.0
0.22861480712890625
0.00213623046875
0.07918548583984375
0.040912628173828125
0.21748733520507812
0.0230712890625
0.109466552734375
0.3456306457519531
0.0
