9.876351576561311e-42
0.006511688232421875
0.38021278381347656
0.13953399658203125
0.0079345703125
0.016155242919921875
0.3965778350830078
0.7144870758056641
1.5832176208496094
2.238128662109375
5.446571350097656
1.7236309051513672
2.7971954345703125
0.4425220489501953
1.0549869537353516
7.885347366333008
0.3768024444580078
4.836008071899414
0.47258949279785156
10.856075286865234
1.2161445617675781
0.35870933532714844
14.995965957641602
12.901630401611328
13.15003776550293
0.48900794982910156
0.7272377014160156
10.358039855957031
9.987724304199219
0.9590263366699219
4.687568664550781
1.1235313415527344
10.617670059204102
2.0003280639648438
15.52203369140625
9.953290939331055
13.24720573425293
12.99393081665039
1.8517932891845703
16.201370239257812
10.333110809326172
18.010560989379883
0.2000293731689453
1.4030418395996094
0.07784461975097656
0.17259597778320312
2.2718563079833984
3.028902053833008
0.8141136169433594
6.503480911254883
1.2520751953125
0.2247486114501953
5.613441467285156
0.5733795166015625
12.916830062866211
1.1657848358154297
11.667984008789062
2.781839370727539
1.3013744354248047
7.464181900024414
0.7004814147949219
2.1350231170654297
0.23160552978515625
3.1348705291748047
10.38517951965332
0.3990516662597656
0.4115467071533203
4.375200271606445
11.53244400024414
1.9499092102050781
4.759922027587891
14.277107238769531
0.3935508728027344
3.839170455932617
0.31409263610839844
1.5662841796875
0.3119029998779297
0.35305023193359375
10.163251876831055
1.711416244506836
13.585210800170898
12.66354751586914
3.823253631591797
3.792726516723633
2.462717056274414
0.4993858337402344
0.3175830841064453
0.5390529632568359
1.6516246795654297
11.724712371826172
3.850709915161133
0.91094970703125
0.7204303741455078
1.2277202606201172
10.363664627075195
2.2810211181640625
0.3861427307128906
0.9951705932617188
11.801033020019531
2.919992446899414
9.09063720703125
0.5254440307617188
7.835124969482422
6.869792938232422
2.037466049194336
1.9255027770996094
9.973356246948242
0.9403324127197266
9.944839477539062
4.975807189941406
2.267566680908203
1.0716819763183594
8.356130599975586
4.786542892456055
1.0887413024902344
8.826913833618164
9.421382904052734
1.1074085235595703
8.737739562988281
2.241384506225586
0.5976772308349609
9.105562210083008
3.9399662017822266
4.166263580322266
3.579761505126953
0.55810546875
2.5763111114501953
0.5122127532958984
1.2117538452148438
2.370790481567383
1.4729328155517578
1.9038429260253906
1.4069404602050781
1.4448661804199219
1.506448745727539
1.1005592346191406
2.6299610137939453
2.760679244995117
1.1462383270263672
4.058572769165039
0.6850185394287109
2.075550079345703
3.225372314453125
2.2061500549316406
1.1869792938232422
0.9505825042724609
0.8817291259765625
0.8293304443359375
0.9739398956298828
0.7430744171142578
0.5261726379394531
0.6532974243164062
0.6868610382080078
0.8477516174316406
1.31219482421875
1.5937652587890625
1.3092288970947266
1.7037277221679688
1.5733470916748047
1.6773567199707031
2.466489791870117
2.742044448852539
0.7309417724609375
0.41733551025390625
0.2314434051513672
0.12880325317382812
0.3213176727294922
0.08467292785644531
0.3644733428955078
0.07739067077636719
0.5120182037353516
0.37699317932128906
0.09107589721679688
0.15265274047851562
0.5757541656494141
0.06995391845703125
0.7611522674560547
0.0310516357421875
0.051422119140625
0.7942771911621094
0.023342132568359375
0.6310443878173828
0.44069862365722656
0.016172409057617188
0.02838897705078125
0.43724632263183594
0.41375732421875
0.3208808898925781
0.1492023468017578
0.23504257202148438
0.5279064178466797
0.05994415283203125
0.5071849822998047
0.4001903533935547
1.0252819061279297
0.8377628326416016
0.4516010284423828
0.16419219970703125
0.17802047729492188
0.22456741333007812
0.3562793731689453
0.05817413330078125
0.10838127136230469
0.3257865905761719
1.2534599304199219
0.28211021423339844
0.5891666412353516
0.024631500244140625
0.34755897521972656
0.041194915771484375
0.75244140625
0.26398277282714844
0.09235000610351562
0.8418426513671875
0.03802490234375
0.408935546875
0.6677608489990234
0.03463554382324219
0.04308509826660156
0.24053192138671875
0.06622314453125
0.18121337890625
0.06282806396484375
0.2724800109863281
0.7879714965820312
0.028530120849609375
1.1697006225585938
0.1621856689453125
0.06361579895019531
1.1974468231201172
0.9315204620361328
0.43831443786621094
0.6195163726806641
0.7085151672363281
0.1584930419921875
0.5176734924316406
1.462850570678711
0.7198333740234375
0.6326980590820312
1.5226612091064453
1.076446533203125
0.24924850463867188
0.7918148040771484
0.5752582550048828
0.43439674377441406
0.8819465637207031
0.4360942840576172
0.6345596313476562
1.233999252319336
1.1887073516845703
1.0930862426757812
0.8808879852294922
1.0797405242919922
0.9801692962646484
0.5439052581787109
0.3137474060058594
0.3758373260498047
0.3469829559326172
0.0425567626953125
0.030467987060546875
0.18721961975097656
0.11138153076171875
0.1909942626953125
0.14516067504882812
0.20439529418945312
0.8780059814453125
1.1637649536132812
1.5753898620605469
1.5640640258789062
0.008596420288085938
0.2037811279296875
0.0177154541015625
0.22046279907226562
0.021158218383789062
1.5227737426757812
1.3625755310058594
0.753082275390625
1.2590599060058594
0.1693401336669922
1.597085952758789
1.4623489379882812
0.8468170166015625
0.49034690856933594
2.097482681274414
0.6115207672119141
0.14060401916503906
0.1533050537109375
0.016889572143554688
0.08591651916503906
0.324249267578125
0.13843727111816406
0.014667510986328125
1.9720077514648438
0.015985488891601562
0.8035125732421875
1.3276252746582031
0.5738887786865234
0.378021240234375
0.24535179138183594
0.09982490539550781
0.16650772094726562
1.2763710021972656
0.14612770080566406
0.09348106384277344
0.18239784240722656
1.3212814331054688
0.2554130554199219
0.18296241760253906
0.261932373046875
0.5287284851074219
0.2642326354980469
0.028429031372070312
0.1379547119140625
1.1197624206542969
0.06805610656738281
0.21062088012695312
1.4882965087890625
0.347930908203125
0.1927337646484375
0.6032142639160156
0.25257110595703125
0.13427734375
1.0777702331542969
0.0059947967529296875
0.7358512878417969
0.437103271484375
0.3684234619140625
0.3530464172363281
0.16521453857421875
0.316864013671875
0.015123367309570312
0.08789253234863281
0.11505317687988281
0.19481468200683594
0.2745819091796875
0.194580078125
0.14032936096191406
0.07797622680664062
0.07555580139160156
0.043239593505859375
0.00844573974609375
0.0033588409423828125
0.001556396484375
0.0
0.00759124755859375
0.27394866943359375
0.04035186767578125
0.0037994384765625
0.06427764892578125
0.16875839233398438
0.0283660888671875
1.935272216796875
0.7988700866699219
1.7730426788330078
0.13683319091796875
0.03543853759765625
0.00795745849609375
0.06847953796386719
0.000102996826171875
0.0047435760498046875
0.009319305419921875
0.012813568115234375
0.07392501831054688
0.050716400146484375
0.11552047729492188
0.14219284057617188
0.022174835205078125
0.3482475280761719
0.006839752197265625
2.3674182891845703
0.0745849609375
1.1881790161132812
1.4656391143798828
0.008577346801757812
0.0023956298828125
0.037921905517578125
0.06590461730957031
0.0551300048828125
0.13370513916015625
0.036342620849609375
2.9106197357177734
1.82415771484375
1.771738052368164
0.04629707336425781
0.013681411743164062
0.3415508270263672
1.4413070678710938
2.6534595489501953
1.5294322967529297
0.03480720520019531
1.229848861694336
2.047412872314453
0.017400741577148438
1.2707901000976562
0.2447509765625
0.015478134155273438
0.011327743530273438
0.2771492004394531
0.01667022705078125
0.010046005249023438
0.15001869201660156
0.4210033416748047
0.068603515625
0.8882808685302734
0.016582489013671875
0.016241073608398438
0.012409210205078125
0.012054443359375
0.21390342712402344
0.03956794738769531
0.008810043334960938
0.12591934204101562
0.016061782836914062
0.027727127075195312
0.011066436767578125
0.06991386413574219
0.06142997741699219
0.0016765594482421875
0.0007781982421875
0.0
0.0
0.0
0.00144195556640625
0.003326416015625
0.00066375732421875
0.000652313232421875
0.003265380859375
0.000507354736328125
0.0278167724609375
0.05132293701171875
0.0848541259765625
0.06587791442871094
0.0547027587890625
0.1364116668701172
0.14032554626464844
0.14126014709472656
0.14031600952148438
0.1045989990234375
1.1137161254882812
0.8853073120117188
0.09341239929199219
1.2403202056884766
0.5213966369628906
0.9564380645751953
0.36397552490234375
0.0255584716796875
0.145050048828125
1.0003929138183594
1.2849655151367188
0.7071743011474609
0.2606639862060547
0.02826690673828125
0.057071685791015625
1.7793560028076172
0.3152351379394531
0.5623950958251953
2.0613021850585938
0.6071300506591797
1.3508491516113281
0.19015121459960938
0.4312286376953125
0.07424163818359375
0.04898834228515625
1.52838134765625
0.031219482421875
1.8365459442138672
0.8304271697998047
1.0692596435546875
0.14591026306152344
0.31633758544921875
0.09385490417480469
0.031703948974609375
0.03377723693847656
0.03356170654296875
0.0312957763671875
0.19588088989257812
0.08846092224121094
0.1573638916015625
0.2278461456298828
0.03125762939453125
0.5066757202148438
0.11691093444824219
0.2221355438232422
0.3556060791015625
0.3466205596923828
0.0384521484375
0.44387054443359375
0.19304847717285156
0.12327766418457031
0.21761322021484375
0.4817638397216797
0.27306175231933594
0.3214912414550781
0.10646820068359375
0.08566474914550781
0.24736404418945312
0.22740936279296875
0.2647590637207031
0.6710739135742188
0.3721637725830078
0.349884033203125
1.0761070251464844
0.1290721893310547
0.15135955810546875
0.32662391662597656
0.033046722412109375
0.23626136779785156
0.28153038024902344
0.09833717346191406
0.17592239379882812
0.21202659606933594
0.2899971008300781
0.212982177734375
0.3402976989746094
0.39678001403808594
0.41349220275878906
0.04972076416015625
0.1499919891357422
0.052288055419921875
0.25264739990234375
0.2932395935058594
0.4771003723144531
0.5546188354492188
0.1469287872314453
0.04691314697265625
0.4236106872558594
0.16158294677734375
0.2634429931640625
0.3187828063964844
0.7818565368652344
0.9529323577880859
0.1855010986328125
0.38060760498046875
0.11917877197265625
0.17043685913085938
0.3535957336425781
0.8811092376708984
0.24893951416015625
0.287750244140625
0.1272716522216797
0.26540374755859375
0.15485572814941406
0.38991355895996094
0.2664070129394531
0.06351089477539062
0.28174400329589844
1.1246109008789062
0.14825820922851562
0.45378875732421875
1.5061492919921875
0.2665596008300781
0.5624313354492188
0.32823753356933594
0.6638889312744141
0.4362144470214844
0.3882579803466797
0.42139244079589844
0.6112213134765625
0.6637649536132812
0.3237190246582031
0.396148681640625
0.46857452392578125
0.7087898254394531
0.9145374298095703
1.254617691040039
1.3581600189208984
1.6296520233154297
1.6483078002929688
0.12894821166992188
0.16896438598632812
0.21875762939453125
0.8832473754882812
0.2814064025878906
0.5692558288574219
1.1351165771484375
0.9743633270263672
0.7932949066162109
0.8910369873046875
1.7619857788085938
0.6184902191162109
0.5718193054199219
0.9571723937988281
1.4968948364257812
0.8136138916015625
0.8770866394042969
0.20891952514648438
0.73828125
0.8912220001220703
0.7449874877929688
0.7060279846191406
0.8153476715087891
0.6176166534423828
0.709503173828125
0.8522624969482422
0.9946727752685547
0.7516994476318359
1.0546512603759766
0.9246635437011719
1.220876693725586
1.0497970581054688
0.9572849273681641
1.09075927734375
1.0992107391357422
1.6831588745117188
0.8758068084716797
1.8101882934570312
0.8452739715576172
2.2605667114257812
1.3347511291503906
0.8685722351074219
1.7108535766601562
2.5086536407470703
4.029699325561523
3.120035171508789
7.313770294189453
1.0949821472167969
0.7943305969238281
1.0991802215576172
2.8954124450683594
2.2364730834960938
0.9089584350585938
0.8958854675292969
1.452585220336914
1.3532867431640625
1.9704246520996094
3.4117374420166016
0.9896335601806641
1.7705135345458984
2.5102767944335938
1.2220230102539062
1.6129035949707031
1.0703048706054688
1.0985088348388672
1.0946388244628906
0.9633617401123047
0.8320865631103516
0.7419776916503906
1.2357654571533203
1.1741905212402344
1.4485931396484375
1.9718189239501953
1.0796871185302734
0.23291015625
0.664764404296875
0.235748291015625
0.13324546813964844
0.05010032653808594
0.02127838134765625
0.000560760498046875
0.00037384033203125
0.01523590087890625
0.0
0.008443832397460938
0.001678466796875
0.0025177001953125
0.000278472900390625
0.00087738037109375
0.0
0.0
0.0
0.0
0.018035888671875
0.0
0.0602874755859375
0.025836944580078125
0.0
0.0
0.0
0.0
0.0
0.07132720947265625
0.11567306518554688
0.0087738037109375
0.16868209838867188
0.007213592529296875
0.2726287841796875
0.03308868408203125
0.154449462890625
0.11494827270507812
0.036876678466796875
0.195648193359375
0.250274658203125
0.16906356811523438
0.06739425659179688
0.2633819580078125
0.010683059692382812
0.162078857421875
0.29705047607421875
0.07541275024414062
0.37071990966796875
0.06940460205078125
0.7245674133300781
0.21662139892578125
0.9135951995849609
1.1698684692382812
0.14518165588378906
0.9427223205566406
1.1679821014404297
1.3043098449707031
1.1034049987792969
0.4252033233642578
0.3090667724609375
0.5893478393554688
1.1158828735351562
1.1038837432861328
1.013113021850586
0.39636802673339844
0.5420112609863281
0.4311370849609375
1.106557846069336
1.3013648986816406
0.6400394439697266
0.7912769317626953
1.0172653198242188
1.041259765625
0.6971416473388672
0.650482177734375
0.7875881195068359
1.0596923828125
0.7653846740722656
1.062967300415039
1.0762462615966797
1.280191421508789
0.9374542236328125
1.0600090026855469
1.1288700103759766
0.8837032318115234
0.8775310516357422
0.9180374145507812
0.9387454986572266
0.7262058258056641
0.8762359619140625
0.8128929138183594
1.0879878997802734
1.3855266571044922
1.3570613861083984
0.7195053100585938
1.0672798156738281
1.0418586730957031
2.270963668823242
1.4017105102539062
1.755685806274414
1.051910400390625
0.9739418029785156
5.369043350219727
1.2955856323242188
1.4972858428955078
1.2762508392333984
5.695384979248047
1.7737884521484375
2.8028488159179688
3.3618831634521484
1.3074054718017578
3.5339088439941406
3.5806026458740234
1.5138168334960938
3.4000473022460938
1.572011947631836
1.6207637786865234
6.600322723388672
2.1746349334716797
2.288785934448242
4.145233154296875
7.056375503540039
4.153614044189453
2.9811859130859375
2.7772579193115234
2.3160400390625
5.951848983764648
6.438825607299805
5.325687408447266
4.909994125366211
5.221525192260742
6.634332656860352
2.592439651489258
5.018135070800781
3.888853073120117
3.325712203979492
4.188892364501953
3.2784805297851562
2.665365219116211
3.106649398803711
3.1612606048583984
3.3398780822753906
3.3169288635253906
2.178892135620117
3.1788406372070312
3.166219711303711
3.0790939331054688
3.2110977172851562
2.8659496307373047
4.320150375366211
3.7568740844726562
4.984113693237305
2.283315658569336
1.9602642059326172
0.26694297790527344
0.0
0.0
0.0
0.0025177001953125
0.0025177001953125
0.0
0.0
0.0
0.00772857666015625
0.0
0.000865936279296875
0.0002899169921875
0.07924652099609375
0.13122940063476562
0.13426971435546875
0.11142349243164062
0.33148956298828125
0.32788848876953125
0.22582626342773438
0.011760711669921875
0.7749557495117188
1.2021484375
1.0984039306640625
1.1028575897216797
1.0558834075927734
0.9932765960693359
0.7093219757080078
1.0847320556640625
1.04119873046875
0.8420181274414062
0.9477195739746094
1.0328941345214844
1.1218738555908203
1.4747543334960938
2.3975906372070312
1.4064903259277344
2.015542984008789
2.6287460327148438
6.851568222045898
4.512565612792969
6.045555114746094
5.685619354248047
3.911325454711914
4.808650970458984
4.56666374206543
3.632997512817383
3.3740177154541016
3.3569488525390625
3.0525054931640625
3.5217247009277344
0.3520488739013672
0.0
0.0
0.0
0.0
0.0042724609375
0.000865936279296875
0.030567169189453125
0.001995086669921875
0.001995086669921875
0.057239532470703125
0.053707122802734375
0.197479248046875
0.02901458740234375
1.2344322204589844
1.3156967163085938
0.1319561004638672
1.142913818359375
0.9981422424316406
0.7911796569824219
1.376007080078125
1.213418960571289
0.5948543548583984
4.60059928894043
1.6252422332763672
3.627298355102539
5.103565216064453
3.2734947204589844
2.471536636352539
2.1684951782226562
0.3403587341308594
0.0
0.0
0.0
0.002017974853515625
0.001956939697265625
0.002532958984375
0.15462493896484375
0.001064300537109375
0.22338485717773438
0.3008575439453125
1.3270835876464844
0.29492950439453125
0.7259521484375
1.0137348175048828
0.8730411529541016
7.295825958251953
1.521718978881836
2.010133743286133
8.198980331420898
3.36004638671875
2.85870361328125
3.317005157470703
3.116361618041992
2.0536880493164062
0.0
0.0
0.004657745361328125
0.05750274658203125
0.04485321044921875
0.6741752624511719
0.6472740173339844
0.1342792510986328
1.0918769836425781
1.2607860565185547
1.3881988525390625
3.3360862731933594
3.319032669067383
0.2738189697265625
0.0
0.0
0.0
0.00457000732421875
0.033962249755859375
0.061298370361328125
0.5792083740234375
0.16909027099609375
0.9573516845703125
1.1180572509765625
0.8112068176269531
5.002593994140625
3.5111751556396484
2.898008346557617
0.0
0.0
0.07027816772460938
0.33028411865234375
0.8964633941650391
1.5610523223876953
0.0
0.0
0.9873809814453125
0.5753383636474609
1.2216339111328125
2.0004806518554688
2.0047245025634766
5.197639465332031
3.3560848236083984
3.426149368286133
3.2299747467041016
0.17940330505371094
1.1328983306884766
1.3184051513671875
6.12409782409668
3.5097274780273438
3.682462692260742
0.0
0.07033538818359375
1.2295150756835938
0.7777233123779297
8.27359390258789
6.587255477905273
3.3391246795654297
2.8181724548339844
0.077056884765625
1.2486152648925781
1.8112125396728516
8.038711547851562
0.021608352661132812
0.0
1.1512317657470703
0.025049209594726562
0.0
1.3232479095458984
0.8549327850341797
0.001880645751953125
0.003765106201171875
2.770397186279297
0.0007476806640625
0.14089012145996094
0.9070262908935547
0.26326942443847656
0.0
0.24575042724609375
1.0198192596435547
1.2468070983886719
1.351043701171875
1.1326103210449219
0.0
0.3675975799560547
1.1171913146972656
2.139284133911133
0.5598278045654297
0.9097843170166016
1.889944076538086
0.0
0.0
1.1814918518066406
1.3989925384521484
1.05120849609375
1.5963859558105469
0.641632080078125
1.0117416381835938
