9.876351576561311e-42
5.2584228515625
14.973884582519531
0.6316108703613281
15.178359985351562
3.358837127685547
24.36513900756836
20.33074188232422
10.24057388305664
44.242393493652344
3.1519241333007812
50.67045974731445
43.27268981933594
52.124568939208984
53.59916687011719
15.616661071777344
4.002330780029297
45.00563430786133
14.662128448486328
7.913257598876953
51.0845947265625
4.080150604248047
8.06597900390625
8.24166488647461
8.86233139038086
2.965709686279297
4.7727508544921875
6.0341949462890625
9.629188537597656
8.368106842041016
33.71858215332031
5.935829162597656
26.996780395507812
38.70269012451172
27.637149810791016
14.543949127197266
30.60806655883789
26.19015121459961
2.8301162719726562
30.289398193359375
21.99597930908203
28.52676010131836
13.525733947753906
30.498550415039062
1.1822280883789062
21.420738220214844
23.619983673095703
47.4930305480957
51.17218780517578
18.757186889648438
54.654415130615234
23.67221450805664
47.14789962768555
7.1683349609375
5.932548522949219
48.71278381347656
6.7122650146484375
39.53487014770508
8.289482116699219
18.61404800415039
28.66176986694336
35.35908889770508
10.841926574707031
38.88692092895508
12.40811538696289
37.255706787109375
11.265090942382812
39.76283645629883
6.828220367431641
34.71416473388672
34.890357971191406
25.175067901611328
26.08233642578125
47.79900360107422
16.904632568359375
32.13774108886719
32.72385025024414
5.734180450439453
2.9175758361816406
37.92826461791992
25.60245132446289
22.205078125
47.9588737487793
46.634944915771484
36.69090270996094
21.159912109375
3.1079483032226562
3.5467605590820312
39.83570861816406
15.242557525634766
45.90529251098633
29.128921508789062
8.93619155883789
42.28596496582031
20.62015151977539
40.04648971557617
3.3363380432128906
4.635589599609375
13.036174774169922
47.77277755737305
6.867607116699219
3.3310470581054688
17.357425689697266
18.96368408203125
44.66866683959961
45.17368698120117
7.952899932861328
5.459964752197266
6.032268524169922
27.900833129882812
46.681514739990234
48.42570114135742
13.4644775390625
26.046836853027344
45.341094970703125
11.316429138183594
7.679542541503906
33.06173324584961
11.787277221679688
37.375003814697266
41.158782958984375
8.521415710449219
34.7747917175293
25.914287567138672
30.319164276123047
40.524864196777344
35.41761016845703
44.49300765991211
6.002101898193359
33.576141357421875
42.37615966796875
33.99130630493164
52.47807312011719
46.00902557373047
37.906009674072266
44.69234848022461
37.12281036376953
38.76877212524414
39.32563781738281
37.02059555053711
42.95035171508789
39.52190399169922
41.83247756958008
40.20892333984375
40.8777961730957
47.36711883544922
46.94122314453125
45.52616882324219
41.94332504272461
44.94589614868164
32.90797424316406
25.52466583251953
13.041831970214844
6.117462158203125
5.723102569580078
3.7565841674804688
4.282249450683594
4.33648681640625
6.039024353027344
7.011898040771484
1.4751548767089844
1.223602294921875
5.530933380126953
6.392616271972656
1.8998870849609375
9.297492980957031
4.873481750488281
32.65401840209961
27.162410736083984
33.21011734008789
40.104148864746094
73.55058288574219
2.723674774169922
31.976757049560547
66.23870849609375
8.023014068603516
71.68302154541016
19.785358428955078
34.887237548828125
95.103515625
20.328712463378906
101.95892333984375
33.69875717163086
27.482078552246094
0.12701034545898438
51.54715347290039
37.926963806152344
42.52717590332031
41.3078727722168
44.938575744628906
42.16386032104492
5.534233093261719
40.02254867553711
38.04297637939453
41.54375457763672
25.53580093383789
6.162586212158203
9.04952621459961
0.6113853454589844
30.22821044921875
44.62724685668945
3.3772239685058594
53.902584075927734
58.8145751953125
107.70716857910156
42.675785064697266
55.223793029785156
10.449783325195312
84.19673156738281
36.61259460449219
52.3923454284668
10.030887603759766
15.020477294921875
78.5043716430664
12.558979034423828
76.74858093261719
36.6054573059082
5.220653533935547
27.18096160888672
59.67690658569336
36.07487487792969
55.43072509765625
36.24545669555664
32.51081085205078
45.0043830871582
14.798675537109375
94.58055877685547
34.178993225097656
33.429359436035156
107.36048126220703
31.70612335205078
43.39177322387695
49.537506103515625
47.760498046875
54.843101501464844
34.939701080322266
31.541446685791016
46.634368896484375
42.47111511230469
43.917842864990234
44.93039321899414
69.58146667480469
41.55438995361328
75.84619140625
46.10055160522461
76.00446319580078
49.003936767578125
63.40520095825195
86.15386199951172
66.96942138671875
113.806640625
116.79905700683594
117.5738296508789
83.17335510253906
65.84178161621094
58.89621353149414
59.83366012573242
56.92049789428711
7.556179046630859
4.488636016845703
6.449367523193359
19.21146011352539
21.161537170410156
24.489723205566406
22.932071685791016
13.21158218383789
0.0
0.047252655029296875
2.2204322814941406
2.8412818908691406
23.807228088378906
14.238025665283203
28.984840393066406
49.25659942626953
0.0
0.0
0.6779556274414062
1.2124214172363281
6.133567810058594
50.95439147949219
48.41368103027344
6.543231964111328
14.077827453613281
60.953922271728516
13.044200897216797
10.634098052978516
16.64307403564453
1.4726600646972656
20.71977996826172
24.446529388427734
31.658863067626953
8.086013793945312
0.0
28.349361419677734
1.0457382202148438
42.17460632324219
22.520336151123047
5.343364715576172
11.903549194335938
6.185214996337891
29.744873046875
0.0
11.350669860839844
5.714996337890625
11.336750030517578
0.0
5.585155487060547
14.018333435058594
18.903553009033203
5.648700714111328
7.732688903808594
37.071651458740234
15.310699462890625
2.521728515625
36.5262336730957
4.1424407958984375
0.8697090148925781
0.7774200439453125
1.4319648742675781
4.802127838134766
31.391456604003906
9.597042083740234
2.522815704345703
18.505008697509766
9.737831115722656
27.397075653076172
17.504535675048828
23.437278747558594
34.1536865234375
22.337604522705078
35.309303283691406
40.57233810424805
37.13993453979492
30.82516860961914
23.746917724609375
23.45458984375
19.04468536376953
15.010459899902344
5.410591125488281
1.9796257019042969
1.6282310485839844
0.22855758666992188
0.3138313293457031
0.19211959838867188
0.898193359375
23.724109649658203
18.89788055419922
0.080810546875
21.611000061035156
9.994251251220703
10.144054412841797
66.0723876953125
33.08918380737305
65.47853088378906
12.59518814086914
24.72385025024414
24.66940689086914
58.120582580566406
32.69496536254883
17.914501190185547
46.34590148925781
111.38592529296875
100.16697692871094
48.346649169921875
38.0919303894043
85.5624008178711
4.654972076416016
25.34701156616211
0.41192626953125
97.51345825195312
20.956966400146484
52.86601257324219
53.13123321533203
23.95618438720703
38.323089599609375
49.56953811645508
47.7612190246582
46.54094314575195
72.14212036132812
7.186622619628906
93.84246826171875
80.5141372680664
74.51597595214844
38.85688781738281
2.1590042114257812
15.129390716552734
84.57327270507812
116.57180786132812
111.337890625
7.199039459228516
38.41069030761719
114.62962341308594
6.637092590332031
49.28517150878906
102.16696166992188
13.2322998046875
20.899497985839844
20.90121078491211
20.118762969970703
25.4368896484375
21.856464385986328
125.25212097167969
20.803852081298828
49.4914436340332
34.47195053100586
21.339725494384766
19.46441650390625
29.37020492553711
121.23368835449219
24.376426696777344
26.100791931152344
93.56307983398438
20.14373779296875
25.978759765625
83.18696594238281
74.06549835205078
32.409976959228516
0.1275177001953125
0.021549224853515625
0.44654083251953125
2.069103240966797
8.654537200927734
16.291576385498047
19.960227966308594
22.857807159423828
26.989028930664062
23.327682495117188
32.04338836669922
29.790130615234375
26.862335205078125
36.861576080322266
33.860740661621094
39.068233489990234
28.832820892333984
37.18071746826172
62.047508239746094
49.694149017333984
53.93723678588867
36.700538635253906
23.367713928222656
10.861656188964844
63.554988861083984
90.44298553466797
45.123374938964844
52.03192901611328
73.56820678710938
36.76689529418945
25.496292114257812
76.76673889160156
77.36131286621094
49.03636932373047
68.45402526855469
37.346614837646484
49.08113479614258
83.30482482910156
31.834266662597656
66.36294555664062
40.26778030395508
40.872779846191406
102.32841491699219
66.14974975585938
59.27198791503906
67.03494262695312
56.8338508605957
84.08287811279297
88.58185577392578
118.23514556884766
97.01422882080078
119.13400268554688
105.21940612792969
118.12841796875
101.16496276855469
84.74093627929688
72.64944458007812
57.56974411010742
25.86328125
40.74467468261719
47.07891845703125
73.43217468261719
62.36631774902344
118.0689697265625
71.99288177490234
29.469676971435547
90.54206848144531
27.219486236572266
58.6491813659668
77.85840606689453
56.519535064697266
49.644893646240234
55.10803985595703
13.255916595458984
56.101173400878906
62.06058883666992
53.27428436279297
46.079349517822266
46.30478286743164
17.221393585205078
54.824363708496094
11.461544036865234
19.98379898071289
15.956535339355469
15.111923217773438
56.83561325073242
23.510845184326172
101.61177062988281
65.32930755615234
80.50650024414062
78.15616607666016
50.68751525878906
59.41059875488281
22.61968231201172
60.42878341674805
38.42864990234375
19.937923431396484
15.135395050048828
12.975090026855469
53.86302947998047
22.244964599609375
61.58736801147461
23.495906829833984
7.220607757568359
11.803878784179688
8.705631256103516
30.030132293701172
65.99520874023438
97.31829833984375
32.0754508972168
56.360958099365234
6.986061096191406
11.319679260253906
12.573802947998047
28.86762237548828
78.50072479248047
74.3862533569336
30.653121948242188
46.71745300292969
12.709686279296875
61.937828063964844
64.89910888671875
61.12992477416992
11.305316925048828
26.47256851196289
7.063453674316406
15.597148895263672
70.69303894042969
53.05295181274414
17.48314666748047
37.70732498168945
13.355323791503906
34.06854248046875
18.427772521972656
12.564971923828125
10.022315979003906
11.99774169921875
38.53601837158203
28.27509307861328
13.662532806396484
8.304946899414062
8.84261703491211
16.893901824951172
11.002342224121094
7.4134063720703125
17.144275665283203
18.013748168945312
25.24506378173828
35.05698776245117
42.94038009643555
47.835689544677734
42.70729446411133
50.99172592163086
51.90925598144531
9.553096771240234
18.675636291503906
33.522342681884766
4.666584014892578
2.9098358154296875
1.2988624572753906
1.7713394165039062
1.4272956848144531
9.962848663330078
22.410682678222656
1.9389572143554688
1.7716407775878906
7.516529083251953
2.0469017028808594
40.86992263793945
1.9963150024414062
2.2695960998535156
0.9284515380859375
2.5524139404296875
0.9803504943847656
16.339210510253906
3.805164337158203
15.314773559570312
10.435012817382812
2.8995628356933594
7.346351623535156
2.2374801635742188
2.2257080078125
6.476062774658203
6.527496337890625
0.5572547912597656
1.9191055297851562
1.6290931701660156
5.582614898681641
1.2815513610839844
6.774757385253906
0.71307373046875
3.1390533447265625
14.085948944091797
0.8517074584960938
0.7685317993164062
1.086669921875
3.120433807373047
1.4074783325195312
0.8132514953613281
5.190929412841797
10.314231872558594
1.019378662109375
3.113250732421875
2.3926124572753906
4.7195281982421875
0.9070053100585938
0.6700515747070312
1.4567031860351562
1.6711807250976562
0.9306106567382812
2.518413543701172
1.8166084289550781
0.5225028991699219
4.585086822509766
0.8523712158203125
3.9463043212890625
2.506317138671875
1.560943603515625
1.3605918884277344
3.746002197265625
8.026725769042969
10.111125946044922
6.281078338623047
4.425205230712891
11.70522689819336
5.331920623779297
13.1910400390625
10.784950256347656
13.373615264892578
9.322578430175781
4.4872283935546875
2.0309066772460938
2.2007598876953125
2.8880577087402344
1.3436317443847656
1.5018653869628906
8.966796875
14.259593963623047
24.542896270751953
30.338272094726562
28.99875259399414
2.577373504638672
9.026763916015625
2.8856430053710938
54.628936767578125
4.445648193359375
52.22191619873047
50.0300407409668
48.29659652709961
43.08381652832031
22.25307846069336
10.761421203613281
39.231773376464844
45.1225700378418
45.753013610839844
25.948719024658203
41.74442672729492
28.760318756103516
48.493736267089844
38.19137954711914
27.629844665527344
46.96671676635742
41.685585021972656
51.7663459777832
29.847126007080078
36.9188232421875
53.42190933227539
33.50800323486328
62.71929931640625
61.66056823730469
37.122962951660156
66.89208984375
36.62004470825195
46.40011215209961
57.43871307373047
74.44193267822266
18.221263885498047
58.841590881347656
29.399986267089844
26.12851333618164
16.51755142211914
48.111412048339844
54.695831298828125
53.9366569519043
44.60129165649414
31.789249420166016
40.39646530151367
40.7679557800293
41.7089729309082
25.629226684570312
25.355907440185547
17.63644027709961
8.221717834472656
24.570682525634766
9.010284423828125
17.956531524658203
24.17742156982422
21.48031997680664
13.677589416503906
11.958438873291016
13.87381362915039
17.450637817382812
9.169189453125
19.935623168945312
16.330120086669922
23.129108428955078
6.193538665771484
16.63693618774414
13.115615844726562
23.946834564208984
6.762657165527344
12.359046936035156
15.299541473388672
21.226112365722656
25.31740951538086
7.227222442626953
20.409534454345703
9.631340026855469
25.17013931274414
20.571582794189453
32.26698684692383
21.113887786865234
17.356624603271484
29.487018585205078
18.7215576171875
18.934864044189453
25.95764923095703
14.678123474121094
40.57447052001953
12.455055236816406
28.978729248046875
14.583377838134766
24.817874908447266
4.787891387939453
20.08087158203125
23.770633697509766
6.395759582519531
8.838386535644531
45.610992431640625
8.291709899902344
18.584354400634766
7.420917510986328
3.5304946899414062
15.703594207763672
12.527481079101562
7.331394195556641
3.7103805541992188
5.895191192626953
14.867412567138672
14.260421752929688
25.011959075927734
3.8573265075683594
3.0099143981933594
3.1139144897460938
15.465415954589844
4.2214202880859375
7.988117218017578
17.128849029541016
3.027179718017578
6.4158782958984375
7.129619598388672
8.85540771484375
11.015777587890625
8.25
6.710414886474609
5.416423797607422
5.660774230957031
7.766468048095703
6.092185974121094
5.481456756591797
3.6187400817871094
5.178859710693359
4.16058349609375
2.809326171875
4.301582336425781
4.039180755615234
2.7844390869140625
2.7816200256347656
2.8535728454589844
6.449241638183594
1.6630859375
1.4162101745605469
0.17303085327148438
10.830093383789062
17.557613372802734
15.071033477783203
5.702968597412109
6.914943695068359
45.54268264770508
14.954917907714844
39.39137268066406
17.584918975830078
39.63624572753906
36.95550537109375
43.69607162475586
34.28451919555664
26.306964874267578
48.27383041381836
54.306365966796875
56.29869079589844
61.8509521484375
58.86073303222656
10.522819519042969
37.70016098022461
21.80370330810547
24.431869506835938
6.277763366699219
16.764984130859375
23.97121810913086
9.403236389160156
18.754650115966797
4.807369232177734
18.79224395751953
11.635711669921875
13.482990264892578
54.989986419677734
11.612983703613281
20.88030242919922
3.1407318115234375
5.326801300048828
7.331947326660156
4.508323669433594
18.021289825439453
12.445072174072266
6.309123992919922
6.288631439208984
8.419692993164062
7.097309112548828
10.186080932617188
2.505657196044922
0.04676055908203125
1.3298377990722656
13.074356079101562
33.29811096191406
4.185680389404297
37.91513442993164
25.029621124267578
42.76841735839844
30.52574920654297
38.3372917175293
30.1217041015625
29.797786712646484
22.496829986572266
58.054969787597656
58.29267501831055
47.73207473754883
59.75384521484375
7.761325836181641
14.618576049804688
5.330646514892578
31.188400268554688
21.956851959228516
19.39468765258789
11.859703063964844
49.13200378417969
9.91162109375
11.26125717163086
3.221302032470703
2.9860458374023438
2.4445648193359375
1.5564079284667969
6.195320129394531
1.0371932983398438
21.003108978271484
37.055633544921875
32.247310638427734
24.56955337524414
28.255313873291016
52.82721710205078
41.45795822143555
85.52159118652344
43.64462661743164
34.66195297241211
13.069255828857422
27.099903106689453
6.004276275634766
9.347648620605469
49.36176300048828
17.309307098388672
2.243438720703125
3.1666259765625
9.247772216796875
4.692089080810547
3.9678382873535156
1.8760299682617188
17.16769790649414
42.284366607666016
38.21371078491211
25.754459381103516
26.960437774658203
57.210052490234375
85.16238403320312
47.607574462890625
35.527957916259766
11.240150451660156
36.444480895996094
4.443996429443359
4.864002227783203
5.376277923583984
24.540706634521484
20.26868438720703
8.017375946044922
35.071712493896484
34.757843017578125
22.222225189208984
46.59559631347656
68.23016357421875
82.88400268554688
7.8253326416015625
14.27614974975586
2.7614669799804688
4.484275817871094
2.8190383911132812
25.05185317993164
17.665061950683594
55.162052154541016
92.54705047607422
15.225967407226562
10.775875091552734
27.127910614013672
37.64243698120117
38.26934051513672
63.339927673339844
35.21462631225586
14.372367858886719
21.376022338867188
5.447364807128906
9.310657501220703
7.793193817138672
3.4651107788085938
6.742900848388672
24.41195297241211
46.11076354980469
4.745723724365234
7.613250732421875
12.097557067871094
45.381019592285156
47.24416732788086
27.306270599365234
36.754329681396484
5.016742706298828
10.263805389404297
10.131080627441406
2.707427978515625
5.425907135009766
45.10126495361328
14.869972229003906
4.732383728027344
3.6924400329589844
31.617416381835938
25.699607849121094
6.260627746582031
37.067848205566406
18.820438385009766
17.866012573242188
3.947216033935547
2.7377777099609375
4.179130554199219
1.8037300109863281
31.75656509399414
12.300704956054688
22.80093765258789
1.2441368103027344
24.905284881591797
8.527645111083984
22.431396484375
53.64356231689453
8.582202911376953
0.8097038269042969
21.293624877929688
7.811561584472656
5.548450469970703
9.755725860595703
6.748043060302734
2.98443603515625
0.8316459655761719
43.71050262451172
15.342838287353516
44.94287109375
18.058937072753906
9.770084381103516
6.99981689453125
15.230854034423828
