9.876351576561311e-42
0.0859832763671875
2.559917449951172
0.4644012451171875
0.6279335021972656
0.2088775634765625
6.272392272949219
4.6735076904296875
5.274608612060547
21.759166717529297
4.811916351318359
23.255828857421875
29.977401733398438
0.2970771789550781
20.611797332763672
24.743595123291016
0.08757781982421875
36.72343063354492
0.5899429321289062
35.84080505371094
47.3537483215332
0.4264106750488281
11.335258483886719
25.69994354248047
18.12828826904297
1.8781814575195312
3.6186180114746094
32.6192626953125
63.09038162231445
2.3877105712890625
40.630863189697266
8.089584350585938
66.24143981933594
27.562786102294922
98.81673431396484
72.19648742675781
69.63568115234375
71.68791198730469
11.243579864501953
97.55978393554688
78.73052978515625
90.11245727539062
0.6447677612304688
5.390434265136719
0.5094146728515625
1.0718536376953125
12.626598358154297
25.156558990478516
0.69720458984375
7.143329620361328
29.387779235839844
0.14542388916015625
28.141033172607422
0.6784858703613281
7.333850860595703
38.05366897583008
24.023941040039062
33.86824035644531
4.05523681640625
82.03922271728516
16.795658111572266
9.978515625
0.9534568786621094
23.0595703125
9.211681365966797
1.384063720703125
0.045742034912109375
26.347187042236328
19.916881561279297
48.82853698730469
52.58108139038086
96.59040069580078
6.475475311279297
8.092792510986328
2.9450454711914062
27.315486907958984
0.04349517822265625
0.04434967041015625
8.994728088378906
52.04010772705078
93.29747772216797
96.71244812011719
31.147563934326172
12.264938354492188
52.00669479370117
0.7100791931152344
0.19725418090820312
1.9036636352539062
34.281494140625
54.16039276123047
8.181991577148438
6.528606414794922
2.407573699951172
34.17741012573242
91.85380554199219
10.321399688720703
0.3186302185058594
5.473865509033203
56.413578033447266
26.214702606201172
30.589420318603516
2.7408676147460938
96.9407958984375
81.55392456054688
5.100944519042969
12.638790130615234
38.9535026550293
3.2345352172851562
59.3022346496582
98.85482788085938
41.38733673095703
31.590126037597656
18.126434326171875
94.21101379394531
28.79338836669922
38.61702346801758
58.71023941040039
8.573673248291016
68.49281311035156
38.87673568725586
38.15987014770508
41.59778594970703
46.43548583984375
46.93138885498047
49.438350677490234
25.003582000732422
29.07363510131836
13.202598571777344
7.564838409423828
31.61266326904297
44.21074676513672
38.7532958984375
30.199642181396484
26.24951934814453
29.462020874023438
29.64068603515625
49.35700225830078
46.296295166015625
57.28593444824219
48.6126708984375
37.25745391845703
38.63239288330078
39.59891891479492
39.45026397705078
31.55493927001953
40.08932876586914
43.24259948730469
28.21892547607422
26.359798431396484
18.95889663696289
2.0528793334960938
7.873344421386719
7.6425933837890625
10.082935333251953
27.62242889404297
14.574966430664062
9.515705108642578
21.876712799072266
17.48310089111328
13.47174072265625
23.15691375732422
26.909870147705078
0.068328857421875
0.23448944091796875
0.3082466125488281
0.13680267333984375
1.66961669921875
2.348663330078125
3.3988914489746094
5.373260498046875
3.38873291015625
9.246540069580078
0.2512321472167969
16.978260040283203
14.42154312133789
2.2581443786621094
9.944225311279297
5.024440765380859
10.360416412353516
0.01146697998046875
12.403915405273438
0.018299102783203125
9.402034759521484
11.663108825683594
0.05278778076171875
0.276519775390625
1.9731674194335938
11.75223159790039
19.94968032836914
22.6280517578125
5.168178558349609
0.1570892333984375
1.2852249145507812
15.20831298828125
1.4791603088378906
14.186363220214844
0.7663803100585938
0.30924224853515625
0.0664215087890625
2.089038848876953
4.353424072265625
0.1993560791015625
16.539566040039062
21.886253356933594
0.11334228515625
9.008846282958984
7.921512603759766
4.018291473388672
0.0
31.39881134033203
0.8874015808105469
1.9032859802246094
11.435192108154297
8.273063659667969
11.004966735839844
0.004756927490234375
1.7500572204589844
0.9053955078125
27.457977294921875
0.0
23.88300323486328
2.5367202758789062
17.092529296875
21.344215393066406
1.1780281066894531
3.0202407836914062
2.7650985717773438
2.90277099609375
10.954830169677734
0.6743011474609375
3.3648300170898438
5.2071380615234375
1.7827301025390625
3.8394241333007812
10.566577911376953
0.520263671875
2.6324424743652344
0.9025306701660156
8.177349090576172
2.1384811401367188
1.0396919250488281
13.419898986816406
0.42630767822265625
11.306503295898438
0.003387451171875
6.449577331542969
0.0325469970703125
0.0
2.8677635192871094
0.8140830993652344
0.036418914794921875
0.027317047119140625
0.060405731201171875
0.008636474609375
0.06332778930664062
0.0
0.0
0.00244140625
0.0
0.0
0.0
6.866455078125e-05
0.000782012939453125
0.0
0.0
0.0
0.0
0.007968902587890625
1.3622703552246094
0.0
0.0
0.0
0.0
0.0
0.0
0.000156402587890625
0.585601806640625
0.0756378173828125
1.0214080810546875
0.0
0.0641937255859375
0.02158355712890625
0.34716033935546875
2.3364105224609375
0.9750022888183594
0.0
7.62939453125e-06
0.0
0.0
0.0
0.0
0.0
0.015865325927734375
0.000209808349609375
0.037502288818359375
0.6280746459960938
1.3080520629882812
0.13559722900390625
0.0
0.0
0.0
0.0
1.2416229248046875
0.14607620239257812
0.0
0.0
0.01375579833984375
0.0
0.7904510498046875
0.0018310546875
0.0
0.118133544921875
0.0
0.00910186767578125
0.0
0.010433197021484375
0.00814056396484375
0.06939315795898438
0.4021148681640625
0.029895782470703125
0.0
0.0472564697265625
0.01038360595703125
0.009830474853515625
0.0017852783203125
0.0
0.0
0.0
0.0
0.0
0.0
0.0
0.0
0.0
0.0
0.0
0.0
0.0
0.0
0.0
0.0
0.0
0.0
0.0
0.0
0.0
0.0
0.0
0.0
0.0
0.0
0.2882652282714844
3.4916725158691406
0.025783538818359375
0.0
0.0
0.0
0.0
0.0
0.0
0.0
0.0
0.0
0.0
0.0
0.0
0.0
0.0
0.0
0.059024810791015625
0.0
0.0
1.4961013793945312
0.0
0.0
0.0
0.0
0.0
0.0
0.0
0.3502311706542969
0.00019073486328125
0.13684844970703125
0.0
0.0
0.0
0.0
0.0
0.0
0.0
0.0
0.0
0.0
0.0
0.0
0.0
0.0
0.0
0.0
0.0
0.0
0.0
0.0
0.0
0.0
0.0
0.0
0.0
0.0
0.0
0.0
0.0
0.0
0.0
0.0
0.0
0.0
0.0
0.0
0.0
0.0
0.0
0.0
0.0
0.0
0.0
0.0
0.0
0.0
0.0
0.0
0.0
0.0
0.0
0.0
0.0
0.0
0.0
1.9674606323242188
2.04290771484375
0.5024490356445312
0.003177642822265625
0.0
0.21845626831054688
0.0
0.0
0.0
1.8285598754882812
0.0
0.0
0.0
0.0
0.0
0.23746871948242188
0.0
0.2522773742675781
0.0
0.013927459716796875
1.2199897766113281
0.0
0.0
0.0
0.0
0.9827690124511719
0.0
0.0
0.0
0.0
0.0
0.0
0.0
0.0
0.0
0.0
0.0
0.0
0.0
0.0
0.0
0.0
0.0
0.0
0.0
0.0
0.0
0.0
0.0
0.0
0.0
0.0
0.0
0.0
0.0
0.0
0.0
0.0
0.0
0.0
0.0
0.0
0.0
0.09541702270507812
0.0
0.0
0.0
0.0
0.0
0.0
0.0
0.0
0.0
0.0096588134765625
0.0
0.0
0.0
0.0
0.0
0.0
0.0
0.0
0.0
0.0
0.0
0.0
0.0
0.0
0.0
0.0
0.0
0.0
0.0
0.0
0.0
0.0
0.0
0.0
0.0
0.0
0.0
0.0
0.0
0.0
0.0
0.0
0.0
0.0
0.13434219360351562
0.0
0.0
0.4087677001953125
0.0
0.0
0.0
0.0
0.0
0.0
0.0
0.0
0.0
0.0
0.0
0.0
0.000911712646484375
0.0
0.15632247924804688
0.11910247802734375
0.17819976806640625
0.22637176513671875
0.0
0.0
0.0
0.0
0.0
0.0
0.0
0.0
0.0
0.0
0.0
0.0
0.0
0.0
0.0
0.0
0.0
0.0
0.0
0.0
0.0
0.0
0.0
0.0
0.0
0.0
0.0
0.0
0.0
0.0
0.0
0.0
0.0
0.0
0.0
8.7738037109375e-05
0.0
0.00081634521484375
0.0
0.04117584228515625
0.0
0.0
0.006732940673828125
0.15090179443359375
0.025989532470703125
0.011318206787109375
0.01877593994140625
0.0
0.0
0.0
0.000885009765625
0.0
0.0
0.0
9.5367431640625e-05
0.0
0.0
0.003269195556640625
0.0
0.0
0.0
0.0
0.0
0.0
0.0
0.0
0.0
0.0
0.0
0.0
0.0
0.0
0.0
0.0
0.0
0.0
0.0
0.0
0.0
0.0
0.0
0.0
0.0
0.0
0.0
0.0
0.0
0.0
0.0
0.0
0.0
0.0
0.0
0.0
0.0
0.0
0.0
0.0
0.0
0.0
0.0
0.0
0.0
0.0
0.0
0.0
0.0
0.0
0.0
0.0
0.0
0.0
0.0
0.0
0.0
0.0
0.0
0.0
0.0
0.0
0.0
0.0
0.0
0.0
0.0
0.0
0.0
0.0
0.0
0.0
0.0
0.0
0.0
0.0
0.0
0.0
0.0
0.0
0.00135040283203125
0.0
0.0
0.0
0.0
0.0
0.0
0.0
0.0
0.0
0.0
0.0
0.0
0.0
0.0
0.0
0.00582122802734375
0.0074462890625
0.0
0.062252044677734375
0.0
0.0
0.001270294189453125
0.0
0.0
0.0
0.0
0.0
0.017486572265625
0.07778167724609375
0.0
0.1905975341796875
0.0
0.0
0.10033798217773438
0.0
0.0
0.1121063232421875
0.039493560791015625
0.05089569091796875
0.00199127197265625
0.27533721923828125
0.00743865966796875
0.24225234985351562
0.001750946044921875
0.004444122314453125
0.7887725830078125
0.021087646484375
0.00974273681640625
0.8541755676269531
0.06247711181640625
0.2023162841796875
0.3470344543457031
0.052215576171875
0.06368255615234375
0.045513153076171875
0.046756744384765625
0.11130523681640625
0.00579833984375
0.10994338989257812
0.1804962158203125
1.7313270568847656
0.5401458740234375
0.8197212219238281
0.2831306457519531
0.005260467529296875
3.258869171142578
3.062591552734375
1.9022331237792969
0.6073417663574219
1.1057472229003906
5.620235443115234
2.6515655517578125
2.4162216186523438
6.761135101318359
1.4585037231445312
4.111396789550781
10.283061981201172
4.74652099609375
7.947322845458984
8.591785430908203
6.974617004394531
22.552078247070312
28.896347045898438
9.465095520019531
11.159660339355469
20.442646026611328
22.444164276123047
10.465991973876953
9.835262298583984
0.0
0.0
0.0
0.0
0.0
0.0
0.0
0.0
0.0
0.0
0.0
0.0
0.0
0.0
0.0
0.0
0.0
0.0
0.0
0.0
0.0
0.0
0.0
0.0
0.0
0.0
0.0
0.0
0.0
0.0
0.0
0.0
0.09361648559570312
0.0
0.2843170166015625
0.033519744873046875
0.18682479858398438
0.004611968994140625
0.06502532958984375
0.06185150146484375
0.052646636962890625
0.010585784912109375
0.07579803466796875
0.08231353759765625
2.9093170166015625
4.263004302978516
0.6670379638671875
3.4204559326171875
8.897533416748047
5.341686248779297
16.62115478515625
0.0
0.0
0.0
0.0
0.0
0.0
0.0
0.0
0.0
0.0
0.0
0.0
0.0
0.0
0.0
0.0
0.0
0.0
0.0
0.0
0.1471405029296875
0.0
0.0
0.00681304931640625
0.4278411865234375
0.003963470458984375
0.5485382080078125
13.6429443359375
8.577064514160156
10.28741455078125
0.0
0.0
0.0
0.0
0.0
0.0
0.0
0.0
0.0
0.0
0.0
0.0
0.0
0.0
0.0
0.005474090576171875
0.019317626953125
0.21366500854492188
0.0
0.09270477294921875
5.207691192626953
1.8313407897949219
12.085960388183594
13.044689178466797
8.135551452636719
0.0
0.0
0.0
0.0
0.0
0.0
0.0
0.0
0.0
0.0
0.044940948486328125
7.660224914550781
12.73868179321289
0.0
0.0
0.0
0.0
0.0
0.0
0.0
0.0
0.0
0.0
0.0
0.0
1.973052978515625
15.901966094970703
6.103122711181641
0.0
0.0
0.0
0.0
0.0
0.1168670654296875
0.0
0.0
0.0
0.0
0.14007949829101562
0.057285308837890625
0.0
1.9478340148925781
3.660686492919922
6.963710784912109
10.105567932128906
0.0
0.0
0.17303085327148438
0.5790748596191406
2.0425643920898438
4.51055908203125
0.0
0.0
0.0
0.0
0.3246612548828125
0.5266571044921875
5.319988250732422
11.732994079589844
0.0
0.15000534057617188
0.07746124267578125
0.10834884643554688
0.0
0.0
0.0
0.0
0.0
0.0
0.0
0.0
0.0
13.20071792602539
0.0
0.0
0.0
0.0
0.0
0.0
0.11974334716796875
0.03131866455078125
0.053485870361328125
0.01625823974609375
0.0
0.0
0.0
12.69588851928711
0.0
0.0
15.718433380126953
0.0
0.0
0.0
0.06706619262695312
0.0
0.2635307312011719
0.0
0.0
