9.876351576561311e-42
0.05087471008300781
1.0593318939208984
0.0
0.2088775634765625
0.0037059783935546875
2.7470664978027344
2.0853614807128906
0.8831005096435547
0.3335456848144531
0.3016471862792969
2.606678009033203
2.947132110595703
0.000400543212890625
0.04706573486328125
7.843114852905273
0.0
0.47003173828125
0.0
2.9003143310546875
0.01006317138671875
0.0
1.1627464294433594
1.9347305297851562
1.4962196350097656
0.0
0.0
1.2865123748779297
0.9723892211914062
0.0
0.020496368408203125
0.0
0.6689910888671875
0.001140594482421875
0.2053070068359375
0.06316375732421875
0.057147979736328125
0.04314994812011719
0.0
0.05179786682128906
0.023349761962890625
0.02191925048828125
0.7693843841552734
3.4764881134033203
0.0
1.391244888305664
2.5364437103271484
6.032541275024414
0.002227783203125
4.144704818725586
0.7513008117675781
0.0
1.1344776153564453
0.0
0.7928485870361328
0.0022335052490234375
1.6858329772949219
0.009868621826171875
0.0
0.019514083862304688
3.3005104064941406
1.052337646484375
0.7021522521972656
4.759033203125
2.5770931243896484
0.0
0.0
1.1579513549804688
3.008890151977539
0.05063438415527344
0.010623931884765625
0.0208892822265625
2.6215744018554688
2.548921585083008
1.7922687530517578
4.900873184204102
0.0
0.0
4.735942840576172
0.022174835205078125
0.2666282653808594
0.018255233764648438
4.907554626464844
1.293853759765625
6.95149040222168
0.0
0.0
0.0
0.1080322265625
0.2266101837158203
3.5620880126953125
4.784187316894531
0.0
0.06204414367675781
0.0149383544921875
0.875885009765625
0.0
0.0
0.1410655975341797
6.010845184326172
10.277210235595703
0.0
0.022195816040039062
0.013475418090820312
5.830329895019531
1.7869796752929688
6.079008102416992
0.0
0.7777099609375
0.0096282958984375
7.835742950439453
0.4263648986816406
3.7001266479492188
0.009538650512695312
0.11859703063964844
1.2189712524414062
0.2769737243652344
6.487676620483398
0.0942230224609375
5.782642364501953
0.04845237731933594
0.5449981689453125
0.009569168090820312
0.1414642333984375
0.0044307708740234375
0.0135650634765625
0.003612518310546875
0.001132965087890625
0.0
0.0013217926025390625
0.009908676147460938
7.007686614990234
0.008726119995117188
0.0041484832763671875
0.0001678466796875
0.0
5.21986198425293
0.5480537414550781
0.2356586456298828
0.22196006774902344
0.10073280334472656
0.1708087921142578
0.43379974365234375
0.24686813354492188
0.1349945068359375
0.03755378723144531
0.0146484375
0.0038604736328125
0.0
0.0002288818359375
0.0
0.0
0.0
0.0
0.0
0.0
0.0
0.0
0.0
0.0
0.0
0.0
0.07820510864257812
0.13967323303222656
0.050029754638671875
0.04073333740234375
0.1559009552001953
0.25101280212402344
1.5903148651123047
0.7015056610107422
1.059366226196289
2.140779495239258
0.009363174438476562
1.083883285522461
3.629169464111328
0.05584526062011719
3.178976058959961
0.3953208923339844
1.2968730926513672
3.517210006713867
0.9448680877685547
4.110784530639648
6.9891510009765625
1.293853759765625
0.0
2.2253494262695312
3.0925121307373047
3.5244808197021484
2.3660316467285156
4.759531021118164
3.7815799713134766
0.13193511962890625
2.7510738372802734
6.13233757019043
3.495677947998047
3.8691329956054688
0.17383384704589844
0.22077178955078125
0.008790969848632812
0.10723114013671875
0.5608386993408203
0.0
2.073619842529297
3.5311832427978516
2.523855209350586
2.5423355102539062
5.566036224365234
0.20093727111816406
3.630308151245117
3.5908870697021484
4.989635467529297
0.3871746063232422
0.35223960876464844
6.781633377075195
0.5419101715087891
3.176362991333008
2.840848922729492
0.13550186157226562
2.7721118927001953
0.74871826171875
6.076406478881836
1.3797016143798828
5.67097282409668
3.359220504760742
2.5282325744628906
0.29454994201660156
4.496318817138672
1.491464614868164
0.9861812591552734
3.8297863006591797
6.152959823608398
1.6173381805419922
1.3728084564208984
1.6925430297851562
1.597421646118164
3.5186290740966797
3.707754135131836
3.1298675537109375
8.14752197265625
1.9153938293457031
0.9467086791992188
2.592601776123047
2.1470680236816406
2.5988388061523438
0.4301605224609375
2.530061721801758
1.2215213775634766
1.2889137268066406
7.267732620239258
6.562402725219727
1.3793487548828125
1.1880512237548828
1.7197284698486328
4.318719863891602
3.6108875274658203
1.387563705444336
0.6648826599121094
0.16701316833496094
0.0006084442138671875
0.00042724609375
0.03137016296386719
0.16032981872558594
0.09540939331054688
0.11661529541015625
0.10921478271484375
0.42087745666503906
0.0
0.0042972564697265625
0.19372177124023438
0.014757156372070312
0.2630653381347656
0.09342002868652344
0.3539581298828125
0.6910610198974609
0.0
0.0
0.03254508972167969
0.00460052490234375
0.2974815368652344
1.6330547332763672
1.9333114624023438
0.009763717651367188
0.09777259826660156
4.042619705200195
0.3071479797363281
0.0067424774169921875
0.27297019958496094
0.0
0.12406158447265625
0.8986911773681641
0.3866157531738281
0.10492515563964844
0.0
1.8293018341064453
0.0076160430908203125
1.7318477630615234
0.2833232879638672
0.056072235107421875
0.4390869140625
0.0058078765869140625
0.4390430450439453
0.0
0.4527301788330078
0.03621101379394531
0.1872539520263672
0.0
0.021471023559570312
0.17847442626953125
0.7038421630859375
0.002162933349609375
0.03500175476074219
2.399209976196289
0.24794387817382812
0.06294441223144531
1.3095054626464844
0.023418426513671875
0.02506256103515625
0.07497215270996094
0.18918609619140625
0.8407535552978516
0.6967582702636719
0.7045326232910156
0.4800910949707031
1.1219635009765625
0.6149005889892578
0.4394493103027344
0.7224636077880859
0.3725757598876953
0.6995754241943359
0.8872261047363281
1.0180168151855469
0.43041419982910156
0.4748382568359375
0.49808311462402344
0.47447776794433594
0.4134693145751953
0.2473430633544922
0.32464027404785156
0.0391998291015625
0.0061893463134765625
0.016567230224609375
0.0
0.0
0.0
0.0001087188720703125
0.3727378845214844
0.09544181823730469
0.0
0.14922142028808594
0.08600997924804688
0.008665084838867188
4.9129638671875
0.8278751373291016
4.395002365112305
0.05704307556152344
0.001434326171875
0.0
0.0020904541015625
0.0
0.0
0.0
0.0
0.0
0.0
0.0
0.0
0.015289306640625
0.4077606201171875
0.0
4.1699676513671875
0.0227203369140625
1.0063724517822266
4.676538467407227
0.0
0.0
0.0
0.0
0.0
0.0
0.029499053955078125
5.6087188720703125
2.570537567138672
6.466375350952148
0.0
0.0029754638671875
0.3917407989501953
0.6545219421386719
4.774101257324219
1.3232917785644531
0.0121002197265625
0.9172611236572266
2.3567142486572266
0.0
1.7998390197753906
0.05585289001464844
0.0
0.0
0.2517719268798828
0.0033416748046875
0.0
0.10168266296386719
0.24434280395507812
0.009063720703125
0.2341175079345703
0.000568389892578125
0.0
0.0
0.0
0.0043354034423828125
0.0
0.0
0.0
0.0
0.0
0.0
0.0
0.0
0.0
0.0
0.0
0.0
0.0
0.0
0.0
0.0
0.0
0.0
0.0
0.0
0.0
0.0
0.0
0.0
0.0
0.0
0.0
0.0
0.0
2.3954715728759766
0.6630935668945312
0.16491127014160156
3.787586212158203
0.46370506286621094
3.749898910522461
1.2403640747070312
0.0
0.0
1.652791976928711
2.260599136352539
1.2531986236572266
0.5804958343505859
0.0
0.0
5.261106491088867
0.17412948608398438
3.736736297607422
4.531213760375977
3.0304222106933594
2.835186004638672
0.027097702026367188
0.5398788452148438
0.08147811889648438
0.020841598510742188
4.666889190673828
0.0
2.9843616485595703
0.10674095153808594
0.9851589202880859
0.013433456420898438
0.11017036437988281
0.002269744873046875
0.0
0.0
0.0
0.0
0.0
0.0
0.5914955139160156
0.5735301971435547
0.008569717407226562
2.092966079711914
0.3251514434814453
0.0
2.5075531005859375
0.0
0.0
1.575479507446289
0.01280975341796875
0.0
0.36165428161621094
0.0
0.09683418273925781
0.29696083068847656
0.0
0.0
0.0
0.0
0.0
0.0
0.0
0.0
0.0
0.50079345703125
0.0
2.3830413818359375
0.00511932373046875
0.6865959167480469
0.4634590148925781
0.0067138671875
0.007045745849609375
0.0
0.046085357666015625
0.0
0.0
0.0
0.0
0.03348350524902344
0.0
0.002185821533203125
0.0
0.0
0.0
0.0
0.0
0.02001953125
3.7860336303710938
0.0
0.007902145385742188
0.0
0.0
0.0
0.0
2.922513961791992
0.16425514221191406
0.0
0.0
0.0
0.12438583374023438
0.030534744262695312
0.0
0.0
0.0
0.0
0.0
0.008556365966796875
0.0
0.0
0.0
0.0
0.0
0.0
0.0
0.0
0.0
0.0
0.0
0.0
0.0
0.0
0.0
0.0
0.0
0.0
0.0
0.0
0.0
0.0
0.0
0.0
0.0
0.0
0.0
0.0
0.0
0.0
0.0
0.0
0.0
0.0
0.0
0.0
0.0
0.0002899169921875
0.0
0.0
0.0
0.0
0.0
0.0
0.0
0.0
0.0
0.0
0.0
0.0
0.0
0.0
0.0
0.0
0.000255584716796875
0.0
0.0
0.0
0.0
0.0
0.0
0.0
0.0
0.0
0.0
0.0
0.0
0.0
0.0
0.0
0.0
0.0
0.0
0.0
0.0
0.0
0.0003452301025390625
0.0
0.0
0.0
0.0
0.0
0.0
0.0
0.0
0.0
0.0
0.0
0.00099945068359375
0.0013484954833984375
5.14984130859375e-05
1.33514404296875e-05
0.0
0.0
0.0
0.0
0.0
0.0
0.11176109313964844
0.018741607666015625
0.0030307769775390625
3.62396240234375e-05
0.0
0.0
0.0
0.0
0.0
0.0
0.0
0.0
0.0
0.0
0.0
0.0
0.0
0.0
0.0
0.0
0.0
0.0
0.0
0.0
0.0
0.0
0.0
0.0
0.0
0.0
0.0
0.0
0.0
0.0
0.0
0.0
0.0
0.0
0.0
0.0
0.0
0.0
0.0
0.0
0.0
0.0
0.0
0.0
0.0
0.0
0.0
0.0
0.0
0.0
0.0
0.0
0.0
0.0
0.0
0.0
0.0
0.0
0.0
0.0
0.0
0.0
0.0
0.0
0.0
0.0
0.0
0.0
0.0
0.0
0.0
0.0
0.0
0.0
0.0
0.0
0.0
0.0
0.0
0.0
0.0
0.0
0.0
0.0
0.0
0.0
0.0
0.0
0.0
0.0
0.0
0.0
0.0
0.0
0.0
0.0
0.0
0.0
0.0
0.0
0.0
0.0
0.0
0.0
0.0
0.0
0.0
0.0
0.0
0.0
0.0
0.0
0.0
0.0
0.0
0.0
0.0
0.0
0.0
0.0
0.0
0.0
0.0
0.0
0.0
0.0
0.0
0.0
0.0
0.0
0.0
0.0
0.0
0.0
0.0
0.0
0.0
0.0
0.0
0.0
0.0
0.0
0.0
0.0
0.0
0.0
0.0
0.0
0.0
0.04082489013671875
0.0
0.0
0.0
0.0
0.0
0.0
0.0
0.0
0.0
0.0
0.0
0.0
0.0
0.0
0.0
0.0
0.0
0.0
0.0
0.0
0.0
0.0
0.0
0.0
0.0
0.0
0.0
0.0
0.0
0.0
0.0
0.0
0.0
0.0
0.0
0.0
0.0
0.0
0.0
0.0
0.0
0.0
0.0
0.0
0.0
0.0
0.0
0.0
0.0
0.0
0.04251670837402344
0.0
0.0
0.0
0.0
0.0
0.0
0.0
0.0
0.0
0.0
0.0
0.0
0.0
0.0
0.0
0.0
0.0
0.0
0.0
0.0
0.0
0.0
0.0
0.0
0.0
0.0
0.0
0.0
0.0
0.0
0.0
0.0
0.0
0.0
0.0
0.0
0.0
0.0
0.0
0.0
0.0
0.0
0.0
0.0
0.0
0.0
0.0
0.0
0.0
0.0
0.0
0.0
0.0
0.0
0.0
0.0
0.0
0.0
0.0
0.0
0.0
0.0
0.0
0.0
0.0
0.0
0.0
0.00600433349609375
0.0
0.0
0.0
0.0
0.0
0.0
0.0
0.0
0.0
0.0
0.0
0.0
0.0
0.0
0.0
0.0
0.0
0.0
0.0
0.0
0.0
0.0
0.0
0.0
0.0
0.0
0.0
0.0
0.0
0.0
0.0
0.000946044921875
0.0
0.0
0.0
0.0
0.0
0.0
0.0
0.0
0.0
0.0
0.0
0.0
0.0
0.0
0.0
0.0
0.0
0.0
0.0
0.0
0.0
0.0
0.0
0.0
0.0
0.0
0.0
0.0
0.0
0.0
0.0
0.0
0.0
0.0
0.0
0.0
0.0
0.0
0.0
0.0
0.0
0.0
0.0
0.0
0.0
0.0
0.0
0.0
0.0
0.0
0.0
0.0
