9.876351576561311e-42
2.397639274597168
1.3464269638061523
1.348318099975586
1.7262868881225586
1.9817829132080078
0.88232421875
1.7603015899658203
1.4510078430175781
11.221976280212402
0.6878871917724609
10.348711967468262
7.486283302307129
6.070094108581543
11.493043899536133
2.670328140258789
0.010965305380523205
2.4528112411499023
0.5066737532615662
0.4572562575340271
2.4510669708251953
0.009449917823076248
1.1661491394042969
0.5615643858909607
1.2030963897705078
0.003470379626378417
0.015717465430498123
0.9342021942138672
1.4082355499267578
1.1468887329101562
1.679718017578125
0.07231899350881577
1.2344322204589844
0.05255504325032234
1.6340503692626953
1.4212322235107422
1.9694890975952148
1.277944564819336
1.4052352905273438
2.2590694427490234
1.1119537353515625
1.778860092163086
1.531515121459961
2.0433273315429688
1.6650581359863281
1.2533998489379883
0.8229131698608398
5.953795433044434
9.732657432556152
0.7304276823997498
13.079995155334473
0.8979568481445312
4.213698387145996
0.07025619596242905
0.9350671768188477
2.5550365447998047
0.9098100662231445
1.2531509399414062
1.3777618408203125
1.567190170288086
0.6366710066795349
9.18869686126709
1.7915840148925781
0.8871011137962341
1.2393579483032227
1.4892778396606445
0.2970733046531677
4.740299224853516
0.8786010146141052
0.8432998657226562
0.9370298385620117
1.5545148849487305
0.6654024124145508
6.317389488220215
1.3369464874267578
1.5205717086791992
1.1936273574829102
0.02472873404622078
1.195638656616211
0.7283010482788086
1.924208641052246
1.2017230987548828
4.601350784301758
9.012873649597168
1.802947998046875
0.6846389770507812
0.0036058013793081045
0.005001026671379805
0.9444246292114258
1.8132266998291016
7.549947738647461
2.0512428283691406
0.11539836972951889
1.0900421142578125
1.0468826293945312
11.046941757202148
0.07767482846975327
0.16625209152698517
1.4120759963989258
2.816054344177246
1.8978919982910156
0.17715449631214142
0.9580421447753906
1.1211967468261719
1.4111251831054688
10.985477447509766
1.1775798797607422
0.524444580078125
1.5714330673217773
0.4002456068992615
4.4884748458862305
13.097779273986816
1.59503173828125
0.03765102103352547
12.18887996673584
0.5197400450706482
1.836857795715332
2.342156410217285
2.136354446411133
5.624412536621094
3.3766469955444336
1.0645017623901367
0.534785270690918
0.9579229354858398
0.3321532607078552
3.245358467102051
0.7596635818481445
2.8204879760742188
0.8503799438476562
0.2661876082420349
0.613306999206543
3.572545051574707
1.5311298370361328
1.6032524108886719
1.5464134216308594
2.4667539596557617
4.644683837890625
4.53205680847168
4.3238372802734375
0.6919240355491638
3.569416046142578
0.7987909317016602
2.769545555114746
2.7382402420043945
2.706937789916992
3.0102415084838867
2.9658403396606445
2.8560562133789062
1.940032958984375
2.3802642822265625
0.8626031875610352
0.23592372238636017
0.17566199600696564
0.023374516516923904
0.0010909620905295014
0.19905848801136017
0.4574660658836365
0.69891357421875
1.0674819946289062
1.4531097412109375
1.1668319702148438
1.0812454223632812
10.471989631652832
13.317489624023438
12.940285682678223
9.413498878479004
11.628475189208984
7.42142391204834
3.074151039123535
20.088722229003906
4.4607744216918945
13.629082679748535
13.85135269165039
23.851430892944336
27.088035583496094
20.331317901611328
22.313018798828125
28.323162078857422
39.056907653808594
14.138705253601074
22.039608001708984
13.56409740447998
26.504348754882812
15.00536060333252
2.4732236862182617
9.581738471984863
10.30725383758545
11.635478019714355
4.507999420166016
8.071651458740234
2.149245262145996
2.056187629699707
2.163588523864746
1.2905302047729492
4.009740829467773
1.2375898361206055
12.103737831115723
12.956158638000488
12.063976287841797
5.247825622558594
5.468395233154297
10.894843101501465
29.723697662353516
27.641494750976562
16.202701568603516
31.555923461914062
35.79735565185547
22.43413543701172
15.151572227478027
22.821598052978516
19.05893325805664
11.928836822509766
19.732568740844727
29.67597007751465
30.745311737060547
14.719358444213867
3.453118324279785
15.606165885925293
30.751007080078125
11.292551040649414
30.638221740722656
13.728388786315918
39.46284866333008
0.4318494498729706
3.701496124267578
20.714473724365234
21.780410766601562
8.104387283325195
25.29996681213379
19.09792709350586
2.62363338470459
5.883166313171387
3.5839319229125977
3.751448631286621
23.265655517578125
4.691605567932129
3.956735610961914
5.526032447814941
33.89595031738281
5.870237350463867
6.082239151000977
26.282508850097656
4.122918128967285
13.5272798538208
4.746722221374512
13.31650161743164
4.453205108642578
8.128472328186035
26.312198638916016
22.766754150390625
12.943638801574707
12.79566764831543
14.592179298400879
17.206439971923828
16.021913528442383
10.828359603881836
7.482320785522461
5.38985538482666
8.113567352294922
6.316110610961914
5.659609794616699
6.488619804382324
3.5982532501220703
2.9292144775390625
1.547602653503418
0.17195697128772736
0.03180690482258797
0.022720295935869217
0.40706151723861694
0.9861459732055664
1.0524559020996094
0.9659671783447266
1.5729293823242188
1.7751274108886719
4.257354736328125
7.410447120666504
7.2578325271606445
9.005943298339844
4.572426795959473
4.823346138000488
5.179815292358398
10.969783782958984
5.452545166015625
5.960845947265625
5.879833221435547
7.577191352844238
8.442687034606934
3.69785213470459
4.310969352722168
0.7459754347801208
1.5716361999511719
2.4117164611816406
7.562935829162598
2.751598358154297
7.784330368041992
5.536247253417969
5.8296098709106445
5.431412696838379
9.716057777404785
6.229595184326172
1.666738510131836
0.8937196135520935
4.4496965408325195
6.6813249588012695
10.040122985839844
4.169306755065918
9.999521255493164
8.219507217407227
4.488614082336426
8.76872730255127
6.312304496765137
2.39121150970459
6.599037170410156
4.081211090087891
1.8288345336914062
6.567538261413574
0.8648547530174255
6.562652587890625
4.994563102722168
2.6143798828125
1.8782758712768555
4.195830345153809
1.019597053527832
3.138401985168457
1.080312728881836
1.9277324676513672
2.111103057861328
1.5265312194824219
1.9302425384521484
1.109208106994629
1.1639213562011719
1.6193180084228516
1.4283523559570312
1.2827529907226562
1.1371383666992188
1.7618465423583984
2.07769775390625
5.044313430786133
5.382512092590332
4.506955146789551
1.9112863540649414
1.5073356628417969
0.9861307144165039
0.9874534606933594
0.6769886016845703
1.2748422622680664
0.7732028961181641
0.5918817520141602
0.5879802703857422
0.8712549209594727
0.536012589931488
5.777544021606445
6.095552444458008
5.594215393066406
1.2326116561889648
1.942997932434082
1.4084997177124023
4.603664398193359
3.955291748046875
2.020503044128418
0.5293950438499451
0.24684901535511017
0.282497376203537
3.1110076904296875
2.790480613708496
0.2603606879711151
0.7303857803344727
1.507467269897461
0.2617148756980896
6.049894332885742
1.6451358795166016
5.219836235046387
7.874990463256836
3.23610782623291
4.447414398193359
2.5416316986083984
0.6902856826782227
2.5278749465942383
0.17547602951526642
0.47966283559799194
5.943868637084961
6.15592098236084
9.169261932373047
4.569847106933594
0.37108033895492554
1.5537099838256836
6.135790824890137
6.073402404785156
9.589401245117188
0.33165353536605835
3.787853240966797
6.104597091674805
0.22078414261341095
4.560611724853516
5.191933631896973
0.45436185598373413
0.7664318084716797
2.1341447830200195
0.8096065521240234
1.3155298233032227
2.744710922241211
5.780133247375488
2.810553550720215
5.177219390869141
3.605358123779297
2.5935163497924805
2.256129264831543
2.260308265686035
2.981745719909668
2.193882942199707
0.9497766494750977
2.7617015838623047
1.936380386352539
1.8605375289916992
0.38811105489730835
0.48638051748275757
1.1458368301391602
1.3929309844970703
0.9255399703979492
0.6145601272583008
0.24530215561389923
0.15080828964710236
0.495353639125824
0.9609527587890625
1.198664665222168
2.060786247253418
1.7811260223388672
3.9169998168945312
3.9136123657226562
2.6923446655273438
2.7960205078125
2.1416826248168945
2.146002769470215
1.6581611633300781
1.1122236251831055
0.6862678527832031
0.7888708114624023
0.31514543294906616
7.373551368713379
6.383064270019531
5.870612144470215
5.610976219177246
4.081025123596191
3.8190784454345703
6.231874465942383
0.3722934126853943
1.009251594543457
6.323164939880371
6.254884719848633
4.446049690246582
4.454387664794922
0.25684067606925964
0.6555023193359375
6.769674301147461
2.5810470581054688
4.154681205749512
8.444182395935059
3.6177730560302734
7.339031219482422
1.9944753646850586
3.009683609008789
0.8931341171264648
0.5355738997459412
8.606040000915527
0.5859059691429138
9.370706558227539
5.752129554748535
6.165473937988281
1.9879331588745117
3.0093164443969727
1.4132299423217773
0.583282470703125
0.42068856954574585
0.3352460265159607
0.3187379240989685
0.4228295683860779
3.297175407409668
2.6769065856933594
4.124997138977051
0.26688382029533386
8.681784629821777
1.960667610168457
2.3829431533813477
7.5315399169921875
2.7767601013183594
0.2291078120470047
9.332633018493652
3.9444961547851562
0.47286027669906616
10.974176406860352
2.1701536178588867
6.8685455322265625
8.2875337600708
1.4122753143310547
0.7448024749755859
0.8188743591308594
0.1626719981431961
2.137514114379883
4.0643463134765625
0.05153651908040047
0.029296832159161568
1.4118328094482422
1.7812795639038086
3.1708316802978516
6.468703269958496
0.14894290268421173
4.746109962463379
6.216761589050293
2.1163387298583984
3.7350807189941406
0.1569938212633133
5.179445266723633
0.4441365599632263
0.14347071945667267
0.042826611548662186
0.02498813159763813
0.43222516775131226
2.009272575378418
0.16572852432727814
2.0143518447875977
0.1094789057970047
0.020679432898759842
0.017383534461259842
1.4023218154907227
0.35484594106674194
10.021072387695312
0.21587271988391876
4.115427017211914
0.38142484426498413
0.49469655752182007
0.9852790832519531
1.7034149169921875
12.062825202941895
3.1008615493774414
0.22367186844348907
0.5399436354637146
1.2861061096191406
7.978266716003418
5.772675514221191
2.079793930053711
0.2692079246044159
1.334895133972168
0.9330978393554688
1.65692138671875
0.6202459335327148
1.1936473846435547
1.7101402282714844
0.16378970444202423
2.2581710815429688
2.5793371200561523
0.24616332352161407
3.1612625122070312
0.5896291732788086
2.267483711242676
0.30749985575675964
0.2254771739244461
0.034109074622392654
0.20308013260364532
0.9237518310546875
0.5291604399681091
1.0889663696289062
1.6487798690795898
3.2960548400878906
2.5976057052612305
2.606661796569824
3.248342514038086
2.9182205200195312
2.0491714477539062
0.0
0.0
0.0
0.0
0.0
0.0
0.0
0.0
0.0
0.0
0.0
0.0
0.0
0.0
0.0
0.0
0.0
0.0
0.0
0.0
0.0
0.0
0.0
0.0
0.0
0.0
0.0
0.0
0.0
0.0
0.0
0.0
0.0
0.0
0.0
0.0
0.0
0.0
0.0
0.0
0.0
0.0
0.0
0.0
0.0
0.0
0.0
0.0
0.0
0.0
0.0
0.0
0.0
0.0
0.0
0.0
0.0
0.0
0.0
0.0
0.0
0.0
0.0
0.0
0.0
0.0
0.0
0.0
0.0
0.0
0.0
0.0
0.0
0.0
7.7633771896362305
9.875693321228027
8.108504295349121
7.782957077026367
7.412092208862305
6.464155197143555
4.189492225646973
4.533351898193359
4.9521026611328125
3.7221717834472656
3.088303565979004
4.4553937911987305
4.713897705078125
3.7068138122558594
1.66461181640625
2.425323486328125
1.1099662780761719
4.485288619995117
0.7223615646362305
0.09025570005178452
0.3382653594017029
0.009529071860015392
0.023773152381181717
0.10918041318655014
1.829803466796875
1.2709884643554688
0.19171042740345
0.6221885681152344
0.0
0.0
0.0
0.0
0.0007781569147482514
0.0
0.0
0.00722499517723918
0.0
1.1508255004882812
0.0
0.010101276449859142
0.0
1.0057830810546875
0.14179225265979767
2.53338623046875
0.720977783203125
0.00708766607567668
1.5457839965820312
0.014175373129546642
3.8366546630859375
0.0022201125975698233
0.479057252407074
0.0
0.0
3.9829864501953125
0.0
0.0
0.0
0.05118556693196297
0.400352418422699
0.7717819213867188
0.6744461059570312
0.0
0.0
0.16225428879261017
3.705939292907715
1.4128494262695312
2.7852935791015625
0.0
0.04798885062336922
1.9251632690429688
3.282133102416992
0.0
0.0
2.6834468841552734
3.3758726119995117
0.7039337158203125
3.4424619674682617
3.1640853881835938
0.0
0.00505061773583293
0.0017623489256948233
0.19410701096057892
3.123260498046875
0.00391383795067668
0.0
0.0
3.1769638061523438
0.0
0.0
0.0023040359374135733
1.60479736328125
3.0101871490478516
0.0
2.984556198120117
0.0005187575006857514
3.46267032623291
0.0012130325194448233
0.0
2.357722282409668
0.0
0.0
3.535329818725586
0.0
1.9333419799804688
0.0
1.207596778869629
0.0
0.19618983566761017
0.0
0.0
2.0368289947509766
0.0
0.0
2.5214452743530273
0.0
0.9570541381835938
0.10633846372365952
0.0
0.5224838256835938
0.290275514125824
0.0
0.0
0.0
0.04884334281086922
0.08791347593069077
1.9343500137329102
0.0
0.0
0.0
0.0006026808405295014
0.0
0.0
1.5984420776367188
0.0
0.0038375442381948233
0.0
0.0012816970702260733
0.0
0.0
0.0010528152342885733
0.0021056716796010733
0.0
0.0
0.0009154860163107514
0.0
0.0006866041803732514
0.0
0.0
0.00393672613427043
0.0
0.0
0.0
0.00558467535302043
0.019683796912431717
11.504902839660645
3.9762182235717773
3.5630064010620117
1.4767274856567383
4.68695068359375
4.740837097167969
4.660869598388672
1.2388439178466797
0.5537223815917969
0.22521968185901642
0.6600990295410156
1.1691856384277344
0.6180076599121094
0.0
0.0
0.0
0.0
0.020210225135087967
0.11349483579397202
0.0
4.00909423828125
0.00444026617333293
0.0007094923639670014
0.0
0.022888142615556717
0.13741298019886017
0.0
1.5510940551757812
0.0
0.0
0.354057252407074
0.0
0.03415675833821297
3.223607063293457
0.320854127407074
0.0
3.0029850006103516
0.0
0.0
0.0
0.0
0.0
0.0
0.0
0.0018081252928823233
0.0
0.00511928228661418
0.0
0.0
0.0
0.0
11.149280548095703
3.966130256652832
4.847038269042969
1.5541267395019531
1.8915433883666992
0.9414443969726562
0.8697776794433594
0.0
1.1278114318847656
0.5275077819824219
0.0
0.0
0.014442401938140392
2.2576141357421875
0.0014266555663198233
0.0
0.9218215942382812
0.0
3.0229177474975586
1.1919708251953125
3.1729278564453125
0.00553126959130168
0.0
0.0
2.261697769165039
0.0
0.0024108474608510733
0.0004577223735395819
0.0026931350585073233
0.011756855063140392
7.651667594909668
3.498838424682617
2.7007341384887695
3.8619117736816406
1.164581298828125
1.6300163269042969
0.0
0.16233821213245392
3.5462417602539062
0.0
0.3385161757469177
0.0
1.7636871337890625
2.6405248641967773
0.0011672561522573233
0.8328475952148438
0.0
2.637645721435547
0.0
0.0
0.0
0.0
0.0
0.0
0.017929036170244217
4.354457855224609
0.026863057166337967
0.9540824890136719
0.00420375494286418
0.18270869553089142
0.0
0.07445522397756577
2.140869140625
0.0
0.0
2.7265758514404297
0.0
0.0015792434569448233
8.77804946899414
3.7345962524414062
4.197723388671875
0.8100128173828125
0.9624252319335938
0.0
0.008407550863921642
0.0
0.5888290405273438
0.06879421323537827
0.0
3.142263412475586
0.0
0.0005263868952170014
0.0029525344725698233
4.027347564697266
3.359813690185547
1.1308212280273438
0.2951354384422302
3.643998146057129
0.16043086349964142
3.5926132202148438
1.8389015197753906
0.0
0.23581691086292267
3.317808151245117
0.00515742925927043
0.0
0.0
0.0
0.0
0.0009154860163107514
7.876040458679199
0.0010909622069448233
2.94754695892334
0.0
0.0025634353514760733
0.0
1.0026741027832031
2.54754638671875
0.0
0.3494262099266052
0.0
0.0012054031249135733
0.0
0.0019683425780385733
7.655389785766602
3.1684951782226562
0.010307270102202892
0.0
8.185462951660156
0.008750873617827892
3.810567068285309e-05
6.905337333679199
0.6894187927246094
0.0
0.3043822646141052
5.832762718200684
5.26692008972168
0.0
4.251940727233887
3.6714248657226562
0.07683559507131577
3.3141708374023438
3.5379133224487305
3.8728103637695312
0.04212184622883797
0.0036468093749135733
2.468186378479004
0.00741573004052043
3.4016265869140625
3.4193801879882812
0.0
0.00393672613427043
2.746856689453125
0.0
0.008773761801421642
2.922739028930664
0.7068099975585938
0.0027846877928823233
1.9226598739624023
0.0005187575006857514
0.5317153930664062
2.470916748046875
0.0
