9.876351576561311e-42
0.4640979766845703
0.8731918334960938
0.06680294871330261
0.2773132026195526
0.0336589552462101
0.36590954661369324
1.8851165771484375
1.4137210845947266
3.9291133880615234
0.257808655500412
2.058544158935547
2.8577842712402344
5.277427673339844
4.885442733764648
1.5758056640625
1.2340812683105469
8.147481918334961
2.9370689392089844
6.520734786987305
11.839410781860352
1.0202865600585938
2.8515796661376953
5.13677978515625
2.6824207305908203
0.8064651489257812
1.1575546264648438
6.727619171142578
3.31048583984375
1.2803802490234375
8.862070083618164
0.8632583618164062
1.6417007446289062
5.116621017456055
3.24786376953125
8.701398849487305
6.709600448608398
9.18332290649414
0.9638748168945312
4.112937927246094
9.581378936767578
2.941549301147461
0.46334072947502136
2.8544864654541016
0.05022808909416199
0.37411877512931824
1.6774024963378906
2.2219371795654297
6.839500427246094
0.4660205841064453
3.6002750396728516
4.278966903686523
6.738176345825195
1.3959712982177734
2.0512218475341797
10.32387924194336
4.833318710327148
7.747425079345703
1.2317161560058594
9.28285026550293
1.0446414947509766
3.386991500854492
1.3481292724609375
2.4893932342529297
0.6032238006591797
5.97169303894043
2.2309017181396484
9.632781982421875
3.7151241302490234
9.40280532836914
8.59384536743164
5.421628952026367
0.46258923411369324
2.016124725341797
0.8570079803466797
2.2686691284179688
5.125349044799805
1.2992477416992188
2.2934741973876953
8.61599349975586
3.3076820373535156
8.136026382446289
1.6190109252929688
2.84295654296875
3.4602012634277344
3.6774444580078125
0.8513870239257812
0.936767578125
10.387212753295898
5.544191360473633
2.3063087463378906
1.3121318817138672
1.5951671600341797
10.487113952636719
8.921600341796875
3.0276832580566406
0.8805332183837891
0.8250160217285156
7.721000671386719
1.7088699340820312
2.134876251220703
0.8383388519287109
9.064058303833008
9.287376403808594
1.6195240020751953
2.530588150024414
4.327808380126953
0.9640579223632812
5.165889739990234
8.246665954589844
2.0009078979492188
3.867250442504883
4.589963912963867
7.719902038574219
4.099479675292969
7.6041259765625
7.150951385498047
0.7391777038574219
9.179109573364258
1.2645759582519531
11.328882217407227
8.536249160766602
7.878471374511719
9.546489715576172
6.976423263549805
7.860187530517578
5.950901031494141
6.138664245605469
0.8889884948730469
4.154468536376953
7.829217910766602
1.766611099243164
9.219766616821289
8.58458137512207
7.505743026733398
8.077472686767578
3.158985137939453
10.326478958129883
11.020139694213867
9.556783676147461
13.606700897216797
10.28730583190918
9.960042953491211
10.356843948364258
10.753625869750977
12.72305679321289
10.826379776000977
7.968828201293945
6.08056640625
6.109615325927734
4.417783737182617
2.8638782501220703
2.2295360565185547
1.2559928894042969
1.0258445739746094
0.819122314453125
0.7514572143554688
0.7650985717773438
0.8620948791503906
1.19781494140625
0.941619873046875
0.5854988098144531
0.2717609107494354
0.10979650169610977
0.8963165283203125
0.21366116404533386
0.8291187286376953
0.5941715240478516
1.43701171875
1.328857421875
3.1499061584472656
1.799966812133789
0.3375529944896698
1.2641544342041016
3.5071048736572266
0.6671619415283203
4.392412185668945
1.1998481750488281
1.5936851501464844
5.811071395874023
2.3943729400634766
6.1977996826171875
3.521038055419922
1.9436626434326172
0.6929664611816406
5.239147186279297
3.4189910888671875
2.344076156616211
1.6022567749023438
1.9731559753417969
2.279193878173828
0.7017364501953125
2.9681129455566406
1.944671630859375
2.2766475677490234
2.2323246002197266
0.38530728220939636
0.14267918467521667
0.8224735260009766
1.0155773162841797
1.942007064819336
0.3254680335521698
2.0714950561523438
2.041872024536133
6.312629699707031
1.5589256286621094
2.1885242462158203
2.1477489471435547
6.145174026489258
2.082735061645508
5.513742446899414
0.42535969614982605
1.064748764038086
3.343616485595703
1.8707256317138672
6.215648651123047
4.357858657836914
0.8785953521728516
2.163389205932617
6.468793869018555
2.2218189239501953
1.0287227630615234
1.9323902130126953
1.6101627349853516
5.303398132324219
1.2788028717041016
5.12480354309082
0.687255859375
1.663381576538086
4.943384170532227
2.254487991333008
1.84271240234375
3.3177642822265625
3.027101516723633
1.9084701538085938
5.912437438964844
2.564300537109375
5.474285125732422
2.8434600830078125
2.2741050720214844
2.596376419067383
2.517108917236328
2.7822418212890625
2.6009044647216797
3.7274551391601562
4.69764518737793
4.471803665161133
7.953615188598633
3.794069290161133
4.527462005615234
6.9069061279296875
6.444038391113281
5.826744079589844
5.254266738891602
6.005155563354492
5.8743743896484375
5.3284759521484375
4.145029067993164
0.1598930060863495
0.3024100959300995
2.403423309326172
2.2173519134521484
1.8580951690673828
2.760904312133789
2.4537410736083984
1.6725444793701172
0.0446605421602726
0.02426717057824135
0.4284972548484802
2.6163330078125
4.41436767578125
3.9943294525146484
4.181238174438477
2.633319854736328
0.10078427940607071
0.10647580772638321
0.1005534902215004
0.08864209800958633
1.2827396392822266
8.635072708129883
8.837059020996094
0.09621617943048477
2.8222618103027344
10.151580810546875
2.7091007232666016
0.9745979309082031
1.531972885131836
0.4721621870994568
3.0681018829345703
2.8414058685302734
3.6261425018310547
3.6718215942382812
0.11240384727716446
1.7636146545410156
0.08421895653009415
9.039030075073242
5.000896453857422
1.3729591369628906
1.3500480651855469
1.224477767944336
3.7860355377197266
0.06571195274591446
2.7815685272216797
0.15454289317131042
1.6580219268798828
0.0862712636590004
0.13216206431388855
1.9440498352050781
4.476007461547852
0.10349652916193008
2.0341548919677734
2.1479415893554688
2.535703659057617
0.07175824046134949
3.7715816497802734
0.11078069359064102
0.0425243116915226
0.07980534434318542
0.43237873911857605
0.8780155181884766
4.2931060791015625
1.1115608215332031
0.6380080580711365
1.521780014038086
1.3045635223388672
4.814676284790039
1.4144477844238281
4.519580841064453
2.024557113647461
2.2941818237304688
3.137298583984375
3.842935562133789
3.9447879791259766
4.0937347412109375
4.242694854736328
3.945943832397461
4.101930618286133
3.227741241455078
2.7574539184570312
1.4853382110595703
2.347383499145508
1.2035484313964844
1.4069042205810547
0.0
0.9595069885253906
4.609306335449219
3.8329830169677734
0.47975724935531616
3.6659774780273438
1.059539794921875
0.030214283615350723
8.770881652832031
7.025547027587891
7.390041351318359
0.6501255035400391
0.03720853105187416
0.0019530983408913016
0.795928955078125
0.031711552292108536
0.0014743538340553641
0.9291572570800781
4.280279159545898
4.799726486206055
0.18953701853752136
1.6092414855957031
6.250518798828125
2.2595787048339844
4.812660217285156
0.2573833167552948
7.982240676879883
0.24437710642814636
3.2151222229003906
10.003179550170898
0.01150510087609291
0.03809162974357605
0.8561935424804688
1.556488037109375
0.4535693824291229
7.301321029663086
1.9021015167236328
10.794111251831055
5.1700897216796875
10.831039428710938
0.03575894236564636
0.5147647261619568
2.3292388916015625
3.334413528442383
9.382036209106445
8.829166412353516
0.09528347849845886
6.711183547973633
6.358373641967773
0.04764172434806824
5.324104309082031
2.2444915771484375
0.015104266814887524
0.0049247476272284985
1.471578598022461
0.009843799285590649
0.00039097981061786413
0.5554313659667969
3.6929149627685547
0.08681867271661758
1.7562370300292969
0.289821594953537
0.0024871560744941235
0.0007629127940163016
0.31302449107170105
3.9840431213378906
0.003591510932892561
0.3521060645580292
2.420194625854492
0.0069427224807441235
0.02922055311501026
2.6048011779785156
3.178190231323242
1.0843009948730469
0.6017741560935974
0.7034491896629333
0.0
0.0
0.0
0.0023040506057441235
0.0053252908401191235
0.010644886642694473
0.01746175065636635
0.010488484054803848
0.0261134821921587
0.02272793836891651
0.0054053994826972485
0.012235615402460098
0.0161571241915226
0.7850170135498047
2.29913330078125
2.884420394897461
4.56755256652832
5.453884124755859
6.942539215087891
7.748699188232422
4.874401092529297
0.284664124250412
11.574766159057617
13.412620544433594
7.289112091064453
8.434398651123047
11.221345901489258
5.482980728149414
4.830816268920898
12.67667007446289
12.977254867553711
11.551311492919922
10.48687744140625
5.323945999145508
10.155769348144531
13.158945083618164
8.293392181396484
11.918045043945312
10.674446105957031
7.210777282714844
10.792612075805664
13.659175872802734
14.31995964050293
12.871475219726562
9.383047103881836
10.61871337890625
10.519815444946289
8.991281509399414
10.928356170654297
9.136608123779297
11.316015243530273
8.549261093139648
8.631589889526367
9.665786743164062
9.260931015014648
7.569906234741211
6.327592849731445
0.8875446319580078
14.668355941772461
11.029855728149414
12.901435852050781
7.285434722900391
13.372970581054688
3.0688533782958984
6.72625732421875
3.3829002380371094
8.55734634399414
5.850343704223633
10.432947158813477
11.345344543457031
7.022342681884766
3.120412826538086
7.689212799072266
6.400974273681641
12.62411117553711
14.787384033203125
15.54979133605957
15.877092361450195
10.908145904541016
2.8751068115234375
13.524059295654297
10.86050033569336
2.3980846405029297
14.471710205078125
1.478342056274414
7.588165283203125
11.735132217407227
10.04953384399414
8.659090042114258
12.707046508789062
9.658475875854492
11.469768524169922
5.233163833618164
18.11368751525879
21.43998146057129
16.46024513244629
13.508726119995117
14.094940185546875
2.709400177001953
9.499654769897461
4.167858123779297
18.402482986450195
16.156972885131836
11.466798782348633
3.6062660217285156
12.769170761108398
6.620296478271484
13.351705551147461
6.99180793762207
16.565330505371094
8.402929306030273
4.870904922485352
4.023283004760742
5.957883834838867
11.467987060546875
8.059368133544922
12.157812118530273
6.630878448486328
7.838314056396484
8.158943176269531
10.460905075073242
14.01755142211914
4.745927810668945
15.050376892089844
3.410888671875
10.459589004516602
12.985921859741211
3.6175804138183594
9.882381439208984
2.8462486267089844
3.7904224395751953
8.835145950317383
2.860677719116211
11.94276237487793
10.659746170043945
15.510942459106445
18.4754695892334
19.39641571044922
12.077869415283203
10.071081161499023
6.413379669189453
9.550514221191406
12.687654495239258
10.048055648803711
7.896856307983398
5.190643310546875
6.059476852416992
5.259042739868164
9.495832443237305
0.016262028366327286
0.014520619064569473
0.009992573410272598
0.0964030995965004
0.0194682814180851
0.009275410324335098
0.0583934485912323
0.03583142161369324
0.02026936784386635
0.1731700599193573
0.3646697700023651
0.046174973249435425
0.015499087981879711
0.11635396629571915
0.4627971351146698
0.013271304778754711
0.030384035781025887
0.013620350509881973
0.06557080894708633
0.27275845408439636
0.05954167619347572
0.15723416209220886
0.1478118598461151
0.01617429032921791
0.010158511810004711
0.021457646042108536
0.0487956739962101
0.053508732467889786
0.09585950523614883
0.13838574290275574
0.3138217628002167
0.02522275038063526
0.010871860198676586
0.1693267524242401
0.26408955454826355
0.1766662299633026
0.012855502776801586
0.09769246727228165
0.0074081155471503735
0.045055363327264786
0.04662320390343666
0.0023460122756659985
0.05744359269738197
0.038181278854608536
0.02143857069313526
0.02250668592751026
0.008720370940864086
0.21670719981193542
0.014835330657660961
0.009735080413520336
0.030658693984150887
0.02375790663063526
0.248165100812912
0.025318117812275887
0.15719982981681824
0.10614011436700821
0.04103085771203041
0.023982973769307137
0.21552082896232605
0.03519437089562416
0.029727907851338387
0.13773533701896667
0.02319333143532276
0.1828765571117401
0.09020040184259415
0.06019017472863197
0.05406186357140541
0.04793355241417885
0.025409670546650887
0.03553769364953041
0.02132412977516651
0.012817355804145336
0.01772305555641651
0.0018310280283913016
0.13344761729240417
1.3005828857421875
1.6185226440429688
0.7581501007080078
0.10028836876153946
0.07994267344474792
0.0
0.0
0.15120312571525574
0.0
0.2360820472240448
0.009752247482538223
0.017099354416131973
0.01853177323937416
0.027416201308369637
0.018749210983514786
0.0
0.011198017746210098
0.0
0.02857777662575245
0.0
0.02216336503624916
0.021318409591913223
0.01986691728234291
0.014062855392694473
0.01187131181359291
0.0
0.012990925461053848
0.014270756393671036
0.0062408181838691235
0.030307741835713387
0.007749530952423811
0.02530667372047901
0.027881594374775887
0.025661440566182137
0.03750798478722572
0.019435856491327286
0.038431137800216675
0.013231251388788223
0.013383839279413223
0.01335141435265541
0.03961560130119324
0.02228352800011635
0.04742047190666199
0.03914639353752136
0.01489255204796791
0.04254528880119324
0.016435597091913223
0.19703862071037292
0.013013813644647598
0.03097531385719776
0.022104235365986824
0.0028037759475409985
0.19992825388908386
0.015502902679145336
0.028148623183369637
0.0026893350295722485
0.014959309250116348
0.02461049146950245
0.03311726823449135
0.026796313002705574
0.0077819558791816235
0.009677859954535961
0.0195979792624712
0.81536865234375
0.0482310988008976
0.11515996605157852
0.05465695634484291
0.014783833175897598
0.08252332359552383
2.3864173889160156
0.010478946380317211
0.011444064788520336
2.8299121856689453
0.6349696516990662
0.03136441484093666
1.4503288269042969
0.4539298415184021
0.009773227386176586
0.012716267257928848
0.011907550506293774
0.01762387529015541
1.2882728576660156
0.012714358977973461
0.009613010101020336
0.0043906900100409985
0.7514286041259766
0.011444064788520336
0.011123630218207836
0.012351962737739086
0.148830384016037
0.6247462630271912
0.0074004861526191235
1.7572383880615234
0.011703464202582836
1.6227130889892578
0.010032626800239086
0.0028991433791816235
2.434701919555664
0.0067634317092597485
0.009918185882270336
8.096183776855469
0.0009803505381569266
3.501344680786133
0.0052261087112128735
4.201595306396484
0.0043487283401191235
0.6606006026268005
0.01992795057594776
0.018138859421014786
1.7313671112060547
0.011215182952582836
0.011283847503364086
5.988943099975586
0.04059026017785072
12.424436569213867
4.766643524169922
0.010566684417426586
8.812936782836914
5.932914733886719
0.009277316741645336
0.016887636855244637
0.0076980325393378735
3.2700958251953125
5.2014312744140625
5.849184036254883
0.012359592132270336
0.013580295257270336
0.010044070892035961
0.14052388072013855
0.009487125091254711
0.0075187417678534985
4.188423156738281
0.017475100234150887
0.07927892357110977
0.0008468361338600516
0.15944859385490417
0.8968372344970703
0.0008468361338600516
0.009735080413520336
0.011833163909614086
0.7949810028076172
0.0070571633987128735
0.8894805908203125
0.0075149270705878735
0.4541949927806854
0.12423703819513321
0.09782788902521133
0.5029029846191406
0.0071372720412909985
0.04628751054406166
0.02006527967751026
0.2850646674633026
0.27799221873283386
1.5898876190185547
0.0
0.0
0.0
0.015123341232538223
0.01907346025109291
0.018177006393671036
0.002847644966095686
0.005086872261017561
0.01339719071984291
0.005086872261017561
0.014417622238397598
0.0046081277541816235
0.004934284370392561
0.0071029397659003735
0.02245900221168995
0.04819867014884949
0.01342007890343666
0.023700686171650887
0.007953617721796036
0.0567454993724823
0.01728055253624916
0.00820157304406166
0.04130742326378822
0.014392826706171036
0.014902088791131973
0.009510013274848461
0.05802914500236511
0.011444064788520336
0.008102389983832836
0.02272030897438526
0.010528537444770336
0.012535068206489086
0.8492679595947266
0.3658122718334198
0.0058479043655097485
3.57220458984375
0.008125278167426586
0.02964780107140541
0.0036124917678534985
0.0070686074905097485
0.021366091445088387
0.015705080702900887
0.5647640228271484
0.07330701500177383
0.024959536269307137
0.01786801405251026
0.8168792724609375
0.8059291839599609
0.0036658975295722485
0.041431400924921036
1.8077411651611328
0.0
0.01619527116417885
0.010919544845819473
0.006647083442658186
0.020343754440546036
0.008975956588983536
0.015119526535272598
0.014066670089960098
0.014986012130975723
0.006387684028595686
0.08384701609611511
0.026811571791768074
0.0388621985912323
0.01360318437218666
0.0072288247756659985
0.04050252214074135
0.07176587730646133
1.7272720336914062
0.06953808665275574
1.8937435150146484
0.014169665984809399
0.010433170013129711
0.0012016029795631766
8.418729782104492
0.011352512054145336
0.021190615370869637
0.7118148803710938
0.1894206702709198
0.3930530250072479
0.4129810035228729
0.0
0.0
0.0184154249727726
0.014032337814569473
0.020624134689569473
0.008571598678827286
0.02916714735329151
0.040628403425216675
0.01335141435265541
0.03272435441613197
0.011768314987421036
0.056056950241327286
2.2867889404296875
0.010654422454535961
0.08104130625724792
0.0020599099807441235
5.653520584106445
0.008125278167426586
0.024143191054463387
0.0044784280471503735
0.0042381021194159985
0.79925537109375
0.057605717331171036
0.5010261535644531
0.017305348068475723
0.01541898027062416
0.016857121139764786
0.06221386790275574
0.03623959794640541
0.008745167404413223
0.021921131759881973
0.06121060252189636
0.011577579192817211
0.0465373732149601
2.6476573944091797
0.0019187660655006766
0.06852910667657852
0.8079395294189453
0.01586911454796791
0.01702115312218666
0.01187131181359291
0.022516222670674324
0.0057830545119941235
0.04058071970939636
0.005063984077423811
0.040025681257247925
0.0173930861055851
0.0318584181368351
2.074512481689453
0.008285495452582836
0.1434135138988495
0.3585662543773651
0.01672360673546791
0.019046757370233536
0.04908367991447449
0.02517506666481495
1.8622417449951172
0.18863102793693542
0.01335141435265541
0.014520619064569473
0.00968930497765541
0.02091977186501026
1.758218765258789
0.1688518226146698
0.008125278167426586
0.0074081155471503735
0.0042381021194159985
0.5884609222412109
0.6243667602539062
0.33757588267326355
0.011087390594184399
2.3714733123779297
0.010944339446723461
0.012748691253364086
0.7395458221435547
0.013278935104608536
0.0633830726146698
0.016551945358514786
0.0206508357077837
0.008941623382270336
0.014411899261176586
0.9869956970214844
0.6103439331054688
0.03634259104728699
2.0953121185302734
0.3271732032299042
0.013420077972114086
0.011293385177850723
0.0070228311233222485
0.008956882171332836
0.05014416575431824
0.003271076362580061
0.025415392592549324
0.018266651779413223
0.0
0.0
0.7177772521972656
0.0
0.14092442393302917
0.015201541595160961
0.11468694359064102
0.0
0.1503886878490448
0.013504001311957836
0.013038608245551586
3.536775588989258
0.011806461028754711
0.0
0.16066548228263855
0.014392826706171036
0.8147850036621094
0.1205882802605629
0.0013732643565163016
0.6124153137207031
0.0
0.01335141435265541
0.012716266326606274
4.927595138549805
0.0056380960159003735
8.595735549926758
0.08583257347345352
0.011444064788520336
