9.876351576561311e-42
7.17771053314209
8.665680885314941
12.927055358886719
7.112026214599609
7.148981094360352
7.938027381896973
9.007096290588379
5.749225616455078
0.3292560577392578
6.684064865112305
0.41937828063964844
0.27740001678466797
0.08249282836914062
0.7653236389160156
0.0
0.0
3.4143924713134766
0.32591819763183594
2.051234245300293
0.47469139099121094
0.7562637329101562
13.48423957824707
0.47087669372558594
0.0
0.0
0.9920597076416016
0.8232593536376953
0.13256072998046875
0.6809234619140625
1.1991262435913086
0.8575916290283203
0.0
0.12636184692382812
0.0
0.0
0.4025697708129883
0.3712177276611328
0.7320642471313477
0.0
0.05626678466796875
0.0
7.756352424621582
3.618597984313965
8.895635604858398
5.254268646240234
4.800915718078613
0.0
0.1239776611328125
11.95681095123291
0.0
0.08797645568847656
0.0
0.0
13.743281364440918
2.925395965576172
0.6608963012695312
0.6643533706665039
2.5217533111572266
0.5609989166259766
4.477024078369141
1.430511474609375
11.712789535522461
10.11037826538086
5.205273628234863
1.6002655029296875
0.13709068298339844
0.0
0.7984638214111328
0.17511844635009766
0.5220174789428711
0.5038976669311523
4.9675703048706055
2.194643020629883
9.883522987365723
5.034804344177246
1.5015602111816406
0.30159950256347656
1.7704963684082031
2.8438568115234375
0.0
0.32520294189453125
2.661466598510742
0.9205341339111328
0.9844303131103516
1.0967254638671875
0.0
2.5222301483154297
0.06651878356933594
0.16236305236816406
0.8411407470703125
9.496927261352539
0.6046295166015625
0.15211105346679688
0.0
0.4954338073730469
0.0
0.09560585021972656
0.0
2.18355655670166
1.6772747039794922
0.0
0.6890296936035156
0.6997585296630859
11.27314567565918
0.0
0.4973411560058594
2.391934394836426
0.32830238342285156
0.6997585296630859
2.422928810119629
0.0
2.2777318954467773
0.31757354736328125
0.8242130279541016
0.0
0.8667707443237305
8.353590965270996
1.3427734375
4.711031913757324
0.7178783416748047
0.4715919494628906
0.2884864807128906
0.17452239990234375
0.3185272216796875
0.8776187896728516
0.06604194641113281
0.28777122497558594
3.1708478927612305
0.3485679626464844
0.3371238708496094
5.005121231079102
0.1628398895263672
0.4818439483642578
1.2078285217285156
0.1304149627685547
0.0
0.8854866027832031
0.4458427429199219
0.0
0.4210472106933594
0.0
3.0450820922851562
1.9032955169677734
1.3335943222045898
0.1518726348876953
0.3758668899536133
0.11372566223144531
0.4851818084716797
0.19073486328125
1.0232925415039062
1.6605854034423828
1.5761852264404297
0.0
0.958561897277832
0.3132820129394531
1.6090869903564453
0.72479248046875
3.304600715637207
0.15401840209960938
0.5385875701904297
0.15234947204589844
6.425142288208008
0.0
4.689812660217285
4.749894142150879
2.0689964294433594
4.13203239440918
4.482150077819824
2.991199493408203
4.348635673522949
2.444744110107422
5.293011665344238
4.578232765197754
0.8862018585205078
6.629824638366699
1.600503921508789
8.271336555480957
7.797002792358398
0.5888938903808594
3.213167190551758
0.8914470672607422
1.3959407806396484
5.002260208129883
6.728053092956543
1.8318891525268555
10.542035102844238
0.40721893310546875
4.685759544372559
1.8526315689086914
3.8470029830932617
11.358976364135742
9.868264198303223
1.241445541381836
3.2802820205688477
3.798842430114746
5.229353904724121
2.6787519454956055
4.033446311950684
5.484938621520996
4.337310791015625
0.7753372192382812
0.5476474761962891
1.4420747756958008
0.7498264312744141
9.364962577819824
6.401419639587402
2.733945846557617
0.3943443298339844
2.1702051162719727
1.627206802368164
1.1403560638427734
1.9674301147460938
0.0
6.396174430847168
1.3148784637451172
3.7790536880493164
0.39267539978027344
5.4694414138793945
0.3428459167480469
0.0
0.0
6.418466567993164
4.741430282592773
2.187967300415039
1.7957687377929688
0.6418228149414062
1.141190528869629
3.0552148818969727
1.076817512512207
2.056717872619629
3.877878189086914
2.3592710494995117
2.948641777038574
0.7727146148681641
1.3659000396728516
2.4487972259521484
0.2665519714355469
0.3008842468261719
0.43773651123046875
2.287626266479492
1.0181665420532227
0.9098052978515625
3.750324249267578
1.4388561248779297
1.8377304077148438
0.0
0.28514862060546875
0.0
0.0
0.05745887756347656
0.5545616149902344
0.15020370483398438
1.0802745819091797
0.0
1.0838508605957031
2.658843994140625
2.8960704803466797
1.0335445404052734
0.5125999450683594
0.7170438766479492
0.16951560974121094
2.891659736633301
4.421114921569824
2.801060676574707
0.0
0.7386207580566406
3.3217668533325195
5.069613456726074
0.186920166015625
0.2124309539794922
0.8041858673095703
0.8800029754638672
0.05507469177246094
0.4405975341796875
3.5959482192993164
2.99835205078125
4.000663757324219
0.0
0.0
0.14150142669677734
0.0
2.03549861907959
0.13399124145507812
0.0
0.1747608184814453
0.14221668243408203
0.1633167266845703
0.18548965454101562
0.28777122497558594
0.7251501083374023
0.31554698944091797
2.456545829772949
0.1342296600341797
2.9914379119873047
0.49054622650146484
2.1588802337646484
0.0
1.9459724426269531
0.17404556274414062
0.0
0.4038810729980469
1.0366439819335938
0.0
0.885009765625
0.9405612945556641
0.0
0.12040138244628906
0.37407875061035156
0.0
0.15211105346679688
0.32711029052734375
0.1556873321533203
1.1696815490722656
0.7147789001464844
0.0
2.5634765625
2.185344696044922
0.6814002990722656
0.5294084548950195
0.12612342834472656
0.6879568099975586
4.633665084838867
0.0
0.975489616394043
0.0
0.1926422119140625
0.0
0.27179718017578125
0.08177757263183594
0.0
0.5116462707519531
0.31447410583496094
0.1418590545654297
0.1976490020751953
0.09393692016601562
0.21696090698242188
0.1957416534423828
0.661015510559082
0.1533031463623047
0.15211105346679688
0.0
0.0
0.0
0.0
0.0
0.0
0.0
0.0
0.0
0.0
0.07367134094238281
0.8260011672973633
0.0
0.0
0.2994537353515625
0.22983551025390625
1.3450384140014648
0.0
0.1804828643798828
0.12683868408203125
0.0
0.0
0.43392181396484375
0.13387203216552734
0.2911090850830078
0.0
0.0
0.0
0.46432018280029297
0.0
0.12290477752685547
2.7021169662475586
0.23603439331054688
0.0
0.07510185241699219
0.0
0.4940032958984375
0.4570484161376953
0.0
1.4976263046264648
0.24902820587158203
1.9681453704833984
0.0705718994140625
0.0
0.0
0.19741058349609375
0.4620552062988281
0.5725622177124023
0.0
0.0
0.1310110092163086
0.0
0.0
0.39696693420410156
0.0
0.17547607421875
0.0
0.0
0.28252601623535156
0.0
0.0
0.06639957427978516
0.19788742065429688
1.249551773071289
0.23746490478515625
0.3243684768676758
0.09465217590332031
0.0
0.0
0.1766681671142578
0.12612342834472656
0.08225440979003906
0.12826919555664062
0.0
0.1437664031982422
0.0
0.0
0.0
0.0
0.0
0.0
0.0
0.08821487426757812
0.0
0.08344650268554688
0.5326271057128906
0.0
0.2429485321044922
0.0
0.1633167266845703
0.05054473876953125
0.29587745666503906
0.0
0.0
0.29850006103515625
0.3592967987060547
0.9181499481201172
4.270672798156738
3.3806562423706055
4.640936851501465
0.8966922760009766
0.0
0.6639957427978516
0.1163482666015625
0.2541542053222656
0.2257823944091797
6.383299827575684
0.09500980377197266
0.051975250244140625
0.0
0.3371238708496094
0.43272972106933594
4.842042922973633
0.2155303955078125
1.414179801940918
1.7900466918945312
0.0
4.246830940246582
0.0
0.0
0.11587142944335938
0.0
1.8471479415893555
0.07367134094238281
0.0
0.0
0.12934207916259766
0.0
0.0
1.1124610900878906
1.0170936584472656
1.3172626495361328
1.9707679748535156
1.2323856353759766
0.3209114074707031
0.17273426055908203
0.0
0.0
0.0
0.5702972412109375
3.178238868713379
1.6901493072509766
0.07367134094238281
0.0
0.164031982421875
0.5996227264404297
7.968783378601074
2.1712779998779297
0.0
0.22864341735839844
0.18334388732910156
0.37217140197753906
3.1467676162719727
1.6149282455444336
0.5803108215332031
0.26679039001464844
0.7810592651367188
1.114487648010254
0.3147125244140625
0.19669532775878906
0.2938508987426758
0.0
0.1283884048461914
0.1404285430908203
0.25773048400878906
0.18167495727539062
0.6232261657714844
5.30552864074707
1.2829303741455078
0.2009868621826172
0.6712675094604492
0.4608631134033203
0.5393028259277344
0.33855438232421875
0.17499923706054688
0.87738037109375
0.05340576171875
0.1971721649169922
0.0
0.4227161407470703
0.4881620407104492
0.4813671112060547
0.0
1.878976821899414
0.13315677642822266
0.52642822265625
0.5283355712890625
1.420736312866211
0.8006095886230469
0.6020069122314453
0.5748271942138672
0.0743865966796875
6.718635559082031
0.9889602661132812
0.25153160095214844
0.051975250244140625
0.1385211944580078
5.186557769775391
3.0170679092407227
0.0
0.2460479736328125
0.0
0.6380081176757812
1.79290771484375
0.7064342498779297
0.06747245788574219
0.9481906890869141
1.0814666748046875
0.0667572021484375
0.44727325439453125
0.6046295166015625
0.7812976837158203
0.247955322265625
0.0
0.0
0.133514404296875
0.5025863647460938
0.6618499755859375
0.43702125549316406
0.5534887313842773
1.4508962631225586
0.6957054138183594
0.7287263870239258
0.5125999450683594
0.0
0.0
0.33926963806152344
0.0
0.0
0.0
0.0
0.0
0.0
0.0
0.0
0.0
0.0
0.0
0.0
0.0
0.0
0.0
0.0
0.0
0.0
0.0
0.054001808166503906
0.0
0.0
0.0
0.0
0.0
0.0
0.0
0.0
0.0
0.0
0.07200241088867188
0.0
0.0
0.0
0.0
0.0
0.0
0.0
0.1518726348876953
0.0
0.0
0.0
0.0
0.0
0.0
0.0
0.13399124145507812
0.0
0.0
0.0
0.09417533874511719
0.0
0.0
0.0
0.0
0.0
0.10037422180175781
0.0
0.0
0.0
0.0
0.0
0.0
0.0
0.0
0.0
0.0
0.0
0.0
0.0
0.0
0.0
0.0
0.0
0.0
0.8840560913085938
0.17952919006347656
0.0
0.5140304565429688
0.6906986236572266
0.0
0.31185150146484375
0.0
0.0
0.0
0.0
0.0
0.1628398895263672
0.0
0.0
0.0
0.0
0.0
0.0
0.0
0.0
0.0
0.18095970153808594
0.0
0.0
0.0
0.07152557373046875
0.11014938354492188
0.0
0.14019012451171875
0.0
0.5376338958740234
0.0
0.06198883056640625
0.49233436584472656
0.0
0.4557371139526367
0.0
0.23746490478515625
0.0
0.2269744873046875
0.08678436279296875
0.6431341171264648
0.20384788513183594
0.3917217254638672
0.2715587615966797
0.3718137741088867
0.0553131103515625
0.47659873962402344
0.3361701965332031
0.0
0.0
0.5359649658203125
0.0
0.0
0.0
2.100229263305664
0.3151893615722656
0.4801750183105469
1.5110969543457031
0.0
0.0
0.1239776611328125
0.324249267578125
1.8808841705322266
2.66110897064209
0.0
1.1768341064453125
2.4671554565429688
0.16427040100097656
0.08761882781982422
0.0
0.19359588623046875
1.1975765228271484
1.8259286880493164
0.16117095947265625
1.819610595703125
0.0
0.4099607467651367
0.09250640869140625
3.842592239379883
0.4570484161376953
0.9198188781738281
0.11992454528808594
0.0
1.8345117568969727
0.09822845458984375
0.1475811004638672
0.07414817810058594
1.743316650390625
2.5333166122436523
1.6896724700927734
0.1506805419921875
0.10311603546142578
2.1671056747436523
0.2321004867553711
0.05626678466796875
1.3648271560668945
0.10895729064941406
0.12803077697753906
0.0
1.1355876922607422
1.888275146484375
0.0
1.8426179885864258
0.9483098983764648
2.102375030517578
0.0
0.5767345428466797
0.0
0.0
0.0
0.3075599670410156
1.3968944549560547
0.2562999725341797
2.4306774139404297
1.0056495666503906
1.0476112365722656
2.6726722717285156
0.1811981201171875
0.0
0.0
2.100229263305664
3.0690431594848633
0.4394054412841797
0.0
0.19252300262451172
0.19252300262451172
1.0783672332763672
0.10609626770019531
0.07843971252441406
0.0
0.08082389831542969
0.8518695831298828
0.0
0.5474090576171875
1.804351806640625
0.5788803100585938
2.0949840545654297
2.380251884460449
0.064849853515625
4.356503486633301
0.5583763122558594
1.934051513671875
0.4324913024902344
0.2434253692626953
0.5357265472412109
1.0941028594970703
1.7621517181396484
0.0972747802734375
3.8956403732299805
0.0
1.5666484832763672
0.6442070007324219
0.08058547973632812
0.0
0.0
0.0
0.0
0.054836273193359375
0.0
0.0
0.0
0.0
0.5896091461181641
0.0
0.0
0.0
0.22339820861816406
0.14162063598632812
0.31769275665283203
0.36704540252685547
0.0
1.390695571899414
0.32067298889160156
0.3628730773925781
0.0
0.11563301086425781
1.5537738800048828
0.11801719665527344
1.981496810913086
0.0
0.0
2.3996829986572266
0.0
1.0180473327636719
2.918243408203125
2.5655031204223633
2.6459693908691406
0.11157989501953125
0.0
2.6715993881225586
0.7574558258056641
1.1780261993408203
0.0
0.22470951080322266
1.6825199127197266
1.2118816375732422
0.0
0.19931793212890625
1.1566877365112305
1.5687942504882812
1.9398927688598633
0.9541511535644531
0.1957416534423828
0.0
0.0
0.1347064971923828
0.0
0.0
0.06175041198730469
0.0
0.18548965454101562
0.43272972106933594
0.0
0.5123615264892578
0.0
0.49948692321777344
0.15997886657714844
0.16546249389648438
0.8362531661987305
0.0
0.12350082397460938
1.0123252868652344
0.12445449829101562
0.06759166717529297
0.1628398895263672
0.31375885009765625
0.0
0.09274482727050781
1.7865896224975586
0.9641647338867188
0.0
1.6093254089355469
0.0
0.0
0.0
0.0
0.4973411560058594
0.05173683166503906
0.0
0.385284423828125
0.22649765014648438
0.0
0.5868673324584961
0.6115436553955078
2.091646194458008
1.7364025115966797
0.31757354736328125
1.4128684997558594
0.4304647445678711
0.16987323760986328
0.0
0.22590160369873047
0.0
1.3816356658935547
0.7468461990356445
0.08058547973632812
0.5658864974975586
0.0
0.08130073547363281
0.4451274871826172
0.0
0.4228353500366211
0.0
0.7306337356567383
1.1669397354125977
0.0
0.0
1.3751983642578125
0.1163482666015625
1.1795759201049805
0.0
0.0
0.0
0.0
0.0
0.0
1.0955333709716797
0.057220458984375
0.278472900390625
1.9690990447998047
0.0
1.6429424285888672
0.0
0.37169456481933594
0.44655799865722656
0.0
0.0
0.838160514831543
1.6406774520874023
2.560853958129883
0.6666183471679688
0.0
0.0
0.1087188720703125
1.7123222351074219
1.8646717071533203
0.6473064422607422
0.07653236389160156
0.30732154846191406
0.6794929504394531
0.0
0.8873939514160156
0.0
0.2548694610595703
0.35643577575683594
0.0
0.7734298706054688
0.0
0.23937225341796875
0.9961128234863281
0.07700920104980469
0.07772445678710938
1.5361309051513672
0.5934238433837891
0.0
1.3060569763183594
0.45561790466308594
0.11396408081054688
2.698183059692383
0.5332231521606445
0.36978721618652344
0.07343292236328125
0.09393692016601562
0.5085468292236328
0.23865699768066406
0.0
1.4348030090332031
0.0
0.2048015594482422
0.4788637161254883
0.0
0.2789497375488281
2.809286117553711
0.9086132049560547
0.0
1.3394355773925781
1.5114545822143555
0.2764463424682617
0.4159212112426758
0.8885860443115234
0.057697296142578125
0.5326271057128906
0.0
0.5609989166259766
0.827789306640625
0.0
0.055789947509765625
0.0
0.0
1.5530586242675781
0.32591819763183594
1.9539594650268555
1.454472541809082
0.9739398956298828
0.0
