9.876351576561311e-42
6.968975067138672
14.951229095458984
5.667686462402344
8.479952812194824
6.950736045837402
8.42297077178955
13.509869575500488
8.891046524047852
20.909547805786133
12.052059173583984
12.758135795593262
12.771010398864746
21.51453399658203
15.17784595489502
31.35645294189453
18.181682586669922
22.65620231628418
16.269325256347656
18.250167846679688
27.833044052124023
9.217381477355957
18.822372436523438
16.538799285888672
31.57329559326172
12.627005577087402
12.84480094909668
12.116432189941406
28.706253051757812
16.683696746826172
24.312257766723633
10.47062873840332
49.4288215637207
22.619247436523438
45.43119812011719
22.611797332763672
24.019182205200195
23.034095764160156
17.403602600097656
26.099740982055664
23.09393882751465
23.210525512695312
10.205268859863281
10.51938533782959
6.233692169189453
12.578129768371582
18.760860443115234
16.615867614746094
21.489025115966797
31.95410919189453
15.932917594909668
19.05536651611328
17.490089416503906
13.98158073425293
20.609020233154297
20.908594131469727
14.230966567993164
21.703899383544922
17.23313331604004
26.3035888671875
13.438820838928223
13.997197151184082
6.578564643859863
32.22197341918945
30.458152770996094
18.645763397216797
11.873364448547363
15.64478874206543
17.385900497436523
27.177631378173828
25.335311889648438
25.82269859313965
18.976329803466797
13.500690460205078
7.5255632400512695
25.193452835083008
18.94414520263672
10.889291763305664
51.5208854675293
27.309656143188477
30.938148498535156
24.50668716430664
13.044118881225586
21.231292724609375
27.006328582763672
16.309261322021484
7.788538932800293
9.87863540649414
23.590147018432617
23.236156463623047
18.05841827392578
15.95926284790039
14.03796672821045
27.430892944335938
24.9302978515625
18.594980239868164
12.93635368347168
9.228348731994629
21.369457244873047
13.519883155822754
50.59391403198242
9.312868118286133
23.602426528930664
23.665010452270508
13.94808292388916
16.26837158203125
16.84766960144043
9.221196174621582
21.137237548828125
23.474275588989258
13.96942138671875
12.890219688415527
18.78809928894043
22.9184627532959
13.972997665405273
17.151714324951172
23.08458137512207
17.32039451599121
25.40195083618164
17.808319091796875
12.77005672454834
12.219488143920898
21.236717224121094
18.106281280517578
21.033823013305664
18.94771957397461
20.245969772338867
17.550827026367188
11.74163818359375
19.25063133239746
21.725177764892578
20.57308006286621
22.509754180908203
24.034320831298828
21.448373794555664
22.63951301574707
19.176124572753906
21.19475555419922
16.097187042236328
19.728778839111328
20.144939422607422
24.122774124145508
26.594043731689453
25.95233917236328
18.884300231933594
20.8536376953125
18.092273712158203
22.900699615478516
19.986629486083984
19.556045532226562
16.172409057617188
17.72475242614746
15.687704086303711
14.419794082641602
13.786673545837402
12.421131134033203
9.453415870666504
11.871337890625
15.032410621643066
16.86859130859375
15.968680381774902
16.536235809326172
8.135199546813965
5.972385406494141
4.5223236083984375
4.701852798461914
4.3898820877075195
8.453130722045898
12.525796890258789
7.779359817504883
12.697100639343262
7.279396057128906
6.1980485916137695
6.524324417114258
8.112907409667969
9.5289945602417
11.848211288452148
8.35728645324707
9.743571281433105
16.733884811401367
6.969928741455078
17.211318969726562
2.2662878036499023
6.390213966369629
7.827162742614746
11.136770248413086
12.43734359741211
8.105039596557617
8.994579315185547
7.355213165283203
10.105609893798828
8.007287979125977
14.61482048034668
12.529730796813965
13.946533203125
12.708425521850586
9.669780731201172
4.218816757202148
1.8353462219238281
10.286211967468262
8.727550506591797
0.7963180541992188
6.4209699630737305
13.998627662658691
11.516809463500977
11.842489242553711
9.731292724609375
6.466150283813477
14.369845390319824
4.696011543273926
7.759213447570801
4.683256149291992
2.8280019760131836
9.359240531921387
8.284568786621094
13.899803161621094
12.27104663848877
4.6874284744262695
8.476972579956055
10.818243026733398
1.6524791717529297
2.0182132720947266
6.088018417358398
12.84635066986084
11.715054512023926
9.252071380615234
7.5408220291137695
4.337191581726074
9.350180625915527
9.272575378417969
10.729074478149414
6.792902946472168
13.321638107299805
12.378811836242676
10.846138000488281
9.377121925354004
14.554381370544434
13.230562210083008
4.38690185546875
16.497493743896484
11.743307113647461
9.198129653930664
11.128664016723633
8.383750915527344
4.002809524536133
12.11702823638916
8.687853813171387
8.043289184570312
3.8393735885620117
0.8857250213623047
10.384559631347656
12.202620506286621
13.604521751403809
12.079238891601562
10.20967960357666
8.930683135986328
5.977034568786621
9.018659591674805
4.924654960632324
9.48190689086914
8.02755355834961
6.024956703186035
12.009501457214355
11.434435844421387
10.093868255615234
6.78861141204834
4.55552339553833
6.087839603424072
8.125125885009766
0.8702278137207031
11.07800006866455
6.832242012023926
8.351922035217285
11.198163032531738
2.740025520324707
5.92803955078125
5.920529365539551
8.150339126586914
1.674652099609375
9.428977966308594
2.532482147216797
6.863951683044434
8.549928665161133
6.8558454513549805
2.9140710830688477
4.492044448852539
14.942169189453125
12.739419937133789
10.050535202026367
10.454654693603516
12.96883773803711
2.420663833618164
6.547331809997559
6.644129753112793
6.119728088378906
1.38092041015625
5.391359329223633
4.813551902770996
16.41809844970703
7.965326309204102
8.675098419189453
5.639135837554932
3.8715600967407227
1.1928081512451172
9.926199913024902
4.440426826477051
3.227353096008301
11.005997657775879
2.1696090698242188
4.1037797927856445
1.7282962799072266
6.440401077270508
7.624387741088867
6.807565689086914
4.951119422912598
5.072832107543945
6.534814834594727
5.848407745361328
5.5588483810424805
7.890164852142334
5.637526512145996
4.5967698097229
10.87486743927002
0.7420778274536133
13.963937759399414
9.4374418258667
2.7588605880737305
11.394143104553223
7.175803184509277
9.696006774902344
12.701332092285156
8.972406387329102
10.303497314453125
8.722782135009766
10.382294654846191
8.489131927490234
7.11512565612793
10.76960563659668
7.728695869445801
5.660653114318848
0.0
1.094818115234375
0.2281665802001953
3.319978713989258
3.2007694244384766
14.36471939086914
14.348268508911133
3.484010696411133
17.12656021118164
16.86132049560547
4.401445388793945
11.307835578918457
2.186894416809082
13.471484184265137
12.712717056274414
3.5686492919921875
0.2396106719970703
6.949186325073242
0.9896755218505859
3.950357437133789
3.0411481857299805
4.264354705810547
5.299925804138184
0.8741617202758789
1.4055967330932617
4.181623458862305
9.351015090942383
13.942956924438477
2.431154251098633
14.546990394592285
1.6264915466308594
9.01651382446289
13.250946998596191
1.039743423461914
2.816438674926758
2.675771713256836
4.954218864440918
0.7276535034179688
5.227446556091309
14.605522155761719
13.31186294555664
13.123512268066406
11.45780086517334
2.6443004608154297
4.667043685913086
19.981502532958984
3.5448074340820312
3.087282180786133
5.590915679931641
3.8721561431884766
14.816641807556152
1.7745494842529297
3.8785934448242188
15.401959419250488
3.3998489379882812
7.743120193481445
2.924680709838867
16.633869171142578
3.7827491760253906
2.1033287048339844
4.002571105957031
1.5344619750976562
0.06413459777832031
2.932906150817871
7.38978385925293
2.279043197631836
0.186920166015625
2.859830856323242
2.9764175415039062
1.866459846496582
3.0546188354492188
3.0684471130371094
1.1703968048095703
1.2280941009521484
2.389192581176758
6.118535995483398
3.2837390899658203
3.112316131591797
2.455472946166992
8.748769760131836
4.642009735107422
3.1211376190185547
2.710103988647461
1.6133785247802734
0.31685829162597656
0.4649162292480469
0.37097930908203125
0.9612441062927246
3.7963390350341797
5.226016044616699
2.8127431869506836
1.3585090637207031
0.7183551788330078
2.928495407104492
3.1921863555908203
2.96860933303833
4.089832305908203
4.253387451171875
12.842774391174316
9.860038757324219
7.328033447265625
3.229498863220215
4.988908767700195
7.322192192077637
4.485845565795898
2.5876760482788086
3.025233745574951
10.745644569396973
0.6101131439208984
0.9534358978271484
3.402590751647949
2.4296045303344727
4.868745803833008
14.693140983581543
8.309483528137207
5.63812255859375
3.962993621826172
2.1218061447143555
11.424243927001953
7.822513580322266
5.665898323059082
8.98587703704834
6.213903427124023
15.285849571228027
4.515886306762695
0.06818771362304688
1.589059829711914
8.197546005249023
4.335880279541016
5.768179893493652
5.762577056884766
5.298495292663574
3.290414810180664
2.0323991775512695
4.89652156829834
9.760499000549316
1.6057491302490234
7.237553596496582
5.338907241821289
4.748106002807617
6.760001182556152
13.681769371032715
3.9380788803100586
8.029460906982422
3.3636093139648438
4.256486892700195
12.364864349365234
12.874364852905273
6.173372268676758
6.5947771072387695
5.578279495239258
6.140589714050293
9.924888610839844
11.175870895385742
9.636998176574707
5.910277366638184
10.459423065185547
9.183168411254883
4.56845760345459
3.8851499557495117
3.017902374267578
4.7779083251953125
12.188553810119629
2.11942195892334
3.5649538040161133
7.073879241943359
12.168049812316895
15.316247940063477
7.757663726806641
14.946460723876953
10.563015937805176
8.694887161254883
6.772637367248535
8.516550064086914
6.142020225524902
3.2531023025512695
10.956645011901855
2.5261640548706055
7.6961517333984375
2.3005008697509766
8.244514465332031
3.2625198364257812
4.0283203125
2.6187896728515625
8.548736572265625
9.913802146911621
10.78951358795166
10.220885276794434
16.050220489501953
3.239274024963379
1.8945932388305664
2.817511558532715
10.278105735778809
11.797904968261719
5.422830581665039
5.983710289001465
7.365942001342773
11.728525161743164
15.750885009765625
15.785455703735352
12.990832328796387
1.6531944274902344
9.338617324829102
5.945444107055664
4.932761192321777
7.464885711669922
3.6478042602539062
7.120966911315918
3.978133201599121
7.243752479553223
10.124564170837402
4.626750946044922
11.46090030670166
11.684775352478027
5.84721565246582
7.531285285949707
6.471514701843262
5.086183547973633
11.877179145812988
9.428977966308594
8.917093276977539
7.816672325134277
6.134033203125
10.58053970336914
7.6149702072143555
7.250666618347168
6.794333457946777
4.642248153686523
0.0
0.22077560424804688
0.0
0.1862049102783203
0.1862049102783203
0.301361083984375
0.3210306167602539
0.7752180099487305
1.0360479354858398
2.530217170715332
4.721403121948242
0.26297569274902344
0.11026859283447266
0.47981739044189453
5.584478378295898
0.7655620574951172
0.7778406143188477
0.0
1.5299320220947266
5.055546760559082
0.9989738464355469
3.232598304748535
1.955866813659668
0.1685619354248047
0.926971435546875
0.2982616424560547
0.6561279296875
0.8538961410522461
3.4276247024536133
3.14939022064209
6.860136985778809
13.818860054016113
13.150334358215332
5.707383155822754
2.884984016418457
3.790736198425293
6.8329572677612305
2.7923583984375
1.8671751022338867
5.155324935913086
0.6206035614013672
1.2308359146118164
2.456068992614746
2.3512840270996094
1.9584894180297852
4.64177131652832
1.018524169921875
4.326105117797852
1.9636154174804688
1.7809867858886719
2.756357192993164
3.5538673400878906
4.249215126037598
9.129524230957031
2.0667314529418945
0.7849931716918945
1.7277002334594727
2.1615028381347656
2.109646797180176
2.156853675842285
2.617001533508301
2.1305084228515625
2.4825334548950195
2.7676820755004883
4.346013069152832
11.572957038879395
3.991246223449707
0.6543397903442383
0.6510019302368164
1.1647939682006836
3.384709358215332
1.7435550689697266
2.2215843200683594
1.1467933654785156
4.158735275268555
9.125351905822754
0.9675025939941406
1.678466796875
1.422286033630371
2.6311874389648438
3.3402442932128906
2.526998519897461
4.46319580078125
1.89971923828125
3.604888916015625
1.779794692993164
2.1643638610839844
2.1893978118896484
2.7865171432495117
8.93700122833252
5.423069000244141
0.4388093948364258
8.615493774414062
5.762934684753418
1.0122060775756836
7.42340087890625
11.72173023223877
9.470939636230469
0.6047487258911133
2.126932144165039
1.1767148971557617
0.9139776229858398
3.9898157119750977
2.2732019424438477
0.5075931549072266
2.288818359375
1.2469291687011719
5.099773406982422
1.9609928131103516
0.06961822509765625
1.536250114440918
0.0
0.2529621124267578
0.0
0.22161006927490234
0.23317337036132812
0.10800361633300781
4.648804664611816
2.2232532501220703
0.42819976806640625
3.963947296142578
0.4329681396484375
4.500746726989746
0.31828880310058594
2.92360782623291
0.3185272216796875
0.6535053253173828
2.148866653442383
0.37479400634765625
0.9906291961669922
0.5284547805786133
1.8854141235351562
1.694321632385254
1.7242431640625
0.9682178497314453
0.37097930908203125
0.9212493896484375
1.131892204284668
1.1806488037109375
1.9488334655761719
1.6532540321350098
6.125807762145996
2.11179256439209
2.221822738647461
2.0569562911987305
1.4919042587280273
0.5776882171630859
4.066944122314453
2.3229122161865234
1.7311573028564453
1.4189481735229492
2.6199817657470703
4.111647605895996
3.57663631439209
5.01406192779541
2.4493932723999023
3.119230270385742
11.919617652893066
7.614612579345703
1.7170906066894531
2.008795738220215
1.469254493713379
11.77990436553955
14.19675350189209
2.859830856323242
4.644513130187988
2.666592597961426
8.239507675170898
14.437317848205566
6.619930267333984
13.170480728149414
14.378786087036133
7.221341133117676
16.285181045532227
14.127850532531738
5.832552909851074
9.882211685180664
6.168246269226074
5.565285682678223
7.426619529724121
14.966726303100586
8.98599624633789
5.195140838623047
8.600234985351562
3.8824081420898438
1.569509506225586
4.770636558532715
7.256746292114258
16.06011390686035
3.935575485229492
4.852533340454102
6.685972213745117
6.726622581481934
8.746862411499023
1.3675689697265625
8.494019508361816
0.6306171417236328
10.090112686157227
5.293130874633789
11.33275032043457
6.405830383300781
4.085540771484375
3.396153450012207
9.581923484802246
7.444858551025391
3.413677215576172
8.483052253723145
8.830428123474121
13.40019702911377
12.467622756958008
11.427343368530273
10.416865348815918
12.963592529296875
10.669469833374023
9.956418991088867
12.617111206054688
7.565140724182129
9.239912033081055
8.821249008178711
7.680296897888184
5.367517471313477
2.773284912109375
6.379604339599609
7.262468338012695
4.64177131652832
2.9993057250976562
4.725456237792969
6.959080696105957
5.716204643249512
1.5759468078613281
3.249645233154297
1.0228157043457031
2.226591110229492
4.232883453369141
1.4278888702392578
8.17263126373291
5.751252174377441
9.868144989013672
1.7570257186889648
0.8175373077392578
0.34797191619873047
2.3365020751953125
5.342006683349609
1.1072158813476562
0.09202957153320312
0.0
0.7398128509521484
0.0
4.940986633300781
0.5640983581542969
0.49316883087158203
1.112818717956543
1.4600753784179688
1.9383430480957031
2.583026885986328
2.265334129333496
0.716090202331543
3.699779510498047
2.9304027557373047
1.50299072265625
5.839228630065918
6.4574480056762695
2.9085874557495117
5.701184272766113
6.255149841308594
7.402300834655762
8.97836685180664
12.97461986541748
16.4337158203125
6.172537803649902
3.9485692977905273
10.087251663208008
10.330796241760254
8.878231048583984
12.476146697998047
11.880636215209961
14.97805118560791
6.417274475097656
3.5538673400878906
2.0792484283447266
2.6650428771972656
0.8729696273803711
5.090475082397461
2.966165542602539
0.7493495941162109
0.6411075592041016
4.93776798248291
0.5997419357299805
0.3693103790283203
3.4759044647216797
0.0
0.24449825286865234
0.49686431884765625
0.8400678634643555
0.6926059722900391
2.7120113372802734
0.6552934646606445
5.142331123352051
1.3924837112426758
6.0089826583862305
11.444330215454102
10.965585708618164
17.848491668701172
10.350227355957031
5.466580390930176
13.348579406738281
12.258291244506836
4.631161689758301
3.9757490158081055
1.7832517623901367
2.7687549591064453
0.8146762847900391
6.356239318847656
0.7870197296142578
1.2012720108032227
4.878759384155273
0.0
0.4410743713378906
0.42557716369628906
2.969980239868164
0.9353160858154297
0.6326436996459961
7.395148277282715
12.149453163146973
2.078890800476074
10.42020320892334
6.210446357727051
7.972002029418945
7.564187049865723
10.542035102844238
9.901285171508789
9.986519813537598
7.545709609985352
5.6236982345581055
0.7480382919311523
3.7316083908081055
0.29480457305908203
1.7025470733642578
0.4086494445800781
0.783085823059082
1.3818740844726562
2.349376678466797
1.0216236114501953
0.6604194641113281
6.021022796630859
12.327432632446289
9.654521942138672
0.4754066467285156
1.3300180435180664
0.0826120376586914
4.970908164978027
0.2338886260986328
4.07254695892334
0.8242130279541016
0.6325244903564453
4.335999488830566
1.9502639770507812
6.878018379211426
7.021188735961914
6.825447082519531
7.9392194747924805
4.65703010559082
1.9202232360839844
2.8810501098632812
4.540920257568359
2.712845802307129
6.360054016113281
1.954197883605957
2.852320671081543
1.5066862106323242
0.7547140121459961
1.9854307174682617
5.398750305175781
2.4204254150390625
11.404991149902344
6.133079528808594
8.697032928466797
9.735822677612305
11.640548706054688
3.200411796569824
2.6264190673828125
5.552768707275391
5.346536636352539
10.913729667663574
12.569665908813477
0.7984638214111328
4.904031753540039
1.077413558959961
1.0033845901489258
1.4215707778930664
9.063959121704102
13.017535209655762
5.742669105529785
2.2711753845214844
5.891323089599609
4.196643829345703
1.037001609802246
0.7107257843017578
4.600286483764648
4.34267520904541
3.0885934829711914
9.593844413757324
0.5005598068237305
2.017855644226074
3.197908401489258
3.8099288940429688
5.998969078063965
3.516674041748047
1.881241798400879
1.699209213256836
0.886082649230957
1.8033981323242188
1.1237859725952148
8.273839950561523
12.946367263793945
5.595088005065918
8.513689041137695
1.7063617706298828
1.2508630752563477
0.4687309265136719
9.426355361938477
2.325296401977539
0.7827281951904297
11.483073234558105
3.5266876220703125
3.1336545944213867
9.600281715393066
4.25565242767334
9.588241577148438
4.169583320617676
2.6438236236572266
1.2568235397338867
