9.876351576561311e-42
6.6939592361450195
12.446045875549316
5.701184272766113
7.32576847076416
3.8034915924072266
7.553577423095703
9.996175765991211
5.047321319580078
18.501163482666016
18.412113189697266
23.817062377929688
21.005868911743164
17.338275909423828
14.138221740722656
57.710411071777344
15.390157699584961
21.20184898376465
7.672548294067383
22.942543029785156
15.371322631835938
19.659637451171875
58.798431396484375
41.434051513671875
41.909217834472656
15.094637870788574
18.077850341796875
16.837596893310547
20.20990753173828
7.004857063293457
19.408584594726562
11.69729232788086
15.994787216186523
13.883590698242188
23.44536781311035
18.700838088989258
15.4036283493042
18.393634796142578
8.764982223510742
18.472789764404297
18.26310157775879
16.735671997070312
9.943604469299316
15.766143798828125
5.357503890991211
8.63635540008545
14.756917953491211
14.288663864135742
16.63970947265625
53.160667419433594
17.300128936767578
14.392375946044922
21.57962417602539
12.632131576538086
60.28675842285156
11.766433715820312
26.89874267578125
15.576362609863281
7.581233978271484
18.823862075805664
12.247562408447266
13.044476509094238
3.0171871185302734
27.865528106689453
76.66492462158203
16.39413833618164
6.380796432495117
15.668153762817383
76.24161529541016
17.7154541015625
17.397403717041016
15.985846519470215
14.532804489135742
12.349247932434082
7.10451602935791
17.37689971923828
16.208887100219727
10.940313339233398
92.08798217773438
16.080738067626953
17.705440521240234
18.331050872802734
11.54327392578125
18.023372650146484
19.465564727783203
9.113073348999023
21.197795867919922
15.34414291381836
16.497373580932617
15.962958335876465
17.44615936279297
18.674732208251953
8.213043212890625
13.573408126831055
17.81773567199707
19.479869842529297
15.273332595825195
14.144062995910645
19.075870513916016
10.100722312927246
99.4406967163086
12.026548385620117
15.12002944946289
16.271352767944336
7.705211639404297
15.42961597442627
47.08349609375
9.886026382446289
19.444942474365234
15.42520523071289
19.619346618652344
14.67430591583252
25.093555450439453
18.979549407958984
14.031648635864258
20.373703002929688
19.03557777404785
26.311756134033203
20.361900329589844
31.980632781982422
14.934897422790527
16.332387924194336
17.26245880126953
18.358112335205078
17.102956771850586
14.01829719543457
12.511253356933594
15.453577041625977
14.729499816894531
11.22283935546875
11.0626220703125
23.363590240478516
14.778614044189453
10.261297225952148
14.107704162597656
15.577077865600586
18.404722213745117
15.872478485107422
15.929818153381348
19.928573608398438
14.843940734863281
16.191959381103516
21.816730499267578
21.290063858032227
14.843225479125977
9.425878524780273
12.06064224243164
17.015933990478516
14.503717422485352
14.414548873901367
10.663509368896484
11.49606704711914
8.524894714355469
18.637657165527344
12.970685958862305
16.256093978881836
14.294028282165527
12.492537498474121
13.709545135498047
10.0630521774292
11.778593063354492
13.589143753051758
4.197597503662109
2.987027168273926
4.502058029174805
6.312131881713867
5.7926177978515625
7.241964340209961
12.125015258789062
7.649064064025879
10.77413558959961
6.173610687255859
5.341529846191406
8.845329284667969
9.111642837524414
15.588164329528809
7.379055023193359
14.442920684814453
16.061901092529297
11.476993560791016
10.967016220092773
14.304399490356445
47.657012939453125
18.234371185302734
13.622045516967773
81.90619659423828
102.43988037109375
79.48350524902344
23.796916961669922
45.18854522705078
67.28791809082031
9.030818939208984
90.23606872558594
39.713382720947266
35.64488983154297
19.25766372680664
7.275819778442383
5.769968032836914
2.8285980224609375
8.849263191223145
7.923483848571777
0.2818107604980469
10.08152961730957
17.058610916137695
7.006645202636719
24.595260620117188
21.975635528564453
4.594564437866211
17.565250396728516
28.344512939453125
33.05125427246094
5.050301551818848
2.5174617767333984
19.153236389160156
9.128808975219727
18.00537109375
10.544300079345703
0.5671977996826172
16.27719497680664
17.8070068359375
39.01600646972656
4.25410270690918
18.051742553710938
18.62561798095703
8.387327194213867
4.746198654174805
10.886907577514648
5.081772804260254
10.937690734863281
12.047529220581055
28.570890426635742
6.059885025024414
7.655620574951172
7.494688034057617
11.23964786529541
10.209798812866211
20.17498016357422
7.310628890991211
20.1873779296875
20.801305770874023
21.979808807373047
7.645845413208008
40.21990203857422
6.319761276245117
49.40724182128906
5.071163177490234
89.92182922363281
7.500410079956055
15.355110168457031
12.507915496826172
5.5065155029296875
9.404182434082031
7.1468353271484375
11.877298355102539
14.163494110107422
22.79376983642578
36.276817321777344
30.36272430419922
0.6792545318603516
0.6012916564941406
0.9250640869140625
3.9643049240112305
3.719329833984375
4.793882369995117
2.673625946044922
0.3151893615722656
6.521701812744141
5.564689636230469
4.76384162902832
0.9888410568237305
4.333257675170898
3.6116838455200195
0.5598068237304688
1.0167360305786133
5.3882598876953125
5.810856819152832
5.718111991882324
5.207300186157227
0.5271434783935547
0.5943775177001953
0.6716251373291016
3.891110420227051
0.8652210235595703
2.689838409423828
2.6595592498779297
0.843048095703125
2.2978782653808594
0.6730556488037109
11.342287063598633
2.051115036010742
4.4612884521484375
2.3026466369628906
5.665779113769531
0.8385181427001953
4.655957221984863
0.16510486602783203
0.5538463592529297
0.45037269592285156
4.539251327514648
0.5269050598144531
3.791928291320801
6.2770843505859375
0.5155801773071289
0.0
2.7022361755371094
5.357265472412109
1.459956169128418
1.3439655303955078
0.09489059448242188
2.32696533203125
0.6659030914306641
0.1081228256225586
3.0558109283447266
6.929516792297363
0.2601146697998047
0.5934238433837891
7.512688636779785
3.329038619995117
1.734018325805664
4.8187971115112305
0.5300045013427734
2.889871597290039
10.425925254821777
0.4291534423828125
10.375380516052246
0.7386207580566406
1.2640953063964844
1.3320446014404297
0.8078813552856445
1.4035701751708984
1.2123584747314453
0.4563331604003906
0.5755424499511719
0.0
2.6541948318481445
4.565715789794922
4.673600196838379
10.488748550415039
2.33614444732666
0.2772808074951172
0.9660720825195312
0.3399848937988281
0.05745887756347656
0.7231235504150391
0.9343624114990234
2.195596694946289
4.098653793334961
0.0
2.175569534301758
0.9877681732177734
0.0
8.87000560760498
0.49376487731933594
14.986634254455566
0.24318695068359375
0.0
0.0
0.6661415100097656
0.3719329833984375
0.45108795166015625
0.3082752227783203
1.3096332550048828
1.220703125
0.2694129943847656
0.11968612670898438
1.3194084167480469
2.742171287536621
0.8497238159179688
0.2570152282714844
17.0438289642334
0.0
16.767263412475586
8.03995132446289
0.15091896057128906
0.05435943603515625
0.7319450378417969
0.32401084899902344
0.3707408905029297
1.462697982788086
2.274751663208008
11.602401733398438
25.175809860229492
31.653045654296875
0.2956390380859375
0.7257461547851562
0.8594989776611328
3.686189651489258
11.927008628845215
1.659393310546875
0.34546852111816406
0.5347728729248047
8.891820907592773
0.2524852752685547
10.239362716674805
1.2357234954833984
0.08153915405273438
0.0
0.194549560546875
0.1659393310546875
0.20432472229003906
0.16069412231445312
0.9019374847412109
0.0
1.3725757598876953
0.568389892578125
0.0
0.0
0.492095947265625
1.4882087707519531
0.0
0.11968612670898438
1.2819766998291016
0.2872943878173828
0.32901763916015625
0.9195804595947266
0.8602142333984375
0.2994537353515625
0.30875205993652344
0.0
0.2982616424560547
0.05054473876953125
0.0
0.186920166015625
0.8976459503173828
1.2729167938232422
2.318143844604492
0.46825408935546875
0.1270771026611328
0.0
0.23746490478515625
0.1666545867919922
0.11181831359863281
0.06771087646484375
0.1461505889892578
0.4124641418457031
0.7584095001220703
1.0101795196533203
2.0787715911865234
6.168961524963379
6.155967712402344
6.911754608154297
3.2875537872314453
1.5704631805419922
5.559206008911133
10.709762573242188
3.447294235229492
1.4383792877197266
8.84699821472168
0.48065185546875
0.52642822265625
9.094476699829102
2.9337406158447266
2.4328231811523438
16.124963760375977
2.885103225708008
10.045289993286133
13.54062557220459
6.12950325012207
11.147022247314453
6.431818008422852
1.0764598846435547
1.3380050659179688
3.456592559814453
19.76299285888672
3.8025379180908203
1.2934207916259766
1.6469955444335938
0.7278919219970703
3.7546157836914062
10.0250244140625
2.886056900024414
2.496957778930664
2.446413040161133
2.4199485778808594
2.6772022247314453
3.1228065490722656
0.08368492126464844
3.9796829223632812
6.690263748168945
3.0927658081054688
9.392499923706055
3.548145294189453
0.9410381317138672
9.151935577392578
1.6515254974365234
3.2563209533691406
9.556293487548828
10.022878646850586
4.552364349365234
18.13483238220215
1.6274452209472656
12.808799743652344
15.533447265625
10.452985763549805
7.413148880004883
11.613845825195312
5.188703536987305
11.198043823242188
2.3794174194335938
9.744644165039062
9.414196014404297
4.041910171508789
2.1424293518066406
0.2980232238769531
9.786367416381836
2.2802352905273438
7.030487060546875
9.738445281982422
6.056785583496094
12.905359268188477
5.130529403686523
15.037775039672852
8.483171463012695
7.578849792480469
9.720802307128906
8.443117141723633
1.5895366668701172
0.31304359436035156
2.322673797607422
1.3766288757324219
3.784656524658203
5.791902542114258
5.136966705322266
0.5853176116943359
1.9428730010986328
11.28244400024414
6.520748138427734
9.934186935424805
2.668619155883789
3.6284923553466797
3.7810802459716797
1.0085105895996094
10.74838638305664
6.201028823852539
3.940582275390625
10.70857048034668
3.6950111389160156
13.129234313964844
11.665582656860352
12.78543472290039
3.554105758666992
1.2292861938476562
2.6574134826660156
2.2826194763183594
2.361774444580078
12.715578079223633
3.9436817169189453
3.9730072021484375
3.21197509765625
3.587961196899414
5.341053009033203
3.7004947662353516
4.274606704711914
2.66265869140625
12.053966522216797
11.693000793457031
6.720781326293945
3.329038619995117
2.731800079345703
5.338430404663086
4.317998886108398
3.0372142791748047
3.1723976135253906
4.263639450073242
4.626035690307617
3.336668014526367
2.862215042114258
2.3708343505859375
1.2805461883544922
0.7226467132568359
0.34689903259277344
5.2776336669921875
5.150556564331055
0.6937980651855469
8.712291717529297
4.693746566772461
2.602815628051758
5.719661712646484
22.090435028076172
4.150152206420898
1.5933513641357422
9.08660888671875
8.57853889465332
2.363920211791992
6.1550140380859375
1.7080307006835938
3.344297409057617
1.82342529296875
1.3606548309326172
0.7739067077636719
0.44727325439453125
1.840829849243164
1.4367103576660156
1.0919570922851562
1.0063648223876953
1.1241436004638672
1.5158653259277344
0.6129741668701172
1.4355182647705078
4.248857498168945
5.024433135986328
1.1034011840820312
2.0661354064941406
2.956390380859375
2.1963119506835938
3.30352783203125
1.064300537109375
6.265163421630859
6.043672561645508
0.9946823120117188
5.987405776977539
6.790399551391602
5.016088485717773
7.230043411254883
3.3941268920898438
1.2688636779785156
2.31170654296875
1.148223876953125
7.694244384765625
8.46099853515625
1.1196136474609375
1.3358592987060547
2.0325183868408203
3.816843032836914
8.510828018188477
6.685733795166016
1.209259033203125
9.159326553344727
9.829521179199219
1.8384456634521484
6.61778450012207
1.5201568603515625
2.3086071014404297
2.0313262939453125
2.2270679473876953
3.3147335052490234
2.193450927734375
5.277872085571289
5.075931549072266
2.6187896728515625
4.090547561645508
1.8191337585449219
0.9143352508544922
4.246950149536133
1.104593276977539
1.3794898986816406
0.6763935089111328
0.5316734313964844
0.8702278137207031
0.2753734588623047
0.20122528076171875
1.5091896057128906
0.1983642578125
0.9076595306396484
1.054525375366211
1.6002655029296875
1.3804435729980469
1.2173652648925781
0.41794776916503906
0.9255409240722656
0.09512901306152344
1.1823177337646484
0.18596649169921875
0.774383544921875
0.8854866027832031
0.8420944213867188
0.1544952392578125
0.20170211791992188
0.28586387634277344
0.4513263702392578
0.5388259887695312
0.5633831024169922
0.8585453033447266
2.4871826171875
0.3466606140136719
0.2567768096923828
0.5390644073486328
0.9515285491943359
0.6036758422851562
1.0292530059814453
0.6537437438964844
0.8833408355712891
0.6244182586669922
1.4100074768066406
1.1396408081054688
1.6520023345947266
1.2295246124267578
0.7703304290771484
1.2285709381103516
0.43272972106933594
0.6864070892333984
1.1091232299804688
1.48773193359375
1.0678768157958984
2.1979808807373047
0.2770423889160156
1.184225082397461
1.6891956329345703
3.5257339477539062
2.319812774658203
1.8198490142822266
1.294851303100586
0.77056884765625
1.9237995147705078
8.733987808227539
1.8284320831298828
4.271030426025391
0.6961822509765625
2.187013626098633
3.1938552856445312
1.9240379333496094
1.7380714416503906
2.4313926696777344
9.444475173950195
2.453327178955078
1.779317855834961
5.133628845214844
1.542806625366211
2.411365509033203
3.0417442321777344
7.081270217895508
0.9734630584716797
4.398822784423828
0.9627342224121094
2.6466846466064453
1.04522705078125
1.6608238220214844
1.5769004821777344
3.6859512329101562
0.32138824462890625
0.14162063598632812
0.102996826171875
1.4128684997558594
2.8886795043945312
0.14519691467285156
2.680063247680664
0.23436546325683594
2.8600692749023438
0.17404556274414062
1.6169548034667969
1.8301010131835938
2.083301544189453
1.8322467803955078
3.727436065673828
3.297090530395508
1.2547969818115234
2.83050537109375
0.2846717834472656
2.291440963745117
0.32401084899902344
4.363775253295898
1.4052391052246094
3.5076141357421875
2.4840831756591797
2.6350021362304688
3.3185482025146484
0.21958351135253906
1.6417503356933594
0.4813671112060547
4.215478897094727
0.6749629974365234
1.0030269622802734
1.9030570983886719
4.194498062133789
2.0172595977783203
0.6041526794433594
0.1404285430908203
2.944469451904297
1.6551017761230469
1.8858909606933594
2.2194385528564453
0.3757476806640625
0.6089210510253906
0.2639293670654297
4.683017730712891
0.39696693420410156
0.3151893615722656
0.23651123046875
0.4341602325439453
1.3477802276611328
5.5980682373046875
0.39267539978027344
0.5636215209960938
1.9838809967041016
1.8796920776367188
6.796121597290039
2.3040771484375
3.847837448120117
4.128932952880859
5.471706390380859
4.7397613525390625
6.733894348144531
8.12220573425293
11.808156967163086
7.31205940246582
11.237859725952148
2.5091171264648438
0.8885860443115234
0.19049644470214844
0.27060508728027344
1.1417865753173828
1.0585784912109375
0.7772445678710938
0.2942085266113281
0.0
1.3840198516845703
0.0
0.385284423828125
0.6191730499267578
0.08273124694824219
0.6353855133056641
0.9729862213134766
1.1904239654541016
0.7297992706298828
1.0771751403808594
0.6611347198486328
0.6043910980224609
1.020193099975586
1.5535354614257812
0.86212158203125
2.2764205932617188
1.039266586303711
10.847330093383789
2.3093223571777344
1.1718273162841797
5.862712860107422
1.9137859344482422
1.48773193359375
0.52642822265625
2.358675003051758
0.3459453582763672
1.2576580047607422
2.5649070739746094
3.4046173095703125
0.4150867462158203
1.638174057006836
0.2894401550292969
1.760244369506836
2.3577213287353516
0.7202625274658203
0.644683837890625
5.546092987060547
0.32448768615722656
3.41033935546875
3.0393600463867188
7.094144821166992
9.235382080078125
1.6417503356933594
0.5137920379638672
0.9188652038574219
0.8552074432373047
0.4487037658691406
1.5234947204589844
0.4227161407470703
0.3788471221923828
0.41031837463378906
0.2143383026123047
0.3075599670410156
0.5235671997070312
1.0905265808105469
1.4178752899169922
1.5993118286132812
4.195451736450195
1.1761188507080078
0.9925365447998047
2.413511276245117
0.7872581481933594
2.443075180053711
0.10800361633300781
0.19931793212890625
2.3872852325439453
2.955913543701172
2.041339874267578
0.7424354553222656
5.573034286499023
7.507562637329102
6.96563720703125
0.6151199340820312
0.5800724029541016
0.1583099365234375
0.9913444519042969
0.43845176696777344
0.5674362182617188
0.5507469177246094
0.9725093841552734
1.0018348693847656
0.5948543548583984
0.9293556213378906
2.349853515625
0.6492137908935547
2.5429725646972656
1.4805793762207031
0.3979206085205078
4.017114639282227
2.1708011627197266
1.9650459289550781
2.8755664825439453
4.133939743041992
0.5054473876953125
6.465673446655273
3.6115646362304688
8.24117660522461
0.7145404815673828
0.6644725799560547
0.24652481079101562
0.9434223175048828
0.9865760803222656
0.5943775177001953
0.8945465087890625
0.7796287536621094
6.041526794433594
1.4095306396484375
1.8227100372314453
0.5834102630615234
0.8678436279296875
0.8068084716796875
0.8623600006103516
0.7233619689941406
0.26416778564453125
0.06937980651855469
0.0
0.6830692291259766
0.7863044738769531
1.219034194946289
1.3995170593261719
3.893136978149414
3.656148910522461
0.9148120880126953
1.2507438659667969
3.762483596801758
0.7312297821044922
0.29850006103515625
1.4269351959228516
1.2955665588378906
2.301931381225586
0.39577484130859375
0.7567405700683594
0.21028518676757812
4.1027069091796875
2.110004425048828
2.321958541870117
0.7975101470947266
1.3456344604492188
0.28133392333984375
0.3674030303955078
1.275777816772461
4.445552825927734
0.9992122650146484
5.826473236083984
1.9268989562988281
1.9981861114501953
0.39696693420410156
0.6585121154785156
0.31828880310058594
0.5524158477783203
6.984949111938477
1.4979839324951172
3.3326148986816406
0.08106231689453125
0.5724430084228516
6.1511993408203125
0.6988048553466797
3.125905990600586
0.6384849548339844
0.202178955078125
0.6351470947265625
0.5652904510498047
5.788326263427734
0.4417896270751953
0.9095668792724609
2.9294490814208984
0.7071495056152344
0.5502700805664062
1.5358924865722656
8.146524429321289
1.4798641204833984
0.6575584411621094
0.9224414825439453
1.344919204711914
0.22172927856445312
1.7290115356445312
1.3248920440673828
1.1556148529052734
1.7633438110351562
0.46944618225097656
0.5843639373779297
3.7946701049804688
8.239984512329102
11.029720306396484
5.009889602661133
3.7250518798828125
13.784408569335938
0.274658203125
0.7183551788330078
0.29349327087402344
1.1684894561767578
0.06985664367675781
1.0268688201904297
3.1385421752929688
0.5431175231933594
