9.876351576561311e-42
3.9091110229492188
38.97118377685547
0.23555755615234375
4.118204116821289
2.3479461669921875
15.973806381225586
43.48731231689453
10.918140411376953
106.51206970214844
21.169185638427734
149.02783203125
101.58562469482422
77.55232238769531
85.45684814453125
100.38924407958984
19.049882888793945
17.87590980529785
22.893428802490234
0.5373954772949219
31.59022331237793
15.861272811889648
2.048969268798828
0.08678436279296875
0.7090568542480469
10.246992111206055
13.287067413330078
0.07772445678710938
0.22411346435546875
22.202730178833008
4.965782165527344
8.80742073059082
1.247406005859375
14.721393585205078
4.005193710327148
2.151012420654297
3.1867027282714844
2.382993698120117
9.532451629638672
4.576444625854492
2.895832061767578
4.059076309204102
14.680862426757812
83.5928955078125
0.8068084716796875
31.65578842163086
44.81983184814453
147.93896484375
76.27082061767578
120.21827697753906
85.23297119140625
50.08649826049805
75.16288757324219
14.13273811340332
7.0171356201171875
41.820762634277344
0.0
9.868383407592773
17.876625061035156
3.173828125
91.10069274902344
108.3059310913086
2.7823448181152344
171.4053192138672
43.020965576171875
55.164337158203125
21.29650115966797
44.83795166015625
12.505054473876953
10.948419570922852
6.779193878173828
2.435922622680664
76.25794219970703
122.66802978515625
5.883455276489258
111.99569702148438
53.26152038574219
21.732091903686523
51.65171813964844
15.810728073120117
2.1665096282958984
2.405405044555664
122.76911926269531
123.0051498413086
156.71395874023438
33.593177795410156
14.617443084716797
12.479305267333984
13.864278793334961
2.2284984588623047
129.4929962158203
99.96509552001953
16.986846923828125
18.84913444519043
2.9249191284179688
114.51148986816406
23.3151912689209
8.980512619018555
1.5506744384765625
119.547607421875
91.76969909667969
20.90167999267578
5.06591796875
4.797220230102539
100.07095336914062
121.59896087646484
16.538143157958984
16.955852508544922
0.06008148193359375
8.007287979125977
175.54998779296875
94.19488525390625
17.348289489746094
10.552644729614258
98.71077728271484
2.9659271240234375
0.19979476928710938
158.15138244628906
1.5630722045898438
195.39498901367188
75.39344024658203
0.5853176116943359
9.555816650390625
3.789663314819336
8.6669921875
79.81109619140625
12.182474136352539
64.7776107788086
11.03663444519043
12.60232925415039
20.6148624420166
163.62237548828125
23.2241153717041
26.725053787231445
27.806997299194336
38.372276306152344
117.940185546875
39.19243621826172
47.98316955566406
5.845546722412109
65.46736145019531
9.160041809082031
19.749879837036133
23.15688133239746
26.456832885742188
36.792755126953125
42.52171325683594
47.12247848510742
35.54058074951172
49.471378326416016
45.33171844482422
33.88071060180664
27.625560760498047
14.328718185424805
12.197256088256836
8.10098648071289
10.412931442260742
14.056682586669922
9.057998657226562
11.264562606811523
7.4367523193359375
6.552696228027344
32.71556091308594
60.207366943359375
25.54011344909668
81.25543212890625
32.696006774902344
57.01589584350586
116.455078125
22.126436233520508
69.17548370361328
27.117490768432617
15.497207641601562
15.027999877929688
17.673015594482422
15.326976776123047
18.71466636657715
17.57645606994629
45.62926483154297
85.98374938964844
10.236501693725586
102.5125961303711
66.12730407714844
23.153305053710938
6.22105598449707
68.77946472167969
64.39852905273438
51.50914001464844
50.684452056884766
67.6322021484375
49.405574798583984
20.749807357788086
63.066246032714844
46.039817810058594
60.92285919189453
51.761627197265625
42.98830032348633
63.70353698730469
20.185232162475586
77.36396789550781
51.708457946777344
14.910459518432617
16.59679412841797
32.48453140258789
50.16636657714844
38.86437225341797
86.22002410888672
8.119821548461914
93.8150863647461
41.17441177368164
77.2359390258789
46.53787612915039
16.655445098876953
37.43600845336914
17.546415328979492
70.96195220947266
107.6517105102539
14.662504196166992
28.46670150756836
84.41043090820312
51.540374755859375
31.355857849121094
71.87866973876953
40.06648254394531
58.064697265625
16.663551330566406
29.759645462036133
43.42913818359375
16.395092010498047
62.06703186035156
56.28895568847656
40.22502899169922
46.26011657714844
34.447669982910156
19.299030303955078
69.68736267089844
74.11122131347656
48.44212341308594
102.97465515136719
71.9087142944336
74.9053955078125
16.84713363647461
63.927886962890625
21.889925003051758
66.39933776855469
28.58281135559082
64.13031005859375
97.99170684814453
57.38496780395508
82.7443618774414
62.8972053527832
96.98700714111328
83.67705535888672
82.46063995361328
63.831329345703125
62.3118896484375
67.40760803222656
73.19808197021484
12.549638748168945
14.322519302368164
15.87057113647461
25.2225399017334
25.921344757080078
27.750015258789062
27.442455291748047
28.865575790405273
12.020111083984375
14.90473747253418
17.539024353027344
37.243125915527344
36.49187088012695
39.357421875
38.646697998046875
44.6476936340332
16.20006561279297
31.55803680419922
39.00766372680664
31.963825225830078
69.08345031738281
60.10460662841797
67.58164978027344
45.33100128173828
87.55802917480469
95.58343505859375
101.79948425292969
12.013912200927734
19.518613815307617
24.87945556640625
28.150558471679688
35.51626205444336
28.906583786010742
36.716697692871094
23.31399917602539
55.12046813964844
42.988059997558594
72.42083740234375
96.30513000488281
81.52484893798828
16.75701141357422
14.097452163696289
25.012731552124023
13.06009292602539
74.747802734375
92.06462097167969
14.729022979736328
21.250247955322266
78.06396484375
17.404794692993164
75.24490356445312
59.65757369995117
14.244556427001953
56.94437026977539
20.808696746826172
26.18551254272461
53.20882797241211
72.40509796142578
17.29106903076172
53.806541442871094
62.5457763671875
29.9074649810791
47.84250259399414
44.5246696472168
21.490812301635742
49.91626739501953
24.74665641784668
41.89634323120117
33.03718566894531
34.80506134033203
38.385154724121094
30.379772186279297
39.16859436035156
43.51020050048828
36.219120025634766
31.336069107055664
32.0124626159668
30.109643936157227
35.882713317871094
25.56920051574707
23.131847381591797
24.8415470123291
35.521507263183594
33.150672912597656
31.501054763793945
12.089252471923828
23.80084991455078
33.44249725341797
32.60326385498047
15.967369079589844
30.031681060791016
33.39242935180664
44.01874542236328
92.65899658203125
97.70512390136719
83.7392807006836
49.088714599609375
52.167415618896484
35.06207275390625
59.16023254394531
21.513938903808594
50.19330978393555
47.23548889160156
72.34835815429688
57.29818344116211
31.98385238647461
40.869712829589844
54.13103103637695
29.584407806396484
35.603759765625
18.398284912109375
105.85999298095703
60.01615524291992
76.63321685791016
127.56275939941406
33.493995666503906
27.885913848876953
49.71027374267578
44.46125030517578
35.74514389038086
55.92608642578125
26.032447814941406
115.65375518798828
91.87269592285156
167.94729614257812
26.61275863647461
21.6217041015625
39.24632263183594
80.12080383300781
140.3777618408203
176.29336547851562
29.842853546142578
49.49116516113281
109.4715576171875
28.646469116210938
69.72980499267578
71.20370483398438
40.486812591552734
44.50178146362305
56.798458099365234
52.347660064697266
44.99244689941406
66.21337127685547
100.73423767089844
53.99656295776367
60.80436706542969
54.01420593261719
40.69852828979492
46.20981216430664
44.36492919921875
89.05029296875
35.73894500732422
41.57876968383789
59.23128128051758
39.64567184448242
37.323951721191406
54.95667266845703
48.73371124267578
41.87917709350586
23.276329040527344
20.917415618896484
11.047840118408203
15.347003936767578
24.903297424316406
32.8822135925293
32.9432487487793
23.672103881835938
22.760391235351562
28.870105743408203
25.702953338623047
32.17935562133789
34.92593765258789
30.05838394165039
32.021522521972656
39.673805236816406
41.52345657348633
44.33584213256836
48.73466491699219
50.321102142333984
53.7059326171875
129.56881713867188
112.4258041381836
101.5279312133789
202.21304321289062
307.1083984375
86.21692657470703
130.28550720214844
80.13748931884766
50.624610900878906
130.21994018554688
379.9180908203125
166.88418579101562
162.2750701904297
67.85630798339844
50.703285217285156
197.01576232910156
282.0036315917969
98.11067199707031
324.4130554199219
157.12451171875
166.4903106689453
198.71234130859375
243.64328002929688
262.9759216308594
231.29869079589844
196.26092529296875
122.2586669921875
339.2956237792969
178.1432647705078
369.92193603515625
135.97035217285156
288.8143005371094
90.91949462890625
67.76380920410156
60.083152770996094
56.249855041503906
51.855323791503906
46.515228271484375
39.15214538574219
213.41561889648438
166.73422241210938
155.91525268554688
122.98727416992188
160.8836669921875
40.23289489746094
107.15270233154297
42.40441131591797
60.886619567871094
103.09815216064453
122.995849609375
83.1663589477539
108.317138671875
57.127952575683594
89.46656799316406
86.20500183105469
80.61909484863281
68.09425354003906
55.684326171875
54.38375473022461
80.00636291503906
37.94837188720703
56.73908996582031
52.91938781738281
37.48774719238281
200.1984100341797
40.2216911315918
142.47178649902344
99.54762268066406
130.91587829589844
128.61036682128906
107.7940444946289
104.35366821289062
54.66914367675781
80.21521759033203
55.58967590332031
51.03349685668945
54.793121337890625
53.516151428222656
209.8035888671875
40.31991958618164
75.55580139160156
50.451515197753906
49.07798767089844
49.68070983886719
48.054931640625
43.97392272949219
151.9398651123047
105.68356323242188
62.38746643066406
75.49238586425781
45.83454132080078
46.652076721191406
45.29261779785156
45.35245895385742
94.99978637695312
142.05551147460938
53.47895812988281
60.438873291015625
41.464805603027344
112.17427062988281
120.07999420166016
99.18356323242188
49.01552200317383
52.87098693847656
42.16623306274414
55.96614074707031
115.55099487304688
67.95525360107422
37.020206451416016
64.50104522705078
49.04890060424805
32.07946014404297
51.865814208984375
43.72954559326172
47.397613525390625
36.92603302001953
57.52110290527344
54.22138977050781
48.822166442871094
46.46611022949219
44.34513854980469
48.707244873046875
46.86403274536133
46.85950469970703
36.160945892333984
35.38536834716797
36.41438293457031
30.93743324279785
26.102542877197266
19.223451614379883
17.595291137695312
20.327091217041016
16.845226287841797
17.195701599121094
16.93105697631836
16.75891876220703
20.73502540588379
17.177104949951172
16.1283016204834
21.549224853515625
9.19198989868164
16.84403419494629
17.17519760131836
21.355867385864258
11.047601699829102
14.781951904296875
22.52340316772461
14.813423156738281
22.798776626586914
19.264698028564453
16.770124435424805
22.52030372619629
18.641948699951172
16.46280288696289
11.673212051391602
12.888193130493164
10.08915901184082
10.768890380859375
9.986162185668945
12.368917465209961
12.805461883544922
6.053686141967773
11.192798614501953
10.043621063232422
11.16490364074707
8.147478103637695
9.354829788208008
9.3994140625
5.90825080871582
12.224674224853516
14.452695846557617
7.533550262451172
15.812873840332031
17.058134078979492
8.330106735229492
10.35618782043457
6.202936172485352
11.312007904052734
10.63680648803711
11.077880859375
12.340307235717773
8.29625129699707
16.272783279418945
7.369041442871094
7.805585861206055
9.130716323852539
15.842676162719727
5.753993988037109
17.33684539794922
9.210586547851562
8.673667907714844
7.622957229614258
11.705636978149414
14.376640319824219
10.691165924072266
8.117437362670898
7.15947151184082
8.605480194091797
7.75146484375
7.727861404418945
14.260292053222656
10.14566421508789
6.894826889038086
9.800434112548828
10.425806045532227
17.383813858032227
14.710426330566406
15.869617462158203
13.712882995605469
12.209415435791016
10.005950927734375
14.171838760375977
13.196229934692383
11.188268661499023
17.692089080810547
7.216453552246094
2.444744110107422
2.692699432373047
1.6260147094726562
2.9144287109375
9.36126708984375
8.695602416992188
10.429859161376953
6.259441375732422
15.881061553955078
7.908344268798828
5.584239959716797
4.189252853393555
12.453317642211914
19.45805549621582
21.920204162597656
7.639884948730469
9.977340698242188
14.225482940673828
8.545398712158203
15.087127685546875
10.404586791992188
21.419048309326172
8.81814956665039
9.04703140258789
14.117240905761719
13.92364501953125
18.466949462890625
11.702537536621094
11.497020721435547
13.67330551147461
12.938499450683594
17.40574836730957
14.999866485595703
12.011528015136719
15.636682510375977
12.011528015136719
24.629831314086914
10.534048080444336
12.218475341796875
14.20283317565918
7.747650146484375
30.52377700805664
16.333818435668945
11.846065521240234
6.666660308837891
9.254932403564453
11.548519134521484
12.57634162902832
12.804269790649414
6.51097297668457
8.102655410766602
10.303020477294922
33.02478790283203
14.170408248901367
21.436452865600586
9.562969207763672
13.416290283203125
18.062829971313477
45.905113220214844
7.218599319458008
3.2472610473632812
53.223609924316406
36.13758087158203
11.420726776123047
38.11454772949219
31.577587127685547
5.9108734130859375
16.428470611572266
12.677669525146484
17.759323120117188
36.305904388427734
13.117790222167969
9.954690933227539
4.017114639282227
25.695085525512695
4.7473907470703125
10.301828384399414
10.123252868652344
18.456459045410156
21.41880989074707
11.959075927734375
19.67763900756836
6.426811218261719
31.8295955657959
9.290218353271484
9.252071380615234
17.17662811279297
7.736921310424805
5.8078765869140625
32.66000747680664
10.021686553955078
20.34735679626465
9.355545043945312
22.803306579589844
13.035774230957031
16.642332077026367
9.153604507446289
19.217967987060547
31.960248947143555
10.788440704345703
11.668920516967773
24.667978286743164
17.380475997924805
16.937732696533203
20.485401153564453
11.102676391601562
4.602670669555664
11.619329452514648
5.350589752197266
11.703014373779297
6.1740875244140625
9.363651275634766
5.179882049560547
7.377147674560547
10.917186737060547
10.605812072753906
8.731842041015625
8.019685745239258
15.07425308227539
3.9582252502441406
15.595436096191406
18.013715744018555
6.880283355712891
2.463817596435547
4.49371337890625
7.201194763183594
4.093170166015625
3.596782684326172
3.959178924560547
7.044553756713867
2.44903564453125
9.675979614257812
1.5268325805664062
5.336284637451172
5.341053009033203
3.1533241271972656
5.535125732421875
2.0732879638671875
1.6927719116210938
3.2057762145996094
6.293296813964844
1.27410888671875
13.891935348510742
8.78286361694336
13.892889022827148
13.895511627197266
5.513429641723633
2.933502197265625
11.647939682006836
11.648893356323242
17.01068878173828
4.328489303588867
20.26987075805664
14.699935913085938
24.396896362304688
16.937971115112305
19.548416137695312
15.723943710327148
11.078834533691406
12.14456558227539
13.906002044677734
14.180183410644531
22.477388381958008
9.787321090698242
7.859468460083008
11.535406112670898
9.426593780517578
13.93890380859375
8.627891540527344
23.23293685913086
2.1462440490722656
8.620500564575195
17.409563064575195
4.010677337646484
13.998985290527344
30.819416046142578
17.319679260253906
10.746955871582031
28.34320068359375
9.347200393676758
17.158031463623047
23.737430572509766
18.683910369873047
11.681079864501953
6.381511688232422
9.880542755126953
4.267692565917969
8.258819580078125
7.084131240844727
8.277416229248047
6.475925445556641
1.3308525085449219
3.9262771606445312
13.254404067993164
9.087324142456055
8.447885513305664
3.2625198364257812
13.887882232666016
2.2859573364257812
19.560813903808594
10.553121566772461
18.131256103515625
13.341426849365234
18.58973503112793
9.931087493896484
10.933399200439453
15.803337097167969
7.843017578125
6.768465042114258
12.44044303894043
10.01429557800293
39.08872604370117
18.840312957763672
26.923179626464844
10.429620742797852
6.419658660888672
6.772518157958984
19.65785026550293
11.820793151855469
0.9274482727050781
8.13913345336914
7.309436798095703
4.754543304443359
11.040925979614258
8.284568786621094
13.68570327758789
4.385471343994141
17.360687255859375
19.225597381591797
9.124279022216797
11.825084686279297
20.775556564331055
12.438774108886719
15.080451965332031
7.714271545410156
17.630338668823242
45.480491638183594
9.628772735595703
13.7786865234375
8.179664611816406
26.625394821166992
10.799884796142578
9.58108901977539
9.602069854736328
2.2611618041992188
9.450912475585938
2.640247344970703
7.680416107177734
6.282567977905273
6.490468978881836
15.82956314086914
10.93149185180664
10.839462280273438
10.280370712280273
12.997627258300781
17.796993255615234
8.444070816040039
6.694793701171875
21.439790725708008
7.5435638427734375
5.379676818847656
12.157440185546875
5.826473236083984
10.176658630371094
18.749713897705078
16.53909683227539
17.776966094970703
10.109901428222656
9.885549545288086
13.640880584716797
10.742664337158203
6.937980651855469
43.17402648925781
10.309696197509766
6.484270095825195
5.3310394287109375
10.131597518920898
16.700029373168945
14.154672622680664
12.838363647460938
36.603450775146484
16.198158264160156
5.350828170776367
16.7236328125
10.30731201171875
10.417461395263672
29.587745666503906
14.967918395996094
10.764837265014648
6.9789886474609375
3.573894500732422
6.182193756103516
5.934000015258789
13.638019561767578
10.652542114257812
24.605274200439453
10.214805603027344
5.6133270263671875
4.553794860839844
11.023521423339844
19.21534538269043
11.86823844909668
12.095928192138672
8.84389877319336
5.584001541137695
5.644798278808594
7.486820220947266
11.85464859008789
27.50253677368164
14.269828796386719
6.507158279418945
13.462543487548828
9.997129440307617
9.401798248291016
13.286828994750977
3.589630126953125
9.165763854980469
12.55655288696289
14.442920684814453
12.195825576782227
9.295940399169922
13.074398040771484
23.171424865722656
15.474796295166016
24.447202682495117
13.622522354125977
29.27684783935547
12.170553207397461
10.311365127563477
23.784875869750977
11.283397674560547
10.635614395141602
29.165983200073242
7.510662078857422
9.424209594726562
29.86288070678711
3.7877559661865234
10.707855224609375
12.018680572509766
4.363298416137695
10.268211364746094
24.662017822265625
10.360240936279297
20.664453506469727
23.79631996154785
2.6137828826904297
