9.876351576561311e-42
5.300045013427734
6.205320358276367
6.54149055480957
8.37564468383789
7.8449249267578125
10.071754455566406
9.324312210083008
7.438182830810547
4.571676254272461
8.765935897827148
8.942842483520508
6.256580352783203
8.070707321166992
8.625268936157227
23.66471290588379
3.1425952911376953
11.58452033996582
7.183551788330078
10.401725769042969
32.72700500488281
1.5823841094970703
18.939495086669922
15.34891128540039
10.435104370117188
3.9238929748535156
2.695798873901367
5.151987075805664
2.1445751190185547
0.5941390991210938
24.87039566040039
3.0248165130615234
2.5734901428222656
17.950773239135742
9.432315826416016
10.730504989624023
9.648323059082031
8.329391479492188
0.2548694610595703
10.033130645751953
6.2808990478515625
7.635831832885742
4.774332046508789
4.942178726196289
5.0373077392578125
9.013652801513672
8.935928344726562
9.80520248413086
9.277105331420898
12.133598327636719
4.679203033447266
4.303932189941406
22.199392318725586
3.4105777740478516
23.218870162963867
13.810157775878906
5.39851188659668
18.692731857299805
0.7929801940917969
14.410972595214844
7.624387741088867
6.988763809204102
7.905483245849609
10.943412780761719
15.593767166137695
12.434959411621094
5.051374435424805
17.590045928955078
26.993274688720703
28.022050857543945
15.006780624389648
9.913206100463867
7.301092147827148
14.496088027954102
10.564565658569336
10.168313980102539
6.390810012817383
4.007101058959961
19.26589012145996
25.508880615234375
8.46719741821289
9.982109069824219
19.496440887451172
8.90040397644043
14.007091522216797
9.752035140991211
3.103971481323242
1.424551010131836
28.708219528198242
8.223533630371094
16.457319259643555
9.444475173950195
3.7310123443603516
23.604393005371094
5.48100471496582
8.903026580810547
3.5982131958007812
4.827976226806641
5.758047103881836
10.584354400634766
20.023107528686523
2.8839111328125
3.89862060546875
6.87098503112793
9.644746780395508
6.374597549438477
25.577068328857422
1.5764236450195312
8.26406478881836
7.879018783569336
11.214256286621094
4.0416717529296875
19.50812339782715
7.31968879699707
4.574060440063477
10.53166389465332
11.768102645874023
7.187366485595703
20.976781845092773
4.626750946044922
6.436824798583984
20.544767379760742
13.911962509155273
28.35679054260254
12.993812561035156
5.3806304931640625
12.928009033203125
13.200759887695312
2.484560012817383
15.066385269165039
16.084909439086914
9.475231170654297
19.77229118347168
14.179706573486328
15.568971633911133
20.824432373046875
13.856887817382812
14.554262161254883
8.95380973815918
12.685537338256836
4.740715026855469
21.402359008789062
4.764795303344727
7.718086242675781
8.537054061889648
14.679670333862305
13.916730880737305
11.174917221069336
16.59846305847168
8.032560348510742
7.393598556518555
12.331485748291016
7.343292236328125
3.9587020874023438
3.4379959106445312
2.1016597747802734
2.100229263305664
0.8404254913330078
2.6552677154541016
0.5557537078857422
0.5290508270263672
0.43773651123046875
6.974220275878906
0.6978511810302734
10.335206985473633
7.585287094116211
9.813785552978516
6.310462951660156
8.420228958129883
12.654304504394531
8.67152214050293
10.726213455200195
21.190643310546875
25.408506393432617
17.768383026123047
29.314041137695312
14.664888381958008
19.297122955322266
15.86461067199707
8.08405876159668
14.046192169189453
9.373903274536133
17.113685607910156
25.246381759643555
7.452249526977539
26.284456253051758
15.51508903503418
7.66444206237793
12.180805206298828
11.015653610229492
6.121158599853516
6.842851638793945
10.92982292175293
8.814811706542969
5.550861358642578
3.0546188354492188
5.875587463378906
4.857540130615234
12.567281723022461
8.156299591064453
7.712125778198242
15.713930130004883
18.204689025878906
26.563167572021484
12.733221054077148
31.82697296142578
23.749828338623047
8.130788803100586
11.140584945678711
21.772384643554688
21.430015563964844
5.97071647644043
24.205923080444336
31.693696975708008
8.897781372070312
15.655040740966797
15.215873718261719
16.752243041992188
12.969255447387695
14.758586883544922
14.390230178833008
7.715702056884766
10.553598403930664
9.784221649169922
10.866641998291016
16.360044479370117
16.608476638793945
4.947185516357422
18.65386962890625
11.497020721435547
2.4216175079345703
8.995294570922852
9.490489959716797
13.071537017822266
11.114120483398438
10.021686553955078
2.2444725036621094
11.433601379394531
17.282485961914062
1.6341209411621094
1.0945796966552734
9.947538375854492
4.12750244140625
10.11037826538086
2.0003318786621094
11.67750358581543
15.660285949707031
6.164789199829102
24.625778198242188
15.52724838256836
9.518146514892578
8.301734924316406
8.051633834838867
5.54966926574707
7.194042205810547
7.10606575012207
5.143880844116211
6.86955451965332
3.977060317993164
1.3358592987060547
4.086732864379883
11.492252349853516
10.668754577636719
3.441333770751953
3.267049789428711
1.6660690307617188
2.7375221252441406
2.4635791778564453
2.6073455810546875
2.1376609802246094
5.654811859130859
7.9326629638671875
0.2865791320800781
3.6928653717041016
5.414009094238281
11.792659759521484
12.64810562133789
7.990598678588867
5.473852157592773
0.308990478515625
0.17905235290527344
2.7189254760742188
7.021665573120117
0.949859619140625
5.958080291748047
4.49061393737793
10.698556900024414
0.7693767547607422
7.7953338623046875
4.580497741699219
5.413532257080078
9.636878967285156
9.233474731445312
4.557132720947266
7.850885391235352
0.09298324584960938
4.645586013793945
1.0001659393310547
9.640932083129883
3.439188003540039
4.675388336181641
4.06646728515625
1.6751289367675781
3.0248165130615234
9.21010971069336
7.564544677734375
0.7243156433105469
8.123397827148438
0.5366802215576172
0.22530555725097656
4.827022552490234
0.9481906890869141
7.83991813659668
8.819818496704102
0.09059906005859375
0.17404556274414062
4.664897918701172
8.304834365844727
8.404731750488281
8.377552032470703
0.15234947204589844
11.631965637207031
6.310701370239258
9.105443954467773
8.231639862060547
0.2396106719970703
9.604692459106445
0.3674030303955078
7.603645324707031
5.203485488891602
6.623268127441406
2.122640609741211
5.680322647094727
3.5505294799804688
4.084348678588867
4.898548126220703
7.592678070068359
8.534908294677734
4.672050476074219
3.1557083129882812
0.8177757263183594
0.18262863159179688
0.06389617919921875
0.0
0.0
1.0581016540527344
1.1560916900634766
0.18072128295898438
1.2264251708984375
0.0
0.08106231689453125
1.8062591552734375
1.5690326690673828
1.6312599182128906
0.42891502380371094
3.2444000244140625
4.352092742919922
11.562108993530273
9.484291076660156
9.353876113891602
15.182971954345703
10.655403137207031
5.621910095214844
6.136655807495117
6.888151168823242
7.134437561035156
0.08726119995117188
0.46944618225097656
0.0
2.6786327362060547
1.8258094787597656
1.7175674438476562
6.914377212524414
2.5451183319091797
2.322673797607422
14.645576477050781
13.245105743408203
8.310079574584961
11.464357376098633
0.0
3.5185813903808594
1.8172264099121094
4.215717315673828
5.502462387084961
0.0
1.1126995086669922
3.0727386474609375
2.0601749420166016
12.41159439086914
0.0
0.42891502380371094
3.0603408813476562
0.0
1.344919204711914
17.04859733581543
0.16069412231445312
2.1190643310546875
1.1317729949951172
2.203226089477539
3.5550594329833984
1.6932487487792969
19.229412078857422
3.587961196899414
3.3707618713378906
9.90438461303711
2.4726390838623047
5.299091339111328
13.528823852539062
12.270927429199219
7.117986679077148
12.74418830871582
11.22140884399414
9.112358093261719
8.513689041137695
14.213085174560547
10.656595230102539
11.214971542358398
0.23794174194335938
0.10466575622558594
0.0
0.22101402282714844
0.3643035888671875
0.42557716369628906
2.6221275329589844
2.7379989624023438
8.470773696899414
7.500886917114258
9.3536376953125
3.943920135498047
4.00996208190918
5.288124084472656
5.028724670410156
8.443593978881836
8.530616760253906
10.349750518798828
8.374452590942383
11.287450790405273
9.466886520385742
13.87166976928711
12.355566024780273
11.366844177246094
33.391475677490234
5.3653717041015625
15.340328216552734
6.320714950561523
4.505634307861328
13.122797012329102
13.493537902832031
17.75193214416504
6.300926208496094
4.250288009643555
9.096145629882812
6.494998931884766
12.71677017211914
4.211664199829102
8.313655853271484
16.024112701416016
3.6666393280029297
11.246681213378906
4.5070648193359375
0.3628730773925781
2.6814937591552734
3.565549850463867
7.410764694213867
2.087116241455078
12.099266052246094
18.85390281677246
21.526575088500977
10.102033615112305
9.811639785766602
5.330801010131836
6.883382797241211
7.170200347900391
6.224870681762695
9.338617324829102
9.799718856811523
10.982275009155273
1.0676383972167969
3.7736892700195312
3.005504608154297
5.625247955322266
10.299921035766602
10.13803482055664
3.8938522338867188
10.936260223388672
9.652853012084961
6.412506103515625
9.797811508178711
11.310338973999023
8.864402770996094
13.370990753173828
8.926868438720703
11.848211288452148
9.826898574829102
13.194799423217773
9.917974472045898
13.240337371826172
5.717039108276367
5.726814270019531
7.736921310424805
8.004188537597656
0.2052783966064453
5.114316940307617
7.338285446166992
3.8230419158935547
2.8285980224609375
6.188154220581055
8.339166641235352
9.261846542358398
10.116100311279297
14.574050903320312
8.261442184448242
14.297008514404297
13.43536376953125
8.772850036621094
7.83991813659668
5.240917205810547
8.398294448852539
4.937648773193359
11.471748352050781
12.754678726196289
5.701303482055664
4.148244857788086
10.488748550415039
6.823539733886719
6.880044937133789
7.964611053466797
8.006095886230469
9.26351547241211
1.9390583038330078
0.9355545043945312
12.146234512329102
6.797313690185547
9.988784790039062
6.188869476318359
4.179716110229492
1.2257099151611328
9.15217399597168
10.320663452148438
7.317066192626953
12.64810562133789
10.791778564453125
7.674455642700195
13.0462646484375
7.350444793701172
5.371332168579102
0.7543563842773438
10.527610778808594
7.389545440673828
0.4818439483642578
13.453483581542969
8.67009162902832
8.460044860839844
4.328012466430664
5.69915771484375
9.719133377075195
8.308649063110352
5.600214004516602
6.684064865112305
11.29913330078125
12.65573501586914
8.34965705871582
3.038167953491211
2.505064010620117
1.481771469116211
2.7663707733154297
0.7567405700683594
0.9446144104003906
2.3169517517089844
5.3386688232421875
1.3277530670166016
5.444526672363281
1.7364025115966797
2.775907516479492
7.584333419799805
6.1855316162109375
5.818367004394531
3.3321380615234375
2.7077198028564453
2.127408981323242
5.34820556640625
3.7152767181396484
8.585929870605469
2.8526782989501953
6.507158279418945
1.9578933715820312
3.477334976196289
9.868860244750977
4.681825637817383
3.4792423248291016
2.497434616088867
3.129720687866211
3.9856433868408203
3.8995742797851562
2.082347869873047
4.162311553955078
5.037784576416016
0.8189678192138672
8.794069290161133
6.712198257446289
12.226581573486328
6.651878356933594
5.553722381591797
2.720355987548828
10.39886474609375
3.6792755126953125
9.989023208618164
1.7635822296142578
4.259586334228516
3.8192272186279297
1.5058517456054688
1.7955303192138672
4.691362380981445
4.921674728393555
5.31005859375
7.427692413330078
7.155418395996094
8.101940155029297
3.0744075775146484
3.408670425415039
6.026506423950195
2.784252166748047
6.563663482666016
4.400968551635742
2.996206283569336
4.6977996826171875
7.228612899780273
3.3159255981445312
2.477407455444336
6.199121475219727
1.8687248229980469
6.187200546264648
2.9726028442382812
4.685878753662109
1.1639595031738281
3.5419464111328125
2.5246143341064453
3.3833980560302734
3.351449966430664
4.413604736328125
1.8663406372070312
2.0041465759277344
4.639625549316406
14.841318130493164
6.782293319702148
5.7201385498046875
4.71806526184082
2.387523651123047
1.0731220245361328
0.7882118225097656
0.6411075592041016
0.07772445678710938
0.41604042053222656
0.7410049438476562
0.5917549133300781
0.0
0.58746337890625
0.23102760314941406
0.09655952453613281
0.9572505950927734
0.1544952392578125
1.5957355499267578
0.5705356597900391
2.951383590698242
2.1262168884277344
1.1725425720214844
3.7844181060791016
2.9768943786621094
0.8134841918945312
4.0149688720703125
4.369020462036133
2.367258071899414
2.5298595428466797
4.053354263305664
3.135204315185547
1.0712146759033203
2.1245479583740234
1.2557506561279297
3.1998157501220703
3.7789344787597656
1.6849040985107422
2.1932125091552734
1.5099048614501953
4.915475845336914
2.000570297241211
5.150318145751953
5.372285842895508
4.045724868774414
7.409334182739258
1.6465187072753906
6.903409957885742
5.328655242919922
8.110761642456055
4.988193511962891
4.067659378051758
8.735418319702148
3.021240234375
3.4322738647460938
3.870248794555664
4.034519195556641
6.926536560058594
9.006738662719727
7.977962493896484
6.368875503540039
6.480932235717773
4.799842834472656
6.049633026123047
10.938167572021484
10.48898696899414
9.337425231933594
11.527776718139648
13.943195343017578
11.421442031860352
9.492874145507812
3.431558609008789
14.422416687011719
7.053375244140625
10.179758071899414
6.18743896484375
10.090112686157227
10.098934173583984
6.4239501953125
5.520820617675781
10.82301139831543
9.335994720458984
12.488365173339844
6.774187088012695
13.231039047241211
10.601520538330078
7.364749908447266
6.325960159301758
6.883144378662109
7.298469543457031
9.035587310791016
6.162166595458984
6.415843963623047
7.025241851806641
2.657175064086914
8.400440216064453
5.95855712890625
0.3809928894042969
9.505033493041992
7.562398910522461
3.244161605834961
3.0083656311035156
0.3540515899658203
1.5218257904052734
0.9405612945556641
3.280162811279297
2.1140575408935547
2.5904178619384766
2.4390220642089844
0.3814697265625
3.9741992950439453
1.1641979217529297
0.13136863708496094
1.1301040649414062
1.0323524475097656
0.4267692565917969
12.799263000488281
0.05745887756347656
0.15497207641601562
5.333662033081055
12.335538864135742
3.1964778900146484
0.30875205993652344
0.16546249389648438
0.5629062652587891
16.043663024902344
7.045745849609375
7.185935974121094
2.4042129516601562
12.153863906860352
2.416372299194336
0.0
9.309768676757812
7.981300354003906
3.161907196044922
1.5368461608886719
0.23055076599121094
1.748800277709961
4.372119903564453
9.129047393798828
0.7634162902832031
8.207559585571289
0.4973411560058594
7.510185241699219
3.061532974243164
2.6922225952148438
1.4536380767822266
1.2805461883544922
7.869243621826172
1.5816688537597656
3.3643245697021484
0.8299350738525391
0.8263587951660156
12.603044509887695
0.0
0.45680999755859375
0.17762184143066406
1.0898113250732422
0.0
2.1779537200927734
0.4620552062988281
0.7646083831787109
1.5735626220703125
1.003265380859375
5.81812858581543
1.2445449829101562
1.3027191162109375
0.6160736083984375
2.828359603881836
1.4307498931884766
0.6155967712402344
2.064228057861328
1.0762214660644531
9.625911712646484
3.2367706298828125
6.065607070922852
3.9043426513671875
3.8781166076660156
10.540246963500977
7.001638412475586
8.34202766418457
3.8344860076904297
9.97471809387207
5.245208740234375
5.320310592651367
9.010553359985352
9.098052978515625
5.052089691162109
3.069639205932617
2.805948257446289
1.0807514190673828
3.0672550201416016
2.8562545776367188
2.236604690551758
12.510061264038086
5.561590194702148
2.614259719848633
7.548093795776367
6.109952926635742
8.637666702270508
0.2372264862060547
0.19788742065429688
1.8770694732666016
4.640340805053711
16.26753807067871
0.0
1.1832714080810547
0.7238388061523438
0.5207061767578125
0.7634162902832031
2.7408599853515625
1.962900161743164
5.740642547607422
3.2339096069335938
2.89154052734375
2.4590492248535156
1.432657241821289
6.964445114135742
4.265785217285156
7.045984268188477
8.288383483886719
4.046916961669922
10.527849197387695
8.84389877319336
4.977703094482422
6.979942321777344
3.184795379638672
2.4662017822265625
0.7040500640869141
6.101846694946289
9.56869125366211
0.537872314453125
2.925872802734375
0.7309913635253906
6.3228607177734375
0.3204345703125
0.06508827209472656
1.146078109741211
4.351377487182617
7.177114486694336
3.7069320678710938
2.971649169921875
3.4208297729492188
2.2258758544921875
4.6539306640625
5.531072616577148
9.72294807434082
13.26751708984375
8.08572769165039
9.424209594726562
0.44655799865722656
0.8478164672851562
2.744913101196289
10.547637939453125
5.65338134765625
3.0679702758789062
0.8981227874755859
1.77001953125
0.827789306640625
1.4500617980957031
2.8166770935058594
2.6721954345703125
3.512859344482422
6.295442581176758
3.2339096069335938
1.5184879302978516
7.421016693115234
4.836797714233398
3.7114620208740234
0.40650367736816406
11.526107788085938
7.400274276733398
6.236076354980469
1.2164115905761719
2.851247787475586
0.8096694946289062
5.8498382568359375
2.042055130004883
5.10716438293457
1.3298988342285156
7.686138153076172
1.4195442199707031
8.828401565551758
8.030891418457031
12.966632843017578
4.156351089477539
1.8775463104248047
3.094196319580078
1.3594627380371094
7.056951522827148
3.843069076538086
5.668878555297852
5.932092666625977
2.2110939025878906
3.879070281982422
2.3946762084960938
4.952907562255859
2.434253692626953
4.719257354736328
4.6062469482421875
8.85772705078125
3.9899349212646484
1.680135726928711
1.600027084350586
4.70733642578125
8.538961410522461
2.2323131561279297
14.30201530456543
7.507085800170898
0.8485317230224609
4.391670227050781
7.411956787109375
6.19196891784668
5.857944488525391
8.84866714477539
5.776405334472656
0.3483295440673828
0.7460117340087891
4.297733306884766
3.2079219818115234
2.2025108337402344
1.0154247283935547
2.778768539428711
3.919363021850586
9.081840515136719
2.0890235900878906
0.6787776947021484
1.8799304962158203
3.7915706634521484
1.6140937805175781
2.5243759155273438
1.0304450988769531
1.4674663543701172
10.087251663208008
7.590055465698242
10.448932647705078
0.3199577331542969
7.419586181640625
6.112098693847656
10.898828506469727
2.0685195922851562
7.590293884277344
0.06198883056640625
5.902528762817383
3.051280975341797
0.5707740783691406
11.564254760742188
9.682178497314453
0.52642822265625
0.1239776611328125
3.7841796875
11.808395385742188
0.9338855743408203
9.82213020324707
0.4642009735107422
8.026599884033203
6.695747375488281
