9.876351576561311e-42
7.1686506271362305
20.667076110839844
3.7412643432617188
12.868285179138184
6.715655326843262
15.948176383972168
8.274674415588379
7.403850555419922
2.5609731674194336
9.42385196685791
14.534950256347656
9.841203689575195
1.9676685333251953
3.673076629638672
10.519027709960938
1.358628273010254
0.45549869537353516
0.4181861877441406
5.82510232925415
4.707813262939453
1.3899803161621094
12.37642765045166
7.503151893615723
6.031155586242676
0.7382631301879883
0.9442567825317383
1.2559890747070312
1.6705989837646484
0.0
1.8218755722045898
0.5439519882202148
1.5448331832885742
1.195669174194336
2.654433250427246
4.593372344970703
7.6781511306762695
6.267130374908447
0.0
5.570828914642334
4.541456699371338
8.000850677490234
11.739969253540039
14.298677444458008
1.5101432800292969
19.616008758544922
14.999330520629883
7.202029228210449
3.710031509399414
15.736282348632812
2.5728940963745117
0.9156465530395508
7.7018141746521
0.5687475204467773
14.536380767822266
2.936244010925293
2.6786327362060547
0.8639097213745117
0.0833272933959961
4.256010055541992
17.522930145263672
9.055376052856445
4.889965057373047
22.600650787353516
7.4263811111450195
7.588028907775879
0.8955001831054688
2.211928367614746
22.76074981689453
1.217484474182129
2.8228759765625
8.380472183227539
18.70477294921875
13.028264045715332
6.772279739379883
17.007112503051758
3.389716148376465
0.7410049438476562
19.39791488647461
1.244187355041504
0.3104209899902344
6.484031677246094
16.924381256103516
5.399584770202637
19.826889038085938
0.7953643798828125
0.8838176727294922
1.0620355606079102
0.6312131881713867
3.2712221145629883
9.838461875915527
12.37630844116211
0.4928112030029297
1.5448331832885742
5.222141742706299
4.540085792541504
1.2608766555786133
1.8869638442993164
5.408167839050293
19.02800750732422
13.480186462402344
1.8655061721801758
3.7262439727783203
3.557562828063965
28.31691551208496
3.468036651611328
11.901140213012695
0.31244754791259766
2.0096302032470703
2.6633739471435547
28.77301025390625
2.6128292083740234
2.2913217544555664
1.8057823181152344
0.30303001403808594
5.286931991577148
2.506732940673828
27.212678909301758
2.750396728515625
23.59378433227539
4.004120826721191
3.0295848846435547
1.1947154998779297
3.0868053436279297
0.9080171585083008
3.214597702026367
0.6154775619506836
8.022189140319824
2.208113670349121
1.4532804489135742
1.1894702911376953
15.76244831085205
1.0143518447875977
0.7711648941040039
1.0892152786254883
0.7309913635253906
13.55445384979248
1.112818717956543
3.1175613403320312
2.007126808166504
2.862095832824707
0.1150369644165039
0.6260871887207031
0.7419586181640625
1.1523962020874023
2.460479736328125
1.4886856079101562
1.767277717590332
0.5530118942260742
3.408670425415039
2.5655031204223633
0.8177757263183594
0.8873939514160156
0.7232427597045898
0.6673336029052734
0.18346309661865234
0.4565715789794922
1.1098384857177734
1.999974250793457
0.2707242965698242
0.0
0.0
1.141667366027832
1.0966062545776367
0.7420778274536133
0.6852149963378906
2.0492076873779297
1.8821954727172852
9.425878524780273
1.6797780990600586
6.437778472900391
3.41033935546875
1.850128173828125
3.9898157119750977
4.7550201416015625
6.410777568817139
3.1605958938598633
7.095217704772949
9.50312614440918
0.32329559326171875
7.50577449798584
0.102996826171875
12.946486473083496
15.21456241607666
8.682847023010254
16.11328125
17.535686492919922
12.367606163024902
18.35149574279785
17.66228675842285
18.702268600463867
17.0769100189209
31.562328338623047
19.089996337890625
19.5310115814209
17.586946487426758
2.1358728408813477
0.40841102600097656
0.0
4.4994354248046875
5.5561065673828125
0.0
9.111701965332031
6.953895092010498
2.465963363647461
15.253007888793945
15.357196807861328
2.2281408309936523
0.1741647720336914
18.23878288269043
10.555028915405273
1.4914274215698242
1.4284849166870117
5.916595458984375
4.562020301818848
2.5414228439331055
8.651256561279297
0.17535686492919922
10.821104049682617
4.009485244750977
13.957023620605469
0.8332729339599609
10.740160942077637
23.090957641601562
1.9299983978271484
0.632166862487793
3.463268280029297
1.7898082733154297
5.214214324951172
3.5784244537353516
14.765024185180664
5.90825080871582
3.301382064819336
5.250453948974609
2.2890567779541016
0.22101402282714844
12.381553649902344
0.202178955078125
10.076105117797852
16.18730926513672
25.06291961669922
3.7069320678710938
34.56544876098633
3.3370256423950195
41.09406280517578
2.1047592163085938
32.646060943603516
0.0
3.5620927810668945
4.4394731521606445
0.24175643920898438
0.20706653594970703
1.4507770538330078
3.859996795654297
6.090641021728516
6.801962852478027
22.996784210205078
37.256717681884766
2.1692514419555664
1.1219978332519531
2.1216869354248047
4.631280899047852
2.9442310333251953
4.338741302490234
1.4410018920898438
0.21451711654663086
0.0
0.1550912857055664
0.0
5.987405776977539
2.2701025009155273
5.780935287475586
0.0
0.6500482559204102
0.07104873657226562
0.40411949157714844
0.3426074981689453
0.5447864532470703
0.9516477584838867
0.0
0.0
0.7358789443969727
1.7219781875610352
3.298044204711914
0.6208419799804688
0.695347785949707
4.958093166351318
0.9177923202514648
6.606936454772949
0.545501708984375
1.0824203491210938
5.396902561187744
0.41222572326660156
1.4984607696533203
0.513911247253418
0.377655029296875
3.7963390350341797
0.7776021957397461
5.656599998474121
1.2198686599731445
2.576470375061035
0.0
2.242922782897949
0.9882450103759766
7.480502128601074
0.0
1.0631084442138672
4.204154014587402
1.2437105178833008
0.2721548080444336
1.8819570541381836
1.1590123176574707
4.048764705657959
0.0629425048828125
0.3553628921508789
0.07200241088867188
0.0
0.39327144622802734
1.096487045288086
0.7230043411254883
0.0
1.071333885192871
0.3241300582885742
0.8374452590942383
1.0231733322143555
0.0
0.611424446105957
0.0
0.46515464782714844
0.946044921875
0.7652044296264648
0.0
0.14781951904296875
0.0
0.9232759475708008
3.967165946960449
5.104303359985352
5.5994391441345215
2.4407505989074707
1.1137723922729492
2.806365489959717
0.46062469482421875
0.4677772521972656
0.9208917617797852
0.38254261016845703
0.06842613220214844
3.655552864074707
0.13196468353271484
0.2931356430053711
0.3070831298828125
0.0
2.190232276916504
0.8084774017333984
0.059485435485839844
0.0
0.0
0.0
0.0
0.0
0.0
0.0
0.0
0.0
0.07867813110351562
0.0
0.0
4.355907440185547
0.0
0.0
4.999279975891113
0.0
0.0
11.209726333618164
0.0
0.07534027099609375
0.0
0.05245208740234375
0.09298324584960938
0.0
1.2440681457519531
8.341073989868164
0.0
7.519245147705078
0.06532669067382812
0.0
0.0667572021484375
0.0
3.1343698501586914
0.2486705780029297
0.0
0.0
0.0
0.0
0.0
0.0
0.18787384033203125
0.5124807357788086
0.0
0.0
0.0
0.0
0.0
0.0
0.0
0.0
0.0
0.0
0.1163482666015625
0.0
0.0
0.0
0.0
0.0
0.06508827209472656
0.0
0.0
0.05841255187988281
0.0
0.0
1.2340545654296875
1.6105175018310547
2.780795097351074
3.3922195434570312
1.9887685775756836
1.4133453369140625
0.16117095947265625
0.08511543273925781
0.0
0.0
0.0
0.0
0.05340576171875
0.06985664367675781
0.0
0.0
0.0
0.0
0.0
12.369990348815918
4.0302276611328125
7.891535758972168
5.193829536437988
0.0
0.5677938461303711
0.0
0.12731552124023438
0.0
10.113954544067383
0.2905130386352539
0.1404285430908203
0.0
0.09572505950927734
0.05888938903808594
13.422250747680664
0.09989738464355469
0.12731552124023438
4.4831037521362305
0.0
10.83076000213623
0.0
0.0553131103515625
0.1608133316040039
0.1386404037475586
13.345659255981445
0.06854534149169922
0.21016597747802734
0.11944770812988281
0.10991096496582031
0.0
0.5464553833007812
0.0
0.0
0.0
0.09000301361083984
0.0
0.08237361907958984
0.09036064147949219
0.05614757537841797
0.0
0.1480579376220703
0.0
0.3374814987182617
0.0
0.0
0.08165836334228516
0.16248226165771484
0.4564523696899414
1.2024641036987305
0.8783340454101562
0.6358623504638672
0.0
5.627274513244629
13.54968547821045
2.25830078125
1.593470573425293
2.530336380004883
0.962376594543457
7.603764533996582
0.3091096878051758
0.630497932434082
2.3769140243530273
0.0768899917602539
0.09238719940185547
0.0
0.0
0.12373924255371094
0.0
0.5185604095458984
0.7543563842773438
2.369046211242676
0.4812479019165039
31.212688446044922
1.933455467224121
1.6450881958007812
0.21028518676757812
1.9831657409667969
0.21076202392578125
0.0
0.22089481353759766
0.0
0.6536245346069336
0.5887746810913086
0.9465217590332031
0.0
0.2105236053466797
0.18143653869628906
0.9152889251708984
16.789077758789062
0.4674196243286133
0.6334781646728516
0.4315376281738281
0.0
0.08618831634521484
0.40209293365478516
0.42498111724853516
5.939960479736328
0.46062469482421875
0.8438825607299805
1.3273954391479492
2.411961555480957
0.6078481674194336
0.0
0.6147623062133789
0.0
0.28252601623535156
2.8028488159179688
0.2224445343017578
0.47326087951660156
0.07796287536621094
0.18036365509033203
0.3917217254638672
0.1423358917236328
0.4762411117553711
0.500798225402832
2.1440982818603516
1.9534826278686523
0.7154941558837891
0.7516145706176758
0.5764961242675781
0.16820430755615234
0.22983551025390625
0.41615962982177734
0.39947032928466797
0.7815361022949219
0.5128383636474609
0.3437995910644531
0.11420249938964844
0.2256631851196289
0.0629425048828125
0.0
0.0514984130859375
0.0
0.062465667724609375
0.0
0.0
0.0
0.0
0.0
0.0
0.0
0.0
0.0
0.0
0.0
0.0
0.07677078247070312
0.0
0.0
0.0
0.0
0.0
0.0
0.0
0.0
0.0
0.0
0.0
0.0
0.0
0.0
0.0
0.0
0.0
0.0
0.0
0.0
0.0
0.0
0.0
0.0
0.0
0.0
0.0
0.0
0.0
0.0
0.0
0.0
0.0
0.0
0.0
0.0
0.0
0.0
0.0
0.0
0.0
0.0
0.0
0.0
0.0
0.0
0.0
0.0
0.0
0.0
0.0
0.0
0.0
0.0
0.0
0.0
0.5756020545959473
5.7416558265686035
5.119144916534424
0.5609989166259766
2.5000572204589844
0.9886026382446289
0.6093978881835938
0.9324550628662109
0.4265308380126953
0.20253658294677734
0.44155120849609375
2.1975040435791016
0.2722740173339844
0.06210803985595703
0.0
0.0
1.4635324478149414
5.822539329528809
2.755880355834961
0.0
5.058407783508301
0.0
0.0
0.06330013275146484
1.841425895690918
6.284117698669434
6.011486053466797
0.49805641174316406
0.0
0.0
0.0
0.0
0.17321109771728516
0.12218952178955078
0.0
1.2507438659667969
0.0820159912109375
0.07784366607666016
0.09417533874511719
0.7964372634887695
0.13685226440429688
0.6692409515380859
0.6707906723022461
0.2846717834472656
0.09047985076904297
0.26619434356689453
0.24580955505371094
0.4526376724243164
0.6487369537353516
0.06031990051269531
0.1519918441772461
0.0
0.12636184692382812
0.5195140838623047
0.0
0.0
0.10466575622558594
0.4445314407348633
0.2722740173339844
0.3769397735595703
0.5085468292236328
0.0
0.0705718994140625
0.2599954605102539
0.0940561294555664
1.0012388229370117
0.7383823394775391
0.0
0.37229061126708984
0.6884336471557617
0.0
0.0
0.0
0.0
0.05257129669189453
0.9822845458984375
0.0
0.34034252166748047
0.0
0.3972053527832031
0.18775463104248047
0.5050897598266602
0.07104873657226562
0.11539459228515625
0.0
0.0
0.4620552062988281
0.0
0.0
0.0
0.7909536361694336
0.32639503479003906
0.43129920959472656
0.3336668014526367
0.0
0.2790689468383789
0.0
0.0
0.0
0.0
0.0
0.49698352813720703
0.05841255187988281
0.0
0.0
0.0
0.07748603820800781
0.0
0.0
0.2709627151489258
0.0
0.0
0.0
0.0
0.0
0.0
0.0
0.0
0.09417533874511719
0.0
0.0
0.0
0.0
0.1367330551147461
0.24962425231933594
0.7616281509399414
0.0
0.0
0.0
0.0
0.0
0.0
0.08511543273925781
0.0
0.0
0.0
0.0
0.186920166015625
0.0
0.0
0.0
0.0
0.0
0.0711679458618164
0.0
0.0
0.0
0.0
0.0
0.0
0.0
0.0
0.0
0.0
7.6201558113098145
0.3491640090942383
0.6213188171386719
0.0
1.166701316833496
0.0
4.02224063873291
6.071209907531738
8.366703987121582
0.0
7.42495059967041
1.4569759368896484
4.132747650146484
0.0
0.0
0.18453598022460938
0.0
0.4812479019165039
0.3300905227661133
0.07867813110351562
0.7016658782958984
0.1480579376220703
0.07081031799316406
0.0
0.3439188003540039
0.5239248275756836
0.0749826431274414
0.9081363677978516
0.0
0.0
0.9437799453735352
0.0
0.48530101776123047
0.29659271240234375
0.2052783966064453
0.2613067626953125
0.05650520324707031
0.0
0.2384185791015625
0.06222724914550781
0.07581710815429688
0.0
0.0
0.18286705017089844
0.0
0.0
0.0
0.30803680419921875
0.13959407806396484
0.0
0.0
5.770385265350342
0.19943714141845703
3.5991668701171875
0.06783008575439453
8.305907249450684
0.0
3.7599802017211914
0.0
0.5612373352050781
0.3470182418823242
0.0
0.07855892181396484
0.7251501083374023
0.13530254364013672
0.3113746643066406
0.2447366714477539
0.2903938293457031
0.0
0.0
0.9310245513916016
0.40137767791748047
0.0
0.0
0.0
0.051975250244140625
0.0
0.0
0.0
0.0
0.0
2.1338462829589844
2.3404359817504883
0.37491321563720703
0.17535686492919922
2.686619758605957
0.21731853485107422
0.0
0.15997886657714844
0.0
0.0
0.1983642578125
0.38552284240722656
0.8673667907714844
0.0
0.0
0.5488395690917969
0.0
0.0
0.0
0.0
0.0
0.0
0.0
0.0
0.0
0.6113052368164062
0.0
0.4940032958984375
0.4843473434448242
0.08988380432128906
0.08916854858398438
0.2766847610473633
0.2262592315673828
0.30159950256347656
0.0
0.0890493392944336
0.0
0.0
4.340767860412598
0.20074844360351562
0.6804466247558594
8.815407752990723
0.24330615997314453
0.0
0.4819631576538086
0.07367134094238281
0.08893013000488281
0.29981136322021484
0.0
0.11897087097167969
0.0
0.0
0.0
0.5030632019042969
6.3925981521606445
0.12683868408203125
0.21445751190185547
0.2684593200683594
0.1633167266845703
0.2837181091308594
3.9331912994384766
0.14710426330566406
0.3572702407836914
0.3962516784667969
0.16367435455322266
0.0
0.0
0.0
0.0
0.0
0.466763973236084
0.2281665802001953
0.28777122497558594
0.0
0.0
0.057578086853027344
0.9329319000244141
0.29838085174560547
0.07605552673339844
0.2950429916381836
0.0
0.0
0.13530254364013672
0.0
1.8988847732543945
0.057220458984375
0.0
0.0
0.1265406608581543
0.0
0.06651878356933594
0.19043684005737305
0.0
0.0
0.38123130798339844
0.774383544921875
0.9779930114746094
0.0
0.5288124084472656
0.6756782531738281
0.30684471130371094
0.5065202713012695
0.4140138626098633
0.4267692565917969
0.523686408996582
0.0
0.05745887756347656
0.09322166442871094
0.1481771469116211
0.32973289489746094
0.0
0.054955482482910156
0.19490718841552734
0.0
0.051856040954589844
0.08916854858398438
0.28645992279052734
0.0
0.0
0.0
0.0
0.6859302520751953
0.0
