9.876351576561311e-42
3.675546646118164
6.941690444946289
3.3389816284179688
4.844261169433594
2.579935073852539
11.038597106933594
9.835687637329102
8.659660339355469
23.643980026245117
8.342132568359375
40.84264373779297
23.06346893310547
12.38625717163086
7.039628982543945
12.615550994873047
17.178180694580078
0.36144447326660156
25.66228675842285
1.068084716796875
1.2128791809082031
17.869306564331055
37.41387176513672
17.767805099487305
6.703380584716797
19.526899337768555
14.384441375732422
0.298492431640625
0.2506294250488281
16.012325286865234
0.40242767333984375
20.2101993560791
0.3862781524658203
0.3969993591308594
0.7646770477294922
0.2245635986328125
0.15324783325195312
0.16451644897460938
19.034183502197266
0.1768341064453125
0.144561767578125
0.12684059143066406
4.647815704345703
23.845441818237305
2.422405242919922
6.997400283813477
20.974267959594727
40.516048431396484
11.859411239624023
10.836162567138672
18.3928165435791
10.866107940673828
1.6321430206298828
15.902936935424805
26.566129684448242
3.285409927368164
2.2214736938476562
0.366241455078125
17.59587860107422
0.19600677490234375
34.00482177734375
15.745058059692383
3.517223358154297
33.492042541503906
15.102313995361328
5.167078018188477
25.209077835083008
5.7375640869140625
49.167545318603516
0.3343620300292969
0.21251678466796875
0.1668243408203125
16.918590545654297
28.279865264892578
6.518407821655273
29.463165283203125
8.717721939086914
11.704477310180664
26.272714614868164
0.2624168395996094
0.3447113037109375
0.13227462768554688
30.594999313354492
41.63695526123047
34.4935302734375
18.785655975341797
14.912103652954102
21.458209991455078
0.24426651000976562
0.2592887878417969
46.23817443847656
13.27589225769043
28.89874839782715
0.3141670227050781
0.15120697021484375
31.3531551361084
19.167797088623047
19.73238182067871
0.18005752563476562
34.451263427734375
18.957639694213867
16.134788513183594
0.17081069946289062
0.1456451416015625
36.25535583496094
28.95155906677246
16.91412925720215
18.09341049194336
0.2834892272949219
0.18059539794921875
60.95823287963867
16.81083869934082
6.9358673095703125
0.19709014892578125
12.140312194824219
0.3538818359375
0.276275634765625
43.274993896484375
0.28558349609375
61.23787307739258
1.1071281433105469
0.1904468536376953
0.14783096313476562
0.24396133422851562
0.218353271484375
0.7408866882324219
0.2728157043457031
0.5226898193359375
21.141481399536133
0.2597332000732422
0.25545501708984375
36.6099853515625
0.45056724548339844
0.5593128204345703
0.8329563140869141
1.9787120819091797
21.043670654296875
8.639959335327148
5.0867767333984375
0.2318572998046875
0.6238365173339844
0.18550682067871094
0.3079071044921875
0.4778556823730469
0.46796226501464844
0.7775192260742188
1.3059368133544922
1.3514041900634766
1.378824234008789
0.9374446868896484
7.734592437744141
15.953950881958008
28.995311737060547
9.798463821411133
14.194656372070312
21.46390724182129
21.102441787719727
13.665983200073242
19.23044204711914
15.001079559326172
19.48520851135254
12.48001480102539
1.7023048400878906
3.5060195922851562
1.1239280700683594
0.4532012939453125
1.0679874420166016
0.8280544281005859
3.909238815307617
1.8296794891357422
10.475341796875
9.587039947509766
1.884805679321289
0.7030792236328125
23.661684036254883
1.4883060455322266
17.332256317138672
2.945423126220703
2.1011219024658203
52.615692138671875
1.5184688568115234
21.306692123413086
39.98326110839844
3.579286575317383
4.277118682861328
37.100433349609375
23.261974334716797
27.577363967895508
2.4340476989746094
22.522512435913086
31.76184844970703
3.1388072967529297
24.382169723510742
34.426361083984375
24.085371017456055
23.764867782592773
1.0475406646728516
0.9379501342773438
0.8319225311279297
1.4071636199951172
3.7957115173339844
0.1900177001953125
1.7576560974121094
1.9701614379882812
21.23021697998047
0.9492378234863281
9.311117172241211
1.8946247100830078
21.238582611083984
10.342802047729492
18.754304885864258
2.8187122344970703
0.46603965759277344
62.77229309082031
11.153217315673828
28.58894157409668
5.8246612548828125
0.07354927062988281
9.047527313232422
52.43573760986328
26.202980041503906
0.5697231292724609
22.002071380615234
9.855377197265625
35.63746643066406
2.1407814025878906
21.77333641052246
7.549436569213867
1.2893218994140625
15.792503356933594
25.051219940185547
2.582805633544922
26.26964569091797
4.600742340087891
4.057270050048828
36.646995544433594
21.508146286010742
13.165994644165039
37.54049301147461
28.668949127197266
35.70951843261719
14.00877571105957
25.3759822845459
25.97629737854004
13.018041610717773
4.898763656616211
18.521970748901367
38.02776336669922
22.409439086914062
7.381746292114258
30.98029899597168
33.395973205566406
55.099769592285156
37.63608932495117
36.92993927001953
48.10736083984375
27.639204025268555
12.347574234008789
24.541980743408203
25.25632667541504
18.065763473510742
7.70941162109375
3.7393417358398438
8.18741226196289
0.986328125
3.1149234771728516
0.9473133087158203
0.9522781372070312
2.3272457122802734
5.15655517578125
2.9854469299316406
3.8857173919677734
5.402467727661133
6.011838912963867
0.5712642669677734
0.6560764312744141
1.6077022552490234
2.023418426513672
1.003061294555664
5.596317291259766
3.762409210205078
3.0498828887939453
1.147165298461914
3.32470703125
5.827886581420898
18.196977615356445
3.0539188385009766
26.05060386657715
13.863059997558594
5.4065704345703125
7.747335433959961
6.698709487915039
0.48778724670410156
13.555295944213867
2.436349868774414
3.370088577270508
1.8884449005126953
0.94482421875
6.4001312255859375
21.172626495361328
5.623693466186523
1.6116695404052734
1.174703598022461
7.81324577331543
10.316873550415039
1.495920181274414
6.174962997436523
10.408369064331055
2.843282699584961
4.490329742431641
20.630340576171875
18.510879516601562
10.772298812866211
3.225271224975586
16.29900550842285
6.049648284912109
2.9771194458007812
1.5224552154541016
2.6022396087646484
6.037500381469727
7.112054824829102
6.882867813110352
3.825258255004883
12.902629852294922
3.9642601013183594
4.926441192626953
8.825174331665039
3.9087867736816406
5.934986114501953
6.168279647827148
4.140480041503906
5.026922225952148
3.449159622192383
2.6869449615478516
2.536396026611328
13.800769805908203
13.363117218017578
16.511667251586914
17.656171798706055
17.186323165893555
11.808406829833984
12.324369430541992
7.138299942016602
2.045133590698242
3.561878204345703
4.458915710449219
4.656909942626953
1.5969524383544922
7.8341217041015625
6.205314636230469
3.9186649322509766
3.197856903076172
3.7957305908203125
7.479156494140625
8.526247024536133
5.862531661987305
2.3119163513183594
8.219898223876953
11.562314987182617
13.27804183959961
13.94383430480957
9.238470077514648
16.694068908691406
9.042638778686523
13.91610336303711
20.08191680908203
7.797458648681641
2.880157470703125
3.6523399353027344
14.121517181396484
9.939043045043945
16.627248764038086
5.122854232788086
7.866321563720703
3.8301563262939453
6.610734939575195
13.514495849609375
10.069717407226562
26.822891235351562
12.415739059448242
15.219772338867188
16.13245391845703
19.74579620361328
8.391128540039062
3.062671661376953
9.180633544921875
7.1084442138671875
15.23698616027832
5.502286911010742
1.45391845703125
5.564487457275391
12.03738784790039
1.4872093200683594
10.82682991027832
7.002346038818359
2.406503677368164
2.590200424194336
16.788654327392578
4.415761947631836
3.789325714111328
13.138160705566406
11.866283416748047
12.315458297729492
8.235332489013672
10.539474487304688
6.339160919189453
9.647003173828125
10.511627197265625
8.698110580444336
11.822443008422852
9.959281921386719
4.928304672241211
21.299442291259766
11.336013793945312
12.085258483886719
15.286981582641602
9.210088729858398
5.801244735717773
2.6571197509765625
1.2057437896728516
4.728523254394531
2.2697620391845703
2.2528457641601562
4.841070175170898
4.8397216796875
5.370466232299805
2.9651222229003906
8.21284294128418
9.686893463134766
6.695943832397461
7.1606597900390625
9.75733757019043
7.625947952270508
41.13191223144531
29.126916885375977
23.323728561401367
22.683998107910156
23.74412727355957
3.195047378540039
3.9318485260009766
1.2783145904541016
15.33746337890625
19.10641098022461
13.444374084472656
45.50226593017578
30.242027282714844
16.7397403717041
1.8965225219726562
7.171918869018555
15.310203552246094
34.143531799316406
34.14556884765625
30.067264556884766
17.917356491088867
22.89830780029297
22.750717163085938
14.501684188842773
16.479642868041992
2.753873825073242
12.472291946411133
31.788118362426758
25.129329681396484
22.47695541381836
9.732160568237305
21.157865524291992
7.851795196533203
14.630630493164062
6.586494445800781
16.168766021728516
18.258041381835938
12.70686149597168
25.49773597717285
25.526077270507812
21.286502838134766
23.776287078857422
30.060407638549805
8.214000701904297
29.29791259765625
22.789865493774414
35.404693603515625
36.36994934082031
19.130584716796875
26.35610008239746
31.78854751586914
35.11241149902344
19.96448516845703
34.37743377685547
40.30644989013672
26.54603385925293
45.521759033203125
8.781824111938477
35.62961196899414
31.28432273864746
35.03522491455078
22.940521240234375
20.29316520690918
12.249143600463867
42.37757873535156
11.399532318115234
20.201231002807617
13.470226287841797
16.1038818359375
16.668846130371094
8.998411178588867
33.43512725830078
33.01073455810547
14.27629280090332
19.199283599853516
35.10951232910156
49.407386779785156
16.834827423095703
22.458314895629883
16.217988967895508
15.993194580078125
13.331769943237305
11.786117553710938
32.55351638793945
30.872282028198242
38.85639953613281
34.91007995605469
15.191673278808594
13.352849960327148
13.96318244934082
23.315799713134766
44.40721893310547
33.05942153930664
11.700332641601562
40.83587646484375
17.06517791748047
25.656049728393555
15.568584442138672
18.813968658447266
46.012542724609375
31.67112159729004
18.52210235595703
22.62082290649414
34.49063491821289
40.85272216796875
50.141151428222656
48.21729278564453
11.709306716918945
27.517353057861328
16.637828826904297
25.091480255126953
58.55198287963867
28.12584686279297
22.0184383392334
20.48955535888672
18.23467445373535
22.975908279418945
18.3146915435791
7.339887619018555
16.136695861816406
33.659332275390625
16.441537857055664
14.978004455566406
14.061120986938477
33.18351364135742
30.586483001708984
28.838422775268555
16.469087600708008
12.09135627746582
30.942054748535156
50.68415069580078
45.55782699584961
48.499732971191406
26.247177124023438
22.381277084350586
0.612884521484375
0.6723442077636719
0.6560039520263672
0.08904457092285156
0.12919044494628906
1.5703697204589844
0.6258373260498047
0.4876708984375
0.2442302703857422
0.2550315856933594
0.164886474609375
0.155853271484375
1.5000476837158203
0.08828926086425781
1.5841197967529297
0.32578086853027344
0.1683368682861328
0.7162151336669922
0.09621047973632812
0.14544677734375
0.137237548828125
0.17845535278320312
0.2694816589355469
0.31436920166015625
0.3103675842285156
0.25954437255859375
0.17116928100585938
0.17938995361328125
0.3217906951904297
0.3142127990722656
9.456352233886719
0.3323554992675781
0.5076141357421875
0.090606689453125
0.08599472045898438
0.906951904296875
0.41272544860839844
3.5108070373535156
2.843181610107422
0.149871826171875
0.04396820068359375
2.598642349243164
1.0457878112792969
3.1422500610351562
0.2834053039550781
0.22183609008789062
7.939579010009766
0.12715911865234375
0.6816520690917969
1.1844558715820312
0.15163040161132812
0.2425384521484375
0.268310546875
0.24736595153808594
0.5887527465820312
0.7334098815917969
0.1638641357421875
0.12590408325195312
0.1507396697998047
0.045925140380859375
0.09742355346679688
0.11072921752929688
0.1763916015625
0.2723236083984375
0.3520050048828125
0.3700599670410156
0.12858200073242188
0.0858306884765625
0.8693027496337891
0.06277847290039062
0.1222686767578125
0.3376121520996094
0.165679931640625
2.422029495239258
17.036975860595703
17.020584106445312
30.943222045898438
20.551837921142578
14.055952072143555
14.619556427001953
10.185983657836914
16.528377532958984
15.660177230834961
6.255399703979492
11.200733184814453
7.428827285766602
5.936986923217773
1.226541519165039
1.2764053344726562
1.4282989501953125
0.7652740478515625
8.041168212890625
1.5304126739501953
1.054086685180664
1.9158649444580078
0.8154315948486328
1.2723674774169922
1.767608642578125
9.18703842163086
2.9100990295410156
2.1326026916503906
5.474409103393555
0.5318183898925781
1.0231246948242188
2.458026885986328
1.9677410125732422
5.284936904907227
1.5946826934814453
0.8116073608398438
0.8167514801025391
0.8280353546142578
6.888359069824219
0.9671134948730469
4.8494415283203125
1.4781475067138672
3.158618927001953
6.404747009277344
11.273698806762695
14.315410614013672
0.5787925720214844
6.354839324951172
1.0142784118652344
20.59555435180664
2.728313446044922
1.6540355682373047
0.8178291320800781
2.1285018920898438
20.086231231689453
0.6947746276855469
0.4961662292480469
0.4195842742919922
1.2396068572998047
1.0502662658691406
12.388471603393555
5.398836135864258
2.4807186126708984
3.649280548095703
0.7676544189453125
14.059600830078125
6.660919189453125
17.358335494995117
0.366455078125
0.8687744140625
13.32083511352539
13.402288436889648
1.6964263916015625
0.5202083587646484
9.789791107177734
25.68781280517578
5.444276809692383
30.206087112426758
17.180387496948242
0.8579216003417969
1.8805351257324219
1.128133773803711
1.5096111297607422
27.303462982177734
2.196308135986328
2.766510009765625
1.5739974975585938
21.826400756835938
0.07245254516601562
1.2692947387695312
1.3374462127685547
14.57225227355957
38.34505081176758
2.5979137420654297
44.50324249267578
3.6899871826171875
34.32469177246094
1.1809120178222656
2.273204803466797
36.508705139160156
9.109676361083984
4.272500991821289
46.82727813720703
8.71292495727539
31.354568481445312
2.2380714416503906
17.985410690307617
6.055364608764648
18.34739875793457
0.33101654052734375
14.377504348754883
18.07206153869629
0.4703254699707031
1.397775650024414
28.366352081298828
6.287675857543945
24.941631317138672
21.173295974731445
2.6759185791015625
34.75413513183594
31.986299514770508
0.8225841522216797
1.63800048828125
1.0952320098876953
42.30754089355469
53.59027862548828
16.967233657836914
5.069202423095703
1.9766883850097656
8.68960952758789
22.913000106811523
4.105243682861328
10.93587875366211
22.572322845458984
11.319568634033203
19.425180435180664
4.343692779541016
21.845752716064453
42.94915771484375
3.347064971923828
10.109518051147461
15.191364288330078
62.87537384033203
11.375492095947266
38.37820816040039
11.953472137451172
47.65460968017578
11.285558700561523
10.974672317504883
60.75495147705078
12.589176177978516
10.50843620300293
14.720705032348633
21.12938690185547
29.205406188964844
22.9897518157959
3.4848060607910156
14.34886360168457
4.617923736572266
4.217504501342773
5.690393447875977
14.621522903442383
3.1088485717773438
2.2264022827148438
1.3769187927246094
1.8444099426269531
5.607179641723633
3.8357391357421875
0.5077552795410156
0.5961990356445312
1.1872062683105469
1.5585899353027344
1.2943782806396484
8.668100357055664
0.5869121551513672
10.943262100219727
1.2123851776123047
1.8257427215576172
0.6572933197021484
1.0565509796142578
1.6542682647705078
2.0856704711914062
5.489259719848633
0.2714996337890625
1.7592525482177734
2.0103092193603516
0.37066650390625
2.451356887817383
41.75300216674805
13.717170715332031
5.358098983764648
46.0013427734375
0.5802803039550781
15.57969856262207
6.496006011962891
9.664815902709961
0.8724803924560547
0.9938697814941406
41.09295654296875
16.128915786743164
3.036813735961914
19.59902000427246
46.32468795776367
56.364810943603516
0.7697067260742188
14.590522766113281
22.816553115844727
2.0227909088134766
11.702075958251953
1.9064216613769531
3.965320587158203
1.587982177734375
1.6855812072753906
1.071859359741211
1.91876220703125
2.1041316986083984
0.6986770629882812
0.45470237731933594
1.1966724395751953
4.41996955871582
0.7285251617431641
3.2182044982910156
3.667268753051758
0.28238487243652344
12.955097198486328
3.684345245361328
41.43934631347656
2.0178890228271484
3.0939273834228516
5.973234176635742
21.379953384399414
1.4635982513427734
13.95933723449707
71.97370910644531
13.418401718139648
37.616966247558594
34.845069885253906
3.0652427673339844
6.216169357299805
12.707157135009766
6.620517730712891
2.493673324584961
0.7214946746826172
10.629974365234375
18.232131958007812
0.5622310638427734
7.324573516845703
2.9039649963378906
13.703437805175781
5.134222030639648
2.3114585876464844
4.273504257202148
5.891775131225586
25.201005935668945
1.3230819702148438
1.0367565155029297
7.933622360229492
2.885457992553711
54.59446716308594
8.7569580078125
53.595863342285156
14.124553680419922
1.6214561462402344
2.080547332763672
2.775646209716797
8.421497344970703
2.8717384338378906
3.745809555053711
4.887363433837891
3.592754364013672
0.44533348083496094
41.593223571777344
12.523021697998047
12.607719421386719
22.500730514526367
12.73636245727539
15.393302917480469
2.2027740478515625
2.6817455291748047
0.8245315551757812
9.013437271118164
2.2583446502685547
6.243995666503906
0.4706439971923828
0.22980308532714844
16.444429397583008
1.2787914276123047
18.61754608154297
32.303558349609375
12.276647567749023
2.1276073455810547
2.3022632598876953
3.8179683685302734
30.23645782470703
13.107736587524414
7.179344177246094
4.33233642578125
1.6637287139892578
0.6768035888671875
43.866355895996094
20.468658447265625
1.3877639770507812
6.42506217956543
1.5234432220458984
52.40229034423828
68.02769470214844
8.621578216552734
1.1794300079345703
54.861175537109375
12.503618240356445
14.63170051574707
48.58069610595703
8.33033561706543
9.50114631652832
0.6202888488769531
1.3661956787109375
7.505895614624023
11.471733093261719
47.497806549072266
76.19332122802734
11.483907699584961
48.95069885253906
21.257408142089844
10.650491714477539
11.168994903564453
1.1916332244873047
2.3333091735839844
22.780370712280273
3.5502758026123047
0.4518890380859375
3.0645713806152344
13.350868225097656
6.865139007568359
66.03917694091797
16.460433959960938
22.964200973510742
2.0012664794921875
16.310441970825195
13.201887130737305
22.40956687927246
1.2190322875976562
1.5674152374267578
48.84748077392578
2.426523208618164
0.7883930206298828
19.181772232055664
0.2985649108886719
32.31214904785156
20.211036682128906
0.8300075531005859
36.21018600463867
2.8472213745117188
8.103116989135742
1.6891345977783203
21.346961975097656
1.2807979583740234
19.848255157470703
10.464105606079102
0.12179183959960938
