9.876351576561311e-42
0.4400215148925781
4.827220916748047
0.0
1.8691024780273438
0.0150299072265625
5.620536804199219
13.81039810180664
8.03909683227539
4.166027069091797
6.012500762939453
16.924633026123047
32.28630065917969
8.686656951904297
8.78875732421875
24.06417465209961
0.5923118591308594
7.59918212890625
4.293895721435547
16.14537811279297
6.164730072021484
1.0791702270507812
70.86492156982422
49.108856201171875
58.62186050415039
1.20550537109375
2.1770553588867188
11.305740356445312
3.2803421020507812
4.140888214111328
1.6337661743164062
0.6030654907226562
5.8187255859375
7.276721954345703
9.373058319091797
1.1380577087402344
1.08056640625
0.8033447265625
5.048145294189453
0.5199241638183594
1.4612350463867188
1.2239761352539062
5.860271453857422
19.319381713867188
0.0
8.956352233886719
32.036407470703125
9.34701919555664
11.05136489868164
15.908004760742188
16.683536529541016
5.246788024902344
18.224502563476562
3.892486572265625
45.021217346191406
5.822429656982422
27.91638946533203
1.3982162475585938
3.7365150451660156
2.5768051147460938
6.547138214111328
6.040210723876953
0.7896728515625
16.703327178955078
12.89569091796875
8.33968734741211
4.691532135009766
23.286327362060547
48.797855377197266
4.20343017578125
3.45831298828125
0.7851066589355469
5.295680999755859
20.976566314697266
1.6695060729980469
15.424766540527344
7.2645111083984375
2.819324493408203
32.206180572509766
3.2863922119140625
5.5670928955078125
0.4892387390136719
9.509407043457031
11.477470397949219
7.829475402832031
6.319011688232422
1.0097885131835938
1.68408203125
8.487823486328125
0.6151008605957031
15.516490936279297
6.852184295654297
6.344230651855469
10.536972045898438
0.68267822265625
15.375957489013672
1.7434616088867188
1.994110107421875
0.704071044921875
6.764575958251953
30.116619110107422
2.0880279541015625
0.7388916015625
1.7106094360351562
17.3358154296875
27.974815368652344
26.47772216796875
3.6186294555664062
2.9186935424804688
4.34197998046875
12.207443237304688
13.273303985595703
17.143672943115234
8.897335052490234
7.908725738525391
14.593624114990234
4.615146636962891
8.052932739257812
2.906909942626953
8.126296997070312
11.725910186767578
12.956253051757812
6.868766784667969
13.818119049072266
3.2380409240722656
13.35965347290039
2.5474090576171875
14.00728988647461
6.1808929443359375
2.561695098876953
5.536369323730469
4.868862152099609
6.330303192138672
7.687191009521484
6.747562408447266
7.758220672607422
26.117897033691406
9.290424346923828
9.838569641113281
14.143775939941406
12.263427734375
11.896564483642578
9.925212860107422
13.96237564086914
12.232280731201172
8.442306518554688
9.836116790771484
8.657684326171875
8.34665298461914
8.51919937133789
7.3231964111328125
8.212471008300781
6.594348907470703
3.0612831115722656
0.5430641174316406
2.0384750366210938
10.83230209350586
9.413093566894531
3.226573944091797
3.2564964294433594
4.952064514160156
1.309661865234375
0.1847686767578125
0.11400985717773438
0.07046127319335938
0.5836334228515625
0.6780128479003906
4.289955139160156
12.142963409423828
5.63507080078125
10.734886169433594
4.7525177001953125
0.014171600341796875
16.78020477294922
8.681190490722656
2.1880455017089844
27.941795349121094
7.849666595458984
15.468223571777344
20.99073028564453
8.48227310180664
44.5175895690918
28.47957992553711
13.97430419921875
0.13719940185546875
76.89662170410156
33.718055725097656
23.069374084472656
38.119930267333984
18.18502426147461
31.230331420898438
1.6574592590332031
26.54257583618164
20.432106018066406
24.103984832763672
9.101543426513672
1.624267578125
0.385589599609375
0.019245147705078125
3.851287841796875
6.229747772216797
0.010349273681640625
8.5294189453125
18.963958740234375
51.18419647216797
33.951393127441406
22.03182601928711
2.7151870727539062
58.15609359741211
16.94042205810547
87.38973999023438
1.8906822204589844
7.152839660644531
14.830448150634766
4.454494476318359
40.47379684448242
19.05030059814453
1.7424812316894531
14.84640121459961
33.19013977050781
9.357322692871094
4.2451171875
12.119892120361328
16.33578109741211
22.399272918701172
2.756359100341797
51.83465576171875
6.569889068603516
9.75710678100586
63.13129806518555
17.608566284179688
6.569538116455078
12.116241455078125
9.729198455810547
3.458263397216797
23.167766571044922
13.302669525146484
16.55664825439453
13.878799438476562
10.952709197998047
16.37114715576172
4.587791442871094
23.721065521240234
10.19809341430664
45.41969299316406
20.318275451660156
46.29391860961914
58.24011993408203
37.14011001586914
65.31947326660156
12.609367370605469
18.760398864746094
22.120441436767578
46.08023452758789
56.26961135864258
46.198814392089844
38.108585357666016
31.400909423828125
0.948394775390625
0.6557235717773438
1.2577667236328125
4.7899169921875
2.9019508361816406
4.269847869873047
2.446613311767578
2.1623687744140625
0.0
0.06206512451171875
1.3065528869628906
8.131698608398438
3.0908470153808594
14.097637176513672
7.063846588134766
8.0509033203125
0.0
0.02349090576171875
0.035816192626953125
0.007877349853515625
1.582916259765625
12.856815338134766
12.405559539794922
0.04155731201171875
1.0906181335449219
28.13127899169922
2.569385528564453
0.5504188537597656
4.697231292724609
0.684234619140625
7.735927581787109
4.381122589111328
6.3970184326171875
19.458473205566406
9.5367431640625e-05
1.9763412475585938
0.14764785766601562
9.916309356689453
4.812713623046875
0.25238800048828125
5.943386077880859
0.8210258483886719
2.8870391845703125
0.006984710693359375
1.2286109924316406
0.033649444580078125
6.12408447265625
0.0137176513671875
0.04654693603515625
8.265449523925781
1.5151748657226562
0.0262451171875
0.6387100219726562
10.494197845458984
8.815776824951172
0.06951141357421875
4.6626434326171875
0.037693023681640625
0.15305328369140625
0.09805679321289062
1.1936302185058594
3.549602508544922
7.232154846191406
1.4838752746582031
7.111213684082031
1.0088691711425781
6.680507659912109
7.448253631591797
3.4557647705078125
4.281284332275391
4.169330596923828
3.9793853759765625
5.881591796875
6.300418853759766
4.278656005859375
3.7916107177734375
2.220489501953125
3.4113006591796875
6.6549530029296875
10.285133361816406
2.4403228759765625
2.359783172607422
10.327098846435547
1.8071861267089844
3.3347396850585938
0.3912086486816406
2.626178741455078
3.846057891845703
7.888904571533203
0.7458610534667969
6.783603668212891
1.6650009155273438
0.2436676025390625
28.62612533569336
12.997844696044922
19.405860900878906
0.3007164001464844
0.31988525390625
0.00972747802734375
0.044406890869140625
2.6702880859375e-05
0.46083831787109375
2.9278831481933594
4.5989227294921875
5.070789337158203
0.0049591064453125
0.2958488464355469
1.358856201171875
4.806491851806641
5.265113830566406
0.5433807373046875
12.800678253173828
0.1257476806640625
2.286975860595703
46.533714294433594
0.0
0.0
2.3204116821289062
0.4094657897949219
0.0
0.3893394470214844
3.425384521484375
18.318462371826172
5.3596038818359375
35.921653747558594
0.003604888916015625
1.5604133605957031
2.2222976684570312
4.384067535400391
8.839672088623047
13.731258392333984
1.7664794921875
10.72735595703125
6.338565826416016
0.5631599426269531
7.248420715332031
2.2926597595214844
0.08379364013671875
0.0322265625
0.5240135192871094
0.039005279541015625
0.00061798095703125
0.13286209106445312
6.925952911376953
0.7318344116210938
3.9284896850585938
0.5130577087402344
0.000152587890625
0.01760101318359375
3.323863983154297
2.9230003356933594
0.004138946533203125
1.051361083984375
1.4770698547363281
0.02690887451171875
0.01479339599609375
5.1085052490234375
2.3704185485839844
0.1008148193359375
0.40923309326171875
0.7770462036132812
0.18453598022460938
0.0546112060546875
0.03511810302734375
0.022186279296875
0.00875091552734375
0.0014801025390625
0.005096435546875
0.000171661376953125
0.0
0.0
0.000377655029296875
0.000156402587890625
0.0039825439453125
0.003452301025390625
0.2542610168457031
0.23987197875976562
0.18320465087890625
0.5873451232910156
0.33797454833984375
37.06209945678711
15.102710723876953
2.6540184020996094
26.10143280029297
13.92264175415039
31.44532012939453
35.507232666015625
5.298614501953125
0.3773460388183594
19.6739501953125
17.805702209472656
31.484447479248047
18.30548858642578
2.029247283935547
0.3215980529785156
29.604290008544922
10.72378158569336
29.589183807373047
21.266048431396484
36.44904708862305
34.77199172973633
6.99560546875
19.470355987548828
18.101337432861328
20.741222381591797
54.08235549926758
11.690597534179688
17.694881439208984
10.043128967285156
11.892436981201172
6.045326232910156
6.799411773681641
5.897708892822266
3.8862228393554688
3.304912567138672
1.1341209411621094
0.8436775207519531
1.0294761657714844
0.2841758728027344
19.805835723876953
21.34423828125
13.044727325439453
59.32339096069336
18.786643981933594
0.06566238403320312
9.640682220458984
0.01670074462890625
0.7235908508300781
21.22542953491211
6.615245819091797
1.0480690002441406
30.40993881225586
0.0160064697265625
33.49433898925781
34.29926300048828
12.993080139160156
9.349594116210938
11.276599884033203
1.0187606811523438
22.403362274169922
0.20638656616210938
1.4625663757324219
0.85479736328125
3.4400100708007812
25.707534790039062
0.2970390319824219
20.66399383544922
7.900585174560547
20.16802215576172
27.199562072753906
7.021694183349609
27.841869354248047
1.2674674987792969
30.120742797851562
3.8799095153808594
1.5641937255859375
0.9539222717285156
0.4209556579589844
17.667587280273438
0.3668174743652344
3.4615325927734375
0.036472320556640625
0.7927322387695312
0.30011749267578125
1.5756454467773438
0.7918853759765625
9.145156860351562
22.343265533447266
0.7713890075683594
29.042804718017578
0.5047569274902344
0.6626358032226562
2.199462890625
0.4290733337402344
12.63360595703125
7.9395904541015625
2.2796630859375
17.384750366210938
0.478729248046875
34.12575149536133
22.797935485839844
16.823768615722656
0.9896354675292969
0.2127227783203125
0.10893630981445312
0.035671234130859375
8.6273193359375
18.01171112060547
0.41722869873046875
1.4226875305175781
0.19345855712890625
0.133331298828125
0.9516487121582031
0.34157562255859375
0.16623687744140625
0.00372314453125
10.034053802490234
3.3993682861328125
0.6837272644042969
0.033084869384765625
0.00676727294921875
0.2070465087890625
0.232879638671875
0.4043998718261719
0.00830841064453125
0.05554962158203125
0.05713653564453125
0.03243255615234375
0.19097137451171875
0.41127777099609375
0.01116943359375
0.02446746826171875
0.0144195556640625
1.2260208129882812
0.03345489501953125
0.02973175048828125
3.6076507568359375
0.3913421630859375
1.0703048706054688
0.4095573425292969
0.2708702087402344
0.0326385498046875
0.030517578125
1.54376220703125
0.6932601928710938
0.039459228515625
3.2220535278320312
0.0289764404296875
0.9944343566894531
1.6363525390625
1.113250732421875
2.9845046997070312
2.3895301818847656
0.032623291015625
0.0925445556640625
0.042179107666015625
0.06927871704101562
1.4170913696289062
0.11663818359375
1.1108856201171875
0.48723602294921875
0.29071807861328125
0.6783447265625
0.38238525390625
0.56512451171875
0.609375
1.082794189453125
0.5603485107421875
0.5332412719726562
0.3489532470703125
0.0346221923828125
0.15337371826171875
0.59478759765625
1.1578216552734375
0.882110595703125
0.09433746337890625
0.11138153076171875
0.6536407470703125
0.5302047729492188
0.24580764770507812
0.1865234375
0.03739166259765625
0.47042083740234375
0.8091812133789062
0.6185379028320312
0.22629547119140625
0.039520263671875
0.091461181640625
0.537506103515625
0.21172332763671875
0.0527191162109375
0.3123779296875
0.42922210693359375
0.490203857421875
0.07756805419921875
0.09270477294921875
0.6115341186523438
0.8771209716796875
0.292877197265625
0.25577545166015625
0.042293548583984375
0.6584854125976562
0.07370758056640625
0.8953018188476562
0.92645263671875
9.106151580810547
1.9201393127441406
1.119354248046875
1.5823440551757812
0.6388626098632812
0.1688385009765625
0.07873153686523438
0.6618461608886719
0.14734268188476562
0.7650947570800781
0.0071563720703125
0.0
0.0
0.0
0.0
0.07423782348632812
0.0
0.03838348388671875
0.0236053466796875
0.025604248046875
0.01709747314453125
0.00980377197265625
0.0004119873046875
0.0
0.003650665283203125
0.00257110595703125
0.0
0.0292816162109375
0.015716552734375
0.00322723388671875
0.0090484619140625
0.001071929931640625
0.0178375244140625
9.918212890625e-05
0.01031494140625
0.03351593017578125
0.060672760009765625
0.02666473388671875
0.001018524169921875
0.0024566650390625
0.023624420166015625
0.0
0.0
0.0
0.0
0.0
0.0
0.0
0.0
0.0
0.03200531005859375
0.00399017333984375
0.0
0.0377349853515625
0.04705047607421875
0.0148468017578125
0.0
0.0
0.0
0.0
0.014862060546875
0.00762939453125
0.0
0.0
0.0
0.0
0.119598388671875
0.0
0.0
0.012424468994140625
0.03519439697265625
0.053680419921875
0.00127410888671875
0.0
0.0
0.017681121826171875
0.0268402099609375
0.08514404296875
0.0
0.0
0.0
0.02176666259765625
0.0
0.0
0.5269622802734375
0.01434326171875
0.0
0.0
0.00339508056640625
0.0
0.00597381591796875
3.4332275390625e-05
0.08153533935546875
0.031147003173828125
0.101104736328125
0.0
0.00048065185546875
0.49041748046875
0.0
0.025295257568359375
0.00765228271484375
0.0
0.16487884521484375
0.0341644287109375
0.3949928283691406
0.0
0.0108795166015625
0.03119659423828125
0.0
0.39443206787109375
0.04543304443359375
0.05583953857421875
4.445140838623047
0.287811279296875
0.4970970153808594
0.6552963256835938
0.01800537109375
0.7780990600585938
0.5667724609375
0.089935302734375
0.01961517333984375
0.12842559814453125
0.278045654296875
0.21392440795898438
0.4023399353027344
0.03353118896484375
0.0357208251953125
0.08615875244140625
0.0323944091796875
0.10085296630859375
0.080322265625
0.14561843872070312
0.14891815185546875
0.23865509033203125
0.14469146728515625
0.244171142578125
0.0639190673828125
0.187469482421875
0.08184814453125
0.10933685302734375
0.04891204833984375
0.05340576171875
1.171234130859375
0.05716705322265625
0.07076263427734375
0.09714508056640625
0.11556243896484375
0.0703887939453125
0.086639404296875
0.10504150390625
0.13240814208984375
0.08444976806640625
0.116912841796875
10.467498779296875
0.13361740112304688
0.1443023681640625
0.233612060546875
0.0001220703125
0.0
0.0
0.0316009521484375
0.00856781005859375
0.00936126708984375
0.0
0.0
0.00688934326171875
0.00777435302734375
0.01418304443359375
0.011444091796875
0.030059814453125
0.00213623046875
0.0
0.0054473876953125
0.0
0.0
0.00276947021484375
0.0244140625
0.0
0.0
0.016632080078125
0.0
0.13640594482421875
0.007904052734375
0.0
0.0
0.0
0.011615753173828125
0.0
0.0035400390625
0.055561065673828125
0.009246826171875
0.0
0.0285491943359375
0.7283477783203125
0.26319122314453125
0.03265380859375
0.0546112060546875
0.03334808349609375
0.14177703857421875
0.0970611572265625
0.07044219970703125
0.05399322509765625
0.1691436767578125
0.14720916748046875
16.350353240966797
0.08639907836914062
0.0
0.0
0.0140838623046875
0.0
0.0
0.02344512939453125
0.0
0.002063751220703125
0.01360321044921875
0.003978729248046875
0.00046539306640625
0.004886627197265625
0.0
0.0075836181640625
0.0
0.1018524169921875
0.00439453125
0.0
0.008586883544921875
0.0
0.5141754150390625
0.0
0.6032791137695312
0.02355194091796875
0.0351104736328125
0.0640716552734375
0.3946380615234375
0.08916473388671875
0.5876121520996094
0.021259307861328125
0.15515518188476562
0.0
0.000701904296875
0.0180816650390625
0.00688934326171875
0.0025177001953125
0.0
0.0
0.0
0.0
0.0
0.02391815185546875
0.000396728515625
0.0
0.0
0.2513236999511719
0.33483123779296875
0.0113677978515625
0.19054412841796875
0.13603973388671875
0.07152557373046875
0.07860565185546875
0.094879150390625
0.0
0.0059356689453125
0.0032196044921875
0.0230560302734375
0.01132965087890625
0.0
0.0
0.0
0.0019378662109375
0.05376434326171875
0.03707122802734375
0.2020416259765625
0.0636749267578125
1.2071456909179688
0.0
0.0
0.0
0.000293731689453125
0.01605987548828125
0.016521453857421875
0.01877593994140625
0.0
0.0
0.14823150634765625
0.0063629150390625
0.0577850341796875
0.0715484619140625
0.0662841796875
0.0
0.0
0.0
0.0
0.028087615966796875
0.0
0.0
0.0
0.037109375
0.0
0.009975433349609375
0.0
0.57427978515625
0.0455169677734375
0.128875732421875
0.07845306396484375
0.05580902099609375
0.7257194519042969
0.0006561279296875
0.032695770263671875
0.03271484375
0.08358001708984375
0.2792396545410156
0.0
0.0
0.0434417724609375
0.0
0.040863037109375
0.0357666015625
0.1752471923828125
0.10720062255859375
0.47949981689453125
0.08710861206054688
0.0004119873046875
0.03308868408203125
0.07409286499023438
0.0093536376953125
0.00110626220703125
0.5447311401367188
0.0007476806640625
0.02770233154296875
0.0
0.0407562255859375
0.051055908203125
0.09888458251953125
0.07837677001953125
0.0
0.0
0.0
0.148590087890625
0.0
0.0
0.0
0.0775146484375
0.0
0.07495498657226562
0.0
0.1422271728515625
0.19268417358398438
0.0
0.1946868896484375
2.028961181640625
0.08267593383789062
0.0
0.0
0.5467987060546875
0.00063323974609375
0.6602516174316406
0.0
0.0
