9.876351576561311e-42
1.1622734069824219
6.3536224365234375
0.010740280151367188
0.8683986663818359
0.08285236358642578
11.786614418029785
10.814310073852539
6.676941871643066
18.079471588134766
2.643280029296875
33.93406295776367
42.78118133544922
16.222476959228516
16.606143951416016
39.00136947631836
15.878189086914062
40.791358947753906
17.99441909790039
35.85078048706055
22.66756820678711
16.569286346435547
15.593209266662598
29.248252868652344
18.17120361328125
16.19400405883789
17.543596267700195
32.99247360229492
19.743263244628906
18.01342010498047
22.614349365234375
17.51774787902832
13.867973327636719
23.857608795166016
10.915955543518066
17.501564025878906
12.445530891418457
13.761683464050293
24.164356231689453
10.407364845275879
13.120511054992676
9.191837310791016
3.695937156677246
16.12063217163086
0.04679584503173828
3.2220287322998047
18.511802673339844
32.4439697265625
16.29620361328125
8.414505958557129
31.638452529907227
18.727754592895508
43.890682220458984
17.243576049804688
13.286706924438477
20.573902130126953
28.878297805786133
23.696338653564453
19.20143699645996
15.906492233276367
9.651741981506348
17.27748680114746
1.6170167922973633
29.117645263671875
5.755995750427246
17.020992279052734
18.024436950683594
43.172218322753906
25.563732147216797
31.277074813842773
16.848255157470703
11.395995140075684
6.2295989990234375
19.726831436157227
6.701942443847656
27.10230255126953
17.874351501464844
17.126094818115234
21.87921142578125
29.744888305664062
12.045629501342773
12.498634338378906
22.906064987182617
20.71985626220703
39.24720001220703
17.600505828857422
15.699362754821777
17.011837005615234
32.1090202331543
15.629653930664062
25.248016357421875
16.315486907958984
17.261085510253906
29.45676040649414
12.547877311706543
21.873714447021484
15.107489585876465
16.656044006347656
18.084125518798828
28.115978240966797
30.77458953857422
15.768510818481445
12.2459135055542
11.826810836791992
29.77402687072754
28.702220916748047
33.31268310546875
16.82123565673828
23.738750457763672
12.866846084594727
36.05951690673828
25.726978302001953
39.55146408081055
14.95752239227295
19.701847076416016
40.101558685302734
23.54095458984375
21.816387176513672
21.945131301879883
34.822330474853516
23.47671890258789
34.908294677734375
18.61870002746582
33.06217956542969
22.22243881225586
21.103757858276367
25.090110778808594
19.226306915283203
16.60894775390625
26.483808517456055
28.21278190612793
30.962411880493164
22.858184814453125
20.880844116210938
19.136817932128906
18.9139404296875
41.01423645019531
38.74524688720703
34.31849670410156
37.69203186035156
26.263351440429688
34.761417388916016
38.96681594848633
35.4271354675293
31.88762855529785
24.465457916259766
22.025310516357422
20.008848190307617
17.933917999267578
18.58011245727539
17.206613540649414
17.39223289489746
17.32666015625
17.478343963623047
17.932281494140625
16.604171752929688
15.743223190307617
15.35789966583252
16.728023529052734
20.088459014892578
23.94829750061035
25.273792266845703
0.003528594970703125
0.0014972686767578125
0.0838613510131836
0.2693490982055664
0.09279727935791016
0.21840190887451172
1.9827241897583008
1.1300840377807617
1.7885026931762695
2.55245304107666
0.07958126068115234
2.835068702697754
6.266663551330566
1.1725492477416992
6.481378555297852
1.8385114669799805
4.165879249572754
7.864987373352051
3.2000303268432617
7.88372802734375
12.013408660888672
4.367108345031738
2.0676307678222656
16.56448745727539
13.97446346282959
11.981792449951172
7.146223068237305
9.563945770263672
10.322212219238281
3.05550479888916
13.378589630126953
9.528091430664062
12.238726615905762
12.427321434020996
0.008152961730957031
0.016384124755859375
0.06174755096435547
1.1005373001098633
0.7879295349121094
0.031129837036132812
6.377213478088379
4.182135581970215
5.732395172119141
3.743422508239746
5.332949638366699
2.0419111251831055
11.792015075683594
7.87642765045166
13.051080703735352
0.05332374572753906
1.6347379684448242
6.011672019958496
3.103870391845703
12.969091415405273
2.789142608642578
0.4377727508544922
5.289834022521973
15.776517868041992
11.385923385620117
0.8229484558105469
7.379743576049805
8.734009742736816
2.494152069091797
1.0016727447509766
5.860856056213379
0.3847074508666992
3.7211389541625977
5.512033462524414
12.333026885986328
1.0806007385253906
1.3833532333374023
1.7950716018676758
4.027113914489746
3.10888671875
15.13796329498291
3.320305824279785
8.132461547851562
14.155241966247559
15.177699089050293
6.850971221923828
14.278141975402832
4.255985260009766
15.988190650939941
4.82607364654541
16.809200286865234
6.057016372680664
6.2434186935424805
8.66752815246582
5.626304626464844
5.757866859436035
5.350159645080566
8.126269340515137
13.388769149780273
16.696441650390625
16.28889274597168
14.868841171264648
0.0
0.0
0.0
0.2030782699584961
0.1397724151611328
0.1134634017944336
0.12485027313232422
1.0422859191894531
0.0
0.0
0.3945350646972656
0.0
0.0233917236328125
0.0
0.8944101333618164
2.2207765579223633
0.0
0.013512611389160156
0.02702617645263672
0.0
0.7519187927246094
0.910125732421875
1.042555809020996
0.00064849853515625
1.5858268737792969
1.777115821838379
1.4941892623901367
0.0
0.2530860900878906
0.0
0.10207557678222656
1.7866945266723633
0.41712379455566406
0.0
0.0
1.9908580780029297
0.004460334777832031
1.174973487854004
2.8869457244873047
0.7414283752441406
0.14783668518066406
0.0
0.23762035369873047
0.0015592575073242188
1.5743951797485352
0.12006855010986328
0.10436820983886719
0.0075931549072265625
0.06078052520751953
0.1858539581298828
2.078305244445801
0.028245925903320312
0.0
2.2608861923217773
0.14594078063964844
0.015189170837402344
2.1934967041015625
0.05584526062011719
0.0031185150146484375
0.008916854858398438
0.2672452926635742
0.8888063430786133
1.3556928634643555
1.1220245361328125
0.6481380462646484
1.6195707321166992
1.1716136932373047
0.5178079605102539
1.3992786407470703
0.3155851364135742
1.9221181869506836
1.8502559661865234
2.179187774658203
1.4731760025024414
0.7389926910400391
0.4261598587036133
0.1132965087890625
0.05809783935546875
0.00881195068359375
0.06615543365478516
0.0
0.0
0.0
0.0
0.0
0.0
0.0
0.11392879486083984
0.0
0.0
0.0
0.0
0.0
1.339198112487793
3.6309995651245117
0.9012413024902344
0.0
0.0
0.0
0.38823699951171875
0.2140216827392578
0.0029993057250976562
0.360015869140625
1.4059877395629883
1.8439521789550781
1.5578155517578125
2.9890661239624023
3.3758926391601562
0.0
0.20557117462158203
0.0
1.7758779525756836
0.0
0.39487552642822266
5.69166374206543
0.03498363494873047
0.5261602401733398
0.36380958557128906
1.256692886352539
1.1467084884643555
4.660106658935547
0.0
2.7226619720458984
0.8290004730224609
5.730745315551758
0.3279838562011719
0.0
0.0
0.7022695541381836
2.8725013732910156
2.6675243377685547
0.0
0.5847005844116211
1.787440299987793
0.0
0.5278558731079102
1.0894699096679688
0.0
0.0
0.0
0.0
0.0
0.0
1.7906303405761719
0.0
0.2873382568359375
0.14196205139160156
0.01779651641845703
0.009001731872558594
0.14026546478271484
1.591172218322754
0.042385101318359375
0.1566610336303711
0.9775218963623047
0.014127731323242188
0.04044914245605469
0.8830318450927734
1.550337791442871
0.9627161026000977
0.0
0.0
0.0
0.0
0.0
0.0
0.0
0.0
0.012477874755859375
0.006237030029296875
0.13309669494628906
0.16475296020507812
0.08381366729736328
0.1792278289794922
0.09850120544433594
0.7299127578735352
3.2113218307495117
3.6440658569335938
3.5099716186523438
4.983549118041992
5.583958625793457
4.669393539428711
2.811443328857422
0.5223293304443359
4.648387908935547
4.799863815307617
3.6050262451171875
6.46522331237793
6.935879707336426
6.298539161682129
2.4627552032470703
4.725438117980957
4.776500701904297
6.810680389404297
7.8704833984375
6.185732841491699
4.521995544433594
4.813904762268066
3.9714908599853516
4.649630546569824
4.8341474533081055
3.6855039596557617
4.522211074829102
4.97976016998291
6.328185081481934
5.94624137878418
5.058403015136719
5.704856872558594
3.579610824584961
3.1863107681274414
3.959857940673828
3.7008514404296875
4.3357648849487305
4.030172348022461
5.28516960144043
6.383781433105469
7.576200485229492
8.852463722229004
10.279794692993164
4.409945487976074
7.1561384201049805
8.139045715332031
7.384756088256836
7.177508354187012
8.685914039611816
7.143485069274902
8.972284317016602
10.054401397705078
8.5401611328125
9.250741958618164
7.461109161376953
6.849630355834961
13.804698944091797
8.6791410446167
13.164395332336426
15.07394027709961
6.28511905670166
6.501716613769531
6.618696212768555
6.0664777755737305
8.513776779174805
4.924883842468262
8.032515525817871
8.99818229675293
8.09008502960205
8.209494590759277
4.81401252746582
8.068553924560547
7.930821418762207
8.829115867614746
8.948704719543457
7.409682273864746
8.585734367370605
7.588187217712402
13.548423767089844
6.621405601501465
6.741091728210449
7.090930938720703
7.940631866455078
7.746496200561523
4.8384504318237305
7.679259300231934
8.757972717285156
5.514798164367676
6.883124351501465
8.5390043258667
5.3070268630981445
8.114141464233398
8.494741439819336
6.618160247802734
12.02704906463623
5.447100639343262
4.864190101623535
6.513191223144531
7.013191223144531
9.98781681060791
8.646689414978027
9.323984146118164
8.44182014465332
4.65897274017334
9.65178108215332
7.512642860412598
6.068657875061035
6.517644882202148
7.47178840637207
5.982438087463379
7.40341854095459
7.542745590209961
6.616080284118652
6.448666572570801
7.570086479187012
7.944795608520508
9.560616493225098
9.492938041687012
6.434840202331543
7.737687110900879
4.427940368652344
7.163504600524902
6.952272415161133
6.149389266967773
4.266524314880371
4.006471633911133
10.590690612792969
8.406249046325684
6.221806526184082
5.017902374267578
5.2513275146484375
7.342452049255371
8.11978530883789
10.464518547058105
16.073974609375
11.652395248413086
10.954233169555664
13.496604919433594
8.448932647705078
12.776402473449707
15.446063041687012
6.005092620849609
7.280874252319336
6.598819732666016
3.0767593383789062
1.7783851623535156
9.736470222473145
15.39608097076416
3.624505043029785
1.849492073059082
8.55659294128418
5.499215126037598
13.534205436706543
4.506161689758301
2.4777708053588867
5.410861968994141
3.0776872634887695
3.770750045776367
13.927617073059082
7.698368072509766
13.6445951461792
11.99772834777832
6.315519332885742
9.131914138793945
4.46378231048584
1.6212005615234375
1.8069791793823242
2.0747385025024414
0.719761848449707
0.8954591751098633
0.6391305923461914
1.323847770690918
0.5152645111083984
0.4368133544921875
0.1671428680419922
0.3139200210571289
0.13201904296875
0.21394920349121094
0.10105609893798828
0.11707782745361328
0.11398887634277344
0.0958414077758789
0.8076066970825195
0.5729579925537109
0.100738525390625
0.13521957397460938
0.11872577667236328
1.3970279693603516
1.3371391296386719
0.6614360809326172
0.6477212905883789
0.15559101104736328
0.12099170684814453
1.5774259567260742
0.1527233123779297
0.13725757598876953
0.6837396621704102
0.11759281158447266
1.7578182220458984
3.875730514526367
1.4563732147216797
1.198348045349121
0.9403238296508789
0.8672990798950195
0.2852945327758789
0.1775951385498047
0.08822822570800781
0.09935760498046875
0.0640869140625
0.0
0.025938034057617188
0.0
0.0
0.0
0.0
0.0
0.0
0.0
0.0
0.0
0.0
0.0
0.0
0.0
0.0
0.0
0.0
0.0
0.0
0.0
0.0
0.0
0.0
0.0
0.0
0.0
0.004248619079589844
0.09042072296142578
0.2775907516479492
0.40479278564453125
1.4040279388427734
0.2692079544067383
5.4929656982421875
3.8090524673461914
3.5094900131225586
6.883822441101074
1.543355941772461
9.959681510925293
5.4121551513671875
6.192601203918457
2.603196144104004
3.9231748580932617
4.518633842468262
4.877891540527344
8.513076782226562
4.827846527099609
7.026762008666992
6.498509407043457
13.185175895690918
13.66411018371582
14.824660301208496
15.463388442993164
8.81999683380127
13.943948745727539
12.840660095214844
15.915831565856934
14.530280113220215
15.769624710083008
15.547994613647461
17.032516479492188
16.369075775146484
15.355318069458008
16.970848083496094
14.200615882873535
16.783668518066406
15.985503196716309
5.034170150756836
15.946324348449707
18.478591918945312
12.060449600219727
12.198822975158691
11.807228088378906
9.954992294311523
17.637115478515625
18.02739715576172
11.988207817077637
18.044614791870117
9.50380802154541
16.011962890625
14.430154800415039
15.291003227233887
9.80586051940918
13.057687759399414
6.584107398986816
1.6744670867919922
15.548569679260254
1.1133651733398438
2.1641759872436523
4.183559417724609
15.874789237976074
11.610824584960938
6.5358171463012695
11.809873580932617
0.8904705047607422
7.208915710449219
2.457247734069824
1.6695451736450195
11.027884483337402
0.8085460662841797
0.22372913360595703
5.981032371520996
1.4442367553710938
10.229484558105469
0.055599212646484375
9.66699504852295
1.5855932235717773
7.738946914672852
0.10268688201904297
5.028781890869141
8.171560287475586
0.08609771728515625
0.10683250427246094
16.42601203918457
5.866610527038574
13.790328979492188
9.550899505615234
0.3891305923461914
14.474435806274414
11.91085147857666
0.1508626937866211
0.2595252990722656
0.12144947052001953
12.150979042053223
15.15854263305664
19.029605865478516
0.23774051666259766
0.2244710922241211
0.19506263732910156
4.472463607788086
0.21105384826660156
0.5332326889038086
19.733295440673828
0.17409229278564453
1.8890752792358398
0.2965993881225586
2.6732301712036133
10.220357894897461
0.3106508255004883
0.7791023254394531
0.9860572814941406
6.868221282958984
0.6872568130493164
22.270519256591797
0.8029184341430664
3.501542091369629
1.0824518203735352
0.8215932846069336
4.158300399780273
0.7335100173950195
0.7847652435302734
0.9055032730102539
3.0724658966064453
4.3221893310546875
0.01270294189453125
0.0
0.0
0.0
0.0
0.0
0.0
0.0
0.0
0.0
0.0
0.00043201446533203125
0.0
0.20877933502197266
1.276261329650879
4.644227027893066
4.185619354248047
4.6316728591918945
6.071117401123047
13.08287525177002
3.43215274810791
11.358428001403809
14.31274127960205
13.317968368530273
15.037298202514648
16.90478515625
12.59044075012207
18.65435791015625
8.003654479980469
11.004036903381348
17.747879028320312
5.571283340454102
12.834127426147461
9.703725814819336
9.50784683227539
4.2398223876953125
8.976007461547852
0.054302215576171875
7.428929328918457
2.949676513671875
4.517239570617676
0.14357280731201172
0.16931724548339844
7.158411026000977
3.35739803314209
0.13384151458740234
1.218719482421875
13.688640594482422
10.278602600097656
0.4481954574584961
1.0204143524169922
0.0025157928466796875
0.0
0.0
0.0
0.0
0.0
0.0
0.059868812561035156
0.0
0.0009984970092773438
1.0076189041137695
2.219874382019043
2.8333301544189453
2.016730308532715
13.162035942077637
15.021282196044922
13.400494575500488
10.975372314453125
9.90799331665039
16.836109161376953
11.061895370483398
8.674007415771484
0.3708314895629883
0.8241558074951172
16.37450408935547
0.12756729125976562
2.325834274291992
9.737939834594727
2.0622758865356445
5.1447038650512695
0.0
0.0
0.0
0.0
0.0
0.03099822998046875
0.7615556716918945
2.354137420654297
1.4546165466308594
9.999319076538086
10.246576309204102
14.126688957214355
14.691428184509277
8.926345825195312
8.158013343811035
15.017862319946289
0.5425014495849609
10.035866737365723
0.07538414001464844
0.21419239044189453
0.1842947006225586
0.4414024353027344
13.787787437438965
0.9392471313476562
7.216730117797852
0.0
0.0336456298828125
0.0
1.6342830657958984
0.7983598709106445
15.011833190917969
10.62016773223877
12.08842945098877
14.341514587402344
12.093825340270996
11.001503944396973
0.2295703887939453
1.3568696975708008
0.0
0.0
0.0
0.0
0.05361175537109375
0.13823986053466797
1.048659324645996
15.431121826171875
10.626025199890137
13.094694137573242
6.166628837585449
8.120264053344727
0.23017215728759766
1.782271385192871
2.441690444946289
0.0
0.0
10.511215209960938
13.578156471252441
7.314184188842773
8.830987930297852
0.0
0.0
13.525753021240234
15.77955436706543
9.135309219360352
6.8556718826293945
0.09646892547607422
0.30226612091064453
0.4288606643676758
4.675518035888672
5.687685012817383
0.0
13.614639282226562
9.633045196533203
0.3230161666870117
0.8899164199829102
5.8991899490356445
0.0013685226440429688
8.913955688476562
12.864252090454102
17.041645050048828
0.6242532730102539
1.5450115203857422
7.896855354309082
7.821874618530273
0.0
8.26472282409668
7.932038307189941
1.9709558486938477
0.0
0.07768726348876953
12.132466316223145
0.0
0.0
13.31447696685791
17.70439910888672
0.0
0.0
11.48508358001709
0.0
9.798212051391602
17.308246612548828
12.955499649047852
0.0
12.076092720031738
14.407751083374023
11.552081108093262
9.602713584899902
11.507253646850586
0.0
15.436169624328613
7.548352241516113
20.142847061157227
18.606807708740234
2.912116050720215
14.7177734375
0.0
0.0
10.103413581848145
9.851439476013184
3.631821632385254
11.670720100402832
19.121225357055664
4.558509826660156
