9.876351576561311e-42
0.15783309936523438
3.1588077545166016
0.0
0.6802082061767578
0.0
1.5246868133544922
0.3540515899658203
0.15163421630859375
0.6635189056396484
0.3349781036376953
5.2574872970581055
1.8193721771240234
0.4451274871826172
0.3902912139892578
7.348775863647461
0.9499788284301758
0.11181831359863281
0.6285905838012695
0.07867813110351562
0.22304058074951172
1.4427900314331055
1.5474557876586914
0.27489662170410156
0.18930435180664062
1.0745525360107422
0.9632110595703125
0.569462776184082
0.0
0.47147274017333984
0.0
1.372218132019043
0.0
0.24890899658203125
0.0
0.0
0.0
0.0
0.6787776947021484
0.0
0.0
0.0
2.489328384399414
1.5412569046020508
0.0
4.5593976974487305
0.5519390106201172
6.395459175109863
0.5120038986206055
8.8425874710083
0.27954578399658203
0.4919767379760742
1.244664192199707
1.0575056076049805
2.4976730346679688
0.1552104949951172
0.07104873657226562
0.0
0.5121231079101562
0.0
2.933025360107422
2.2559165954589844
0.0
11.574506759643555
1.9125938415527344
0.5806684494018555
0.5779266357421875
0.25260448455810547
2.89154052734375
0.0
0.0
0.0
6.285667419433594
4.182577133178711
0.0
1.493692398071289
0.5267858505249023
0.6109476089477539
11.199474334716797
0.0
0.0
0.0
6.455063819885254
2.017378807067871
11.445760726928711
0.24402141571044922
1.217961311340332
1.0966062545776367
0.0
0.0
3.3829212188720703
1.0783672332763672
1.0561943054199219
0.0
0.11742115020751953
0.9887218475341797
1.3850927352905273
0.8318424224853516
0.0
7.808923721313477
15.258550643920898
0.8066892623901367
0.1361370086669922
0.0
5.165457725524902
2.695918083190918
0.0
0.7430315017700195
0.0
0.0
8.460283279418945
0.0
0.0
0.171661376953125
0.06270408630371094
0.0
0.0
5.319356918334961
0.0
5.332589149475098
0.30231475830078125
0.40912628173828125
0.05733966827392578
0.2529621124267578
0.14030933380126953
0.5042552947998047
0.057578086853027344
0.5877017974853516
0.38182735443115234
0.06818771362304688
0.0
1.9903182983398438
0.12576580047607422
0.17118453979492188
0.2262592315673828
0.1398324966430664
5.327582359313965
0.18990039825439453
0.10526180267333984
0.0
0.3921985626220703
0.0
0.05269050598144531
0.31244754791259766
0.1806020736694336
0.31125545501708984
0.20205974578857422
0.1531839370727539
0.4423856735229492
0.19741058349609375
0.21028518676757812
0.7164478302001953
0.8370876312255859
1.1191368103027344
1.2140274047851562
1.0654926300048828
0.6132125854492188
0.8131265640258789
0.5435943603515625
0.6984472274780273
0.5815029144287109
0.34058094024658203
0.0
0.0
0.0
0.0
0.0
0.0
15.749454498291016
0.18024444580078125
8.50820541381836
0.0
0.0
2.405405044555664
0.0
2.3653507232666016
0.42760372161865234
1.7066001892089844
1.970052719116211
0.7218122482299805
2.020597457885742
1.6020536422729492
0.0
7.459521293640137
1.734018325805664
4.057765007019043
1.7303228378295898
0.44214725494384766
8.922100067138672
7.945775985717773
1.135110855102539
5.375981330871582
5.130887031555176
4.212617874145508
1.9165277481079102
0.9263753890991211
0.0
0.0
0.0
0.0
2.5970935821533203
0.0
1.8401145935058594
3.6916732788085938
0.580906867980957
10.1776123046875
9.272336959838867
0.0
1.4232397079467773
9.142637252807617
1.6553401947021484
0.0
0.0
2.280116081237793
0.0
1.5196800231933594
16.25311279296875
0.0
3.543853759765625
1.562952995300293
3.3540725708007812
0.0
3.8356781005859375
7.159948348999023
5.498051643371582
0.0
0.4448890686035156
0.0
0.9760856628417969
0.7426738739013672
1.0846853256225586
0.29098987579345703
2.8728246688842773
1.3102293014526367
0.0
1.2061595916748047
1.0709762573242188
0.5875825881958008
1.2801885604858398
0.8137226104736328
0.13971328735351562
0.13399124145507812
0.4830360412597656
0.32258033752441406
0.0
0.37932395935058594
3.937959671020508
0.6339550018310547
0.7287263870239258
0.08857250213623047
0.1844167709350586
0.33605098724365234
0.9148120880126953
1.03759765625
1.470327377319336
0.8828639984130859
1.032710075378418
0.16427040100097656
1.4736652374267578
0.7889270782470703
2.0020008087158203
4.974365234375
3.447890281677246
4.178047180175781
0.6005764007568359
0.0705718994140625
0.0
0.0
0.0
5.859017372131348
4.573941230773926
9.473800659179688
2.9271841049194336
0.4024505615234375
0.0
0.0
1.1619329452514648
0.0
0.3339052200317383
5.134820938110352
4.120230674743652
0.0
0.0
4.148364067077637
0.0
0.922083854675293
7.127285003662109
0.37157535552978516
8.421182632446289
0.0
2.0390748977661133
7.452249526977539
0.0
1.9365549087524414
0.0
1.5573501586914062
0.0
0.0
8.248686790466309
0.7708072662353516
4.7931671142578125
0.0
1.940011978149414
0.0
6.912350654602051
0.0
0.0
5.216240882873535
1.859426498413086
0.0
3.058314323425293
2.0334720611572266
4.186272621154785
1.593947410583496
1.4182329177856445
0.0
0.0
0.49686431884765625
0.3031492233276367
2.7251243591308594
3.152608871459961
1.0645389556884766
2.199411392211914
0.3647804260253906
2.831697463989258
4.428982734680176
0.0680685043334961
5.2490234375
0.0
0.6659030914306641
0.4627704620361328
0.9189844131469727
3.258943557739258
2.857208251953125
2.6036500930786133
6.888747215270996
8.649110794067383
7.588028907775879
2.779841423034668
0.7797479629516602
2.8047561645507812
2.359747886657715
1.9655227661132812
2.479672431945801
1.7445087432861328
8.663535118103027
9.834527969360352
2.8018951416015625
9.46044921875
8.474349975585938
4.422783851623535
8.926153182983398
0.13566017150878906
10.039687156677246
6.482720375061035
4.025816917419434
4.4040679931640625
2.6657581329345703
4.05728816986084
3.2765865325927734
2.7233362197875977
2.692699432373047
1.882791519165039
3.227829933166504
2.0862817764282227
1.0689496994018555
6.661415100097656
6.154298782348633
5.009293556213379
13.55743408203125
5.5266618728637695
7.037997245788574
13.33320140838623
3.9467811584472656
4.846096038818359
2.4437904357910156
2.2667646408081055
2.580881118774414
0.8854866027832031
8.500933647155762
12.692809104919434
10.574579238891602
15.965819358825684
3.414154052734375
5.8002471923828125
8.321762084960938
4.572629928588867
8.83328914642334
3.1336545944213867
6.354331970214844
6.533980369567871
5.416274070739746
5.792140960693359
9.009480476379395
2.88546085357666
5.506753921508789
6.126165390014648
7.996678352355957
5.667686462402344
5.44285774230957
5.806088447570801
3.1932592391967773
3.821849822998047
4.387497901916504
3.1769275665283203
3.613114356994629
3.3159255981445312
2.96938419342041
3.6644935607910156
3.455042839050293
2.856016159057617
2.8678178787231445
3.5419464111328125
2.8249025344848633
2.8439760208129883
1.8856525421142578
2.506256103515625
1.4535188674926758
1.356363296508789
3.849625587463379
5.154252052307129
4.920840263366699
4.235625267028809
4.560708999633789
4.543781280517578
4.323363304138184
3.768444061279297
3.6644935607910156
3.421664237976074
3.335714340209961
2.8406381607055664
2.792835235595703
2.4815797805786133
2.018570899963379
2.0862817764282227
1.7036199569702148
1.6939640045166016
1.2054443359375
14.23656940460205
2.70235538482666
0.1773834228515625
14.583468437194824
2.14540958404541
6.4421892166137695
0.8198022842407227
0.43213367462158203
1.6797780990600586
14.324188232421875
4.183173179626465
3.0105113983154297
0.7035732269287109
0.6582736968994141
1.5592575073242188
38.835289001464844
1.9773244857788086
1.2906789779663086
24.661659240722656
0.36072731018066406
19.94287872314453
1.7813444137573242
0.5763769149780273
0.6934404373168945
0.8652210235595703
23.52941131591797
0.6805658340454102
6.37972354888916
2.5844573974609375
3.167390823364258
2.0340681076049805
2.651214599609375
1.840353012084961
0.9974241256713867
0.6511211395263672
0.8623600006103516
1.0428428649902344
1.5652179718017578
2.6410818099975586
0.3228187561035156
0.5953311920166016
0.5449056625366211
0.8451938629150391
0.6233453750610352
1.8222332000732422
0.4475116729736328
0.8767843246459961
0.6052255630493164
0.5861520767211914
0.6031990051269531
0.33676624298095703
0.7442235946655273
0.9179115295410156
0.7150173187255859
1.3279914855957031
0.2142190933227539
0.6158351898193359
0.2988576889038086
0.6604194641113281
0.23567676544189453
0.5552768707275391
0.5571842193603516
0.7022619247436523
0.41735172271728516
0.3489255905151367
2.2275447845458984
0.6926059722900391
0.22423267364501953
0.46563148498535156
0.6350278854370117
0.38182735443115234
0.5587339401245117
0.5155801773071289
0.19299983978271484
0.40435791015625
0.5394220352172852
0.6587505340576172
0.6749629974365234
0.731348991394043
1.9707679748535156
0.4401206970214844
0.6165504455566406
1.2265443801879883
0.4794597625732422
0.5407333374023438
2.136111259460449
0.5588531494140625
1.0128021240234375
0.4640817642211914
0.31316280364990234
1.8339157104492188
0.6562471389770508
0.6808042526245117
1.4417171478271484
0.5027055740356445
0.4687309265136719
0.83160400390625
0.36466121673583984
0.25391578674316406
0.7426738739013672
0.8088350296020508
0.22971630096435547
1.122593879699707
1.4913082122802734
0.8440017700195312
1.3669729232788086
0.5162954330444336
0.2435445785522461
0.08440017700195312
0.6505250930786133
1.4444589614868164
0.11849403381347656
1.5594959259033203
1.2420415878295898
1.5426874160766602
0.6721019744873047
0.516057014465332
0.4843473434448242
0.7778406143188477
0.9758472442626953
0.6128549575805664
1.6916990280151367
1.356363296508789
0.6303787231445312
0.4730224609375
0.37598609924316406
0.1430511474609375
0.3247261047363281
0.051021575927734375
0.26345252990722656
1.1055469512939453
1.5486478805541992
0.6577968597412109
0.0
1.0557174682617188
0.2257823944091797
0.27370452880859375
0.11992454528808594
0.13184547424316406
0.3368854522705078
0.0
0.0
0.5359649658203125
0.29468536376953125
0.0
0.1437664031982422
0.3955364227294922
0.7778406143188477
0.3139972686767578
0.19407272338867188
0.4889965057373047
0.3294944763183594
0.7216930389404297
0.5583763122558594
0.14257431030273438
3.1583309173583984
4.300117492675781
2.131938934326172
2.672910690307617
0.9951591491699219
0.1327991485595703
6.279349327087402
5.243182182312012
0.4203319549560547
0.0
0.06842613220214844
6.440281867980957
0.2071857452392578
3.9196014404296875
0.1800060272216797
0.2849102020263672
2.209186553955078
0.26297569274902344
0.07557868957519531
0.32210350036621094
0.3578662872314453
0.40793418884277344
0.42819976806640625
2.325296401977539
3.055572509765625
0.0
0.1590251922607422
0.4317760467529297
1.3761520385742188
0.2040863037109375
0.2269744873046875
0.0
0.6508827209472656
0.5257129669189453
0.3025531768798828
0.3509521484375
0.24580955505371094
0.06747245788574219
0.7290840148925781
2.132415771484375
2.2611618041992188
0.18072128295898438
0.7030963897705078
0.2543926239013672
0.24437904357910156
0.4649162292480469
0.2231597900390625
0.19550323486328125
1.0395050048828125
2.8276443481445312
7.120728492736816
3.2874345779418945
1.6747713088989258
2.650141716003418
1.531839370727539
0.3503561019897461
0.7394552230834961
2.3546218872070312
0.6010532379150391
1.4289617538452148
3.5997629165649414
4.214167594909668
3.575921058654785
5.361676216125488
4.182577133178711
3.7529468536376953
3.196239471435547
3.865480422973633
7.869720458984375
4.333138465881348
7.477879524230957
5.52678108215332
5.283117294311523
4.16254997253418
3.8650035858154297
3.9921998977661133
3.8384199142456055
5.748867988586426
7.096052169799805
2.9729604721069336
5.798101425170898
3.8002729415893555
2.337336540222168
3.782033920288086
3.8372278213500977
3.1338930130004883
4.5250654220581055
1.258254051208496
1.7533302307128906
2.03549861907959
3.4390687942504883
2.956271171569824
3.7511587142944336
2.962350845336914
1.3720989227294922
3.0307769775390625
1.216888427734375
3.559112548828125
1.1359453201293945
2.6712417602539062
2.854585647583008
0.4240274429321289
2.6595592498779297
0.25200843811035156
1.298666000366211
0.6929636001586914
1.6109943389892578
2.2450685501098633
2.4411678314208984
1.0737180709838867
0.8063316345214844
0.6796121597290039
0.9262561798095703
1.5082359313964844
1.5169382095336914
1.160740852355957
5.663394927978516
0.8560419082641602
1.5357732772827148
0.8121728897094727
0.7708072662353516
0.4839897155761719
0.8149147033691406
1.1583566665649414
1.2998580932617188
0.34165382385253906
0.6537437438964844
0.7203817367553711
0.8603334426879883
0.7940530776977539
1.2466907501220703
0.392913818359375
0.8317232131958008
1.0794401168823242
2.4461746215820312
0.6351470947265625
1.8233060836791992
0.6420612335205078
0.6196498870849609
1.2378692626953125
0.26917457580566406
0.8251667022705078
0.32591819763183594
0.3223419189453125
0.3235340118408203
0.4131793975830078
0.7948875427246094
0.2834796905517578
0.40221214294433594
0.22745132446289062
0.45680999755859375
1.1372566223144531
0.19121170043945312
0.8211135864257812
0.15878677368164062
0.5331039428710938
0.225067138671875
0.2696514129638672
0.6480216979980469
0.050067901611328125
0.2028942108154297
0.5097389221191406
0.28896331787109375
0.27239322662353516
0.08130073547363281
0.0
0.942230224609375
0.0
0.0
1.1072158813476562
1.1126995086669922
0.6371736526489258
0.0
0.08058547973632812
0.3845691680908203
0.9343624114990234
0.07557868957519531
0.21219253540039062
0.4513263702392578
0.5793571472167969
0.7116794586181641
0.26595592498779297
0.15807151794433594
1.0976791381835938
0.6315708160400391
0.9989738464355469
0.7898807525634766
0.31280517578125
1.3840198516845703
1.172780990600586
1.2023448944091797
0.8292198181152344
0.41604042053222656
1.0215044021606445
2.8700828552246094
4.146456718444824
4.962921142578125
1.495361328125
1.5597343444824219
2.3889541625976562
2.175450325012207
1.9729137420654297
0.7134675979614258
6.411433219909668
1.1898279190063477
1.0873079299926758
1.318216323852539
3.4846067428588867
5.086302757263184
3.2116174697875977
3.4291744232177734
3.6432743072509766
6.589770317077637
3.851771354675293
4.202604293823242
4.075527191162109
4.722714424133301
5.897641181945801
2.476334571838379
3.0881166458129883
2.0078420639038086
2.3959875106811523
1.1435747146606445
4.636526107788086
1.5490055084228516
0.7181167602539062
6.651401519775391
1.0113716125488281
1.0881423950195312
0.7579326629638672
0.5390644073486328
0.25963783264160156
0.7467269897460938
0.5831718444824219
0.8083581924438477
1.256704330444336
0.4913806915283203
0.7028579711914062
0.8630752563476562
0.3662109375
0.47588348388671875
0.08726119995117188
1.1255741119384766
0.30541419982910156
1.1305809020996094
1.2581348419189453
0.5922317504882812
0.8275508880615234
0.1456737518310547
1.2552738189697266
0.3552436828613281
0.9472370147705078
0.6170272827148438
3.9632320404052734
5.656719207763672
2.2832155227661133
3.216385841369629
4.4907331466674805
3.4525394439697266
6.443142890930176
4.139900207519531
4.958629608154297
5.048632621765137
4.173636436462402
5.201578140258789
2.874016761779785
4.112958908081055
3.503084182739258
1.3555288314819336
0.39637088775634766
2.825498580932617
6.110668182373047
0.701904296875
1.1031627655029297
0.3502368927001953
0.6780624389648438
0.24008750915527344
0.8513927459716797
0.24461746215820312
1.142740249633789
3.123760223388672
0.8599758148193359
3.7947893142700195
0.6400346755981445
1.3267993927001953
3.585338592529297
1.401066780090332
4.989027976989746
4.308104515075684
4.91023063659668
3.5887956619262695
4.172205924987793
2.9556751251220703
0.918269157409668
2.255558967590332
0.7404088973999023
1.907944679260254
1.2907981872558594
0.7232427597045898
1.1038780212402344
0.9677410125732422
0.09632110595703125
0.6122589111328125
1.1909008026123047
0.141143798828125
0.9710788726806641
0.4699230194091797
2.7539730072021484
0.5915164947509766
3.8570165634155273
4.444599151611328
4.619240760803223
3.6600828170776367
4.176020622253418
0.5654096603393555
2.0455121994018555
2.4307966232299805
0.8184909820556641
2.826690673828125
0.22172927856445312
0.09083747863769531
1.9881725311279297
1.607656478881836
3.863811492919922
3.7009716033935547
3.3692121505737305
4.652857780456543
5.701303482055664
4.46009635925293
0.49686431884765625
2.682924270629883
1.8509626388549805
8.305549621582031
0.6413459777832031
0.93841552734375
1.864790916442871
3.811359405517578
4.209280014038086
3.620147705078125
2.8841495513916016
2.2548437118530273
0.5593299865722656
0.4315376281738281
4.5174360275268555
3.9843320846557617
0.2892017364501953
2.0426511764526367
0.2834796905517578
0.072479248046875
0.5447864532470703
1.1332035064697266
0.9522438049316406
1.4078617095947266
1.313924789428711
2.2960901260375977
0.7290840148925781
0.30303001403808594
0.8437633514404297
1.073598861694336
0.9665489196777344
4.067063331604004
2.9430389404296875
0.5381107330322266
1.2710094451904297
1.8701553344726562
1.3041496276855469
1.1310577392578125
0.7631778717041016
2.759695053100586
0.5397796630859375
0.11682510375976562
2.7341842651367188
0.6096363067626953
4.04512882232666
0.645756721496582
0.9926557540893555
5.467534065246582
0.27298927307128906
0.9672641754150391
0.855565071105957
0.3980398178100586
0.48613548278808594
0.35393238067626953
3.161907196044922
0.45990943908691406
2.1920204162597656
0.11610984802246094
2.0099878311157227
0.6046295166015625
0.7277727127075195
0.35190582275390625
0.9598731994628906
1.5641450881958008
1.3616085052490234
0.5877017974853516
0.6260871887207031
1.1854171752929688
2.448916435241699
0.9577274322509766
1.0561943054199219
4.384160041809082
0.9548664093017578
0.232696533203125
0.7712841033935547
0.0
0.44918060302734375
0.7185935974121094
