9.876351576561311e-42
7.19296932220459
10.204911231994629
2.3859739303588867
8.759498596191406
7.0664286613464355
11.393964767456055
8.280813217163086
8.211671829223633
6.6051483154296875
10.025918960571289
14.02139663696289
9.350180625915527
15.98978042602539
14.732837677001953
10.470986366271973
1.7657279968261719
4.874587059020996
7.42948055267334
2.3723840713500977
20.215152740478516
4.762887954711914
15.166878700256348
3.609180450439453
1.4799237251281738
2.1715164184570312
4.518747329711914
2.8843283653259277
5.019903182983398
0.6957054138183594
4.8632025718688965
1.9489526748657227
1.9128918647766113
6.3239336013793945
5.2356719970703125
3.696620464324951
4.624783992767334
4.457235336303711
0.087738037109375
5.836188793182373
2.8693675994873047
4.6904683113098145
5.161285400390625
7.425069808959961
4.866421222686768
9.033679962158203
7.767796516418457
8.764923095703125
16.81971549987793
14.248907089233398
9.401917457580566
10.077953338623047
8.965373039245605
5.00035285949707
20.767927169799805
23.645936965942383
0.6417632102966309
5.45811653137207
0.8451938629150391
2.9670000076293945
6.518125534057617
3.884553909301758
5.8571696281433105
14.840006828308105
7.664620876312256
21.338104248046875
3.53395938873291
8.127630233764648
16.234756469726562
9.298622131347656
2.754330635070801
2.8708577156066895
7.004916667938232
9.858131408691406
9.054363250732422
6.9789886474609375
14.907598495483398
2.3338794708251953
9.227633476257324
10.310470581054688
3.832399845123291
2.6355385780334473
7.505595684051514
4.43720817565918
14.134049415588379
12.272000312805176
1.6405582427978516
2.7738213539123535
10.874568939208984
5.874931812286377
12.092292785644531
10.692596435546875
3.4312009811401367
15.178382873535156
1.7822980880737305
12.731134414672852
1.2682676315307617
1.0415315628051758
4.127204418182373
9.13381576538086
9.79769229888916
0.8124113082885742
0.9413957595825195
1.4317035675048828
9.944974899291992
10.230123519897461
4.763007164001465
0.5537271499633789
5.145013332366943
1.3667941093444824
13.256311416625977
12.145816802978516
3.3304691314697266
2.045154571533203
12.035787582397461
2.209007740020752
7.247805595397949
12.575626373291016
4.812717437744141
11.553168296813965
15.284717559814453
4.338681697845459
3.085911273956299
5.5612921714782715
2.974212169647217
19.812583923339844
4.58139181137085
22.678970336914062
0.6819963455200195
6.202995777130127
9.812891006469727
11.370479583740234
7.662951946258545
8.941888809204102
10.719537734985352
24.994314193725586
15.050411224365234
11.43389892578125
9.604513168334961
3.3417344093322754
6.60550594329834
6.165742874145508
5.239009857177734
8.591294288635254
12.225508689880371
16.31981086730957
24.41549301147461
27.90796661376953
25.219202041625977
27.565837860107422
18.867374420166016
20.694732666015625
10.033726692199707
3.351449966430664
2.426624298095703
1.4462471008300781
0.6136894226074219
0.6138086318969727
0.6064176559448242
0.19407272338867188
0.06949901580810547
0.10943412780761719
2.6607513427734375
0.4825592041015625
3.7641525268554688
5.85627555847168
0.0
4.49824333190918
3.6094188690185547
3.1078457832336426
5.734920501708984
3.9066076278686523
5.7430267333984375
3.715991973876953
2.0362138748168945
6.350874900817871
4.064321517944336
7.981657981872559
5.815386772155762
6.166219711303711
7.66754150390625
11.583447456359863
3.9637088775634766
15.907943725585938
7.922649383544922
25.838851928710938
16.317903518676758
1.0427236557006836
11.988580703735352
8.47369384765625
9.92327880859375
16.56287956237793
17.07422637939453
7.493913173675537
6.610631942749023
5.752444267272949
0.9815692901611328
2.053976058959961
2.694368362426758
5.005002021789551
4.557490348815918
1.5561580657958984
1.056671142578125
1.528620719909668
4.016637802124023
12.723207473754883
11.563420295715332
2.2028684616088867
6.600618362426758
12.339056015014648
19.11395835876465
0.42057037353515625
3.665447235107422
1.3386011123657227
4.274725914001465
9.89842414855957
10.806679725646973
0.44274330139160156
6.524205207824707
9.29713249206543
2.079606056213379
0.48828125
1.8057823181152344
13.318002700805664
6.240248680114746
0.3895759582519531
3.614187240600586
1.5201568603515625
1.1833906173706055
3.6466121673583984
3.828763961791992
4.93466854095459
4.572033882141113
5.208730697631836
0.5583763122558594
6.487011909484863
7.781505584716797
5.2748918533325195
4.503369331359863
4.628658294677734
0.5521774291992188
1.0665655136108398
7.5283050537109375
3.345608711242676
0.12409687042236328
1.9826889038085938
6.003737449645996
8.389115333557129
1.112818717956543
1.770615577697754
4.470705986022949
9.456634521484375
3.6487579345703125
3.290891647338867
2.807021141052246
0.18978118896484375
4.314303398132324
2.757430076599121
10.061502456665039
3.240346908569336
5.625009536743164
5.596637725830078
8.364081382751465
7.770180702209473
6.334900856018066
1.4024972915649414
3.3353567123413086
4.487514495849609
7.175326347351074
0.1366138458251953
1.1931657791137695
1.6334056854248047
0.2079010009765625
1.1969804763793945
6.1217546463012695
3.7364959716796875
2.2144317626953125
3.227114677429199
1.1317729949951172
0.0
0.6685256958007812
0.8704662322998047
1.8618106842041016
0.23102760314941406
0.8487701416015625
12.580037117004395
7.2623491287231445
0.09560585021972656
2.1327733993530273
1.3393163681030273
1.5461444854736328
1.7027854919433594
5.678534507751465
0.2238750457763672
1.160740852355957
0.4830360412597656
3.346085548400879
0.0
8.76319408416748
5.33139705657959
2.346515655517578
5.395174026489258
0.49805641174316406
0.0
5.996823310852051
6.229519844055176
0.36072731018066406
5.069494247436523
0.5164146423339844
0.1785755157470703
9.022235870361328
0.5261898040771484
4.7501325607299805
4.615545272827148
0.5590915679931641
0.0
5.136966705322266
0.9088516235351562
0.9255409240722656
3.1058788299560547
0.7946491241455078
1.832723617553711
5.645036697387695
0.8745193481445312
1.3949871063232422
0.0
0.07748603820800781
0.37860870361328125
0.06389617919921875
0.5230903625488281
4.13203239440918
0.4292726516723633
0.6923675537109375
0.476837158203125
0.6897449493408203
6.378293037414551
5.77390193939209
1.0968446731567383
0.09751319885253906
1.5828609466552734
0.08416175842285156
0.1347064971923828
1.127481460571289
0.0
0.0
1.0573863983154297
1.0356903076171875
0.0
0.0
0.0
0.0
0.5931854248046875
0.0
0.507354736328125
0.7455348968505859
6.463170051574707
1.383662223815918
19.462703704833984
0.8432865142822266
10.840654373168945
8.316874504089355
11.82866096496582
7.129192352294922
0.6326436996459961
1.2090206146240234
0.9092092514038086
0.0
0.0
0.0
2.3322105407714844
1.7130374908447266
2.5510787963867188
2.049088478088379
1.0061264038085938
0.3139972686767578
10.746002197265625
5.940675735473633
1.5681982040405273
0.90789794921875
0.0
1.73187255859375
2.6912689208984375
5.537986755371094
0.3676414489746094
0.0
0.0
9.361028671264648
6.369113922119141
18.51117706298828
0.0
0.0
7.17616081237793
0.0
0.499725341796875
18.857120513916016
0.2491474151611328
0.9560585021972656
0.5319118499755859
2.482771873474121
3.1752586364746094
1.8742084503173828
20.702362060546875
11.086106300354004
11.488914489746094
17.80104637145996
1.661539077758789
3.8635730743408203
8.611440658569336
19.900440216064453
2.6443004608154297
7.030963897705078
14.504194259643555
4.853725433349609
4.181027412414551
10.968685150146484
6.406307220458984
5.888104438781738
0.37097930908203125
0.0
0.0
0.0
0.0
0.4818439483642578
0.3337860107421875
0.13375282287597656
0.8870363235473633
1.15203857421875
1.3710260391235352
1.2072324752807617
1.063704490661621
1.354217529296875
2.201199531555176
5.317091941833496
3.3235549926757812
2.5758743286132812
1.5980005264282227
1.8301010131835938
3.093838691711426
2.616405487060547
1.3544559478759766
9.465336799621582
14.313817024230957
9.428977966308594
8.06427001953125
4.89354133605957
1.6405582427978516
2.5087594985961914
3.7516355514526367
13.732314109802246
4.350423812866211
2.476930618286133
2.6235580444335938
2.306342124938965
6.712675094604492
14.099597930908203
5.312681198120117
10.956645011901855
2.9358863830566406
3.8062334060668945
14.757156372070312
4.866361618041992
6.265401840209961
5.733489990234375
4.294157028198242
0.9553432464599609
14.932990074157715
24.084449768066406
20.56777572631836
17.103553771972656
17.911792755126953
6.896018981933594
2.511262893676758
2.8482675552368164
2.2803544998168945
2.528667449951172
1.6474723815917969
0.24020671844482422
0.051975250244140625
1.333475112915039
1.9614696502685547
9.966850280761719
4.707217216491699
1.206517219543457
1.5511512756347656
0.17511844635009766
1.4530420303344727
2.4710893630981445
5.567789077758789
2.892136573791504
1.2320280075073242
1.063227653503418
2.6476383209228516
2.637147903442383
1.1904239654541016
4.006862640380859
3.018498420715332
1.6516447067260742
2.0847320556640625
0.21779537200927734
2.203702926635742
0.7857084274291992
1.2505054473876953
0.0
0.5156993865966797
4.225730895996094
0.8194446563720703
2.4514198303222656
2.9709339141845703
4.4918060302734375
2.066969871520996
4.375815391540527
2.750396728515625
1.7948150634765625
2.341628074645996
2.860903739929199
1.1343955993652344
3.780841827392578
1.7812252044677734
1.5915632247924805
0.24950504302978516
5.622386932373047
2.891063690185547
1.975417137145996
1.8537044525146484
0.335693359375
5.244731903076172
1.7679929733276367
1.083970069885254
4.018068313598633
3.0498504638671875
0.9725093841552734
1.9513368606567383
0.0
2.575039863586426
1.448988914489746
1.4342069625854492
1.1546611785888672
1.3159513473510742
3.916144371032715
1.529693603515625
3.110051155090332
0.4570484161376953
4.100203514099121
2.427339553833008
2.8225183486938477
3.3742189407348633
0.6575584411621094
2.0099878311157227
0.17130374908447266
0.5443096160888672
4.881501197814941
0.6965398788452148
3.0776262283325195
1.6574859619140625
2.918124198913574
3.1015872955322266
5.045890808105469
6.896018981933594
2.353072166442871
3.1207799911499023
0.8057355880737305
0.42939186096191406
0.16582012176513672
1.1887550354003906
0.748753547668457
2.075076103210449
1.932382583618164
0.4334449768066406
0.0
0.0
0.14388561248779297
0.6282329559326172
2.365231513977051
0.38826465606689453
0.05269050598144531
0.32806396484375
0.12612342834472656
1.7009973526000977
5.24139404296875
2.061605453491211
0.5625486373901367
0.5761384963989258
4.338741302490234
2.2504329681396484
0.2627372741699219
0.148773193359375
0.4696846008300781
3.2078027725219727
1.0890960693359375
0.5079507827758789
0.0
3.2835006713867188
1.8277168273925781
2.9850006103515625
1.3606548309326172
2.181410789489746
1.0358095169067383
0.0
3.6362409591674805
0.26798248291015625
2.942800521850586
0.8976459503173828
4.587888717651367
6.653428077697754
1.3734102249145508
4.739999771118164
2.4535655975341797
6.530046463012695
2.590656280517578
0.6568431854248047
5.7659149169921875
5.571842193603516
5.719423294067383
2.846837043762207
2.7475357055664062
3.461480140686035
0.8215904235839844
1.802682876586914
6.803989410400391
2.0890235900878906
2.3440122604370117
0.7295608520507812
5.216360092163086
3.839731216430664
5.0400495529174805
4.0291547775268555
0.4311800003051758
1.8804073333740234
2.2193193435668945
2.099752426147461
2.001523971557617
0.11229515075683594
0.39577484130859375
0.11515617370605469
0.0
1.667022705078125
0.5176067352294922
0.9064674377441406
1.6412734985351562
1.1572837829589844
1.6193389892578125
0.9319782257080078
5.200624465942383
10.497212409973145
6.299495697021484
10.535836219787598
9.668827056884766
3.6116838455200195
0.6012916564941406
0.49996376037597656
0.2897977828979492
0.30422210693359375
0.9214878082275391
0.3070831298828125
0.4220008850097656
0.156402587890625
0.17368793487548828
0.3180503845214844
0.4153251647949219
0.6053447723388672
0.35774707794189453
2.2840499877929688
0.0
1.6378164291381836
0.3712177276611328
0.08916854858398438
0.2987384796142578
0.18799304962158203
0.09047985076904297
0.17905235290527344
0.20575523376464844
0.39565563201904297
0.0
0.4894733428955078
0.0
0.11789798736572266
0.0
0.0
0.0
0.0890493392944336
0.0
0.0
0.0
1.8913745880126953
0.6325244903564453
3.3663511276245117
1.245260238647461
0.0
2.559542655944824
0.0
0.49674510955810547
0.0
3.5686492919921875
0.8126497268676758
0.07796287536621094
0.5124807357788086
0.6849765777587891
0.5789995193481445
0.46432018280029297
0.19884109497070312
2.7093887329101562
5.639553070068359
2.3773908615112305
0.9226799011230469
0.36466121673583984
0.10442733764648438
0.6532669067382812
2.124667167663574
3.266572952270508
0.8683204650878906
0.2276897430419922
2.0635128021240234
1.2271404266357422
2.5936365127563477
0.8115768432617188
1.1497735977172852
1.5255212783813477
2.1876096725463867
0.6426572799682617
2.6531219482421875
1.5742778778076172
0.22602081298828125
0.46813488006591797
0.0
0.9229183197021484
0.6051063537597656
0.6806850433349609
2.470254898071289
0.5594491958618164
0.6231069564819336
0.5136728286743164
0.5970001220703125
0.13685226440429688
0.08189678192138672
0.0
0.4620552062988281
1.3734102249145508
0.5772113800048828
1.3992786407470703
0.17142295837402344
1.574397087097168
0.8480548858642578
0.8687973022460938
0.958561897277832
0.37550926208496094
1.196742057800293
2.2058486938476562
0.3350973129272461
0.1558065414428711
1.8324851989746094
1.9145011901855469
0.06687641143798828
0.9927749633789062
2.4971961975097656
6.670713424682617
0.5991458892822266
2.286672592163086
2.373814582824707
2.6733875274658203
1.743912696838379
0.05638599395751953
0.5334615707397461
5.715847015380859
2.748847007751465
5.770444869995117
0.5748271942138672
0.06985664367675781
0.667572021484375
3.1976699829101562
2.400040626525879
1.217961311340332
1.531839370727539
0.6506443023681641
0.5540847778320312
3.9107799530029297
0.9620189666748047
0.8722543716430664
0.4788637161254883
0.5608797073364258
1.2137889862060547
0.12874603271484375
0.5017518997192383
0.8211135864257812
1.0987520217895508
0.40662288665771484
0.0
1.1284351348876953
1.1273622512817383
1.0875463485717773
1.9941329956054688
0.6088018417358398
0.9478330612182617
0.635981559753418
0.7877349853515625
0.8982419967651367
0.7327795028686523
8.357524871826172
0.3204345703125
0.635981559753418
0.5278587341308594
0.15866756439208984
0.2523660659790039
0.31065940856933594
0.09560585021972656
0.0
0.4775524139404297
0.06949901580810547
0.10097026824951172
0.18465518951416016
0.07975101470947266
0.14853477478027344
0.11026859283447266
0.0
0.0
0.34332275390625
0.0
2.82442569732666
0.0
0.0
0.6731748580932617
0.19025802612304688
2.010226249694824
0.15103816986083984
1.324772834777832
0.8003711700439453
0.5606412887573242
0.8317232131958008
1.2540817260742188
0.6737709045410156
0.08404254913330078
0.07641315460205078
0.21076202392578125
0.14352798461914062
2.970457077026367
0.7368326187133789
0.06604194641113281
0.31006336212158203
1.6936063766479492
4.835605621337891
3.147006034851074
3.8290023803710938
0.4794597625732422
0.34356117248535156
0.3635883331298828
0.12922286987304688
0.6061792373657227
2.5554895401000977
9.300470352172852
0.3228187561035156
0.37598609924316406
0.18322467803955078
0.11110305786132812
0.1976490020751953
0.6450414657592773
0.08296966552734375
0.8515119552612305
0.2919435501098633
0.16582012176513672
0.5128383636474609
0.1430511474609375
2.1234750747680664
0.0
0.07092952728271484
3.6325454711914062
0.9981393814086914
0.18978118896484375
1.141667366027832
0.41806697845458984
0.6248950958251953
0.6949901580810547
0.12373924255371094
3.863811492919922
4.722952842712402
6.033182144165039
0.4175901412963867
1.8213987350463867
0.3848075866699219
5.467653274536133
0.29408931732177734
0.15473365783691406
0.48291683197021484
0.08356571197509766
0.5266666412353516
0.0
0.07176399230957031
0.5043745040893555
0.0
0.1016855239868164
0.0
3.0090808868408203
0.5511045455932617
0.35774707794189453
1.280069351196289
0.30434131622314453
0.08189678192138672
4.604220390319824
3.654956817626953
0.5812644958496094
0.41091442108154297
0.3184080123901367
0.9886026382446289
0.766754150390625
0.5815029144287109
0.0
0.44167041778564453
0.0
0.15592575073242188
0.06198883056640625
0.0
2.4862289428710938
0.16045570373535156
0.6247758865356445
1.2159347534179688
0.7911920547485352
1.8405914306640625
4.194021224975586
0.21195411682128906
0.2827644348144531
0.17142295837402344
0.3427267074584961
0.17464160919189453
0.4324913024902344
0.2855062484741211
3.1707286834716797
0.053048133850097656
2.8769969940185547
0.6564855575561523
0.3243684768676758
1.5729665756225586
0.9206533432006836
0.30601024627685547
0.26416778564453125
3.414034843444824
0.11527538299560547
0.7420778274536133
0.49996376037597656
0.13065338134765625
0.27489662170410156
0.5064010620117188
0.5623102188110352
0.7500648498535156
1.9221305847167969
0.7162094116210938
1.2346506118774414
0.8810758590698242
1.3818740844726562
0.8271932601928711
5.594015121459961
0.15687942504882812
0.16248226165771484
2.191901206970215
1.6847848892211914
1.2295246124267578
0.26106834411621094
3.5752058029174805
0.6033182144165039
1.0480880737304688
0.7709264755249023
5.620241165161133
1.7682313919067383
0.41103363037109375
7.018446922302246
0.1583099365234375
1.2743473052978516
2.426624298095703
7.208347320556641
0.0
0.548243522644043
5.143880844116211
0.1971721649169922
0.9121894836425781
1.1606216430664062
3.0684471130371094
3.3087730407714844
0.2938508987426758
1.302957534790039
0.6732940673828125
0.7228851318359375
1.7467737197875977
0.3688335418701172
0.3012418746948242
0.20933151245117188
0.6684064865112305
0.1474618911743164
0.3724098205566406
0.3592967987060547
0.9877681732177734
0.5036592483520508
0.0
0.8389949798583984
2.313971519470215
0.6067752838134766
0.07677078247070312
0.09691715240478516
0.4105567932128906
0.12791156768798828
0.22482872009277344
2.007722854614258
0.16868114471435547
0.21648406982421875
