9.876351576561311e-42
5.115562438964844
5.865528106689453
15.913818359375
12.881158828735352
13.827259063720703
23.45086097717285
22.864500045776367
18.765254974365234
20.13076400756836
13.422168731689453
28.20265007019043
37.83478927612305
25.090131759643555
20.47728729248047
23.733600616455078
30.203964233398438
13.61067008972168
37.68210983276367
1.663167953491211
2.9424095153808594
25.132469177246094
4.640560150146484
1.4026317596435547
3.4727916717529297
15.814510345458984
24.101722717285156
0.7759208679199219
3.7465476989746094
12.650005340576172
2.932188034057617
15.568143844604492
4.769886016845703
7.939548492431641
6.236013412475586
5.245899200439453
11.689310073852539
11.105934143066406
15.798986434936523
10.174495697021484
8.590250015258789
14.012237548828125
7.37818717956543
5.131931304931641
14.870513916015625
11.424934387207031
27.502199172973633
25.25177001953125
21.745342254638672
16.347604751586914
26.754667282104492
46.134979248046875
23.438928604125977
29.413619995117188
5.254571914672852
6.188392639160156
1.1188087463378906
3.9254932403564453
15.368383407592773
3.0125503540039062
7.919921875
8.785074234008789
16.623403549194336
32.412349700927734
9.026939392089844
30.495328903198242
38.69408416748047
19.19524574279785
2.512693405151367
1.8504257202148438
5.706216812133789
15.825809478759766
9.640811920166016
16.346227645874023
20.037216186523438
33.69660949707031
38.31496047973633
35.77852249145508
3.622762680053711
1.8505001068115234
7.26917839050293
15.415210723876953
19.838457107543945
19.010461807250977
38.52848815917969
29.231334686279297
19.116544723510742
20.897205352783203
2.9350624084472656
7.688409805297852
22.387332916259766
26.34691619873047
29.22924041748047
2.265634536743164
13.398794174194336
22.4677791595459
17.197650909423828
13.087949752807617
7.074432373046875
22.538333892822266
11.920799255371094
13.985519409179688
10.847137451171875
5.430498123168945
24.439409255981445
25.12133026123047
6.791984558105469
12.115152359008789
3.1638927459716797
8.907766342163086
27.66982078552246
23.697620391845703
13.411842346191406
12.301177978515625
21.468400955200195
3.090085983276367
2.53912353515625
29.829164505004883
1.9003562927246094
36.93180465698242
14.597635269165039
1.1035537719726562
8.279500961303711
1.6560478210449219
10.95186996459961
14.31045150756836
5.196346282958984
17.361082077026367
12.500692367553711
6.467144012451172
1.850576400756836
35.314247131347656
2.7459640502929688
6.700250625610352
11.823968887329102
10.404048919677734
38.1816291809082
14.622772216796875
10.050527572631836
3.7824134826660156
14.283727645874023
3.6045284271240234
11.399883270263672
8.77891731262207
6.1580810546875
8.61306381225586
10.393013000488281
12.35725212097168
11.686223983764648
14.523651123046875
20.78097915649414
11.066621780395508
20.147706985473633
23.615966796875
16.616558074951172
12.758594512939453
11.630800247192383
10.150676727294922
12.085882186889648
16.13784408569336
13.494205474853516
12.785266876220703
17.18739128112793
8.81475830078125
26.716636657714844
6.596574783325195
21.391809463500977
10.239692687988281
9.107641220092773
19.25680923461914
13.066303253173828
18.911314010620117
34.25361251831055
40.69158172607422
50.09214782714844
46.46354293823242
42.685028076171875
48.7187614440918
55.526023864746094
62.265708923339844
32.415611267089844
60.639625549316406
42.987770080566406
31.73617935180664
7.98320198059082
17.08623695373535
15.976285934448242
17.044164657592773
16.20654296875
16.62534523010254
3.4275360107421875
3.811138153076172
4.038867950439453
4.145393371582031
4.732089996337891
4.99757194519043
13.858549118041992
7.151578903198242
31.156269073486328
9.673673629760742
12.06881332397461
31.425569534301758
36.94253158569336
56.70059585571289
61.10826873779297
63.241188049316406
65.59274291992188
30.992795944213867
50.31861877441406
37.217567443847656
44.906089782714844
11.705501556396484
33.468963623046875
75.78192138671875
43.25910186767578
48.78729248046875
14.06389045715332
26.447669982910156
42.805511474609375
24.151992797851562
42.69922637939453
14.50253677368164
53.195926666259766
4.863212585449219
16.366788864135742
23.238622665405273
68.29618072509766
10.549524307250977
30.019245147705078
71.00306701660156
4.864833831787109
13.024808883666992
13.934408187866211
15.593772888183594
25.166584014892578
17.39159393310547
5.5842742919921875
22.251222610473633
58.507408142089844
6.036642074584961
5.297565460205078
31.20121192932129
4.668216705322266
23.467998504638672
6.019437789916992
34.47990036010742
6.683139801025391
36.88671112060547
75.10272216796875
64.4578628540039
54.21894836425781
62.283546447753906
66.72987365722656
63.538482666015625
46.9830436706543
20.346343994140625
9.190019607543945
7.927650451660156
34.486637115478516
30.250930786132812
47.54583740234375
53.028873443603516
42.47137451171875
41.200531005859375
33.441864013671875
17.152313232421875
9.743310928344727
11.48797607421875
19.04065704345703
24.842870712280273
35.79173278808594
29.2176513671875
36.422183990478516
38.34569549560547
9.023775100708008
9.525915145874023
8.33381462097168
16.976844787597656
20.73788070678711
47.14002227783203
53.800575256347656
13.86070442199707
31.560565948486328
65.2279052734375
32.32951736450195
42.95951843261719
56.4890251159668
29.75958824157715
48.959983825683594
30.274944305419922
39.602203369140625
36.448875427246094
10.71794319152832
32.565589904785156
12.24874496459961
60.46046447753906
44.05042266845703
20.9998836517334
58.09587097167969
38.15382766723633
40.84304428100586
8.487085342407227
33.3917236328125
5.93359375
66.95765686035156
9.001781463623047
7.374086380004883
59.13197326660156
44.83483123779297
10.319761276245117
52.9589958190918
40.06080627441406
54.525943756103516
8.979801177978516
37.362125396728516
6.778806686401367
9.628482818603516
7.520496368408203
12.617568969726562
18.13616943359375
32.95946502685547
14.930347442626953
21.365095138549805
22.12166976928711
27.163665771484375
28.556371688842773
24.632413864135742
33.39663314819336
32.390045166015625
32.21718215942383
36.63816833496094
39.44743347167969
41.68648147583008
40.041446685791016
38.39624786376953
42.084007263183594
41.41358184814453
50.97745132446289
46.5599365234375
37.413124084472656
30.44189453125
24.245471954345703
19.67770767211914
13.15974235534668
12.048049926757812
28.921630859375
19.577423095703125
8.620281219482422
10.09261703491211
13.438911437988281
19.600025177001953
58.422061920166016
54.7296257019043
51.61554718017578
23.667566299438477
45.1419792175293
31.485347747802734
78.88534545898438
20.40690803527832
69.8640365600586
67.42097473144531
69.55107879638672
55.65421676635742
26.967649459838867
23.800020217895508
35.378326416015625
15.764713287353516
22.212926864624023
5.158321380615234
61.25171661376953
36.03487777709961
48.98209762573242
66.9442138671875
29.67066764831543
24.642879486083984
73.28197479248047
50.316162109375
28.80206298828125
31.179384231567383
6.824653625488281
67.8998794555664
54.6028938293457
74.08308410644531
27.77387237548828
4.530485153198242
18.69034767150879
61.64618682861328
70.60867309570312
75.24271392822266
9.37693977355957
37.422454833984375
66.12765502929688
8.884410858154297
43.44648742675781
76.79082489013672
17.016429901123047
27.085481643676758
28.229448318481445
32.2331657409668
38.574607849121094
39.38771057128906
74.6965103149414
51.53495788574219
58.59442901611328
79.03877258300781
38.20630645751953
52.99376678466797
68.71041870117188
72.25205993652344
43.229530334472656
58.29148864746094
72.7669906616211
53.9494514465332
38.23468780517578
68.486083984375
52.985321044921875
43.919677734375
17.481904983520508
12.142288208007812
12.396488189697266
11.641572952270508
11.612092971801758
14.697723388671875
18.741317749023438
15.544685363769531
16.5488224029541
20.47255516052246
20.770977020263672
28.720895767211914
33.89542007446289
29.62164878845215
33.577049255371094
31.240833282470703
29.015735626220703
32.223628997802734
33.80105972290039
33.54443359375
28.028812408447266
57.8748779296875
45.941097259521484
6.041767120361328
27.758533477783203
28.176563262939453
18.79937171936035
27.154996871948242
14.203117370605469
31.939720153808594
37.4377555847168
38.61643600463867
21.152835845947266
18.627628326416016
14.592077255249023
25.815229415893555
34.41648483276367
22.252094268798828
15.645830154418945
49.15977478027344
13.900218963623047
52.68566131591797
31.180044174194336
16.82756805419922
9.295671463012695
12.060956954956055
65.16120147705078
16.833505630493164
64.1036376953125
64.18385314941406
52.65038299560547
53.07645034790039
41.22859191894531
39.85106658935547
22.07557487487793
20.041227340698242
20.07988739013672
21.971315383911133
29.299345016479492
24.6240177154541
10.100317001342773
23.613218307495117
8.275032043457031
45.24772262573242
16.162397384643555
32.98923110961914
38.20606231689453
30.81007194519043
17.679607391357422
39.25238800048828
25.288352966308594
19.46036148071289
28.50286102294922
30.176040649414062
17.5554141998291
12.814199447631836
20.88477325439453
20.738832473754883
21.443159103393555
29.819414138793945
17.781526565551758
24.60036849975586
17.807621002197266
19.08397674560547
5.447456359863281
12.939046859741211
25.25160026550293
34.28740692138672
8.599517822265625
27.18427085876465
29.491058349609375
21.321447372436523
21.06654167175293
26.174989700317383
10.899381637573242
25.248323440551758
29.757808685302734
24.333816528320312
22.309471130371094
6.413440704345703
32.496971130371094
12.597728729248047
32.44539260864258
36.42193603515625
25.535112380981445
15.593353271484375
35.90971374511719
7.337795257568359
47.634239196777344
23.216886520385742
14.93442153930664
36.09029769897461
22.68021011352539
12.654695510864258
35.85102081298828
44.681007385253906
19.72951316833496
26.010112762451172
14.496517181396484
18.56934928894043
30.37103843688965
29.255115509033203
21.030712127685547
31.132644653320312
29.13014793395996
32.726348876953125
28.420787811279297
11.66431999206543
17.63819694519043
10.428400039672852
21.47780418395996
31.47198486328125
4.5306549072265625
30.65479278564453
28.036176681518555
31.690570831298828
18.8117733001709
14.245677947998047
22.001544952392578
30.860244750976562
30.08460235595703
25.86870002746582
33.73197937011719
31.656463623046875
29.58094596862793
13.416595458984375
12.439247131347656
7.382747650146484
5.591653823852539
5.017234802246094
12.795743942260742
11.414817810058594
15.342561721801758
16.206932067871094
16.263919830322266
8.93887710571289
15.09332275390625
26.054384231567383
21.448299407958984
19.823884963989258
12.374814987182617
21.306907653808594
10.383626937866211
10.893259048461914
17.14626121520996
15.978466033935547
16.842439651489258
17.447696685791016
11.366250991821289
11.701919555664062
9.328588485717773
16.22137451171875
8.513101577758789
10.850929260253906
10.326196670532227
22.1999454498291
12.371955871582031
13.076108932495117
20.740610122680664
12.581184387207031
13.188640594482422
12.002117156982422
24.021154403686523
27.939685821533203
12.36976432800293
10.222366333007812
12.062492370605469
33.49492645263672
20.09334373474121
43.24580383300781
18.801475524902344
25.5075740814209
31.717117309570312
20.647724151611328
18.15259552001953
15.251413345336914
12.289497375488281
16.434621810913086
11.296091079711914
39.0501708984375
21.82758903503418
18.012191772460938
13.483753204345703
8.465902328491211
28.285078048706055
15.694717407226562
26.28375816345215
22.140018463134766
14.1575927734375
9.359476089477539
20.99384307861328
16.695310592651367
19.32676124572754
16.490936279296875
10.253013610839844
16.551965713500977
19.967798233032227
24.47012710571289
28.972455978393555
32.54899597167969
25.39244270324707
22.648693084716797
14.956003189086914
13.089090347290039
29.687536239624023
120.65283966064453
68.48896026611328
71.85087585449219
60.1410026550293
50.12202072143555
30.59556770324707
38.05031204223633
29.786405563354492
26.81725311279297
38.005401611328125
26.58770751953125
49.88067626953125
37.601806640625
21.61817741394043
20.548948287963867
22.857994079589844
21.713041305541992
49.50328063964844
19.600812911987305
28.874439239501953
17.497276306152344
22.058086395263672
20.5262508392334
19.5007266998291
31.06683349609375
29.441143035888672
14.83247184753418
18.36079978942871
20.452125549316406
22.200414657592773
5.2507781982421875
21.351673126220703
6.348121643066406
17.136493682861328
12.209716796875
10.853219985961914
15.101966857910156
15.593143463134766
17.962997436523438
15.100776672363281
15.363367080688477
18.337745666503906
14.691932678222656
34.24946594238281
29.135940551757812
16.958913803100586
32.58118438720703
17.462125778198242
26.434955596923828
21.670011520385742
38.160003662109375
10.359846115112305
24.311918258666992
27.755664825439453
12.291084289550781
12.187660217285156
28.86083221435547
35.45206832885742
38.21025848388672
34.04296875
36.573692321777344
34.19363021850586
36.21306228637695
42.2897834777832
27.450746536254883
32.645721435546875
28.503530502319336
19.78056526184082
30.49648666381836
30.148845672607422
30.37794303894043
38.14226531982422
33.84647750854492
31.931472778320312
27.597869873046875
30.876428604125977
31.177553176879883
27.954296112060547
35.993385314941406
22.20108985900879
21.684673309326172
26.224180221557617
29.43380355834961
21.24311637878418
32.778778076171875
37.05817413330078
30.042543411254883
37.8095588684082
24.379459381103516
20.524208068847656
35.6558837890625
27.80709457397461
25.181249618530273
24.357952117919922
30.203466415405273
12.594635009765625
31.04254150390625
26.979869842529297
25.042306900024414
36.51592254638672
37.963356018066406
8.041059494018555
19.99313735961914
27.144622802734375
29.195236206054688
29.017654418945312
20.781076431274414
22.53490447998047
12.705577850341797
22.030668258666992
4.921974182128906
16.51576805114746
26.154882431030273
9.310604095458984
20.78660774230957
21.71649169921875
22.416725158691406
12.965715408325195
20.131845474243164
19.047409057617188
26.53022003173828
18.162841796875
22.011768341064453
16.028234481811523
18.547197341918945
10.2850341796875
8.729652404785156
12.518714904785156
16.21457290649414
12.459177017211914
9.067533493041992
4.503429412841797
10.551250457763672
13.95748519897461
5.495874404907227
2.643453598022461
4.505348205566406
10.20274543762207
3.4408817291259766
8.413820266723633
5.093719482421875
5.853021621704102
9.921743392944336
8.043872833251953
4.448394775390625
3.3810806274414062
2.800020217895508
2.7309703826904297
4.047138214111328
4.799219131469727
3.2927379608154297
3.359067916870117
2.8696041107177734
5.415445327758789
83.2636489868164
43.93031311035156
27.90696907043457
18.09278106689453
48.274085998535156
26.930070877075195
47.542362213134766
28.591279983520508
25.85049819946289
29.102846145629883
21.553476333618164
24.98811912536621
14.962621688842773
19.403026580810547
18.670785903930664
14.695674896240234
11.200082778930664
14.838171005249023
20.863256454467773
19.461252212524414
30.587614059448242
22.70001220703125
24.811464309692383
11.104877471923828
40.37245178222656
30.119876861572266
42.438270568847656
30.987565994262695
30.80893325805664
41.17809295654297
28.292892456054688
33.544029235839844
24.155471801757812
25.604923248291016
32.80946350097656
24.43339729309082
9.535869598388672
27.238204956054688
22.043169021606445
19.56382179260254
19.09278106689453
39.876094818115234
28.045331954956055
10.638925552368164
13.315265655517578
11.812492370605469
6.172809600830078
15.40655517578125
10.630025863647461
9.669681549072266
3.047597885131836
91.7438735961914
44.921104431152344
48.10469055175781
26.037824630737305
38.17665100097656
24.87391471862793
19.68764305114746
17.67759132385254
17.909156799316406
16.92533302307129
14.226737976074219
6.966438293457031
10.506340026855469
25.951745986938477
25.3110408782959
29.721792221069336
33.86015319824219
12.992534637451172
33.26268768310547
30.809228897094727
21.770545959472656
17.542314529418945
28.66217803955078
28.230417251586914
11.144113540649414
35.79447937011719
12.981029510498047
10.17762565612793
2.4563140869140625
5.393928527832031
128.1143341064453
43.215354919433594
27.772871017456055
24.14667510986328
25.899354934692383
16.813217163085938
10.266923904418945
11.151763916015625
31.024770736694336
16.45572853088379
42.48783874511719
30.58279037475586
30.472612380981445
32.36729049682617
27.990928649902344
30.630895614624023
19.543930053710938
11.067768096923828
38.799861907958984
25.265491485595703
6.447702407836914
7.587505340576172
15.349992752075195
2.9600391387939453
7.918001174926758
36.12538146972656
15.493471145629883
22.127540588378906
6.5509185791015625
7.671876907348633
20.64006996154785
29.950790405273438
30.13360023498535
38.23259735107422
14.49632453918457
23.147785186767578
4.059421539306641
3.9417724609375
109.42853546142578
26.086956024169922
36.81439208984375
35.03583526611328
18.473907470703125
15.273763656616211
6.135374069213867
18.5093994140625
39.591339111328125
31.923051834106445
22.766130447387695
28.73495864868164
5.983114242553711
3.5125770568847656
2.9051990509033203
37.43074417114258
46.052146911621094
36.30433654785156
42.65071105957031
25.102622985839844
30.860013961791992
27.963909149169922
32.72108459472656
14.914312362670898
42.57628631591797
17.182361602783203
28.876211166381836
50.362098693847656
3.8365516662597656
4.144134521484375
4.205249786376953
5.004735946655273
98.98788452148438
39.235984802246094
16.390718460083008
6.119680404663086
5.908771514892578
5.181081771850586
22.055845260620117
31.84669303894043
14.762359619140625
39.584693908691406
7.046806335449219
9.07565689086914
6.653707504272461
7.704996109008789
85.69285583496094
9.634328842163086
29.634902954101562
12.311017990112305
76.69288635253906
11.735452651977539
35.45764923095703
45.17808532714844
29.12851905822754
17.687740325927734
30.04525375366211
36.979522705078125
33.724735260009766
11.36248779296875
32.86846923828125
27.081449508666992
23.72948455810547
27.772552490234375
32.43058776855469
28.642663955688477
23.217222213745117
19.613494873046875
18.339807510375977
22.7049617767334
38.23456954956055
28.289108276367188
25.98762321472168
8.553699493408203
28.590131759643555
30.870540618896484
10.506233215332031
32.13013458251953
20.486276626586914
20.285139083862305
20.04226303100586
25.02919578552246
22.066591262817383
29.119056701660156
34.30924987792969
