9.876351576561311e-42
2.5262603759765625
0.4913291931152344
1.116891860961914
0.8133678436279297
1.6288127899169922
0.20285797119140625
0.2501373291015625
0.5130863189697266
0.05133819580078125
0.5860195159912109
0.44677162170410156
0.35421180725097656
0.0068531036376953125
0.09918022155761719
1.514852523803711
0.012685775756835938
3.5932388305664062
0.15626144409179688
3.261384963989258
0.015550613403320312
0.0068950653076171875
7.06892204284668
5.5640106201171875
1.6015148162841797
0.0
0.1311664581298828
0.6958045959472656
0.7905864715576172
0.0
0.14463424682617188
0.0
1.0148067474365234
0.060512542724609375
1.7461967468261719
0.18736648559570312
0.4448699951171875
0.32537841796875
0.0
0.3220081329345703
0.16610145568847656
0.17551231384277344
2.356931686401367
0.12199211120605469
0.8718013763427734
0.27144813537597656
0.9458503723144531
0.25391578674316406
0.033447265625
0.2681102752685547
0.2763385772705078
0.0
4.530935287475586
0.14542579650878906
7.40614128112793
0.0097503662109375
0.6997756958007812
0.10980606079101562
0.0
0.16516685485839844
0.06990432739257812
0.06670379638671875
1.9039993286132812
0.8024940490722656
1.04400634765625
0.0022182464599609375
0.09776496887207031
1.3128929138183594
6.364870071411133
0.10682106018066406
0.163909912109375
0.22888755798339844
0.16617965698242188
0.07268333435058594
0.78546142578125
0.15007591247558594
0.0
0.01097869873046875
2.080648422241211
0.11420249938964844
1.4189682006835938
0.22042274475097656
0.08698081970214844
0.10433578491210938
0.8813648223876953
0.01735687255859375
0.006366729736328125
0.0
0.12486076354980469
0.8526611328125
0.16766738891601562
0.1602764129638672
0.23527145385742188
0.08206558227539062
0.20798492431640625
0.15714263916015625
0.0038318634033203125
0.0
0.43461036682128906
0.11640548706054688
2.7193851470947266
0.0
0.3156604766845703
0.2114696502685547
0.137603759765625
0.3378124237060547
4.143457412719727
0.0
0.5416584014892578
0.1926860809326172
0.2890434265136719
0.1961383819580078
1.6247615814208984
0.18216323852539062
0.09793281555175781
1.2362251281738281
0.3192291259765625
0.11835861206054688
0.2281322479248047
0.2845001220703125
0.018772125244140625
0.5374336242675781
0.12732696533203125
0.21284866333007812
0.11729240417480469
0.0058689117431640625
0.07571792602539062
0.010807037353515625
0.0
0.06480979919433594
0.07765769958496094
0.27918243408203125
0.015039443969726562
0.01213836669921875
0.00978851318359375
0.006259918212890625
0.6237831115722656
0.48519325256347656
0.1234893798828125
1.9676151275634766
0.04220008850097656
0.187255859375
0.5928554534912109
0.24065208435058594
0.09147453308105469
0.023820877075195312
0.0112457275390625
0.0041255950927734375
0.0071048736572265625
0.0050258636474609375
0.003948211669921875
0.005584716796875
0.027408599853515625
0.21539878845214844
0.0051822662353515625
0.0001430511474609375
0.0
0.0
0.0
0.0
0.0
0.0
0.032329559326171875
0.13364028930664062
0.27851104736328125
0.16833114624023438
0.44594764709472656
0.152374267578125
0.10408782958984375
0.5460014343261719
0.047695159912109375
0.3338279724121094
1.120391845703125
3.1449050903320312
0.5072593688964844
1.6804847717285156
0.16071701049804688
0.7919654846191406
0.5052909851074219
6.3816986083984375
2.0667457580566406
5.344268798828125
2.0013370513916016
0.6688976287841797
2.3957290649414062
0.9136314392089844
0.7026939392089844
0.3868904113769531
1.2436141967773438
0.32049560546875
0.2731456756591797
1.4319992065429688
0.26491355895996094
0.28330421447753906
0.23868560791015625
0.13927650451660156
0.3483848571777344
0.22735977172851562
0.198944091796875
0.1616535186767578
0.09983634948730469
1.1979427337646484
1.3408966064453125
1.0672683715820312
0.18328857421875
0.7391700744628906
2.0038299560546875
4.8831634521484375
4.489679336547852
0.3662223815917969
6.005809783935547
0.5800037384033203
2.775228500366211
0.192626953125
0.867462158203125
6.627189636230469
0.19379806518554688
1.6887683868408203
0.579071044921875
0.6048774719238281
0.5850315093994141
0.6306362152099609
0.4134635925292969
0.7166500091552734
0.06914138793945312
0.947296142578125
0.12326622009277344
0.7711086273193359
1.2826786041259766
0.26059532165527344
0.21874618530273438
0.6533775329589844
0.0811309814453125
0.38171958923339844
0.3572883605957031
0.14112472534179688
0.1679210662841797
0.22795867919921875
1.585418701171875
0.18303298950195312
0.15277099609375
0.20228195190429688
0.2243518829345703
0.12373542785644531
0.026296615600585938
0.08780860900878906
0.0841217041015625
0.7312641143798828
0.4269828796386719
4.942071914672852
0.3305683135986328
0.9150447845458984
0.4740943908691406
6.478107452392578
7.374320983886719
0.8669166564941406
0.04563140869140625
0.018001556396484375
0.0064849853515625
0.01031494140625
0.28125
0.0156097412109375
0.0066089630126953125
0.0040416717529296875
0.0025482177734375
0.008296966552734375
0.0
0.0
0.0
0.04861259460449219
0.1719226837158203
0.19106101989746094
0.15623855590820312
0.0194091796875
0.0
0.0
0.0
0.0002460479736328125
0.001163482666015625
0.6767826080322266
0.4204902648925781
0.0013332366943359375
0.00629425048828125
0.5511741638183594
0.015720367431640625
0.0520172119140625
0.049968719482421875
0.019330978393554688
0.01595306396484375
0.0030517578125
0.03162384033203125
0.30816650390625
0.0
0.013090133666992188
2.6702880859375e-05
0.19745445251464844
0.03998565673828125
0.0003719329833984375
0.13349151611328125
0.06499099731445312
0.06207275390625
0.0
0.011026382446289062
0.2917900085449219
0.18363380432128906
0.0
0.026750564575195312
0.16381454467773438
0.02442169189453125
0.000148773193359375
0.24746131896972656
0.05669403076171875
0.19443321228027344
0.0
0.1935100555419922
0.0
0.0
0.0
6.67572021484375e-05
1.9073486328125e-06
0.20398902893066406
6.29425048828125e-05
0.0
0.001064300537109375
0.0
0.2346630096435547
3.814697265625e-05
0.17777633666992188
0.004764556884765625
0.0020122528076171875
0.0083770751953125
0.11288070678710938
0.06570053100585938
0.11023139953613281
0.15256309509277344
0.10448646545410156
0.23894119262695312
0.2567577362060547
0.31685447692871094
0.08701133728027344
0.09727859497070312
0.027448654174804688
0.011449813842773438
0.0
0.00745391845703125
0.186309814453125
0.21640586853027344
0.0030384063720703125
0.1410846710205078
0.054363250732421875
0.003902435302734375
0.9295196533203125
0.08547401428222656
1.1302757263183594
0.018795013427734375
0.0
0.0
0.0
0.0
0.0
0.0
0.0
0.0
0.0
0.5043354034423828
0.0
0.0441131591796875
0.32621192932128906
0.011724472045898438
0.7387676239013672
0.0051727294921875
0.3333873748779297
0.3480396270751953
0.0
0.0
0.0
0.0
0.0
0.0
0.04021644592285156
0.6382503509521484
0.5858860015869141
0.5589256286621094
0.0
0.018520355224609375
0.17893409729003906
0.10016632080078125
0.5011177062988281
0.2218456268310547
0.016782760620117188
0.6902122497558594
0.3889617919921875
0.004547119140625
0.7131996154785156
0.009197235107421875
0.0006866455078125
0.0
0.07676315307617188
0.000667572021484375
0.0
0.024311065673828125
0.04011726379394531
0.0
0.042926788330078125
0.0
0.0
0.0
0.0
0.0017337799072265625
0.0
0.0
0.0
0.0
0.0
0.0
0.0
0.0
0.003787994384765625
0.002712249755859375
0.0
0.0
0.0
0.0
0.0
0.0
0.0
0.0
0.0
0.0
0.0
0.0
0.0
0.0
1.8373756408691406
0.06237030029296875
0.0021457672119140625
0.00763702392578125
0.0056209564208984375
0.20618629455566406
0.07090187072753906
0.4108257293701172
1.5450935363769531
0.14227294921875
0.3326416015625
0.541229248046875
0.0
0.0266571044921875
0.1660594940185547
1.0980300903320312
0.3572578430175781
0.22856712341308594
0.0
0.0080108642578125
1.875314712524414
0.045948028564453125
0.16388511657714844
1.6080684661865234
0.18595123291015625
0.4052581787109375
0.011301040649414062
0.12290191650390625
0.011537551879882812
0.00295257568359375
0.5293006896972656
0.0
0.9264488220214844
0.03938102722167969
0.5255546569824219
0.009405136108398438
0.041797637939453125
0.0015888214111328125
0.0
0.0
0.0
0.00064849853515625
0.011993408203125
0.7084121704101562
0.09234619140625
0.5102901458740234
0.0009613037109375
1.5862407684326172
0.07669258117675781
2.079254150390625
4.970222473144531
0.11110877990722656
0.0007877349853515625
4.002492904663086
0.0003337860107421875
0.0028133392333984375
0.16280555725097656
0.42061424255371094
0.04697608947753906
0.03788185119628906
0.0
0.0006504058837890625
0.0
0.06466865539550781
0.0
0.9144821166992188
0.0072803497314453125
0.0153961181640625
0.0
0.19960403442382812
1.7687301635742188
0.644378662109375
0.000278472900390625
0.7235088348388672
0.4775257110595703
0.0
0.0039653778076171875
0.050205230712890625
0.019727706909179688
0.00489044189453125
0.015024185180664062
0.010309219360351562
0.010366439819335938
0.003753662109375
6.535346984863281
0.0005950927734375
0.06837272644042969
0.11742210388183594
0.009107589721679688
0.0062427520751953125
0.22184371948242188
0.001087188720703125
9.444551467895508
0.026399612426757812
0.017126083374023438
0.13788223266601562
0.0
0.0
0.12598419189453125
7.539573669433594
0.013948440551757812
0.020843505859375
0.0
0.0
0.023502349853515625
0.00299072265625
0.0
0.08802413940429688
0.03005218505859375
1.1673870086669922
0.29523277282714844
3.4332275390625e-05
0.0
0.0
0.022327423095703125
0.5770282745361328
0.0
0.1584033966064453
0.8035125732421875
0.5091400146484375
0.003078460693359375
0.0
0.0
0.24620628356933594
0.11714744567871094
0.03426551818847656
0.36188697814941406
0.9907321929931641
1.9276981353759766
0.0
0.0
0.0
0.0
0.0
0.0
0.0
0.0
0.0
0.0
0.0
4.570699691772461
4.068031311035156
2.9167327880859375
2.4620304107666016
2.0593795776367188
0.0
0.0
3.456073760986328
5.304698944091797
0.0
1.7080879211425781
6.383670806884766
0.0
3.851144790649414
0.3900718688964844
9.55589485168457
1.6194744110107422
7.377891540527344
2.9311180114746094
2.0508689880371094
8.680614471435547
5.259428024291992
5.570352554321289
3.4701309204101562
4.144994735717773
0.0
0.0
0.0
0.0
0.0
0.0
0.0
0.0
0.0
0.0
0.0
0.0
0.0
0.0
4.57763671875e-05
0.0005397796630859375
3.814697265625e-06
0.0
0.0
0.0
0.0
0.0
0.0
0.0
0.0
0.0
0.0
0.000762939453125
0.0
0.0
0.0
0.0
0.0
0.0
0.4973278045654297
0.0
0.0
0.0
0.0
0.0
0.0
0.0
0.0
0.0
0.0028228759765625
0.09464645385742188
0.1334381103515625
0.02486419677734375
0.00189971923828125
0.0
0.0
0.0
0.0
0.0
0.0009765625
0.0
0.0
0.0
0.0
0.0
0.0
0.0
0.0
0.0
0.0
0.0
0.0
0.0
0.0
0.0
0.0
0.0
0.0
0.0
0.0
0.0
0.0
0.0
0.0
0.0
0.0
0.0
0.0
0.000934600830078125
0.0
0.0034942626953125
0.0018062591552734375
0.017358779907226562
0.020837783813476562
0.005580902099609375
0.026636123657226562
0.017721176147460938
0.6462612152099609
7.49079704284668
4.172874450683594
4.163225173950195
1.7611312866210938
2.393159866333008
4.376298904418945
3.5095138549804688
2.869140625
3.4359912872314453
2.4401779174804688
4.641084671020508
3.792938232421875
1.9728660583496094
3.406034469604492
0.22145462036132812
1.9219245910644531
4.339744567871094
2.770549774169922
0.4379425048828125
1.5074348449707031
1.2948989868164062
1.5464420318603516
0.0
0.0
0.32181358337402344
0.6784934997558594
2.3496170043945312
1.7354469299316406
1.8257484436035156
0.0
0.2837333679199219
0.8044891357421875
0.0
0.6830368041992188
0.0
0.0
0.0
1.8308486938476562
0.0
0.0
0.0
0.033481597900390625
0.046794891357421875
0.0
0.0
0.0
0.0
0.0
0.0
0.0
0.0
0.0
0.0
0.0
0.0
0.0
0.0
0.0
0.0
0.0
0.0
0.0
0.0007266998291015625
0.0
0.0
0.0
0.0
0.0
0.0
0.0
0.0
0.0
0.0
0.0
0.0
0.0
0.0
9.5367431640625e-05
0.000606536865234375
0.0007190704345703125
0.0
0.0023097991943359375
0.0
0.0
0.0025806427001953125
0.0
0.007259368896484375
0.0
0.0
0.013322830200195312
0.003856658935546875
0.00226593017578125
0.0
0.01007080078125
0.0
0.0059757232666015625
0.0
0.0017833709716796875
0.010568618774414062
0.00019073486328125
0.017114639282226562
0.021968841552734375
0.014125823974609375
0.0003414154052734375
0.0004634857177734375
0.29094886779785156
0.0
0.0
0.0
0.0
0.0
0.0
0.0
0.0
0.0
0.0
0.0
0.0
0.0
0.0
0.0
0.0
0.0029697418212890625
0.010763168334960938
0.0
0.0069580078125
4.428249359130859
3.486339569091797
4.160646438598633
2.0623703002929688
0.6222114562988281
0.03203582763671875
0.6330223083496094
0.0
0.01729583740234375
1.1292457580566406
0.0
0.0
0.02617645263671875
0.0
0.0
0.0
0.0
0.0
0.0
0.0
0.0
0.0
0.0
0.0
0.011228561401367188
0.0005645751953125
0.0
0.0
0.019300460815429688
0.011127471923828125
0.24946022033691406
0.0
0.0
0.0
0.0
0.0
0.0
0.0
0.0
0.0
0.0
0.0
0.0
0.004467010498046875
6.66595458984375
5.096637725830078
2.3115310668945312
3.5458908081054688
0.6757850646972656
0.0
0.0
0.0
0.0
0.0
0.0
0.0
0.0
0.0
0.0070285797119140625
4.1961669921875e-05
0.017877578735351562
0.0
0.0
0.0
0.0
0.0
0.0
0.0
0.0029087066650390625
0.0
3.4217281341552734
10.271677017211914
5.003820419311523
0.5068187713623047
0.0
0.0
0.0
0.0
0.0
0.0
0.0154571533203125
0.010189056396484375
0.0
0.0017833709716796875
0.0
0.0
0.0
0.0
0.0
0.0
5.486513137817383
2.1423206329345703
1.9732513427734375
6.9181060791015625
2.4067935943603516
0.0
0.01129150390625
0.0004253387451171875
0.10691642761230469
0.0
0.0
0.0
0.0
0.0
0.0
4.716344833374023
1.2943859100341797
3.2342987060546875
0.2226696014404297
0.6546459197998047
0.0010738372802734375
0.0004253387451171875
0.0063304901123046875
0.0
0.0
0.7027072906494141
10.532737731933594
1.0398101806640625
0.0
0.0
0.0
5.5061798095703125
3.3848724365234375
0.0
0.0
0.0
0.000354766845703125
0.003753662109375
0.0
0.0
0.024871826171875
1.0555915832519531
0.0
0.0
0.0009765625
0.0
0.0
0.5946197509765625
3.193767547607422
1.2338180541992188
0.0
0.0
0.0
0.0
0.0040035247802734375
0.0
0.0
0.0
0.0
0.0
0.5699081420898438
0.0
0.0
1.294076919555664
1.7498626708984375
0.0
0.0
0.0
0.0
2.2574939727783203
0.8392181396484375
3.623291015625
0.0
3.6363563537597656
0.0
0.0
0.0
0.0
0.0
2.6353321075439453
0.0
0.0
0.996185302734375
0.0
0.0
0.0
0.0
0.0
0.0
0.0
0.0
1.1429672241210938
0.0
