9.876351576561311e-42
0.3343820571899414
5.358576774597168
0.3864765167236328
0.2053976058959961
0.1926422119140625
0.8727312088012695
5.309700965881348
4.843711853027344
0.08058547973632812
6.506800651550293
2.6499032974243164
4.390239715576172
0.5702972412109375
0.11205673217773438
24.34646987915039
0.25725364685058594
1.0349750518798828
0.053763389587402344
0.19240379333496094
0.26237964630126953
0.39315223693847656
4.316806793212891
2.1681785583496094
5.706071853637695
0.20074844360351562
0.510096549987793
0.3058910369873047
0.13256072998046875
0.0
0.23055076599121094
0.2734661102294922
1.2176036834716797
0.6262063980102539
1.1343955993652344
0.8491277694702148
0.880122184753418
0.905156135559082
0.5005598068237305
1.2621879577636719
0.5538463592529297
1.349329948425293
1.8537044525146484
1.2454986572265625
0.0
2.288222312927246
12.162446975708008
2.0782947540283203
0.4774332046508789
20.219684600830078
1.2178421020507812
0.5600452423095703
13.45217227935791
0.5394220352172852
7.474422454833984
0.3905296325683594
1.3393163681030273
0.8194446563720703
0.40602684020996094
0.7493495941162109
2.635359764099121
0.728607177734375
1.1954307556152344
24.635791778564453
8.996963500976562
0.3427267074584961
0.2167224884033203
6.955146789550781
11.060595512390137
0.8100271224975586
0.4545450210571289
1.1135339736938477
7.016658782958984
1.53350830078125
0.6234645843505859
16.422866821289062
0.29098987579345703
0.5182027816772461
20.520092010498047
0.8732080459594727
0.47147274017333984
0.7984638214111328
2.7740001678466797
0.40161609649658203
25.56240463256836
0.8256435394287109
0.2892017364501953
0.499725341796875
0.2665519714355469
0.2821683883666992
0.23746490478515625
4.547715187072754
0.19121170043945312
0.16045570373535156
0.3178119659423828
0.08749961853027344
0.2186298370361328
0.25725364685058594
0.6378889083862305
5.957484245300293
32.98687744140625
0.4945993423461914
0.20170211791992188
0.4317760467529297
4.067659378051758
0.35858154296875
4.907131195068359
0.24557113647460938
0.49626827239990234
0.39970874786376953
4.060506820678711
0.4012584686279297
1.703023910522461
0.5785226821899414
0.14638900756835938
0.053048133850097656
0.1399517059326172
4.849076271057129
0.21219253540039062
6.617188453674316
0.0
0.21457672119140625
0.9672641754150391
0.33462047576904297
2.1162033081054688
0.14281272888183594
0.9548664093017578
0.3743171691894531
0.3458261489868164
0.8685588836669922
0.9639263153076172
12.594103813171387
0.5993843078613281
0.6136894226074219
0.5710124969482422
0.4985332489013672
14.3585205078125
3.083944320678711
1.775503158569336
0.0
0.22101402282714844
0.11992454528808594
0.5838871002197266
0.3935098648071289
0.0
0.0
0.11730194091796875
0.1685619354248047
0.5780458450317383
0.5496740341186523
0.9260177612304688
0.4436969757080078
0.27120113372802734
0.31936168670654297
0.39267539978027344
0.25582313537597656
0.15616416931152344
0.2799034118652344
0.0
0.4621744155883789
0.4636049270629883
0.11420249938964844
0.0
0.0
0.0
0.0
0.0
0.0
2.861499786376953
0.0
0.48792362213134766
0.0
0.0
0.13649463653564453
0.0
1.119852066040039
0.0
0.5098581314086914
0.619053840637207
0.34308433532714844
2.5784969329833984
1.9049644470214844
0.0
5.4111480712890625
1.284956932067871
0.9537935256958008
1.1827945709228516
1.941084861755371
7.127046585083008
7.458090782165527
1.0156631469726562
2.084970474243164
1.8131732940673828
6.243109703063965
2.486705780029297
3.7926435470581055
0.0
0.0
0.0
0.0
0.0
0.0
0.0
4.9391984939575195
0.0
7.417082786560059
7.385492324829102
0.0
0.9573698043823242
6.083846092224121
0.6649494171142578
0.0
0.0
5.588531494140625
0.0
1.3206005096435547
1.8200874328613281
0.0
3.429293632507324
0.8629560470581055
2.84576416015625
0.0
2.077937126159668
7.1163177490234375
0.7420778274536133
0.0
0.0
0.0
0.0
0.0
2.4570226669311523
0.0
0.32699108123779297
0.1201629638671875
0.11789798736572266
0.2307891845703125
2.2470951080322266
0.0692605972290039
1.992940902709961
3.8951635360717773
2.602219581604004
0.3148317337036133
1.7538070678710938
0.23174285888671875
1.0036230087280273
0.0
1.9320249557495117
0.1201629638671875
2.647519111633301
0.1811981201171875
0.0
0.1285076141357422
0.0
0.16582012176513672
1.2102127075195312
0.5393028259277344
0.7141828536987305
0.5327463150024414
0.0
0.624537467956543
0.3057718276977539
0.0
0.0
0.0
0.0
0.0
0.0
0.0
0.0
0.09465217590332031
0.0
0.0
0.0
0.0
0.0
0.0
0.0
0.0
0.0
0.0
0.0
0.0
0.0
0.0
0.0
0.0
0.0
0.1577138900756836
0.0
0.0
0.0
0.0
0.0
0.0
0.0
0.0
0.0
0.0
0.0
0.08380413055419922
0.0
0.0
0.0
0.0
0.0
0.0
0.0
0.0
0.2636909484863281
0.0
0.2633333206176758
0.26726722717285156
0.0
0.0
0.0
0.0
0.0
0.0
0.0
0.0
0.0
0.0
0.0
0.0
0.0
0.0
0.0
0.0
0.0
0.0
0.0
0.0
0.0
0.0
0.0
0.0
0.0
0.0
0.1862049102783203
0.0
0.5371570587158203
0.0
0.0
0.0
0.05340576171875
0.0
0.0
0.0
0.0
0.12159347534179688
0.37384033203125
0.4572868347167969
0.0
0.9702444076538086
0.2884864807128906
0.6098747253417969
0.40972232818603516
1.4715194702148438
0.08034706115722656
0.4247426986694336
0.0
0.6519556045532227
0.3457069396972656
0.09012222290039062
0.08034706115722656
0.06365776062011719
0.0
0.0
0.18596649169921875
3.453850746154785
1.3689994812011719
0.9160041809082031
3.640294075012207
0.3521442413330078
0.0
1.2413263320922852
0.19156932830810547
0.1087188720703125
0.08988380432128906
0.0
3.524303436279297
2.017378807067871
8.062481880187988
0.09250640869140625
0.0
0.29349327087402344
1.0936260223388672
4.088759422302246
1.562356948852539
0.0
0.0
1.8095970153808594
0.3352165222167969
0.8702278137207031
1.7126798629760742
0.8980035781860352
0.8109807968139648
0.7493495941162109
1.1497735977172852
0.5466938018798828
0.2231597900390625
1.6270875930786133
0.8394718170166016
1.0641813278198242
1.0606050491333008
0.09441375732421875
0.21886825561523438
0.8703470230102539
1.317143440246582
0.06461143493652344
0.0
1.5616416931152344
0.15735626220703125
0.28765201568603516
0.26345252990722656
0.14638900756835938
0.19085407257080078
0.09202957153320312
0.062465667724609375
0.2949237823486328
0.6895065307617188
0.7860660552978516
0.5174875259399414
0.1747608184814453
0.2689361572265625
0.1761913299560547
0.17261505126953125
0.18167495727539062
0.12111663818359375
0.26488304138183594
0.17023086547851562
0.10776519775390625
0.1971721649169922
0.19407272338867188
0.10633468627929688
0.09179115295410156
0.08177757263183594
0.05555152893066406
1.5437602996826172
0.0
0.0
6.264090538024902
0.6123781204223633
1.984238624572754
0.8379220962524414
0.07271766662597656
0.16236305236816406
1.3755559921264648
3.50797176361084
0.7878541946411133
0.9835958480834961
0.0
0.0
19.671916961669922
0.9045600891113281
0.3592967987060547
21.798492431640625
1.0349750518798828
3.1098127365112305
0.6210803985595703
0.591278076171875
0.16427040100097656
0.19729137420654297
7.367134094238281
0.17726421356201172
4.185795783996582
1.4622211456298828
1.3515949249267578
0.5282163619995117
1.2166500091552734
0.5028247833251953
0.10788440704345703
0.09274482727050781
0.0
0.0
0.057220458984375
0.07653236389160156
0.49686431884765625
0.7044076919555664
0.08738040924072266
0.952601432800293
0.3223419189453125
0.05555152893066406
0.33676624298095703
0.0
0.0
0.19633769989013672
0.09572505950927734
0.5183219909667969
0.48422813415527344
0.0
0.33605098724365234
0.9348392486572266
0.5083084106445312
0.5514621734619141
0.3606081008911133
0.19979476928710938
0.16498565673828125
0.0
0.2586841583251953
0.13494491577148438
0.0
0.24592876434326172
0.06341934204101562
1.1172294616699219
0.23162364959716797
0.13637542724609375
0.26679039001464844
0.0
0.4699230194091797
0.20074844360351562
0.6153583526611328
0.2930164337158203
0.2319812774658203
0.23174285888671875
0.10776519775390625
0.052928924560546875
0.12469291687011719
0.43141841888427734
0.0
0.16689300537109375
0.06270408630371094
0.06461143493652344
0.18787384033203125
0.11658668518066406
1.5299320220947266
0.1964569091796875
0.08559226989746094
0.1423358917236328
0.059604644775390625
0.06127357482910156
0.07271766662597656
0.5232095718383789
0.41282176971435547
0.0
0.1729726791381836
0.0
0.0858306884765625
0.09644031524658203
0.46694278717041016
0.24390220642089844
0.06604194641113281
0.0
0.0
0.0
0.2669095993041992
0.0
0.057220458984375
0.0
0.05602836608886719
0.141143798828125
0.0
0.05269050598144531
0.0
0.28443336486816406
0.3018379211425781
0.12445449829101562
0.07176399230957031
0.051021575927734375
0.0
0.0
0.0
0.0
0.0
0.0
0.0
0.05507469177246094
0.0
0.27108192443847656
0.27680397033691406
0.11777877807617188
0.37407875061035156
0.20742416381835938
0.07462501525878906
0.5345344543457031
0.30112266540527344
0.17404556274414062
0.07009506225585938
0.0
0.3192424774169922
0.0
0.09989738464355469
0.07557868957519531
0.20170211791992188
0.2713203430175781
0.1704692840576172
0.0
0.07939338684082031
0.0
0.0
0.0
0.0
0.0
0.0
0.0
0.0
0.0
0.0
0.0858306884765625
0.0
0.13136863708496094
0.0
0.0
0.0
0.0
0.0
0.0
0.0
0.0
0.0
0.0
0.0
0.0
0.0
0.0
0.0
0.0
0.0
0.0
0.0
0.0
0.0
0.0
0.0
0.0
0.0
0.0
0.0
0.0
0.0
0.0
0.0
0.05459785461425781
0.0
0.0
0.0
0.0
0.0
0.0
0.0
0.0
0.0
0.1418590545654297
0.0
0.7083415985107422
0.0
0.0
0.12540817260742188
0.0
0.09465217590332031
0.09942054748535156
0.12993812561035156
0.1480579376220703
0.48804283142089844
0.40721893310546875
0.7499456405639648
0.2613067626953125
0.4668235778808594
0.10728836059570312
0.5042552947998047
0.8156299591064453
0.5859136581420898
0.8516311645507812
0.580906867980957
0.3669261932373047
0.3972053527832031
0.2853870391845703
0.36215782165527344
0.5269050598144531
0.2269744873046875
0.48279762268066406
0.7541179656982422
0.3018379211425781
0.7301568984985352
0.17881393432617188
0.33402442932128906
0.48041343688964844
0.2522468566894531
0.5595684051513672
0.08106231689453125
0.42366981506347656
0.37407875061035156
0.5612373352050781
0.1628398895263672
0.18453598022460938
0.057220458984375
0.08702278137207031
0.5016326904296875
0.07128715515136719
0.25534629821777344
0.0
0.3845691680908203
0.16760826110839844
0.0
0.08559226989746094
0.0
0.07152557373046875
0.06794929504394531
0.05817413330078125
0.10776519775390625
0.19073486328125
0.11181831359863281
0.10061264038085938
0.0
0.14472007751464844
0.11205673217773438
0.0
0.07534027099609375
0.0
0.07367134094238281
0.1327991485595703
0.05936622619628906
0.0
0.06461143493652344
0.0
0.0
0.0
0.06127357482910156
0.0
0.0
0.0
0.0972747802734375
0.08082389831542969
0.0
0.0
0.0762939453125
0.0
0.1323223114013672
0.0
0.0
0.0
0.0
0.05173683166503906
0.0
0.11348724365234375
0.0
0.0
0.0
0.0
0.0
0.0
0.0
0.0
0.0
0.0
0.0
0.0
0.0
0.06008148193359375
0.05507469177246094
0.0
0.0
0.0
0.0
0.0
0.0
0.13828277587890625
0.0
0.0
0.0
0.057697296142578125
0.0
0.0
0.0
0.0
0.0
0.13005733489990234
0.2779960632324219
0.0
0.0
0.1010894775390625
0.0
0.0
0.0
0.4705190658569336
0.0
0.05125999450683594
0.11098384857177734
0.15819072723388672
0.0
0.0
0.0
0.0
0.0
0.0
0.3076791763305664
0.0
0.0
0.06318092346191406
0.05555152893066406
0.0
0.0
0.0
0.0
0.19693374633789062
0.3648996353149414
0.0
0.4761219024658203
0.06890296936035156
0.055789947509765625
0.4661083221435547
0.6399154663085938
0.5841255187988281
0.5114078521728516
0.36525726318359375
0.4086494445800781
0.35881996154785156
0.23126602172851562
0.11229515075683594
0.45561790466308594
0.6562471389770508
0.4487037658691406
0.4916191101074219
0.21076202392578125
0.09703636169433594
0.2663135528564453
0.07081031799316406
0.31566619873046875
0.27370452880859375
0.0
0.10418891906738281
0.11444091796875
0.08654594421386719
0.0
0.0
0.072479248046875
0.07009506225585938
0.0
0.058650970458984375
0.0
0.0
0.052928924560546875
0.0
0.0
0.0
0.0
0.051021575927734375
0.0
0.0
0.0
0.0
0.0
0.0
0.2282857894897461
0.0
0.0
0.293731689453125
0.0
0.3364086151123047
0.4985332489013672
0.3342628479003906
0.5726814270019531
0.20051002502441406
0.2856254577636719
0.3676414489746094
0.30612945556640625
0.07295608520507812
0.8296966552734375
0.3998279571533203
0.18596649169921875
0.11563301086425781
0.32806396484375
0.2377033233642578
0.08130073547363281
0.0
0.0
0.051021575927734375
0.0
0.0
0.0
0.0
0.07343292236328125
0.0
0.05626678466796875
0.0
0.28228759765625
0.0
0.2657175064086914
0.2741813659667969
0.0
0.5502700805664062
0.30040740966796875
0.13828277587890625
0.3886222839355469
0.10848045349121094
0.054836273193359375
0.31113624572753906
0.10824203491210938
0.26607513427734375
0.06008148193359375
0.0
0.0
0.0
0.0
0.0
0.0
0.0
0.0
0.0
0.0
0.05650520324707031
0.2002716064453125
0.5619525909423828
0.40602684020996094
0.09942054748535156
0.22459030151367188
0.15807151794433594
0.11086463928222656
0.12350082397460938
0.0
0.17881393432617188
0.0
0.0
0.0
0.13363361358642578
0.5909204483032227
0.3743171691894531
0.6155967712402344
0.43201446533203125
0.17762184143066406
0.6140470504760742
0.17118453979492188
0.171661376953125
0.08726119995117188
0.125885009765625
0.16880035400390625
0.0
0.1366138458251953
0.060558319091796875
0.0
0.42939186096191406
0.47707557678222656
0.05602836608886719
0.11563301086425781
0.0
0.0
0.2999305725097656
0.32448768615722656
0.1373291015625
0.1709461212158203
0.0
0.0
0.0
0.0
0.0
0.05173683166503906
0.0
0.2696514129638672
0.11110305786132812
0.0
0.0
0.06198883056640625
0.16808509826660156
0.14328956604003906
0.0
0.0
0.1747608184814453
0.0
0.0782012939453125
0.13828277587890625
0.0
0.24402141571044922
0.0
0.0
0.054836273193359375
0.8187294006347656
0.3066062927246094
0.0820159912109375
0.5387067794799805
0.42366981506347656
0.0
0.06747245788574219
0.11467933654785156
0.09894371032714844
0.0
0.1480579376220703
0.0
0.1068115234375
0.0
0.14281272888183594
0.0
0.07987022399902344
0.0
0.0
0.0
0.0
0.0
0.11217594146728516
0.17452239990234375
0.0
0.32842159271240234
0.0
0.1652240753173828
0.3306865692138672
0.06389617919921875
0.0
0.0
0.0
0.0
0.0
