9.876351576561311e-42
2.0319995880126953
0.8321151733398438
8.535823822021484
0.6625194549560547
1.4459342956542969
0.7897167205810547
3.681163787841797
5.1700592041015625
7.656623840332031
6.92303466796875
7.477283477783203
9.497369766235352
6.9838409423828125
10.677074432373047
13.869222640991211
10.879537582397461
4.982566833496094
15.29304313659668
1.451314926147461
1.8047828674316406
11.41423225402832
2.1744003295898438
1.4109973907470703
1.887399673461914
10.358526229858398
13.713142395019531
0.3582000732421875
2.795095443725586
11.37833023071289
1.6632251739501953
9.025239944458008
4.963144302368164
1.4570331573486328
5.413822174072266
1.8671455383300781
4.496496200561523
2.969449996948242
6.887144088745117
5.764863967895508
2.5834274291992188
6.127473831176758
1.18927001953125
1.0121040344238281
4.990787506103516
0.47113990783691406
5.807403564453125
3.271343231201172
8.6328125
6.414804458618164
9.970882415771484
12.323211669921875
8.401773452758789
15.533746719360352
4.65069580078125
2.9789505004882812
0.5146369934082031
1.7614898681640625
9.600404739379883
2.0235157012939453
0.43772125244140625
3.9954776763916016
3.5074195861816406
6.557117462158203
8.052806854248047
13.965045928955078
13.893959045410156
5.221738815307617
6.323822021484375
1.1512489318847656
2.2661514282226562
4.833070755004883
0.3465423583984375
1.547311782836914
2.1485347747802734
5.981700897216797
13.144145965576172
11.60264778137207
11.236644744873047
1.0108871459960938
5.370843887329102
3.522928237915039
0.8863010406494141
3.8876419067382812
7.311046600341797
16.34749984741211
10.470443725585938
10.558860778808594
1.2539501190185547
3.737720489501953
3.4125442504882812
3.3681411743164062
18.262882232666016
1.146585464477539
2.898601531982422
7.753046035766602
9.765085220336914
10.194664001464844
2.1474990844726562
0.7703437805175781
12.952102661132812
10.298629760742188
2.502969741821289
2.577848434448242
0.6952037811279297
7.60467529296875
7.20170783996582
10.97906494140625
1.2086505889892578
2.7706260681152344
3.1531944274902344
10.401161193847656
7.814399719238281
2.804220199584961
10.895986557006836
1.7595863342285156
0.9762020111083984
3.055135726928711
1.1951942443847656
7.348293304443359
8.463611602783203
0.6072883605957031
2.2745323181152344
1.034820556640625
1.9790401458740234
11.21432876586914
1.4373245239257812
12.940862655639648
10.214405059814453
1.1131744384765625
0.8705329895019531
6.665014266967773
1.3592529296875
2.504962921142578
3.9512786865234375
4.434947967529297
8.40423583984375
4.354595184326172
3.487485885620117
1.5633583068847656
6.077051162719727
1.3613224029541016
3.291534423828125
2.8042736053466797
2.317035675048828
3.940919876098633
5.721279144287109
7.824636459350586
8.717967987060547
10.829416275024414
17.401901245117188
20.838754653930664
19.550851821899414
16.116165161132812
8.985397338867188
8.936971664428711
9.99322509765625
9.647357940673828
9.321380615234375
8.046581268310547
6.406930923461914
6.602241516113281
5.9041595458984375
4.717103958129883
25.314960479736328
5.825733184814453
17.885473251342773
12.902626037597656
5.391338348388672
57.023902893066406
8.911026000976562
39.45344924926758
68.86973571777344
86.87541198730469
72.13827514648438
80.64244079589844
54.77709197998047
86.02070617675781
84.80184936523438
22.9804744720459
67.71176147460938
19.75951385498047
38.202552795410156
49.40180969238281
6.910224914550781
8.330045700073242
11.685319900512695
14.840066909790039
16.291601181030273
15.565853118896484
1.5035476684570312
1.2265052795410156
2.339109420776367
1.3726921081542969
1.4067878723144531
1.126974105834961
6.79057502746582
7.27131462097168
27.086437225341797
9.14697265625
10.9259033203125
50.89893341064453
81.86241149902344
86.4447021484375
35.2620735168457
85.78807067871094
73.82525634765625
75.36861419677734
15.958454132080078
49.23200225830078
22.24156951904297
9.512163162231445
70.69068908691406
70.6048355102539
80.08511352539062
16.966581344604492
6.896299362182617
54.125247955322266
69.89321899414062
11.74842643737793
49.06218719482422
37.015220642089844
72.07479858398438
1.2418365478515625
8.695905685424805
62.726959228515625
50.74696731567383
16.94966697692871
72.51319885253906
38.51634979248047
1.266876220703125
16.0555362701416
9.035131454467773
15.166955947875977
62.100852966308594
10.895500183105469
1.1610641479492188
14.520380020141602
57.82026672363281
1.310028076171875
3.290050506591797
66.79487609863281
2.8145751953125
41.67329406738281
6.520170211791992
34.362586975097656
4.742893218994141
14.47453498840332
50.85208511352539
34.86432647705078
24.152128219604492
22.531511306762695
29.07574462890625
28.01563835144043
19.06106185913086
9.114791870117188
6.555330276489258
9.114608764648438
3.383575439453125
3.0301742553710938
1.9015350341796875
1.5763378143310547
1.907083511352539
1.9069862365722656
2.1928043365478516
4.190208435058594
12.702190399169922
9.958158493041992
6.17597770690918
1.0208625793457031
0.9059829711914062
1.0035438537597656
0.9600963592529297
1.2426300048828125
11.904600143432617
7.178485870361328
3.957296371459961
2.9882240295410156
2.567157745361328
9.153583526611328
7.969831466674805
3.2410945892333984
4.137294769287109
11.315210342407227
4.48529052734375
2.7900924682617188
1.6221847534179688
2.4637622833251953
1.6211376190185547
2.374736785888672
1.5993595123291016
0.8837871551513672
10.399595260620117
1.3452816009521484
2.2204322814941406
6.786195755004883
5.399103164672852
3.185047149658203
1.9439659118652344
2.4098777770996094
1.359018325805664
11.285196304321289
2.821573257446289
3.5452136993408203
1.8021297454833984
9.234228134155273
4.1311187744140625
1.673410415649414
3.431682586669922
2.7161941528320312
2.33258056640625
1.0753192901611328
1.544900894165039
6.563747406005859
0.5307826995849609
2.191396713256836
9.185461044311523
1.452749252319336
2.177906036376953
3.6520862579345703
0.8981361389160156
2.0608291625976562
5.261951446533203
1.614492416381836
3.6596736907958984
1.2655277252197266
2.6286754608154297
1.0625495910644531
1.8641338348388672
2.3971595764160156
1.4251174926757812
0.8576507568359375
1.223470687866211
1.0626201629638672
0.9017581939697266
1.1186542510986328
0.9632053375244141
1.416463851928711
1.4039649963378906
1.9119319915771484
1.1064624786376953
1.4229507446289062
1.1649951934814453
5.403913497924805
1.6171073913574219
1.42767333984375
1.9898242950439453
1.7636890411376953
2.997081756591797
8.384407043457031
9.983877182006836
12.577898025512695
6.897619247436523
13.840713500976562
10.7919921875
13.44051742553711
12.515947341918945
15.24277114868164
10.331480026245117
10.246803283691406
13.714879989624023
18.574241638183594
12.720296859741211
3.991535186767578
6.637941360473633
5.593809127807617
1.7559051513671875
1.9841575622558594
1.8638381958007812
17.51726722717285
13.036779403686523
17.799474716186523
11.070436477661133
9.817636489868164
9.187650680541992
14.505762100219727
10.573217391967773
5.010026931762695
5.649831771850586
2.5154781341552734
16.277212142944336
18.757444381713867
14.707916259765625
5.015727996826172
2.096162796020508
8.733232498168945
19.824249267578125
20.025432586669922
20.03217887878418
7.834203720092773
9.268896102905273
19.924846649169922
6.679929733276367
13.450828552246094
19.54494285583496
9.24673843383789
11.862600326538086
11.623712539672852
11.911279678344727
12.493783950805664
14.521125793457031
23.846681594848633
14.710132598876953
18.314462661743164
12.828296661376953
10.431907653808594
10.440326690673828
12.179847717285156
21.246906280517578
7.769031524658203
11.497583389282227
17.87649917602539
8.731719970703125
7.236518859863281
16.144681930541992
11.646810531616211
9.339410781860352
2.0208263397216797
1.689565658569336
4.676824569702148
3.9709014892578125
6.313198089599609
8.558378219604492
11.13542366027832
10.456892013549805
11.093088150024414
11.815614700317383
9.767402648925781
7.39289665222168
7.116153717041016
3.8772335052490234
5.1543426513671875
6.608970642089844
6.77238655090332
6.597957611083984
6.095859527587891
6.041730880737305
5.868547439575195
8.544988632202148
6.0453948974609375
4.380189895629883
9.439992904663086
14.454221725463867
8.356979370117188
13.39848518371582
2.9147987365722656
6.430149078369141
5.312662124633789
12.340810775756836
12.024948120117188
9.555807113647461
3.4769153594970703
6.232666015625
6.714155197143555
9.706920623779297
9.390069961547852
10.070198059082031
7.884740829467773
7.540180206298828
11.653484344482422
8.46143913269043
3.0187644958496094
3.026378631591797
11.256282806396484
4.032367706298828
15.490407943725586
19.646743774414062
16.401418685913086
19.134098052978516
17.168487548828125
13.069660186767578
4.876491546630859
3.889068603515625
4.190605163574219
5.644166946411133
10.798652648925781
6.17332649230957
5.712993621826172
8.672842025756836
1.9091873168945312
15.436960220336914
5.1328887939453125
7.556707382202148
13.72146224975586
8.767621994018555
5.54026985168457
13.52619743347168
18.137094497680664
14.153751373291016
16.23086929321289
8.974939346313477
18.520769119262695
11.148019790649414
21.806554794311523
20.83451271057129
21.05706024169922
18.56589126586914
22.353649139404297
6.303779602050781
19.016891479492188
17.607669830322266
11.026103973388672
3.657573699951172
7.666826248168945
13.687950134277344
2.8049545288085938
9.427242279052734
11.645042419433594
17.50811004638672
23.343782424926758
16.852386474609375
13.333122253417969
20.72329330444336
20.612075805664062
17.692745208740234
16.08957862854004
1.6280479431152344
6.870826721191406
5.49981689453125
8.19565200805664
18.961498260498047
14.571434020996094
13.25692367553711
6.433671951293945
2.8224048614501953
15.331336975097656
18.17028045654297
19.17544937133789
17.787353515625
14.628488540649414
12.58877944946289
6.991817474365234
14.271137237548828
9.763830184936523
11.904314041137695
21.36351776123047
13.669992446899414
19.133445739746094
18.76605987548828
22.77857208251953
17.319866180419922
7.214109420776367
16.425676345825195
7.296833038330078
6.327201843261719
21.390857696533203
11.506330490112305
12.79493522644043
7.875698089599609
8.174861907958984
15.600107192993164
7.089742660522461
16.012889862060547
13.356929779052734
20.003145217895508
20.307567596435547
16.36860466003418
16.408611297607422
15.46218490600586
13.90703010559082
14.150154113769531
14.393280029296875
11.325202941894531
11.503120422363281
9.57524299621582
7.9828643798828125
6.9054412841796875
7.509860992431641
16.77240562438965
14.635725021362305
14.555421829223633
14.395406723022461
15.910337448120117
12.792818069458008
14.428237915039062
14.630620956420898
11.893230438232422
7.694581985473633
5.2348785400390625
14.812868118286133
12.775350570678711
8.769357681274414
5.832483291625977
14.832998275756836
10.943124771118164
15.647886276245117
8.520713806152344
7.078239440917969
9.41633415222168
7.048099517822266
7.172248840332031
13.237052917480469
12.84329605102539
11.421028137207031
10.479597091674805
10.311908721923828
10.319839477539062
7.29638671875
6.07524299621582
7.991147994995117
7.4415740966796875
5.750942230224609
5.201772689819336
5.271371841430664
6.074241638183594
5.056480407714844
5.051929473876953
4.473421096801758
4.193096160888672
4.132810592651367
5.208845138549805
4.739511489868164
3.1146106719970703
2.8451385498046875
1.9524784088134766
5.47636604309082
4.7069091796875
3.3486480712890625
3.6180171966552734
3.0606842041015625
5.538997650146484
6.051149368286133
5.266424179077148
4.772003173828125
4.088621139526367
3.06475830078125
5.515674591064453
3.606344223022461
3.391317367553711
5.261470794677734
3.1523494720458984
5.49235725402832
8.82548713684082
7.7222900390625
5.8664093017578125
4.010536193847656
4.111150741577148
3.717082977294922
3.450511932373047
2.9532394409179688
2.9532394409179688
4.0837860107421875
2.265348434448242
3.460124969482422
2.5611019134521484
2.8118858337402344
3.0884857177734375
4.384883880615234
4.018587112426758
4.45750617980957
3.986236572265625
6.305547714233398
3.1470870971679688
9.179180145263672
9.04824447631836
9.822820663452148
11.553707122802734
10.890119552612305
8.593856811523438
8.281656265258789
7.443515777587891
13.80862045288086
6.310405731201172
19.44443130493164
19.72530746459961
19.200624465942383
16.8240909576416
9.609565734863281
7.100778579711914
13.973649978637695
20.9754695892334
21.521419525146484
11.303815841674805
20.926904678344727
10.58903694152832
16.96526336669922
13.001581192016602
8.631296157836914
12.803159713745117
6.708431243896484
12.625629425048828
9.224285125732422
9.36421012878418
7.955400466918945
8.334465026855469
8.886001586914062
10.228679656982422
9.750711441040039
9.707784652709961
9.154306411743164
4.763084411621094
11.408470153808594
14.08258056640625
10.84653091430664
10.53835678100586
7.522918701171875
10.64594841003418
9.069177627563477
8.807613372802734
15.441461563110352
14.186922073364258
11.889261245727539
10.925134658813477
6.039783477783203
7.943944931030273
12.459577560424805
7.820413589477539
8.237112045288086
6.202949523925781
8.979249954223633
8.142354965209961
9.491720199584961
10.010343551635742
4.34942626953125
3.7742538452148438
10.653205871582031
9.630905151367188
8.501373291015625
10.2774658203125
11.34457778930664
3.5571975708007812
6.584291458129883
6.730035781860352
8.235517501831055
10.234624862670898
6.266855239868164
3.596616744995117
5.8488922119140625
9.654373168945312
4.238193511962891
3.6566810607910156
4.418247222900391
13.843624114990234
9.47775650024414
6.132658004760742
8.169698715209961
4.28730583190918
7.702253341674805
5.130596160888672
3.981689453125
7.430593490600586
4.5154876708984375
4.059270858764648
9.631488800048828
3.2823619842529297
7.569862365722656
4.076995849609375
7.303550720214844
2.7822532653808594
5.290483474731445
2.8069076538085938
4.370473861694336
9.91490364074707
2.1258087158203125
2.300792694091797
8.807100296020508
3.6636295318603516
7.012348175048828
6.786050796508789
1.8678054809570312
6.565898895263672
6.387119293212891
1.9620742797851562
1.9517784118652344
2.119060516357422
5.875030517578125
6.11944580078125
7.919931411743164
2.1506729125976562
2.4837512969970703
1.7675628662109375
2.2145957946777344
3.127065658569336
1.7650184631347656
7.573640823364258
2.2711429595947266
1.3866519927978516
2.8113327026367188
1.6326484680175781
4.7393951416015625
4.067716598510742
2.331319808959961
1.2901382446289062
3.5607147216796875
2.5379276275634766
5.784978866577148
1.3161735534667969
2.6212902069091797
1.270029067993164
1.7288436889648438
2.9991302490234375
1.5107288360595703
1.508626937866211
2.7368850708007812
3.656892776489258
4.1055755615234375
3.2545089721679688
7.241706848144531
5.236114501953125
5.791101455688477
8.39309310913086
9.703359603881836
10.942472457885742
8.91990852355957
7.985218048095703
13.553049087524414
8.288509368896484
13.507087707519531
8.607168197631836
22.108882904052734
21.352951049804688
14.962604522705078
9.33555793762207
9.084354400634766
9.49990463256836
13.359533309936523
7.161891937255859
11.708209991455078
12.715221405029297
9.998775482177734
11.118135452270508
8.218437194824219
4.924623489379883
11.743709564208984
3.577852249145508
3.5365524291992188
8.44676399230957
3.7523250579833984
8.024272918701172
8.667800903320312
8.451902389526367
4.987337112426758
6.82978630065918
3.8183135986328125
5.918996810913086
2.882596969604492
3.252847671508789
2.233203887939453
2.0003833770751953
3.8288631439208984
1.7197952270507812
3.477052688598633
1.3374767303466797
6.295925140380859
4.928386688232422
4.412860870361328
2.2673301696777344
4.578046798706055
9.81120491027832
7.250373840332031
12.02153205871582
9.96601676940918
12.541681289672852
9.095504760742188
20.639204025268555
10.10499382019043
11.401592254638672
19.621116638183594
9.328763961791992
7.927003860473633
10.056629180908203
14.892194747924805
11.470003128051758
11.110801696777344
10.11722183227539
11.801448822021484
11.767475128173828
8.059770584106445
6.040834426879883
3.7793617248535156
3.4271507263183594
7.851648330688477
2.4757843017578125
1.3744773864746094
4.776252746582031
3.1337547302246094
3.5473060607910156
2.5966339111328125
10.78494644165039
5.878259658813477
9.145055770874023
9.730356216430664
10.019325256347656
17.542396545410156
6.986562728881836
11.023727416992188
10.347082138061523
14.625699996948242
14.13253402709961
7.7821044921875
9.83847427368164
4.520105361938477
11.791240692138672
2.742563247680664
6.345394134521484
3.606252670288086
2.087566375732422
4.052160263061523
3.7201004028320312
5.989295959472656
1.121866226196289
3.4377288818359375
8.197736740112305
19.561983108520508
9.862014770507812
8.036785125732422
5.6344757080078125
11.108741760253906
13.272115707397461
7.09495735168457
9.848207473754883
8.001930236816406
7.842323303222656
3.371063232421875
1.1614418029785156
2.6931095123291016
10.41226577758789
10.677362442016602
9.438302993774414
8.828535079956055
20.881912231445312
6.74473762512207
12.6173095703125
11.377498626708984
16.296863555908203
7.37872314453125
8.662103652954102
2.4802379608154297
1.3368911743164062
2.4721641540527344
13.14011001586914
13.369577407836914
8.382610321044922
16.706073760986328
7.485734939575195
8.05817985534668
11.67451286315918
14.931259155273438
10.500286102294922
15.881145477294922
7.881006240844727
6.492740631103516
3.3941783905029297
1.9490909576416016
2.6157455444335938
2.620786666870117
3.5630874633789062
2.54949951171875
6.08043098449707
7.75068473815918
1.8573246002197266
1.878824234008789
2.5551319122314453
14.984308242797852
6.1480865478515625
8.420459747314453
11.966833114624023
1.6832103729248047
1.4777183532714844
3.311738967895508
3.8407058715820312
2.4760875701904297
7.659051895141602
6.873445510864258
1.5307960510253906
2.263277053833008
19.10391616821289
4.621967315673828
3.4424495697021484
13.173921585083008
6.373876571655273
8.3206787109375
3.2634315490722656
2.7304229736328125
4.682193756103516
3.5287704467773438
5.301120758056641
6.869407653808594
5.778940200805664
5.5299530029296875
7.882732391357422
6.589506149291992
6.385435104370117
7.199808120727539
6.309604644775391
9.026689529418945
6.856670379638672
5.911275863647461
4.883024215698242
10.30137825012207
6.64586067199707
3.751628875732422
7.926214218139648
13.319425582885742
5.94941520690918
6.824445724487305
4.608964920043945
6.899206161499023
13.463375091552734
3.908021926879883
