9.876351576561311e-42
6.604671478271484
0.5486011505126953
5.14674186706543
7.630825042724609
8.738994598388672
10.337233543395996
13.535737991333008
10.027766227722168
5.965948104858398
10.485053062438965
11.238574981689453
6.310224533081055
5.055665969848633
2.1991729736328125
0.4112720489501953
15.97905158996582
2.5746822357177734
10.555267333984375
2.2423267364501953
8.398771286010742
15.056610107421875
8.922338485717773
3.3864974975585938
6.584644317626953
10.184764862060547
11.898040771484375
1.180410385131836
2.7866363525390625
9.64975357055664
0.7104873657226562
12.278079986572266
11.867523193359375
3.8928985595703125
7.0983171463012695
1.0786056518554688
3.25930118560791
1.1017322540283203
4.036307334899902
3.83603572845459
1.0483264923095703
2.3604631423950195
4.678487777709961
2.353191375732422
6.541609764099121
3.7703514099121094
7.977843284606934
14.79339599609375
3.916025161743164
5.909919738769531
7.704257965087891
9.44209098815918
0.3914833068847656
13.337016105651855
5.78618049621582
10.21575927734375
2.123117446899414
0.8704662322998047
6.235003471374512
1.5270709991455078
1.1835098266601562
10.981917381286621
6.381034851074219
8.153676986694336
11.255025863647461
6.324052810668945
13.061761856079102
0.3688335418701172
1.6624927520751953
1.512765884399414
0.9431838989257812
1.1441707611083984
2.713918685913086
11.542558670043945
9.721040725708008
12.137889862060547
7.326841354370117
14.397740364074707
2.181529998779297
2.521038055419922
5.6667327880859375
0.4901885986328125
10.6353759765625
11.812925338745117
10.893821716308594
7.963418960571289
15.051841735839844
11.649131774902344
1.5265941619873047
4.618167877197266
15.633106231689453
14.6406888961792
11.656999588012695
4.457235336303711
0.7581710815429688
10.54239273071289
14.929056167602539
11.029958724975586
3.0951499938964844
5.886077880859375
3.2029151916503906
12.048602104187012
0.4584789276123047
0.6973743438720703
3.9130449295043945
13.843297958374023
1.2841224670410156
10.329127311706543
2.4857521057128906
0.19168853759765625
9.01651382446289
5.838871002197266
1.4388561248779297
0.1480579376220703
2.9239654541015625
1.8310546875
2.887725830078125
7.498741149902344
0.6310939788818359
8.303403854370117
5.545377731323242
0.823974609375
0.3535747528076172
0.8237361907958984
0.6647109985351562
4.719018936157227
1.0285377502441406
5.480289459228516
6.818056106567383
1.9249916076660156
4.709720611572266
11.772751808166504
5.382776260375977
7.174253463745117
7.854938507080078
8.594751358032227
4.23121452331543
3.408193588256836
8.127927780151367
1.3954639434814453
8.239269256591797
1.0156631469726562
5.932331085205078
6.981134414672852
6.033420562744141
5.2013397216796875
6.4697265625
6.775140762329102
8.608818054199219
6.730318069458008
6.745576858520508
8.471965789794922
9.74893569946289
10.915040969848633
10.47968864440918
9.914398193359375
8.631110191345215
9.038805961608887
4.642367362976074
3.8025379180908203
2.6918649673461914
2.5353431701660156
1.1523962020874023
0.0
2.0579099655151367
0.9272098541259766
0.7328987121582031
12.959480285644531
8.52656364440918
1.4232397079467773
18.658876419067383
3.643631935119629
7.064461708068848
2.3468732833862305
2.9358863830566406
4.564046859741211
5.495786666870117
12.60232925415039
8.86225700378418
18.5854434967041
4.0988922119140625
19.29104232788086
10.88261604309082
0.9288787841796875
3.5400390625
11.464357376098633
11.883139610290527
2.523660659790039
0.6768703460693359
1.7600059509277344
7.343769073486328
1.092672348022461
3.6933422088623047
4.817962646484375
13.744592666625977
0.5908012390136719
0.051975250244140625
0.5023479461669922
1.9506216049194336
14.271736145019531
12.653589248657227
1.3523101806640625
1.9364356994628906
4.427194595336914
9.15670394897461
5.026102066040039
6.054878234863281
10.301351547241211
15.713691711425781
1.4057159423828125
11.415243148803711
0.0
2.190232276916504
12.845993041992188
12.943029403686523
17.63439178466797
19.16670799255371
4.610896110534668
4.532575607299805
16.51597023010254
2.1491050720214844
0.0
4.088401794433594
0.4608631134033203
12.25423812866211
7.094979286193848
5.395174026489258
5.545377731323242
5.680441856384277
10.132551193237305
1.6376972198486328
7.6694488525390625
9.792804718017578
9.736061096191406
1.4884471893310547
16.914844512939453
4.654884338378906
13.89765739440918
6.061315536499023
9.274959564208984
6.564617156982422
10.543346405029297
4.146814346313477
10.143280029296875
9.37652587890625
11.759757995605469
11.13748550415039
19.518375396728516
16.705036163330078
14.992475509643555
21.290420532226562
23.703336715698242
15.14887809753418
15.234947204589844
20.95508575439453
25.763988494873047
28.54180335998535
24.83224868774414
1.2195110321044922
0.8144378662109375
0.5218982696533203
0.7431507110595703
0.0
0.07534027099609375
0.6365776062011719
0.0
0.25582313537597656
0.8690357208251953
1.3213157653808594
2.036571502685547
1.325845718383789
0.9665489196777344
0.0
0.0
1.2428760528564453
0.9036064147949219
0.37360191345214844
1.4171600341796875
0.06031990051269531
0.3809928894042969
0.0
0.46765804290771484
0.18858909606933594
1.298666000366211
0.37670135498046875
1.0380744934082031
0.18453598022460938
2.2046566009521484
0.3426074981689453
0.11777877807617188
0.05793571472167969
0.48661231994628906
1.2011528015136719
0.0
0.5476474761962891
0.0
0.6134510040283203
0.0
0.3876686096191406
0.70953369140625
0.0
2.9855966567993164
0.0
0.0
0.3094673156738281
1.6028881072998047
0.0
0.15878677368164062
0.0
0.11086463928222656
0.6303787231445312
0.0
0.8995532989501953
1.5017986297607422
0.0
0.0
2.643108367919922
0.14328956604003906
0.052928924560546875
0.0
0.0
0.05698204040527344
2.0618438720703125
0.0
0.202178955078125
0.23865699768066406
0.0
0.7331371307373047
0.062465667724609375
0.0
0.0
0.0
0.0
0.0
0.87738037109375
0.186920166015625
0.2338886260986328
0.6198883056640625
0.9851455688476562
2.4716854095458984
3.9398670196533203
7.642269134521484
5.130529403686523
3.851175308227539
5.957603454589844
1.0728836059570312
0.7264614105224609
7.860422134399414
0.6079673767089844
1.9888877868652344
4.938483238220215
1.2230873107910156
0.3294944763183594
1.5072822570800781
6.368517875671387
9.979486465454102
5.402088165283203
3.810882568359375
8.697986602783203
2.3006200790405273
18.033145904541016
20.3653564453125
19.916534423828125
2.46274471282959
5.1430463790893555
16.2200927734375
1.455068588256836
0.3676414489746094
5.7201385498046875
4.93168830871582
10.878562927246094
2.4051666259765625
0.3731250762939453
6.600379943847656
4.647254943847656
7.671713829040527
23.39542007446289
4.550814628601074
18.39923858642578
1.524209976196289
14.079570770263672
1.893758773803711
40.741920471191406
3.7816762924194336
3.8330554962158203
0.8013248443603516
3.9718151092529297
33.621551513671875
8.405685424804688
3.6079883575439453
0.18310546875
14.992237091064453
3.5238265991210938
2.086162567138672
2.1382570266723633
2.223968505859375
2.0608901977539062
3.5223960876464844
7.699251174926758
5.4798126220703125
6.083846092224121
4.127144813537598
2.559781074523926
1.3897418975830078
4.141688346862793
2.6519298553466797
0.7457733154296875
4.766702651977539
9.644746780395508
3.1762123107910156
11.911511421203613
12.790799140930176
4.155874252319336
4.597663879394531
27.35245132446289
28.624893188476562
11.913299560546875
7.806539535522461
7.410764694213867
1.7800331115722656
1.3031959533691406
1.0824203491210938
1.6623735427856445
3.1392574310302734
4.561185836791992
11.027812957763672
11.806488037109375
5.403876304626465
4.813790321350098
1.4115571975708008
2.094268798828125
3.631114959716797
5.326271057128906
8.513450622558594
11.346817016601562
13.48257064819336
8.390545845031738
22.776365280151367
1.2166500091552734
1.4183521270751953
1.5082359313964844
12.522697448730469
20.71666717529297
10.816335678100586
16.42608642578125
28.95379066467285
11.198639869689941
1.5236139297485352
10.948657989501953
17.25602149963379
13.578653335571289
23.85115623474121
22.014856338500977
22.060155868530273
28.949142456054688
16.07799530029297
50.614715576171875
11.771917343139648
8.949995040893555
17.917274475097656
17.63153076171875
19.170522689819336
30.930042266845703
7.359623908996582
26.314496994018555
15.696287155151367
16.37017822265625
18.907785415649414
19.331336975097656
15.927791595458984
12.948989868164062
16.099571228027344
22.343753814697266
25.83932876586914
22.71294593811035
24.371028900146484
4.703760147094727
12.643098831176758
12.144804000854492
25.39098358154297
20.27273178100586
18.752336502075195
10.330677032470703
15.781402587890625
17.159103393554688
17.609477996826172
23.073911666870117
24.82748031616211
18.02659034729004
12.428045272827148
22.574901580810547
13.240337371826172
11.951208114624023
24.935483932495117
25.727033615112305
22.910356521606445
22.60899543762207
18.209457397460938
16.763805389404297
12.450575828552246
9.732484817504883
9.080767631530762
15.362024307250977
5.316734313964844
13.991832733154297
20.20513916015625
16.50261878967285
21.814346313476562
17.437816619873047
22.542118072509766
15.695571899414062
12.292623519897461
25.037288665771484
18.023014068603516
13.682842254638672
11.34788990020752
20.482301712036133
8.123278617858887
18.676280975341797
17.09377670288086
16.7539119720459
11.014938354492188
11.591911315917969
8.593320846557617
19.72234344482422
16.978740692138672
22.599578857421875
16.710519790649414
15.800714492797852
10.58351993560791
10.084152221679688
9.675741195678711
19.29640769958496
18.045543670654297
14.568328857421875
14.240503311157227
11.702179908752441
19.79374885559082
27.99248695373535
25.136947631835938
20.078420639038086
19.01638412475586
15.760660171508789
24.120092391967773
17.024635314941406
19.37389373779297
10.789871215820312
15.40219783782959
20.90060806274414
12.61436939239502
20.34246826171875
17.88330078125
18.393278121948242
13.726115226745605
17.113924026489258
19.086599349975586
12.596845626831055
11.989712715148926
12.91656494140625
21.157859802246094
16.352294921875
18.164634704589844
17.791152954101562
11.724114418029785
11.151552200317383
13.20350170135498
15.13814926147461
16.295074462890625
7.603287696838379
11.885285377502441
16.213178634643555
4.3801069259643555
9.400606155395508
21.407365798950195
5.057811737060547
6.534934043884277
9.537816047668457
9.888529777526855
2.474546432495117
4.994988441467285
21.86954116821289
5.976200103759766
3.209710121154785
9.337186813354492
8.41212272644043
15.464544296264648
15.981078147888184
9.971141815185547
18.578170776367188
22.913814544677734
26.957988739013672
15.941023826599121
12.304306030273438
17.99666976928711
19.081951141357422
18.131256103515625
22.1353759765625
24.01483154296875
11.844396591186523
51.49948501586914
66.06280517578125
29.744029998779297
25.56836700439453
25.606393814086914
112.13957977294922
47.650455474853516
117.97129821777344
62.22570037841797
81.5987548828125
88.17601013183594
75.85442352294922
77.12090301513672
39.9216423034668
29.423595428466797
25.49886703491211
32.455326080322266
104.85971069335938
105.87382507324219
62.21401596069336
31.87084197998047
28.85913848876953
93.97494506835938
43.14732360839844
64.02802276611328
79.52225494384766
36.13615036010742
33.428550720214844
60.869693756103516
47.80006408691406
53.882240295410156
44.04056167602539
26.70907974243164
22.4916934967041
33.21003723144531
67.1855239868164
74.89073181152344
91.28784942626953
75.87814331054688
72.34513854980469
72.83484649658203
40.95852279663086
65.66548156738281
9.537220001220703
0.1480579376220703
1.249551773071289
2.22015380859375
1.6200542449951172
0.8134841918945312
1.6186237335205078
2.7582645416259766
1.6322135925292969
2.4690628051757812
4.333972930908203
2.256631851196289
0.37157535552978516
2.483487129211426
2.696990966796875
1.8590688705444336
3.5970211029052734
0.12350082397460938
1.493215560913086
8.233785629272461
0.27179718017578125
12.55488395690918
9.245157241821289
6.697416305541992
0.4596710205078125
0.0629425048828125
0.3769397735595703
0.9223222732543945
17.9293155670166
15.498518943786621
15.092849731445312
12.210845947265625
5.368471145629883
10.059475898742676
13.959288597106934
7.245898246765137
13.762593269348145
5.239367485046387
15.649199485778809
5.786776542663574
11.5584135055542
4.148960113525391
7.428884506225586
2.737879753112793
4.935622215270996
5.696415901184082
4.693031311035156
5.262494087219238
3.2241344451904297
11.766552925109863
9.628653526306152
20.54595947265625
23.604154586791992
4.433989524841309
22.840381622314453
22.57990837097168
24.504661560058594
26.34906768798828
17.492176055908203
14.172077178955078
18.45860481262207
20.524024963378906
19.212722778320312
27.60088348388672
12.772321701049805
14.361262321472168
12.996315956115723
25.920032501220703
20.315052032470703
16.557098388671875
18.5699462890625
18.306373596191406
22.229671478271484
19.565820693969727
15.282154083251953
14.34314250946045
15.179157257080078
16.361713409423828
21.337867736816406
19.538284301757812
19.276023864746094
15.535354614257812
17.904996871948242
18.968223571777344
17.422914505004883
102.67937469482422
12.018322944641113
84.12098693847656
21.35634422302246
19.02115249633789
15.894293785095215
18.862009048461914
23.83589744567871
23.33211898803711
23.670673370361328
18.539310455322266
22.68505096435547
24.695158004760742
21.188020706176758
24.958492279052734
25.18093490600586
14.201998710632324
27.776836395263672
16.399383544921875
36.70680618286133
13.2523775100708
24.64044189453125
19.156097412109375
27.799606323242188
29.52682876586914
10.04171371459961
22.410274505615234
17.787456512451172
9.327888488769531
23.557186126708984
15.233516693115234
11.878490447998047
21.430492401123047
16.210914611816406
15.430331230163574
13.115882873535156
18.667102813720703
13.690829277038574
14.729976654052734
18.55158805847168
20.8892822265625
16.441226959228516
14.304757118225098
14.174342155456543
15.248417854309082
13.441085815429688
22.26030731201172
21.34847640991211
10.775446891784668
10.949492454528809
17.572641372680664
11.26551628112793
13.179659843444824
14.031648635864258
14.203548431396484
11.430740356445312
9.439706802368164
13.947606086730957
14.153242111206055
10.520458221435547
10.164618492126465
10.086297988891602
10.38062572479248
7.625579833984375
11.102080345153809
10.150313377380371
9.223103523254395
5.214810371398926
7.605195045471191
0.09918212890625
0.9644031524658203
5.219459533691406
7.3032379150390625
1.0342597961425781
0.18668174743652344
0.3504753112792969
0.20360946655273438
0.0
7.077693939208984
0.060677528381347656
0.5086660385131836
1.2199878692626953
24.682403564453125
20.174741744995117
22.637128829956055
14.057636260986328
8.163928985595703
4.947662353515625
16.070960998535156
2.7064085006713867
9.144783020019531
19.093751907348633
19.367694854736328
27.617813110351562
18.382667541503906
18.8753604888916
13.912081718444824
35.847900390625
16.775846481323242
11.819958686828613
25.406478881835938
19.179105758666992
20.21419906616211
24.4448184967041
28.636573791503906
17.494796752929688
22.475601196289062
24.146915435791016
25.297523498535156
24.0933895111084
18.378496170043945
15.3886079788208
16.86465835571289
15.575289726257324
8.674144744873047
13.50104808807373
11.844277381896973
11.855840682983398
10.997533798217773
10.939717292785645
0.06937980651855469
1.1641979217529297
0.3077983856201172
2.2745132446289062
0.0972747802734375
4.317045211791992
1.2786388397216797
14.421224594116211
4.907369613647461
1.127481460571289
26.03888511657715
14.604806900024414
7.821321487426758
2.967715263366699
18.05508041381836
21.43633270263672
10.50567626953125
22.4609375
16.66915512084961
12.643694877624512
22.229433059692383
19.042253494262695
26.067495346069336
27.28378677368164
14.164924621582031
16.68071746826172
13.73291015625
9.37807559967041
8.736848831176758
4.70733642578125
2.9807090759277344
2.3193359375
7.485389709472656
2.251744270324707
1.019597053527832
9.598374366760254
15.387654304504395
6.5315961837768555
3.464937210083008
10.440587997436523
6.192445755004883
23.638248443603516
11.992692947387695
19.52338218688965
16.579389572143555
16.138671875
26.570558547973633
16.93105697631836
19.67167854309082
17.20905303955078
12.066245079040527
13.938069343566895
14.531254768371582
12.410640716552734
6.773471832275391
0.0
9.799838066101074
2.4297237396240234
14.205217361450195
2.439737319946289
16.472457885742188
6.715297698974609
10.40041446685791
21.9113826751709
23.130535125732422
20.083545684814453
16.986370086669922
11.408448219299316
1.851797103881836
1.9462108612060547
0.5016326904296875
0.0
6.580471992492676
23.847461700439453
6.405234336853027
20.51067352294922
7.140517234802246
14.717936515808105
27.819395065307617
17.378211975097656
15.558123588562012
9.34445858001709
10.55765151977539
0.8666515350341797
0.0
7.807493209838867
12.014150619506836
18.582582473754883
24.078250885009766
2.085089683532715
0.07367134094238281
25.493621826171875
23.703813552856445
18.5239315032959
26.98910140991211
20.321250915527344
14.916777610778809
14.67585563659668
7.747530937194824
9.204268455505371
5.425214767456055
21.03054428100586
18.617034912109375
18.82147789001465
15.179872512817383
12.839198112487793
0.5947351455688477
6.3304901123046875
25.7822265625
22.157787322998047
19.56832504272461
14.9461030960083
14.198780059814453
6.170749664306641
4.21905517578125
18.241287231445312
27.09925079345703
21.08001708984375
5.428552627563477
14.052391052246094
17.05479621887207
1.2667179107666016
4.516720771789551
22.263526916503906
18.221736907958984
3.003835678100586
3.9713382720947266
10.565400123596191
2.9103755950927734
4.411578178405762
14.891982078552246
8.709073066711426
5.033969879150391
7.376432418823242
17.90392303466797
17.511249542236328
16.727806091308594
19.164920806884766
2.583026885986328
13.028979301452637
25.39432144165039
13.989448547363281
17.391563415527344
59.18300247192383
10.447382926940918
5.633115768432617
1.8868446350097656
19.258380889892578
13.150453567504883
22.08423614501953
14.23633098602295
16.942501068115234
57.052730560302734
