9.876351576561311e-42
1.5410690307617188
1.5706863403320312
6.170494079589844
1.6799507141113281
1.4181938171386719
2.146709442138672
8.557537078857422
11.308197021484375
8.1234130859375
18.301082611083984
3.8341217041015625
12.385093688964844
9.36093521118164
11.404239654541016
23.638263702392578
18.60736846923828
10.371013641357422
21.25040054321289
68.67161560058594
8.37369155883789
15.644378662109375
63.589073181152344
83.28228759765625
59.8499755859375
13.044544219970703
14.2833251953125
59.19295120239258
46.076358795166016
8.322582244873047
10.010513305664062
8.248394012451172
49.9793586730957
13.254070281982422
54.09443283081055
31.386512756347656
37.74040222167969
34.23051452636719
7.615764617919922
47.410499572753906
28.00408935546875
42.9769287109375
1.2996444702148438
0.7473945617675781
3.794292449951172
1.4322166442871094
11.286937713623047
2.5177993774414062
9.7677001953125
17.524791717529297
4.999919891357422
23.124465942382812
9.357368469238281
17.454875946044922
50.66459274291992
12.62713623046875
72.9388427734375
7.513935089111328
5.926464080810547
21.185691833496094
0.8628044128417969
0.45476531982421875
7.645702362060547
11.017112731933594
24.827102661132812
15.68515396118164
20.842708587646484
6.357658386230469
66.95973205566406
3.173534393310547
12.831809997558594
32.90019226074219
1.0582046508789062
0.5153732299804688
4.8961334228515625
9.644920349121094
19.404735565185547
19.59349822998047
50.637168884277344
3.3146629333496094
49.25798797607422
29.014575958251953
0.8299217224121094
3.1478500366210938
9.899349212646484
19.290889739990234
16.433135986328125
12.457054138183594
2.1103477478027344
42.028568267822266
3.103290557861328
6.798641204833984
19.37631607055664
1.9784317016601562
24.970596313476562
7.403614044189453
15.983222961425781
7.139926910400391
39.6355094909668
1.2621879577636719
40.90901184082031
13.025398254394531
20.87411880493164
20.872413635253906
1.6486244201660156
4.924282073974609
54.790313720703125
7.164619445800781
45.122833251953125
14.91659164428711
2.4077911376953125
6.665130615234375
33.13161849975586
13.328208923339844
10.116950988769531
42.62498474121094
34.92084884643555
5.039798736572266
21.63611602783203
9.985671997070312
7.040153503417969
36.501243591308594
10.95035171508789
10.47780990600586
9.931816101074219
8.107223510742188
7.495128631591797
9.999565124511719
5.293605804443359
7.476329803466797
3.455760955810547
9.815315246582031
10.302536010742188
13.552986145019531
16.745899200439453
17.232784271240234
11.142250061035156
5.650825500488281
4.94403076171875
11.3846435546875
6.095916748046875
2.2422523498535156
4.299953460693359
3.880584716796875
3.461231231689453
7.234809875488281
9.833637237548828
12.67001724243164
19.400501251220703
14.70003890991211
17.33148193359375
18.97780990600586
19.177059173583984
16.096660614013672
10.15353012084961
8.486957550048828
6.147193908691406
4.832057952880859
3.8239974975585938
4.562477111816406
8.749446868896484
9.918251037597656
0.4766120910644531
0.5367622375488281
3.60003662109375
1.8940315246582031
2.741558074951172
5.602550506591797
3.228851318359375
6.631305694580078
2.4244117736816406
3.065277099609375
4.961673736572266
5.005817413330078
1.7288856506347656
4.6435546875
0.9089279174804688
4.674945831298828
1.6609039306640625
0.3159828186035156
6.94952392578125
0.7278594970703125
2.2856101989746094
11.294597625732422
3.7865982055664062
1.69580078125
2.3252830505371094
2.6821670532226562
8.695598602294922
5.688945770263672
0.6124954223632812
2.2785720825195312
1.6097602844238281
2.4648666381835938
0.3357734680175781
2.532276153564453
0.7786827087402344
1.8883209228515625
3.598407745361328
4.415748596191406
3.1996917724609375
4.177864074707031
2.9855728149414062
2.9995880126953125
0.015727996826171875
2.8321571350097656
0.9980583190917969
4.4481353759765625
2.002716064453125
7.525920867919922
0.3963584899902344
1.9813804626464844
5.263359069824219
0.3565711975097656
3.0545387268066406
0.8654212951660156
1.649078369140625
5.480857849121094
4.202014923095703
1.5903053283691406
3.757061004638672
5.191432952880859
1.4543647766113281
4.3171844482421875
0.4731292724609375
6.727745056152344
0.1273345947265625
4.939884185791016
4.8496856689453125
0.046875
1.4340667724609375
2.789386749267578
0.8423652648925781
0.6803245544433594
4.116985321044922
0.4714508056640625
0.4032402038574219
0.378814697265625
0.8765449523925781
0.05908203125
2.7432403564453125
1.6425361633300781
2.176502227783203
0.9769363403320312
4.090839385986328
0.5398292541503906
2.5873794555664062
0.05011749267578125
0.11691665649414062
0.13946533203125
0.021778106689453125
0.044124603271484375
0.02260589599609375
0.11984634399414062
0.3299598693847656
1.4513053894042969
2.2286109924316406
3.5751419067382812
5.719535827636719
5.149402618408203
7.9482421875
2.947032928466797
2.0515823364257812
2.228588104248047
1.4252777099609375
0.214691162109375
0.14185714721679688
0.23266220092773438
0.18436431884765625
1.7177352905273438
2.160877227783203
2.0243911743164062
1.1377792358398438
0.058567047119140625
0.1667022705078125
0.2843513488769531
0.3258934020996094
0.34635162353515625
0.8444976806640625
2.258991241455078
1.97430419921875
0.43575286865234375
1.4962005615234375
1.5615005493164062
2.28948974609375
7.3725738525390625
2.859302520751953
3.9370765686035156
3.0320053100585938
0.11707687377929688
0.8669662475585938
2.4587020874023438
0.24280929565429688
0.051570892333984375
0.23777008056640625
1.6896591186523438
1.398773193359375
1.3238716125488281
2.763195037841797
6.326358795166016
1.607757568359375
0.18446731567382812
1.2053375244140625
1.1025924682617188
4.601787567138672
0.23481369018554688
0.8196601867675781
5.657337188720703
1.4996833801269531
0.486663818359375
9.62795639038086
0.06394577026367188
5.033489227294922
0.3029365539550781
0.29767608642578125
0.5375938415527344
0.2786102294921875
0.12918472290039062
0.5391807556152344
0.16492462158203125
1.0478096008300781
0.14104461669921875
0.19132614135742188
0.07403564453125
0.12562179565429688
1.7980232238769531
0.0975189208984375
1.8816146850585938
0.051300048828125
0.05751800537109375
0.06119537353515625
0.3939971923828125
0.4992408752441406
1.2339591979980469
1.9687614440917969
2.348613739013672
2.5407676696777344
3.8580245971679688
4.8448028564453125
4.317253112792969
2.2666664123535156
2.0790977478027344
1.4191856384277344
0.5610198974609375
1.2646102905273438
2.09381103515625
1.9671478271484375
0.9629325866699219
1.9070816040039062
0.89569091796875
0.3837127685546875
1.6494331359863281
1.3519210815429688
1.7373733520507812
0.6363639831542969
0.2515411376953125
0.10791015625
0.2589225769042969
0.1812744140625
0.7781944274902344
0.98876953125
0.436187744140625
0.6653594970703125
11.493446350097656
12.146038055419922
1.261871337890625
1.6088218688964844
2.0276222229003906
0.780242919921875
1.0810470581054688
0.3899269104003906
0.8368873596191406
0.9366645812988281
1.3014564514160156
2.8223724365234375
0.6203041076660156
1.66607666015625
10.5159912109375
1.6692962646484375
1.4977531433105469
1.1786956787109375
0.983367919921875
0.568023681640625
10.193771362304688
1.1086311340332031
1.2854080200195312
0.5138130187988281
0.7660713195800781
0.014263153076171875
0.5450553894042969
2.0468711853027344
0.6399574279785156
0.3117256164550781
1.5241279602050781
0.1569976806640625
0.207733154296875
0.14398193359375
0.9145355224609375
0.259613037109375
0.1873626708984375
0.5251197814941406
0.0550689697265625
0.3106536865234375
0.4349327087402344
0.3711585998535156
1.5368156433105469
1.2453117370605469
1.0026130676269531
0.2451934814453125
5.171043395996094
1.669677734375
0.4327430725097656
2.839275360107422
4.942783355712891
0.71246337890625
1.1656951904296875
3.8899383544921875
1.9049415588378906
1.1450462341308594
0.4151268005371094
0.2696380615234375
0.0515899658203125
0.0221099853515625
0.0172119140625
0.006072998046875
0.0086212158203125
0.0185394287109375
0.6236953735351562
5.7939910888671875
6.694774627685547
11.731857299804688
9.041858673095703
8.897224426269531
6.362457275390625
3.2127227783203125
2.23724365234375
2.9034423828125
2.350982666015625
1.4737548828125
2.230243682861328
1.899749755859375
0.3579254150390625
0.016117095947265625
0.10385894775390625
0.06915283203125
0.3578948974609375
4.127960205078125
2.3084945678710938
0.039371490478515625
0.010234832763671875
0.049823760986328125
0.472076416015625
3.2778472900390625
0.7138824462890625
0.063934326171875
0.2685661315917969
0.06428146362304688
0.06565093994140625
2.0068016052246094
0.14321517944335938
0.022205352783203125
0.07109832763671875
0.161376953125
1.1704826354980469
0.3160247802734375
0.03277587890625
0.046695709228515625
0.029388427734375
0.0822601318359375
0.028644561767578125
0.25408935546875
0.524200439453125
0.601165771484375
0.80181884765625
1.1130218505859375
1.880157470703125
12.088542938232422
0.030483245849609375
0.090850830078125
0.2115478515625
0.10245513916015625
0.0706939697265625
7.351169586181641
0.14455413818359375
10.111347198486328
0.65087890625
0.10045242309570312
0.153289794921875
0.4553070068359375
2.1128501892089844
9.543701171875
1.5565948486328125
1.885009765625
0.2064361572265625
0.3221435546875
0.5726318359375
0.8533935546875
1.5006866455078125
4.35986328125
3.681659698486328
5.8202056884765625
10.251697540283203
0.04547882080078125
10.089065551757812
0.13620376586914062
0.2906036376953125
0.1076202392578125
0.1027069091796875
0.2292327880859375
0.6327743530273438
0.9306488037109375
3.2488861083984375
0.8516654968261719
1.3811988830566406
4.63922119140625
6.522941589355469
0.11521530151367188
6.0439605712890625
0.395477294921875
8.425338745117188
1.1082305908203125
7.225837707519531
8.284217834472656
4.1376953125
0.16912841796875
0.5410804748535156
0.59857177734375
3.1121063232421875
1.1256866455078125
5.472412109375
7.998908996582031
5.9050750732421875
1.3249740600585938
0.105010986328125
1.1643218994140625
2.368602752685547
5.356517791748047
1.1562042236328125
0.077423095703125
0.09076309204101562
1.028167724609375
5.851470947265625
1.3798675537109375
5.00762939453125
0.2317352294921875
0.2936744689941406
7.680171966552734
0.7310638427734375
5.7857818603515625
8.136978149414062
1.45343017578125
5.0728302001953125
1.416656494140625
4.812461853027344
0.496551513671875
0.938812255859375
5.596973419189453
3.505687713623047
3.4971923828125
2.2833099365234375
2.0818634033203125
1.88043212890625
5.414825439453125
6.227386474609375
7.205757141113281
6.3116455078125
6.6606597900390625
9.043724060058594
0.671783447265625
0.7379150390625
0.8691864013671875
1.6484413146972656
0.9977569580078125
2.492412567138672
4.797187805175781
3.96026611328125
5.779087066650391
10.022285461425781
29.137958526611328
1.4487419128417969
2.6772232055664062
6.533294677734375
24.47115707397461
3.1234054565429688
7.260368347167969
0.8784942626953125
10.522186279296875
14.518451690673828
9.602962493896484
14.497802734375
15.218864440917969
2.8017349243164062
4.2978973388671875
4.619274139404297
9.8890380859375
8.683792114257812
18.24431610107422
15.93988037109375
27.045421600341797
29.262279510498047
24.041202545166016
29.552406311035156
39.09733963012695
33.330810546875
23.889598846435547
24.82281494140625
21.045005798339844
18.381580352783203
11.877147674560547
17.611949920654297
17.779754638671875
17.306949615478516
10.35968017578125
14.273933410644531
13.158832550048828
34.32474136352539
23.737964630126953
11.511878967285156
9.236156463623047
11.85831069946289
29.85901641845703
28.700199127197266
29.573780059814453
22.081466674804688
8.240608215332031
10.085174560546875
27.936595916748047
6.675205230712891
8.315067291259766
25.81692886352539
8.826377868652344
26.014293670654297
28.17734146118164
31.09197998046875
29.721515655517578
28.351036071777344
28.138137817382812
10.34823226928711
10.577354431152344
10.954540252685547
14.492088317871094
15.073444366455078
5.257099151611328
2.1806488037109375
6.9731903076171875
5.487377166748047
4.334506988525391
5.873905181884766
0.4454345703125
3.6347503662109375
5.307579040527344
0.3628196716308594
3.9990463256835938
0.00714111328125
0.0
0.0
0.0
0.0
0.2511253356933594
0.001129150390625
0.16896820068359375
0.0
0.08740234375
0.0
0.0
0.0
0.0
0.0040130615234375
0.0247650146484375
0.0047607421875
0.02593994140625
0.0625457763671875
0.0432891845703125
0.157958984375
0.0491790771484375
0.40716552734375
0.281585693359375
0.56378173828125
0.536773681640625
0.54681396484375
0.7877349853515625
0.871368408203125
0.789642333984375
0.9582176208496094
1.0175895690917969
3.4107627868652344
1.9556007385253906
0.9626541137695312
2.3449668884277344
1.13568115234375
10.890541076660156
1.645233154296875
4.480537414550781
4.6709136962890625
2.9337730407714844
12.605236053466797
4.378986358642578
8.52676010131836
6.180850982666016
7.197444915771484
8.223228454589844
7.755859375
14.641345977783203
11.250541687011719
12.361213684082031
15.951427459716797
14.663768768310547
14.151485443115234
14.655342102050781
26.599483489990234
24.73321533203125
18.726802825927734
15.820919036865234
22.148601531982422
21.437725067138672
14.080245971679688
18.238719940185547
22.284149169921875
18.616714477539062
19.87065887451172
26.152835845947266
30.124481201171875
27.744247436523438
25.748497009277344
16.54327392578125
28.96617889404297
28.561378479003906
20.932132720947266
19.102108001708984
25.898242950439453
31.18215560913086
30.87409210205078
21.688220977783203
17.769073486328125
25.10511016845703
11.726051330566406
28.799880981445312
2.34259033203125
33.80874252319336
30.207725524902344
8.849205017089844
34.121673583984375
27.42941665649414
6.32843017578125
26.991619110107422
5.1277923583984375
14.305294036865234
3.796733856201172
24.659130096435547
15.180938720703125
17.071998596191406
21.364559173583984
9.46295166015625
18.21862030029297
20.266456604003906
12.457256317138672
21.297100067138672
2.9979400634765625
5.121318817138672
24.590351104736328
8.12872314453125
7.518196105957031
22.852764129638672
23.81005096435547
21.678524017333984
10.976814270019531
13.259521484375
13.274101257324219
23.434612274169922
22.299652099609375
22.88817596435547
25.690170288085938
21.45077896118164
20.004127502441406
12.88031005859375
24.041255950927734
20.137466430664062
9.184070587158203
19.815711975097656
16.20148468017578
7.8065032958984375
11.685562133789062
12.778770446777344
14.620353698730469
8.176509857177734
3.3734092712402344
7.3178253173828125
12.14260482788086
9.034347534179688
5.059913635253906
13.384654998779297
4.5560302734375
4.636180877685547
3.585041046142578
13.569023132324219
12.844955444335938
2.9585189819335938
0.15908050537109375
3.265796661376953
1.0564422607421875
0.0
0.0
0.0
0.07218551635742188
0.02789306640625
0.0
0.0120391845703125
0.0069122314453125
0.012481689453125
0.0598907470703125
0.1442413330078125
0.33770751953125
0.5224609375
0.9530982971191406
1.3729400634765625
0.8541259765625
6.505218505859375
1.5645256042480469
2.381500244140625
9.70831298828125
14.596675872802734
25.940200805664062
22.85953140258789
20.44916534423828
26.36505889892578
25.940601348876953
25.633914947509766
27.346477508544922
25.86309814453125
16.121551513671875
19.982154846191406
24.857646942138672
2.0052947998046875
14.327537536621094
20.241313934326172
23.836700439453125
23.837413787841797
22.800521850585938
22.844348907470703
15.809505462646484
29.049942016601562
29.223278045654297
19.415050506591797
13.613597869873047
14.116947174072266
8.801315307617188
4.1026458740234375
2.370746612548828
0.12099075317382812
0.0
0.0
0.02518463134765625
0.0
0.0075836181640625
0.020751953125
0.004180908203125
0.0159759521484375
0.112213134765625
0.2491607666015625
0.6051177978515625
0.6632766723632812
1.8292160034179688
6.057609558105469
4.499866485595703
17.466033935546875
16.96502685546875
21.836437225341797
9.985565185546875
28.560958862304688
24.471797943115234
29.555278778076172
10.401134490966797
22.314403533935547
30.369808197021484
12.761550903320312
10.57718276977539
13.10601806640625
4.476459503173828
0.06409835815429688
2.4091758728027344
0.0
0.0042572021484375
0.0095672607421875
0.08319091796875
0.622406005859375
1.3548812866210938
0.789642333984375
4.058979034423828
5.934364318847656
9.009563446044922
11.375137329101562
28.491924285888672
23.223678588867188
26.830577850341797
2.161884307861328
17.745071411132812
22.763755798339844
21.767738342285156
9.199443817138672
12.23422622680664
7.930828094482422
12.643074035644531
0.0
0.01513671875
0.0053863525390625
0.251251220703125
0.226318359375
1.7259521484375
2.3194618225097656
6.724460601806641
13.471954345703125
14.69552230834961
7.2706756591796875
14.396961212158203
13.531978607177734
4.397590637207031
0.0
0.0
0.0092926025390625
0.0141143798828125
0.04791259765625
0.25335693359375
2.284069061279297
4.437812805175781
2.97900390625
21.932945251464844
10.807769775390625
20.078086853027344
14.17181396484375
10.731208801269531
0.0
0.0
5.304813385009766
5.196453094482422
10.240402221679688
21.767120361328125
0.0
0.0
4.0237884521484375
9.264381408691406
6.16387939453125
21.242725372314453
21.162799835205078
19.239700317382812
10.44460678100586
14.661369323730469
13.288925170898438
4.429786682128906
23.40140151977539
4.5911712646484375
24.395618438720703
15.560077667236328
17.66231918334961
0.008209228515625
7.635780334472656
7.478473663330078
15.272815704345703
24.834712982177734
25.56914520263672
16.57321548461914
13.080596923828125
4.4720916748046875
1.9119110107421875
19.559322357177734
29.346324920654297
4.057025909423828
0.0349273681640625
26.109756469726562
4.180675506591797
0.0
12.46590805053711
25.93305206298828
2.5190353393554688
1.0111427307128906
12.776596069335938
1.2411003112792969
10.777088165283203
30.654281616210938
12.082263946533203
1.0657463073730469
13.901309967041016
28.81067657470703
28.152610778808594
3.5664520263671875
26.967060089111328
0.24853515625
15.649028778076172
18.767345428466797
7.261814117431641
18.81816864013672
20.819263458251953
11.158943176269531
0.7572479248046875
0.0
27.807903289794922
2.9792633056640625
29.944656372070312
4.059577941894531
20.284526824951172
26.131649017333984
