9.876351576561311e-42
0.23438644409179688
0.9359226226806641
0.0055599212646484375
0.17449378967285156
0.050057411193847656
0.7831268310546875
1.5087108612060547
1.2709274291992188
1.2649965286254883
1.7105522155761719
2.280792236328125
2.4633255004882812
0.3124198913574219
0.34181976318359375
1.9508161544799805
2.1979408264160156
0.45076560974121094
3.0496063232421875
0.4790630340576172
0.3170185089111328
1.9076614379882812
0.28059959411621094
0.5525321960449219
0.11041736602783203
1.5267438888549805
2.476212501525879
0.17179393768310547
0.013601303100585938
1.0642576217651367
0.10878562927246094
1.1135063171386719
0.052001953125
1.0179405212402344
0.03501701354980469
0.02240467071533203
0.0057220458984375
0.0093841552734375
1.0508203506469727
0.002288818359375
0.03466224670410156
0.009832382202148438
0.5302286148071289
1.5897817611694336
0.027811050415039062
0.4626121520996094
3.378994941711426
3.0743541717529297
0.23611831665039062
2.3780574798583984
1.6510553359985352
2.1134166717529297
0.7696313858032227
3.0889787673950195
0.8704624176025391
0.9361629486083984
0.2058868408203125
0.16914749145507812
1.0399255752563477
0.048336029052734375
1.1485862731933594
0.684443473815918
0.1826925277709961
4.340008735656738
1.8527240753173828
1.0165328979492188
2.9573793411254883
0.34769153594970703
1.736532211303711
0.10350799560546875
0.13085365295410156
0.0245819091796875
0.8260717391967773
2.8238306045532227
0.48291683197021484
3.8832740783691406
1.5649585723876953
2.566035270690918
2.920534133911133
0.16263771057128906
0.02135181427001953
0.04031562805175781
3.2772207260131836
2.5508108139038086
4.886861801147461
2.728631019592285
1.8273916244506836
1.5496864318847656
0.13971328735351562
0.0055866241455078125
3.131077766418457
1.4599313735961914
3.9857959747314453
0.171661376953125
0.07766532897949219
1.7179431915283203
1.6719541549682617
1.1030454635620117
0.003482818603515625
2.9886913299560547
2.7135839462280273
1.4344654083251953
0.12222099304199219
0.06714630126953125
2.5512542724609375
2.0433835983276367
1.596323013305664
1.0866270065307617
0.008481025695800781
0.18845176696777344
2.8517074584960938
1.1588478088378906
1.1206293106079102
0.3089637756347656
0.6379203796386719
0.29044151306152344
0.023537635803222656
1.4111566543579102
0.04532051086425781
2.2276878356933594
0.1411905288696289
0.09450817108154297
0.22233200073242188
0.07777214050292969
0.4491901397705078
0.14054489135742188
0.30545997619628906
0.30449485778808594
1.070596694946289
0.4417686462402344
0.22176361083984375
3.0554609298706055
0.5855274200439453
1.1052799224853516
1.737717628479004
1.737548828125
3.6750640869140625
0.2596721649169922
0.171661376953125
0.1318988800048828
0.14500808715820312
0.10776519775390625
0.22772884368896484
0.1996936798095703
0.171661376953125
0.23101234436035156
0.5386753082275391
0.9390468597412109
2.502047538757324
1.4032716751098633
2.4076719284057617
3.7988128662109375
3.892303466796875
3.2036027908325195
1.249587059020996
1.0631437301635742
1.078333854675293
1.0065364837646484
1.0192022323608398
1.012502670288086
1.0615711212158203
1.0736083984375
0.02504444122314453
0.007487297058105469
0.13487815856933594
0.033435821533203125
0.14879894256591797
0.03349590301513672
0.19380855560302734
0.4710702896118164
0.12487411499023438
0.5369443893432617
0.029150962829589844
0.43674468994140625
1.0840444564819336
0.19531631469726562
1.1475763320922852
0.9827299118041992
2.1667861938476562
0.8594608306884766
1.206451416015625
0.6154813766479492
2.0314559936523438
0.8114900588989258
0.4430665969848633
0.9415082931518555
1.1502714157104492
1.2829837799072266
1.4015531539916992
1.3422718048095703
0.8391942977905273
0.7232599258422852
0.73388671875
1.4462261199951172
1.0080995559692383
1.8215065002441406
0.05116558074951172
0.011734962463378906
0.10007095336914062
0.11364936828613281
0.08696842193603516
0.01657867431640625
0.9453134536743164
0.6916646957397461
1.1478538513183594
1.2038383483886719
2.24228572845459
1.1289520263671875
0.6047306060791016
1.4806032180786133
1.5534610748291016
0.07729148864746094
0.30989837646484375
1.4061498641967773
1.6478567123413086
0.7970285415649414
0.16278553009033203
0.18598365783691406
1.8665094375610352
0.8060054779052734
2.149751663208008
0.3604001998901367
2.5266027450561523
2.053229331970215
0.1347064971923828
0.41292572021484375
1.3073511123657227
0.1418933868408203
0.6805610656738281
1.3762178421020508
1.4148130416870117
0.2138500213623047
0.1381216049194336
0.2856931686401367
0.7562570571899414
0.08805179595947266
1.3833980560302734
0.3525552749633789
2.4901628494262695
1.1770048141479492
0.7073097229003906
1.0375194549560547
0.7205982208251953
0.7133169174194336
0.43201255798339844
0.8822212219238281
0.690037727355957
0.35666465759277344
1.9250640869140625
1.956918716430664
0.92767333984375
0.7194356918334961
0.9743242263793945
1.3066272735595703
1.113286018371582
0.8843650817871094
0.8071079254150391
0.5264482498168945
0.9969072341918945
0.8445034027099609
0.38631534576416016
0.002841949462890625
0.0014209747314453125
0.0033044815063476562
0.0
0.0
0.0
0.0
0.0
0.014192581176757812
0.012235641479492188
0.020723342895507812
0.03500080108642578
0.010689735412597656
0.0
0.0
0.0
0.0
0.06380367279052734
2.0252676010131836
1.7183046340942383
0.00324249267578125
0.4320106506347656
2.5728302001953125
0.4492807388305664
0.7145843505859375
0.0
0.6071319580078125
0.006613731384277344
0.0032672882080078125
0.019168853759765625
0.04228019714355469
0.0
0.008362770080566406
0.0
1.4113750457763672
0.7655067443847656
0.20719432830810547
0.0
0.5828676223754883
0.012048721313476562
0.0
0.14020729064941406
0.008816719055175781
0.10810375213623047
0.0
0.008152008056640625
0.13101768493652344
0.3323802947998047
0.0035305023193359375
0.5002422332763672
0.017015457153320312
0.09813976287841797
0.0
0.05334663391113281
0.003818511962890625
0.0
0.0
0.0199127197265625
0.0
0.059264183044433594
0.00010967254638671875
0.0
0.0028810501098632812
0.0006666183471679688
0.06518173217773438
0.0016107559204101562
0.03177833557128906
0.004833221435546875
0.0020017623901367188
0.006068229675292969
0.0382232666015625
0.030584335327148438
0.01981830596923828
0.009050369262695312
0.0049266815185546875
0.007986068725585938
0.04693317413330078
0.2083587646484375
0.37322235107421875
0.09151935577392578
0.17682933807373047
0.02723217010498047
0.5487689971923828
0.04486846923828125
0.054671287536621094
0.08617305755615234
0.10227680206298828
0.15938091278076172
1.3715143203735352
1.2725563049316406
2.937765121459961
1.1886405944824219
3.3027400970458984
1.511068344116211
1.9330577850341797
2.2869997024536133
1.084096908569336
1.4995355606079102
2.551656723022461
1.845597267150879
0.13261032104492188
0.2624702453613281
2.984074592590332
2.7928895950317383
0.916325569152832
0.054370880126953125
0.10726547241210938
0.1090250015258789
4.277715682983398
1.4974842071533203
3.7947616577148438
2.2607507705688477
3.3541431427001953
1.8291397094726562
1.465662956237793
2.1542673110961914
3.3045616149902344
1.554612159729004
0.1011800765991211
3.8833560943603516
4.672111511230469
2.451566696166992
2.8682661056518555
0.0678262710571289
1.6817054748535156
4.332812309265137
3.715640068054199
1.2106313705444336
1.057866096496582
2.0136022567749023
4.024209976196289
0.7339048385620117
2.912557601928711
1.004704475402832
1.1957063674926758
1.7036561965942383
1.8034486770629883
1.4006280899047852
2.0536556243896484
1.7276201248168945
0.925318717956543
1.8500471115112305
3.542879104614258
1.4284677505493164
4.039719581604004
3.4998912811279297
2.0081701278686523
0.5230035781860352
3.8204574584960938
2.579403877258301
0.9943084716796875
3.1785335540771484
3.784463882446289
0.9890613555908203
1.2083206176757812
2.7811355590820312
0.37034034729003906
0.09897518157958984
0.37364959716796875
0.2058401107788086
1.1671733856201172
1.5047273635864258
1.798060417175293
1.5894250869750977
1.4571962356567383
1.9887828826904297
2.0840654373168945
3.115828514099121
4.06471061706543
4.064932823181152
4.115674018859863
3.4761972427368164
3.111575126647949
2.8458147048950195
1.8810205459594727
2.402369499206543
1.7209444046020508
1.5636491775512695
0.9045791625976562
0.055144309997558594
0.4739351272583008
0.07303333282470703
0.1312999725341797
0.031982421875
0.1537628173828125
2.4230823516845703
0.6658735275268555
0.5890712738037109
0.06932544708251953
0.02366352081298828
0.43424415588378906
1.4654664993286133
0.8878393173217773
0.08840560913085938
0.08387565612792969
1.1172866821289062
0.07971382141113281
1.1620779037475586
0.12925052642822266
0.07036209106445312
0.051232337951660156
0.09122180938720703
1.8086519241333008
0.1495199203491211
1.1910076141357422
0.6717605590820312
0.6469488143920898
0.14553546905517578
0.115386962890625
0.17128276824951172
0.27358341217041016
0.36487579345703125
0.7363853454589844
1.358342170715332
1.6512489318847656
2.05712890625
0.015360832214355469
0.02630615234375
0.07056522369384766
0.2563199996948242
0.04341888427734375
2.9278860092163086
0.08857917785644531
2.2802772521972656
0.9616107940673828
0.17685222625732422
1.1632871627807617
1.7678031921386719
0.7064380645751953
1.461665153503418
0.7836370468139648
0.8383102416992188
1.900010108947754
2.55819034576416
1.9978065490722656
2.3154916763305664
1.012908935546875
0.9948101043701172
1.8824043273925781
1.997140884399414
1.1991729736328125
0.013853073120117188
2.398484230041504
0.038768768310546875
0.19546890258789062
0.06599712371826172
0.13880348205566406
1.5166044235229492
1.0199804306030273
2.63287353515625
0.5904712677001953
2.691823959350586
2.8254547119140625
1.8018131256103516
1.7226371765136719
0.024923324584960938
3.219106674194336
0.45046234130859375
2.527289390563965
1.735239028930664
1.4481134414672852
1.4834775924682617
3.250213623046875
0.0675811767578125
0.24142837524414062
2.8957443237304688
0.6240673065185547
1.288970947265625
1.1831207275390625
1.200662612915039
3.125293731689453
0.3029193878173828
0.10075759887695312
1.7297000885009766
1.0058355331420898
1.0967731475830078
0.730778694152832
0.8099842071533203
1.2418498992919922
1.9609222412109375
1.9963512420654297
1.123764991760254
1.362187385559082
0.17188262939453125
1.3038063049316406
1.0760269165039062
1.786128044128418
1.4157981872558594
0.8865070343017578
2.008180618286133
1.2053050994873047
1.5659732818603516
1.0702714920043945
1.365762710571289
2.095600128173828
1.7212047576904297
1.263397216796875
1.1156511306762695
1.525918960571289
1.262613296508789
0.9993076324462891
0.9959793090820312
1.0362815856933594
0.9536647796630859
0.8339729309082031
0.7614555358886719
0.8197746276855469
0.8658599853515625
1.100229263305664
1.000640869140625
0.181243896484375
0.5567340850830078
0.8698921203613281
0.029985427856445312
0.10679435729980469
0.0411529541015625
0.0
0.00751495361328125
0.2959136962890625
0.6097831726074219
0.005340576171875
0.0043487548828125
0.18359947204589844
0.009614944458007812
0.7489185333251953
0.0
0.0
0.008180618286132812
0.0
0.0044078826904296875
0.4181938171386719
0.07268905639648438
0.4015960693359375
0.35651206970214844
0.016361236572265625
0.28597068786621094
0.008817672729492188
0.0019321441650390625
0.27431678771972656
0.47554779052734375
0.04419708251953125
0.00011444091796875
0.003509521484375
0.3991584777832031
0.0289459228515625
0.48324012756347656
0.09133529663085938
0.1478595733642578
0.6277503967285156
0.1780719757080078
0.17231369018554688
0.2159252166748047
0.4155158996582031
0.14402008056640625
0.02215576171875
0.3227691650390625
0.3693580627441406
0.20898056030273438
0.3743762969970703
0.0
0.21377182006835938
0.02555084228515625
0.05098724365234375
0.18445968627929688
0.3140068054199219
0.013292312622070312
0.2211475372314453
0.2822589874267578
0.0475921630859375
0.2996807098388672
0.026584625244140625
0.18523025512695312
0.1461505889892578
0.10597419738769531
0.06579971313476562
0.15322494506835938
0.17837142944335938
0.26905059814453125
0.38153839111328125
0.449249267578125
0.5651893615722656
0.32289791107177734
0.016661643981933594
0.41922950744628906
0.6090526580810547
0.8906211853027344
1.4831323623657227
1.6508474349975586
1.9273309707641602
1.3013639450073242
1.5254020690917969
1.0481481552124023
0.7801427841186523
0.6907453536987305
0.36084747314453125
0.34619712829589844
0.3158378601074219
0.9268407821655273
0.8640279769897461
0.5876255035400391
0.4825458526611328
0.2614631652832031
0.8224315643310547
0.5167484283447266
0.29138946533203125
0.676513671875
1.745443344116211
1.9244451522827148
0.43720149993896484
0.8639869689941406
0.9838409423828125
0.312835693359375
0.9360256195068359
0.41693878173828125
0.8196163177490234
0.7926921844482422
0.8541965484619141
1.0335540771484375
1.0876283645629883
1.267374038696289
1.1154403686523438
1.1984996795654297
1.043614387512207
0.9829616546630859
1.350900650024414
1.0378618240356445
1.1467514038085938
1.2096567153930664
1.0644416809082031
1.2609930038452148
1.1462059020996094
1.006535530090332
0.6150646209716797
1.2122364044189453
1.1934785842895508
0.8585739135742188
0.7874965667724609
1.1341724395751953
1.0057430267333984
1.0117435455322266
0.9952507019042969
0.9704494476318359
1.0136470794677734
1.079559326171875
1.221963882446289
1.0184545516967773
0.9527158737182617
0.8604536056518555
0.3261127471923828
1.236607551574707
0.8268775939941406
1.410843849182129
1.0259361267089844
0.9617595672607422
1.5611534118652344
0.8196439743041992
0.9600105285644531
1.1021509170532227
0.8703756332397461
0.9811878204345703
1.0815629959106445
1.138803482055664
1.0188798904418945
0.9671974182128906
1.1788883209228516
0.9924602508544922
0.5747184753417969
1.0313758850097656
0.7498054504394531
1.0066089630126953
1.1597042083740234
1.0485286712646484
0.8576974868774414
1.266097068786621
1.0422391891479492
1.0167179107666016
0.6738967895507812
1.1846628189086914
1.0204191207885742
0.9751396179199219
1.0272016525268555
0.9106569290161133
0.9480876922607422
0.8596954345703125
0.7408313751220703
0.4955902099609375
0.6223602294921875
0.8924102783203125
0.8250284194946289
0.4853363037109375
0.9816923141479492
1.0503864288330078
0.3586578369140625
0.3935813903808594
0.8557777404785156
1.0240983963012695
1.0041046142578125
0.8125896453857422
0.9000816345214844
1.0227775573730469
0.9089183807373047
0.5509204864501953
0.8480491638183594
0.45563507080078125
0.9094867706298828
1.0414485931396484
0.9028739929199219
0.8370161056518555
0.7716484069824219
0.7211465835571289
0.8008213043212891
0.630671501159668
0.8961877822875977
0.9222183227539062
0.5713615417480469
0.8162622451782227
0.6711759567260742
0.6780529022216797
0.9011173248291016
0.5491418838500977
0.782806396484375
0.8850317001342773
0.7214365005493164
0.7411346435546875
0.8633823394775391
0.8731403350830078
0.631709098815918
0.7581577301025391
0.8639755249023438
0.605402946472168
0.8577680587768555
0.8919486999511719
0.8517589569091797
0.5334663391113281
0.5868244171142578
0.07457447052001953
1.2701292037963867
1.739837646484375
0.8751897811889648
0.7548141479492188
0.6266803741455078
0.9756298065185547
0.9169807434082031
0.8915786743164062
0.3594532012939453
1.9559316635131836
0.8722305297851562
1.8906192779541016
0.8658733367919922
0.8544044494628906
0.8148612976074219
0.9239959716796875
1.0323772430419922
1.0132322311401367
1.1938152313232422
1.4004859924316406
1.0496139526367188
1.0960330963134766
0.5645713806152344
1.2054882049560547
1.1007061004638672
1.0901145935058594
0.8397579193115234
0.9840660095214844
0.9783096313476562
0.9592790603637695
0.9296951293945312
1.078481674194336
0.7838649749755859
1.0629901885986328
1.2108640670776367
0.6105613708496094
0.43491554260253906
0.9228849411010742
0.9345760345458984
0.9840679168701172
0.553095817565918
0.6371212005615234
0.8037185668945312
0.8436956405639648
0.2938423156738281
0.8954048156738281
0.8744449615478516
0.7979440689086914
0.5283470153808594
0.8046779632568359
0.06396293640136719
1.2445707321166992
0.8615150451660156
0.3062171936035156
1.284780502319336
0.3524208068847656
1.771820068359375
0.5707626342773438
1.3663835525512695
0.7389659881591797
0.6708774566650391
0.6439037322998047
0.784393310546875
1.2795381546020508
0.9798240661621094
1.0748443603515625
1.0469837188720703
0.46422767639160156
1.1505317687988281
0.9246349334716797
0.9957418441772461
1.3598594665527344
0.8937187194824219
0.8235015869140625
0.8101005554199219
0.42850494384765625
0.8836193084716797
0.7118806838989258
0.6043605804443359
0.6034202575683594
0.09758186340332031
0.902247428894043
1.5432052612304688
0.5982036590576172
1.4847631454467773
1.1900691986083984
0.5087547302246094
0.8434438705444336
1.480386734008789
1.229055404663086
0.9873905181884766
1.015512466430664
0.9375295639038086
1.2831716537475586
1.1002883911132812
1.009511947631836
0.7443103790283203
0.6647434234619141
0.5394058227539062
0.7906045913696289
0.3533315658569336
0.614863395690918
0.8096714019775391
0.8427181243896484
0.673370361328125
0.7298574447631836
0.3426380157470703
1.1385517120361328
0.5876827239990234
0.7014226913452148
1.2427921295166016
0.9985504150390625
0.9832773208618164
1.1454753875732422
0.6630096435546875
0.9484996795654297
0.5329513549804688
0.8230524063110352
0.21789836883544922
0.5659503936767578
0.7707853317260742
1.713191032409668
1.0111322402954102
0.6171646118164062
0.5314617156982422
1.0847148895263672
1.0727434158325195
0.9317798614501953
0.5191287994384766
1.086256980895996
0.7469902038574219
0.7063484191894531
0.6769733428955078
0.8095312118530273
1.478245735168457
1.1288442611694336
0.9313697814941406
0.8893423080444336
1.213296890258789
0.5328845977783203
1.0272674560546875
1.0601940155029297
1.0144882202148438
0.8348102569580078
1.1958303451538086
0.6438999176025391
0.846623420715332
0.685215950012207
0.6842079162597656
0.6140785217285156
0.4132118225097656
1.1722946166992188
0.7769756317138672
0.9051761627197266
0.797327995300293
0.7792787551879883
0.5976133346557617
1.0972070693969727
0.9746208190917969
1.0807771682739258
0.9817047119140625
0.9146833419799805
0.87176513671875
0.6651010513305664
0.7066841125488281
0.60546875
1.0243864059448242
0.971165657043457
1.2580604553222656
0.4105377197265625
1.040872573852539
1.4473886489868164
0.2966747283935547
0.8344802856445312
0.9910259246826172
2.0869903564453125
2.1698265075683594
0.7247943878173828
1.8853025436401367
1.0565290451049805
1.0227594375610352
0.9256210327148438
1.7214555740356445
0.9714317321777344
1.1046161651611328
1.2493324279785156
0.6756916046142578
1.1864748001098633
1.4538249969482422
0.7859296798706055
0.6969795227050781
0.754364013671875
0.7247600555419922
0.6661968231201172
0.6482772827148438
1.5972490310668945
0.3223896026611328
1.2762136459350586
0.6435527801513672
1.1615428924560547
0.9083518981933594
0.7837142944335938
0.8669357299804688
