9.876351576561311e-42
7.091522216796875
9.80687141418457
1.9841194152832031
9.183645248413086
4.903554916381836
10.135173797607422
8.853435516357422
5.842804908752441
0.08153915405273438
10.095596313476562
4.1686296463012695
0.6873607635498047
1.1664628982543945
1.0417699813842773
12.405991554260254
0.0
3.5201311111450195
0.0
10.923147201538086
0.06699562072753906
0.0
15.926480293273926
13.422966003417969
13.16225528717041
0.0
0.0
4.419445991516113
3.117680549621582
1.3616085052490234
1.5882253646850586
0.0
2.000093460083008
1.5217065811157227
0.8320808410644531
3.660917282104492
6.000638008117676
3.353595733642578
0.41556358337402344
3.5663843154907227
4.471302032470703
5.548238754272461
8.091568946838379
1.6095638275146484
2.2934675216674805
13.184547424316406
12.490630149841309
1.7604827880859375
1.5600919723510742
19.154787063598633
0.0
0.0
8.350014686584473
0.0
16.814350128173828
1.7328262329101562
5.407810211181641
0.7832050323486328
0.16069412231445312
4.292488098144531
6.475687026977539
0.0
3.919839859008789
18.162845611572266
13.153672218322754
0.3924369812011719
0.0
1.6188621520996094
17.813444137573242
0.6071329116821289
3.2677650451660156
5.619168281555176
8.478641510009766
2.232074737548828
6.340742111206055
13.178110122680664
0.11348724365234375
0.0
19.329547882080078
0.888824462890625
1.528024673461914
6.083011627197266
4.251956939697266
0.0
10.070562362670898
0.0
0.0
0.0
0.19598007202148438
4.760980606079102
0.3139972686767578
10.720610618591309
0.0
0.09632110595703125
8.609294891357422
0.12922286987304688
3.80098819732666
0.19168853759765625
3.831148147583008
9.539127349853516
14.295697212219238
3.100872039794922
8.226633071899414
5.676031112670898
14.39368724822998
0.6163120269775391
8.370637893676758
1.2140274047851562
4.1152238845825195
6.137967109680176
11.128544807434082
0.0
5.274415016174316
4.937648773193359
0.23281574249267578
6.071686744689941
5.474567413330078
12.560844421386719
3.804802894592285
7.730960845947266
0.0
3.5333633422851562
1.0924339294433594
1.5592575073242188
1.0703802108764648
0.5613565444946289
0.5320310592651367
1.0863542556762695
0.0
0.45120716094970703
0.2853870391845703
10.916471481323242
0.1207590103149414
1.085042953491211
0.4743337631225586
1.3145208358764648
5.644559860229492
0.3198385238647461
0.0
1.1355876922607422
0.0
0.30493736267089844
1.402139663696289
0.5364418029785156
0.0
0.0
0.3935098648071289
1.306295394897461
0.9726285934448242
1.2727975845336914
0.07152557373046875
0.2562999725341797
0.0
0.0
0.0
0.0
0.0
0.0
0.0
0.2498626708984375
0.38433074951171875
0.2257823944091797
9.007930755615234
11.333584785461426
7.803201675415039
6.420373916625977
11.733055114746094
5.765438079833984
10.761618614196777
8.887887001037598
6.767868995666504
4.880428314208984
7.955670356750488
13.266324996948242
10.25390625
17.489315032958984
8.876323699951172
14.192819595336914
16.3421630859375
35.95304489135742
8.409380912780762
23.386478424072266
11.632680892944336
16.652225494384766
7.250547409057617
30.059932708740234
9.203910827636719
1.656651496887207
17.661930084228516
14.47916030883789
2.1905899047851562
10.175347328186035
5.499839782714844
9.551644325256348
1.3415813446044922
6.009221076965332
9.994149208068848
4.183292388916016
5.667448043823242
7.969498634338379
6.9512128829956055
3.4563541412353516
9.957551956176758
17.752052307128906
21.381378173828125
28.789043426513672
29.317378997802734
2.512216567993164
16.481517791748047
16.531585693359375
33.23304748535156
6.86490535736084
8.258819580078125
20.404220581054688
5.999326705932617
25.111675262451172
7.414102554321289
5.095005035400391
12.270808219909668
9.992480278015137
6.2896013259887695
9.155750274658203
13.159990310668945
13.689756393432617
5.416989326477051
4.928469657897949
14.351487159729004
5.523800849914551
6.906390190124512
26.75795555114746
2.817511558532715
6.074190139770508
6.510615348815918
8.368134498596191
5.586743354797363
6.798744201660156
0.8118152618408203
9.442448616027832
19.318462371826172
0.26357173919677734
1.329660415649414
4.460930824279785
2.383708953857422
5.975961685180664
3.5396814346313477
11.563539505004883
10.492086410522461
13.112545013427734
22.3287353515625
27.21548080444336
18.72480010986328
24.08826446533203
34.09349822998047
40.451168060302734
40.65024948120117
23.20134735107422
5.359292030334473
1.7479658126831055
0.5290508270263672
2.2459030151367188
0.7866621017456055
0.11563301086425781
0.48995018005371094
0.6985664367675781
1.0917186737060547
1.4847517013549805
2.0532608032226562
2.472043037414551
3.374814987182617
5.251407623291016
4.787683486938477
5.115985870361328
4.253149032592773
2.069234848022461
6.881117820739746
10.04326343536377
8.164644241333008
8.781909942626953
6.494283676147461
5.847692489624023
7.624983787536621
9.98830795288086
9.888648986816406
9.553790092468262
9.629368782043457
0.0
0.0
4.030585289001465
0.9359121322631836
0.7442235946655273
0.825047492980957
4.05573844909668
9.169220924377441
4.425406455993652
8.793234825134277
6.710529327392578
12.097358703613281
8.526325225830078
0.2570152282714844
1.5386343002319336
1.497030258178711
2.0804405212402344
6.958603858947754
11.527657508850098
0.0
8.24284553527832
12.520670890808105
0.0
6.301999092102051
10.160207748413086
0.0
4.1435956954956055
0.21266937255859375
7.40659236907959
4.66001033782959
9.030818939208984
3.2720565795898438
7.887125015258789
7.082462310791016
4.752159118652344
5.522012710571289
5.798697471618652
4.885315895080566
4.553556442260742
5.718350410461426
5.4912567138671875
3.14486026763916
4.924774169921875
2.6193857192993164
2.1442174911499023
1.1510848999023438
3.238201141357422
2.037644386291504
2.296924591064453
3.560662269592285
2.6335716247558594
3.6150217056274414
1.4623403549194336
2.40480899810791
3.608226776123047
4.8675537109375
4.4716596603393555
4.916548728942871
2.6314258575439453
3.6853551864624023
5.062341690063477
5.0460100173950195
1.453995704650879
5.096912384033203
2.4199485778808594
0.0
8.44120979309082
10.46442985534668
4.572153091430664
0.6961822509765625
0.0
0.0
0.18787384033203125
1.3117790222167969
0.0
0.1933574676513672
0.0
0.0
0.0
0.0
0.0
5.078554153442383
5.285143852233887
0.0
5.303621292114258
0.0
0.0
16.07740020751953
0.0
0.0
0.0
0.0
0.0
0.0
3.932833671569824
11.12055778503418
0.0
13.43381404876709
0.0
2.0172595977783203
4.688620567321777
0.24557113647460938
8.169770240783691
10.772347450256348
0.6976127624511719
4.741549491882324
1.1528730392456055
0.0
2.467632293701172
1.147627830505371
0.0
0.0
2.561330795288086
0.0
0.0
0.0
5.4389238357543945
0.0591278076171875
0.1342296600341797
0.11658668518066406
0.0
0.0
0.0
2.125859260559082
0.0
0.3287792205810547
0.0
0.0
0.21028518676757812
0.0
0.0
0.0
4.31060791015625
2.7360916137695312
0.17523765563964844
0.0
0.0
0.0
0.0
2.161264419555664
1.373887062072754
0.05602836608886719
0.0
0.0
0.0
0.0
0.0
0.19431114196777344
0.0
0.0
0.0
0.0
0.0
17.14944839477539
11.874675750732422
11.118650436401367
9.846806526184082
9.712815284729004
7.016181945800781
8.348584175109863
0.12159347534179688
0.0
13.44752311706543
11.677861213684082
9.860634803771973
7.845878601074219
0.0
0.0
13.521194458007812
5.655407905578613
6.725072860717773
11.171817779541016
8.606672286987305
12.306928634643555
2.8787851333618164
8.360028266906738
4.53639030456543
0.5545616149902344
15.78831672668457
0.19609928131103516
13.020157814025879
8.786559104919434
17.460227966308594
2.2388696670532227
9.532928466796875
0.20837783813476562
0.0
0.0
0.0
0.32806396484375
0.44417381286621094
0.0
7.551431655883789
5.357146263122559
0.05841255187988281
13.992786407470703
0.2276897430419922
0.0
3.726482391357422
0.0
0.0
0.6840229034423828
0.0
0.0
6.260037422180176
0.0
4.7501325607299805
2.332448959350586
0.0
0.0
0.0
0.0
0.7948875427246094
0.0
1.1307001113891602
2.44140625
0.0
3.6934614181518555
0.0
7.423520088195801
0.0
1.4334917068481445
0.20051002502441406
0.0
3.02886962890625
0.12612342834472656
3.052353858947754
0.0
0.0
0.9881258010864258
2.152085304260254
1.1730194091796875
0.0
0.0
0.0
0.0
1.0180473327636719
1.653909683227539
0.0
0.0
10.848402976989746
0.0
1.2776851654052734
0.0
0.0
0.0
0.0
5.47945499420166
0.0
0.39887428283691406
1.298666000366211
0.0
1.9905567169189453
0.0
0.0
0.0
0.0
0.0
0.2460479736328125
0.0
0.0
0.0
0.17833709716796875
0.0
0.0
0.0
0.0
0.0
0.0
0.5183219909667969
0.2589225769042969
0.4897117614746094
0.0
0.0
0.0
0.0
0.0
0.0
0.0
0.0
0.0
0.0
0.0
0.0
0.0
0.0
0.0
0.0
0.0
0.0
0.0
0.0
0.0
0.060558319091796875
0.0
0.0
0.0
0.0
0.0
0.0
0.0
0.0
0.0
0.0
0.0
0.0
0.0
0.0
0.0
0.0
0.0
0.0
0.0
0.0
0.0
0.0
0.0
0.05340576171875
0.0
0.0
0.0
0.0
0.0
0.0
0.0
0.0
0.0
0.0
0.0
0.0
0.0
0.0
0.0
0.0
0.0
0.0
0.0
0.0
0.0
0.0
0.0
0.0
0.0
0.0
0.0
0.0
0.0
0.0
0.0
0.0
0.0
0.0
0.0
0.0
0.0
0.0
0.0
0.0
0.4324913024902344
0.0
0.0
0.0
0.7040500640869141
1.5897750854492188
1.5903711318969727
2.633213996887207
1.242995262145996
5.372405052185059
1.425027847290039
3.7534236907958984
1.2542009353637695
0.6139278411865234
0.05364418029785156
0.7886886596679688
2.955198287963867
0.07534027099609375
0.0
0.0
0.0
0.0
0.0
1.1928081512451172
6.61313533782959
0.11467933654785156
0.26345252990722656
0.0
0.0
0.0
0.0
0.0
0.0
0.0
0.0
0.0
0.0
0.0
0.0
0.0
0.0
0.0
0.0
0.0
0.0
0.0
0.0
0.0
0.0
0.0
0.0
0.0
0.0
0.0
0.0
0.0
0.0
0.0
0.0
0.0
0.0
0.0
0.0
0.0
0.0
0.0
0.0
0.0
0.0
0.0
0.0
0.0
0.0
0.0
0.0
0.0
0.0
0.0
0.0
0.0
0.0
0.0
0.0
0.0
0.0
0.0
0.0
0.0
0.0
0.0
0.0
0.0
0.0
0.0
0.0
0.0
0.0
0.0
0.0
0.0
0.0
0.0
0.0
0.0
0.0
0.0
0.0
0.0
0.0
0.0
0.0
0.0
0.0
0.0
0.0
0.0
0.0
0.0
0.0
0.0
0.0
0.0
0.0
0.0
0.4363059997558594
0.0
0.0
0.0
0.0
0.0
0.0
0.0
0.0
0.0
0.0
0.0
0.0
0.0
0.0
0.0
0.0
0.0
0.0
0.0
0.0
0.0
0.0
0.0
0.0
0.0
0.0
0.0
0.0
0.05412101745605469
0.8646249771118164
4.147529602050781
2.3664236068725586
3.5713911056518555
1.1949539184570312
4.543304443359375
0.9036064147949219
2.079129219055176
0.0
3.864884376525879
2.246856689453125
1.916646957397461
0.0
0.0
0.0
0.0
0.0
0.0
0.0
0.0
0.0
0.0
0.0
0.0
0.0
0.0
0.0
0.0
0.0
0.0
0.0
0.0
0.0
0.0
0.0
0.0
0.0
0.0
0.0
0.0
0.0
0.0
0.0
0.0
0.0
0.0
0.0
0.0
0.0
0.0
0.0
0.5769729614257812
5.036592483520508
0.08535385131835938
3.28981876373291
0.37384033203125
5.5904388427734375
0.0
6.6776275634765625
0.5714893341064453
0.0
0.0
0.0
0.12445449829101562
0.0
0.0
0.0
0.0
0.0
0.0
0.0
0.0
0.0
0.0
0.0
0.0
0.0
0.0
0.0
0.0
0.0
0.41794776916503906
3.5010576248168945
0.6420612335205078
5.558013916015625
3.370046615600586
0.07653236389160156
0.0
0.06842613220214844
0.0
0.0
0.0
0.0
0.0
0.0
0.0
0.0
0.0
0.0
0.0
0.0
0.0
0.0
0.0
0.0
3.3615827560424805
0.0
3.2529830932617188
0.0
0.062465667724609375
0.0
0.0
0.0
0.0
0.0
0.0
0.0
0.0
0.0
0.2143383026123047
1.6775131225585938
6.14619255065918
0.20170211791992188
0.0
0.0
0.0
0.0
0.0
0.0
0.0
0.0
0.0
0.0
0.31948089599609375
6.537199020385742
0.0
0.0
0.0
0.0
0.095367431640625
5.002737045288086
0.0
0.0
0.0
0.0
0.0
0.0
0.0
0.0
0.0
0.0
0.0
0.0
0.0
0.0
0.0
0.09751319885253906
0.0
0.0
0.0
0.0
0.0
0.0
0.0
0.0
0.0
0.0
0.0
0.0
0.0
0.0
0.0
0.0
0.0
0.0
0.2589225769042969
0.5767345428466797
0.0
2.2939443588256836
0.0
0.0
0.0
2.8634071350097656
0.0
0.0
0.0
0.0
0.0
1.128077507019043
0.0
0.0
0.0
0.0
0.0
0.0
1.4897584915161133
0.08916854858398438
0.0
0.0
0.0
0.0
0.0
0.0
