9.876351576561311e-42
54.53534698486328
106.19401550292969
11.165943145751953
62.101341247558594
26.49917984008789
25.075042724609375
10.655563354492188
7.853183746337891
105.29998016357422
9.891170501708984
36.239906311035156
15.518508911132812
34.61992645263672
50.15528869628906
32.83408737182617
8.90523910522461
19.80575180053711
9.814743041992188
18.631507873535156
10.43947982788086
8.52444839477539
12.150283813476562
16.184268951416016
9.08932876586914
10.514827728271484
10.207080841064453
12.875011444091797
6.252742767333984
10.371112823486328
6.6974639892578125
7.936229705810547
6.729766845703125
15.472782135009766
4.266273498535156
8.86568832397461
7.5717315673828125
9.345348358154297
13.811038970947266
4.560066223144531
10.139400482177734
6.420570373535156
89.21830749511719
175.53387451171875
18.832778930664062
91.12896728515625
9.153873443603516
95.97989654541016
49.669673919677734
15.294677734375
20.162704467773438
5.967277526855469
26.247291564941406
10.781990051269531
18.48831558227539
12.750293731689453
10.929874420166016
6.772380828857422
10.252574920654297
9.722915649414062
148.98080444335938
220.9931640625
10.763782501220703
12.214412689208984
19.314197540283203
10.472400665283203
8.586341857910156
21.788429260253906
24.444271087646484
6.680702209472656
8.633262634277344
7.900333404541016
123.90126037597656
200.95587158203125
17.919593811035156
10.631473541259766
8.219917297363281
7.845470428466797
32.70427322387695
6.421039581298828
5.118293762207031
8.607154846191406
165.5760498046875
174.62228393554688
12.105632781982422
10.314651489257812
10.315265655517578
8.530693054199219
5.425331115722656
6.971382141113281
144.1038360595703
16.537982940673828
13.66219711303711
2.3323211669921875
8.936107635498047
87.89527130126953
12.593795776367188
9.45138168334961
7.9724884033203125
111.69894409179688
33.88555145263672
12.258087158203125
9.139102935791016
10.606792449951172
66.1591567993164
59.621463775634766
26.25853729248047
10.263057708740234
5.68035888671875
9.897293090820312
55.72689437866211
30.234718322753906
26.691848754882812
9.880409240722656
42.89128494262695
20.549610137939453
6.513435363769531
22.420120239257812
7.815025329589844
18.81448745727539
5.965793609619141
14.854827880859375
8.574512481689453
9.778854370117188
11.376899719238281
8.135509490966797
10.609966278076172
9.623653411865234
8.79022216796875
14.447372436523438
6.161396026611328
14.723087310791016
12.78952407836914
14.399585723876953
15.441547393798828
14.480106353759766
13.812126159667969
16.07488250732422
10.361640930175781
13.364208221435547
5.008060455322266
8.518482208251953
15.1534423828125
10.750099182128906
6.347003936767578
7.723762512207031
9.35806655883789
11.307823181152344
14.344688415527344
11.984169006347656
10.814559936523438
11.156715393066406
12.409431457519531
12.7384033203125
8.09970474243164
7.289237976074219
7.802410125732422
6.203983306884766
7.149223327636719
9.296283721923828
10.567031860351562
13.111125946044922
19.2899169921875
16.638103485107422
12.144611358642578
12.09653091430664
12.694522857666016
10.447074890136719
3.9654998779296875
9.247455596923828
4.6015472412109375
7.103569030761719
6.860923767089844
8.996147155761719
8.70113754272461
9.400100708007812
7.338199615478516
12.067466735839844
10.839279174804688
6.511760711669922
9.661750793457031
4.980823516845703
15.685009002685547
13.878658294677734
41.17485809326172
21.61627197265625
41.72747039794922
52.522132873535156
45.75531768798828
49.138641357421875
76.64617156982422
63.4072151184082
59.85981369018555
72.97511291503906
110.57986450195312
122.4190902709961
16.159992218017578
13.913990020751953
10.701610565185547
7.206424713134766
5.6669158935546875
5.550117492675781
8.146053314208984
9.809268951416016
7.226871490478516
11.408885955810547
9.988323211669922
6.8744659423828125
4.629447937011719
16.08123016357422
10.66281509399414
13.55533218383789
8.273956298828125
9.796501159667969
8.856815338134766
6.287117004394531
3.536102294921875
7.553871154785156
11.347126007080078
7.756649017333984
18.283912658691406
8.146717071533203
13.032577514648438
69.30429077148438
2.0984649658203125
9.049785614013672
8.744338989257812
9.057819366455078
8.58651351928711
7.922954559326172
116.4996109008789
5.941143035888672
1.028778076171875
2.906291961669922
8.196388244628906
2.5887603759765625
160.0240936279297
3.4413909912109375
11.518173217773438
144.5135498046875
104.14927673339844
7.1725921630859375
82.00453186035156
6.075828552246094
34.73798751831055
5.7205047607421875
29.082820892333984
5.767765045166016
8.495296478271484
8.842445373535156
5.244258880615234
5.191356658935547
6.821617126464844
7.798988342285156
8.29831314086914
12.79355239868164
16.025779724121094
19.344745635986328
12.607162475585938
24.553611755371094
20.73492431640625
7.28070068359375
9.240188598632812
15.834247589111328
19.188098907470703
12.50887680053711
19.07141876220703
24.007709503173828
24.727031707763672
129.20089721679688
59.93558120727539
108.88395690917969
32.65751266479492
25.128265380859375
25.591312408447266
32.53929138183594
33.91860580444336
24.941795349121094
14.7352294921875
17.186519622802734
13.450263977050781
20.92951202392578
10.47842025756836
9.036273956298828
8.450859069824219
12.610950469970703
3.7670974731445312
40.13747024536133
12.480064392089844
24.037189483642578
32.1175537109375
86.6207046508789
31.15963363647461
23.047393798828125
23.449115753173828
9.714393615722656
9.187908172607422
12.491352081298828
5.385730743408203
23.162811279296875
32.32727813720703
25.31078338623047
13.401443481445312
13.939273834228516
8.053489685058594
28.97077178955078
15.288738250732422
6.579105377197266
12.10262680053711
19.30673599243164
12.511421203613281
22.4532470703125
11.03399658203125
32.3502082824707
24.810562133789062
17.683765411376953
30.696727752685547
21.95623016357422
16.775691986083984
28.18636703491211
27.715068817138672
26.922664642333984
29.407089233398438
24.232524871826172
28.252235412597656
30.61984634399414
26.25775146484375
35.29581069946289
25.262924194335938
27.449077606201172
27.775115966796875
30.019489288330078
35.20205307006836
37.57530212402344
39.9487419128418
32.5369873046875
47.959224700927734
17.436447143554688
31.70160675048828
37.050750732421875
102.45980834960938
108.88044738769531
137.04281616210938
54.80451965332031
129.66749572753906
54.12926483154297
100.68060302734375
102.798095703125
92.41226196289062
78.25032043457031
74.66714477539062
12.881233215332031
8.310771942138672
16.726593017578125
72.69924926757812
66.44319915771484
42.343631744384766
31.384666442871094
19.930557250976562
60.20035934448242
28.043983459472656
7.216449737548828
7.940460205078125
100.41553497314453
79.1622314453125
6.912502288818359
121.08244323730469
48.292423248291016
98.01667785644531
14.3402099609375
70.78016662597656
35.142112731933594
4.946376800537109
32.61384963989258
31.16992950439453
29.719276428222656
25.93498992919922
77.02989196777344
4.442523956298828
112.86155700683594
10.48093032836914
18.199867248535156
5.985149383544922
50.194068908691406
122.16300201416016
64.3414077758789
21.88351058959961
11.307487487792969
13.879905700683594
84.2370834350586
31.20868682861328
16.595233917236328
66.45463562011719
31.769176483154297
21.28853988647461
57.00697326660156
49.516265869140625
64.18916320800781
67.99958801269531
60.40083694458008
68.32662963867188
11.193435668945312
68.48055267333984
38.63566970825195
43.74626922607422
45.656551361083984
53.75302505493164
39.55580139160156
9.174217224121094
49.02865982055664
35.40610885620117
19.446239471435547
52.40569305419922
44.99123001098633
17.629711151123047
16.937259674072266
33.03636169433594
87.04257202148438
107.45545959472656
55.318450927734375
55.719146728515625
36.43184280395508
29.167186737060547
22.637557983398438
14.24176025390625
13.38565444946289
18.836177825927734
19.7508544921875
40.651981353759766
45.326961517333984
46.2187614440918
45.1247673034668
54.17017364501953
27.235584259033203
18.967254638671875
12.939567565917969
8.876594543457031
6.419525146484375
5.162685394287109
6.373584747314453
10.278972625732422
2.9165191650390625
4.353504180908203
3.1683387756347656
7.376029968261719
9.709480285644531
9.500076293945312
5.438301086425781
4.4528656005859375
3.728656768798828
7.87127685546875
11.712051391601562
12.371078491210938
2.1068038940429688
4.785419464111328
4.038734436035156
4.564418792724609
5.488826751708984
4.437141418457031
5.7506103515625
4.647075653076172
7.956142425537109
7.767829895019531
4.941558837890625
7.696441650390625
10.07956314086914
10.071876525878906
7.727909088134766
6.355445861816406
5.435977935791016
6.637351989746094
7.561775207519531
8.308883666992188
10.929744720458984
15.225227355957031
22.150634765625
155.97470092773438
8.366443634033203
9.749618530273438
10.932628631591797
7.923286437988281
7.434288024902344
22.342071533203125
10.831195831298828
23.496810913085938
13.705223083496094
7.030513763427734
6.084133148193359
10.148082733154297
6.506462097167969
23.240562438964844
8.220561981201172
9.07125473022461
7.605781555175781
7.849315643310547
11.45193862915039
13.845943450927734
11.437591552734375
12.567100524902344
18.96938705444336
17.42538833618164
14.926471710205078
8.41220474243164
96.89924621582031
11.086837768554688
12.003429412841797
9.132865905761719
6.286052703857422
6.204418182373047
7.460174560546875
16.006465911865234
11.568313598632812
11.349563598632812
14.849796295166016
16.229904174804688
14.856494903564453
10.773735046386719
23.49679946899414
11.202728271484375
16.253246307373047
15.444297790527344
12.287841796875
11.065067291259766
13.311126708984375
11.006874084472656
7.720813751220703
12.24755859375
11.410221099853516
16.046295166015625
13.285682678222656
14.210697174072266
12.580902099609375
5.410835266113281
5.541473388671875
18.54608917236328
15.414989471435547
14.130477905273438
5.78826904296875
5.963829040527344
7.362297058105469
16.02635955810547
14.312053680419922
16.846542358398438
21.86834716796875
8.930122375488281
11.554344177246094
16.863330841064453
13.692737579345703
25.58550262451172
26.156906127929688
21.046215057373047
19.07630157470703
18.94637680053711
12.913692474365234
15.746391296386719
15.298099517822266
13.490570068359375
13.401676177978516
13.352611541748047
24.91027069091797
20.90740203857422
16.904518127441406
12.03509521484375
14.882862091064453
20.20108413696289
23.41775131225586
31.803218841552734
49.61798095703125
10.99892807006836
12.890186309814453
12.503177642822266
13.397846221923828
10.020503997802734
12.500720977783203
11.806346893310547
13.438507080078125
15.482002258300781
17.20745086669922
13.23465347290039
14.691722869873047
9.746055603027344
16.001850128173828
15.628009796142578
15.070598602294922
12.165363311767578
9.896675109863281
12.960933685302734
17.780956268310547
15.893653869628906
14.14666748046875
14.846817016601562
9.948741912841797
18.798473358154297
12.439262390136719
13.053169250488281
18.826190948486328
11.989852905273438
15.546932220458984
18.774799346923828
8.890213012695312
9.108623504638672
9.478084564208984
21.516979217529297
21.57894515991211
9.17709732055664
15.638652801513672
9.603740692138672
11.04561996459961
9.286128997802734
10.78720474243164
9.281696319580078
8.85147476196289
7.7007293701171875
7.541431427001953
6.374874114990234
15.497371673583984
9.245552062988281
9.630683898925781
8.333202362060547
8.190807342529297
18.713062286376953
9.168773651123047
15.568004608154297
9.636703491210938
8.949604034423828
7.660083770751953
14.892528533935547
9.026237487792969
8.315330505371094
9.557380676269531
9.050342559814453
11.072189331054688
9.72369384765625
8.6015625
8.918048858642578
9.234554290771484
9.447364807128906
9.429515838623047
9.461841583251953
9.211528778076172
8.426048278808594
10.355941772460938
14.372383117675781
7.919441223144531
12.639442443847656
12.215702056884766
11.734611511230469
12.293495178222656
18.175880432128906
16.40029525756836
22.83282470703125
20.337528228759766
36.435821533203125
26.41840362548828
33.85544204711914
20.223873138427734
13.641609191894531
14.375232696533203
31.739791870117188
28.413116455078125
34.70722198486328
27.345703125
37.56702423095703
13.364822387695312
11.636821746826172
9.987762451171875
9.279228210449219
18.43187713623047
24.19091796875
7.242519378662109
12.136138916015625
14.543582916259766
10.817066192626953
15.594284057617188
11.299209594726562
18.74724578857422
13.346321105957031
14.559700012207031
13.737022399902344
21.226940155029297
14.126274108886719
13.325523376464844
12.669021606445312
18.614437103271484
14.43841552734375
82.33303833007812
33.61026382446289
13.927841186523438
56.593624114990234
13.466224670410156
300.3636474609375
15.146209716796875
164.51882934570312
11.293281555175781
15.197837829589844
313.6923828125
13.108932495117188
12.15283203125
13.417427062988281
21.549381256103516
174.56719970703125
280.0812683105469
255.07513427734375
10.699668884277344
13.898662567138672
70.88890075683594
199.6326904296875
380.26983642578125
405.6767272949219
9.299491882324219
35.927860260009766
236.38812255859375
27.951923370361328
13.170116424560547
10.25088882446289
24.61294174194336
121.75188446044922
211.82565307617188
30.538497924804688
73.73280334472656
13.4044189453125
26.89727020263672
13.195335388183594
63.184364318847656
23.798721313476562
19.637195587158203
15.26413345336914
9.557701110839844
38.00880813598633
13.679119110107422
15.144153594970703
13.023693084716797
40.07992935180664
21.736164093017578
23.19708251953125
10.447822570800781
12.220783233642578
7.639591217041016
12.662376403808594
19.305267333984375
8.963878631591797
14.100757598876953
12.184101104736328
15.35013198852539
24.81543731689453
16.30376434326172
11.054500579833984
24.033489227294922
27.669105529785156
11.353012084960938
7.879993438720703
31.88427734375
19.84747314453125
9.612640380859375
11.362556457519531
38.161399841308594
15.036922454833984
60.662986755371094
46.01740646362305
16.487503051757812
61.71968460083008
53.3150634765625
12.05282974243164
15.09332275390625
10.63705825805664
53.28954315185547
62.776424407958984
39.30512237548828
15.826377868652344
13.85092544555664
11.796703338623047
24.186660766601562
15.590106964111328
26.37228012084961
37.29584503173828
11.594520568847656
29.257171630859375
25.33094024658203
33.88116455078125
47.96159744262695
20.423065185546875
20.26825714111328
20.953575134277344
47.42770004272461
16.39444351196289
31.662517547607422
17.51144027709961
38.23076248168945
26.916702270507812
20.599327087402344
29.84040069580078
17.071609497070312
18.834400177001953
13.804012298583984
15.876758575439453
16.912479400634766
10.685054779052734
15.442367553710938
22.39946746826172
47.6124267578125
30.717388153076172
36.993309020996094
32.674957275390625
29.256771087646484
33.64508056640625
15.214717864990234
19.973678588867188
9.082805633544922
18.987037658691406
12.687740325927734
14.528671264648438
15.803024291992188
12.000679016113281
13.9820556640625
16.273616790771484
14.450252532958984
116.33383178710938
14.362934112548828
15.766204833984375
11.513790130615234
21.00130844116211
78.47498321533203
16.089481353759766
125.68916320800781
11.424808502197266
15.384143829345703
100.45750427246094
13.908000946044922
25.911243438720703
18.83692169189453
35.005306243896484
25.709739685058594
29.125743865966797
11.299579620361328
32.53446960449219
18.900981903076172
19.237056732177734
14.289257049560547
13.042980194091797
37.4566650390625
27.301212310791016
11.184623718261719
25.70299530029297
41.318695068359375
44.37306213378906
15.777717590332031
12.651954650878906
11.842266082763672
17.870975494384766
31.941425323486328
11.129470825195312
28.861236572265625
14.442581176757812
15.161445617675781
12.132545471191406
10.974357604980469
8.40677261352539
14.440074920654297
11.356456756591797
17.118824005126953
25.79753875732422
16.33462905883789
15.312339782714844
261.48114013671875
10.548583984375
28.760520935058594
81.65299224853516
8.934886932373047
9.73708724975586
12.864677429199219
20.256183624267578
45.95631408691406
13.112579345703125
29.720478057861328
39.681800842285156
13.7298583984375
21.157093048095703
17.075939178466797
20.774322509765625
29.681434631347656
35.636810302734375
13.454669952392578
11.803550720214844
13.978408813476562
18.540042877197266
33.73918914794922
14.38943862915039
62.09819793701172
17.207340240478516
411.54779052734375
27.172935485839844
12.86212158203125
37.616798400878906
24.10399627685547
42.180992126464844
11.852764129638672
14.574737548828125
17.801921844482422
20.002986907958984
37.36040496826172
21.701984405517578
26.436893463134766
33.78914260864258
11.579490661621094
9.417011260986328
15.835948944091797
22.777690887451172
15.929481506347656
19.665786743164062
381.21246337890625
17.097820281982422
9.798587799072266
10.034839630126953
22.12676239013672
25.31690216064453
14.921768188476562
29.043590545654297
30.85922622680664
34.46772766113281
11.511268615722656
13.334152221679688
20.315677642822266
14.717914581298828
124.97052764892578
21.142059326171875
8.675956726074219
21.437400817871094
18.884014129638672
30.905838012695312
26.618091583251953
27.852516174316406
34.7061767578125
194.09132385253906
75.15422058105469
15.701847076416016
30.167179107666016
22.438732147216797
12.249687194824219
14.551361083984375
77.71268463134766
8.28719711303711
31.43670654296875
12.405982971191406
22.358177185058594
25.173030853271484
43.36122131347656
42.00343704223633
13.09652328491211
16.09746551513672
12.30462646484375
18.77295684814453
25.359081268310547
45.669063568115234
7.307201385498047
281.94000244140625
12.7193603515625
158.24964904785156
24.631649017333984
30.05333709716797
49.91768264770508
32.45811080932617
10.424816131591797
14.574150085449219
35.162994384765625
29.974369049072266
8.698928833007812
13.345382690429688
12.70053482055664
11.081413269042969
7.931358337402344
9.398799896240234
130.6766357421875
14.306655883789062
18.18527603149414
35.07551956176758
20.821014404296875
407.3150634765625
49.83247756958008
439.78167724609375
23.686965942382812
336.5556640625
33.25042724609375
11.46621322631836
22.715099334716797
16.668357849121094
22.4390869140625
305.8951721191406
8.435340881347656
22.5716552734375
179.80563354492188
9.511634826660156
14.674236297607422
26.6285400390625
7.1626129150390625
12.377140045166016
33.10770034790039
17.159244537353516
53.340538024902344
100.29840087890625
12.551971435546875
