9.876351576561311e-42
24.352718353271484
15.451924324035645
21.355867385864258
33.290863037109375
25.636260986328125
25.364757537841797
25.175430297851562
19.66916847229004
16.158084869384766
7.230469703674316
12.715983390808105
11.338970184326172
29.02678680419922
17.13718032836914
6.5171613693237305
8.37615966796875
4.593989372253418
6.713735580444336
1.2579717636108398
2.7352561950683594
7.656479835510254
1.2936811447143555
0.8179702758789062
1.4569358825683594
7.620358467102051
5.346131324768066
1.0302457809448242
2.251530647277832
8.465607643127441
2.0324859619140625
5.370526313781738
3.124387741088867
4.038602828979492
3.183156967163086
2.0727176666259766
2.583256721496582
2.4070816040039062
14.29764461517334
2.8486948013305664
2.1987457275390625
2.907261848449707
19.80266761779785
6.412348747253418
23.49612045288086
26.107608795166016
14.456324577331543
12.651214599609375
31.41192054748535
6.732077598571777
11.089170455932617
8.287345886230469
5.755131721496582
6.0201520919799805
2.350893974304199
2.9242591857910156
0.7166690826416016
2.1288881301879883
7.972747802734375
2.0188074111938477
9.01326847076416
11.500551223754883
27.500812530517578
10.12157917022705
9.865253448486328
5.797900199890137
7.204865455627441
5.798238754272461
3.303370475769043
2.9268932342529297
2.352184295654297
2.5660133361816406
15.2526216506958
9.82493782043457
26.43276023864746
18.308923721313477
7.042591094970703
8.057676315307617
5.78877067565918
2.358816146850586
2.951422691345215
2.0661849975585938
11.479374885559082
12.410038948059082
12.459794998168945
5.803220748901367
8.371424674987793
6.7833757400512695
2.8062047958374023
2.450136184692383
11.379902839660645
23.583358764648438
5.140117645263672
1.8820571899414062
1.8682947158813477
12.535381317138672
9.19024658203125
5.962660789489746
2.180562973022461
15.52547550201416
6.441107749938965
8.475110054016113
1.7710895538330078
1.9796991348266602
19.31597137451172
12.410093307495117
3.849534034729004
6.994372367858887
1.706949234008789
2.4169816970825195
14.536643028259277
11.668028831481934
4.260199546813965
2.814499855041504
12.481592178344727
2.003232955932617
1.7479143142700195
21.991371154785156
1.9840984344482422
15.91406536102295
7.7356977462768555
1.695150375366211
2.64108943939209
2.72176456451416
3.0760631561279297
6.56735897064209
2.654026985168457
5.87290096282959
6.278944969177246
3.1791419982910156
1.7907638549804688
17.111469268798828
2.808760643005371
3.2622337341308594
3.697201728820801
3.0340423583984375
11.899368286132812
7.5713701248168945
9.344419479370117
3.4328432083129883
8.693258285522461
3.730401039123535
4.764315605163574
5.188785552978516
5.613238334655762
5.7142534255981445
5.3299760818481445
4.800697326660156
3.256627082824707
4.564769744873047
4.892756462097168
3.987605094909668
4.563851356506348
4.698552131652832
4.6440277099609375
5.4180908203125
5.427391052246094
5.199648857116699
5.856010437011719
7.4489946365356445
10.861654281616211
13.617703437805176
5.5037031173706055
2.86502742767334
7.625674247741699
3.5370473861694336
6.012468338012695
8.038054466247559
5.35195255279541
8.756114959716797
8.223251342773438
7.8797607421875
6.671543121337891
6.93538761138916
7.216357231140137
7.093147277832031
8.128941535949707
16.09872817993164
25.680667877197266
24.858169555664062
37.395912170410156
21.750164031982422
24.758625030517578
43.33757400512695
28.21411895751953
15.04966926574707
14.151826858520508
14.859726905822754
28.784622192382812
21.822349548339844
6.86466121673584
21.890567779541016
7.546708106994629
10.65545654296875
7.604781150817871
10.429207801818848
4.380951881408691
3.881532669067383
10.406388282775879
6.6950788497924805
9.929146766662598
7.623041152954102
5.375737190246582
7.256148338317871
15.323896408081055
14.823690414428711
24.129880905151367
28.460729598999023
23.72722625732422
35.168033599853516
23.498214721679688
4.290866851806641
8.59072208404541
14.11368465423584
27.070728302001953
25.626964569091797
6.51723575592041
10.291337013244629
33.24574661254883
18.618640899658203
26.998085021972656
6.393563270568848
29.095382690429688
14.446074485778809
9.677403450012207
10.055377960205078
15.292352676391602
6.519701957702637
7.668207168579102
22.802165985107422
9.017027854919434
9.1678466796875
11.731834411621094
11.727814674377441
7.431187629699707
9.676152229309082
7.378605842590332
10.439005851745605
27.221445083618164
8.34490966796875
11.17403793334961
6.179609298706055
9.360368728637695
9.347145080566406
11.204052925109863
9.99390697479248
9.750853538513184
10.183966636657715
22.453044891357422
25.38990020751953
14.20820140838623
18.622737884521484
21.525407791137695
26.07139778137207
25.55055809020996
17.4268798828125
11.552988052368164
10.736023902893066
0.3897066116333008
0.3079795837402344
0.12955759465694427
0.4590587615966797
1.0849809646606445
0.8995704650878906
1.52581787109375
2.99066162109375
8.261816024780273
5.525101661682129
5.546126365661621
0.3021430969238281
0.08782671391963959
0.17197607457637787
0.13352297246456146
0.7645778656005859
8.255843162536621
4.432936668395996
3.2762012481689453
3.3897790908813477
1.3984241485595703
3.2370433807373047
2.883434295654297
3.0153064727783203
2.0829668045043945
3.899380683898926
2.806520462036133
0.24894045293331146
0.684483528137207
0.20584295690059662
0.2732686996459961
2.0533275604248047
0.5117111206054688
0.020088180899620056
5.589790344238281
0.37157535552978516
2.910405158996582
2.529850959777832
2.1123714447021484
2.1341028213500977
1.030599594116211
0.1730174869298935
0.3009939193725586
8.532240867614746
1.4483823776245117
2.57480525970459
0.6197891235351562
6.475363731384277
2.719882011413574
0.40221309661865234
1.6018524169921875
2.7260217666625977
0.18909071385860443
0.1679992526769638
0.2376718372106552
4.694889068603516
0.09559057652950287
2.436838150024414
6.1248064041137695
2.431171417236328
1.5818843841552734
3.596160888671875
0.21303366124629974
1.2554244995117188
5.965129852294922
0.6309614181518555
5.080273628234863
0.3304882049560547
2.8409929275512695
0.19594381749629974
1.7039833068847656
3.0574827194213867
1.3759746551513672
0.0711059421300888
0.060066208243370056
0.06817053258419037
0.07627104222774506
0.09026049077510834
0.027598366141319275
0.09054754674434662
0.05278967320919037
0.08191488683223724
0.044967636466026306
0.12183760106563568
0.4355907440185547
0.6812763214111328
1.7139205932617188
0.302276611328125
0.7498712539672852
1.843963623046875
1.349381446838379
6.835707664489746
8.355356216430664
4.235015869140625
2.330526351928711
4.570675849914551
8.179136276245117
9.842681884765625
8.352950096130371
7.546694755554199
2.4856557846069336
7.76881217956543
7.566412925720215
5.626479148864746
6.298701286315918
9.670597076416016
7.797039031982422
9.03017520904541
1.28216552734375
0.5351543426513672
3.114492416381836
5.591656684875488
9.233317375183105
6.652215957641602
3.0628395080566406
9.304619789123535
5.864415168762207
7.539426803588867
9.088167190551758
9.87232494354248
11.491659164428711
2.276677131652832
5.316006660461426
5.867340087890625
5.303497314453125
10.01639175415039
3.0006513595581055
6.382969856262207
6.736452102661133
7.945023536682129
11.771445274353027
7.062662124633789
4.269109725952148
7.340770721435547
6.612163543701172
5.55104923248291
10.470853805541992
7.390114784240723
7.868078231811523
7.622457504272461
9.419921875
10.32373332977295
8.467273712158203
13.394726753234863
8.544434547424316
7.022014617919922
6.729580879211426
11.468511581420898
10.191987991333008
7.660366058349609
9.458992004394531
10.245793342590332
8.591399192810059
8.499256134033203
9.003355979919434
10.20071029663086
6.596400260925293
7.693364143371582
9.533294677734375
0.3546600341796875
0.5788249969482422
1.7359237670898438
2.78945255279541
4.697531700134277
4.694210052490234
4.3950653076171875
2.4738054275512695
2.247251510620117
4.314760208129883
4.8132476806640625
9.680900573730469
10.878334045410156
10.287555694580078
10.289072036743164
9.774904251098633
8.818259239196777
9.443324089050293
9.236740112304688
9.494503021240234
12.982776641845703
2.8151607513427734
2.860457420349121
3.1925668716430664
8.872906684875488
12.675509452819824
7.622873306274414
7.634126663208008
2.2238082885742188
9.905940055847168
3.7404565811157227
10.339008331298828
11.212763786315918
5.927767753601074
2.1957664489746094
13.606613159179688
6.436509132385254
10.212711334228516
7.900825500488281
7.892541885375977
6.1254425048828125
4.155309677124023
9.868428230285645
9.339546203613281
5.187587738037109
5.121435165405273
4.622743606567383
4.192992210388184
9.993155479431152
12.329273223876953
11.681351661682129
12.795024871826172
13.255851745605469
9.24227237701416
4.111528396606445
3.106184959411621
3.84238338470459
6.13509464263916
11.27579116821289
8.46175479888916
4.221440315246582
6.189492225646973
2.4448976516723633
11.891253471374512
4.920528411865234
6.136500358581543
10.126338005065918
7.777370452880859
3.9026355743408203
13.135209083557129
16.72650909423828
10.819192886352539
18.62471580505371
11.399690628051758
13.69313907623291
12.867141723632812
20.830541610717773
20.593814849853516
24.80301284790039
20.27519989013672
20.12025260925293
8.485182762145996
11.941049575805664
7.520866394042969
17.197093963623047
4.1312055587768555
5.918354034423828
8.24785327911377
1.5236454010009766
7.5233964920043945
9.815574645996094
14.92852783203125
18.065200805664062
15.669881820678711
11.474034309387207
25.290569305419922
29.987329483032227
19.053882598876953
15.403266906738281
2.7912492752075195
6.407705307006836
2.1712026596069336
7.302506446838379
23.39776611328125
23.28644561767578
20.25059700012207
7.497156143188477
1.8725996017456055
14.256363868713379
17.152626037597656
13.418135643005371
19.745208740234375
20.588407516479492
18.68962860107422
6.828794479370117
17.209415435791016
6.495973587036133
10.532147407531738
22.175308227539062
18.203372955322266
18.571006774902344
18.524398803710938
21.067094802856445
17.70754623413086
10.454715728759766
16.37871551513672
14.19006061553955
2.274664878845215
24.31527328491211
17.168476104736328
10.026297569274902
14.195680618286133
15.71473503112793
14.63705062866211
11.340437889099121
15.507885932922363
16.2589054107666
27.56344223022461
28.775489807128906
26.167421340942383
22.11511993408203
19.0523681640625
13.899491310119629
13.57846736907959
13.25744342803955
13.389208793640137
16.101463317871094
15.955756187438965
14.839404106140137
15.37790584564209
14.67880630493164
3.5082054138183594
4.366424560546875
3.4788856506347656
3.5543899536132812
2.7394485473632812
2.6910057067871094
2.700164794921875
2.5413360595703125
2.0677032470703125
1.5753555297851562
0.5660324096679688
3.061187744140625
2.1442651748657227
1.6894912719726562
0.5294036865234375
2.3825149536132812
2.3351821899414062
2.9481163024902344
2.1862411499023438
1.5734710693359375
1.9523468017578125
2.230377197265625
2.1571884155273438
1.9757766723632812
1.8002395629882812
1.512908935546875
1.6899566650390625
1.7184677124023438
2.4389495849609375
2.0840072631835938
1.4194183349609375
3.0543060302734375
4.888894081115723
1.2778854370117188
1.6682815551757812
1.70562744140625
5.331368446350098
1.7363967895507812
6.954347610473633
1.4278936386108398
1.5760822296142578
8.245025634765625
1.4171991348266602
1.4445486068725586
1.8332939147949219
5.685206413269043
3.150975227355957
1.4730758666992188
5.773850440979004
5.299690246582031
1.4748945236206055
4.878003120422363
1.9229278564453125
3.7472763061523438
1.604736328125
1.7298202514648438
1.2238388061523438
3.1367807388305664
1.8280868530273438
2.0615148544311523
2.5792722702026367
1.5038528442382812
3.854339599609375
1.7332534790039062
2.370227813720703
1.9352951049804688
2.6271286010742188
3.3189697265625
4.44024658203125
2.3576135635375977
3.8284521102905273
5.49794864654541
6.693943023681641
7.8905792236328125
0.13881586492061615
1.0151195526123047
0.19615744054317474
0.27864742279052734
0.409332275390625
0.7732343673706055
0.2741737365722656
0.8215713500976562
0.7174186706542969
0.3116798400878906
0.6141538619995117
0.019081100821495056
1.2766952514648438
2.8900833129882812
3.4095802307128906
3.3619918823242188
0.6404781341552734
0.18518446385860443
1.4978370666503906
4.7445220947265625
2.3505592346191406
7.650886535644531
5.707099914550781
4.053272247314453
2.1722488403320312
1.0035343170166016
3.233325958251953
2.0028305053710938
7.2364044189453125
6.8102569580078125
2.6517982482910156
5.8572998046875
2.0623703002929688
4.03662109375
4.116985321044922
4.340877532958984
4.661140441894531
2.0512943267822266
5.164398193359375
4.612998962402344
6.399158477783203
2.7849464416503906
2.4702186584472656
3.5482444763183594
2.1702518463134766
3.088520050048828
2.6773252487182617
2.2469024658203125
6.529203414916992
1.6827278137207031
2.6932106018066406
1.9922399520874023
2.236461639404297
7.905411720275879
3.0769433975219727
3.5662450790405273
3.510313034057617
2.1861305236816406
3.1100082397460938
3.7393226623535156
3.659153938293457
5.252830505371094
3.748126983642578
3.6957321166992188
8.08945083618164
3.772719383239746
5.262322425842285
3.2865257263183594
4.719276428222656
4.432259559631348
9.328171730041504
5.038534164428711
6.172214508056641
8.609037399291992
7.220937728881836
3.9325475692749023
9.65070629119873
6.128608703613281
5.612790107727051
4.170026779174805
4.792967796325684
5.366851806640625
10.166332244873047
5.490424156188965
5.41229248046875
6.592658996582031
10.902494430541992
8.397354125976562
5.560425758361816
5.67060661315918
5.609658241271973
12.195303916931152
5.183061599731445
19.02140235900879
5.276552200317383
7.19160270690918
5.631558418273926
4.49030876159668
19.33142852783203
4.8015241622924805
4.694252014160156
13.930824279785156
4.461719512939453
17.74562644958496
7.430532455444336
16.16873550415039
5.675948143005371
11.380478858947754
7.526978492736816
8.56015682220459
16.364734649658203
6.105216979980469
7.718901634216309
14.98176383972168
9.690142631530762
17.909164428710938
15.282940864562988
7.862380027770996
17.805622100830078
16.700037002563477
8.037882804870605
6.713923454284668
7.281599998474121
16.803955078125
17.702068328857422
13.721970558166504
9.738643646240234
6.555261611938477
6.133017539978027
12.16617488861084
5.7958984375
10.230783462524414
15.767583847045898
5.857556343078613
6.651856422424316
4.367870330810547
9.351205825805664
15.276216506958008
3.6583423614501953
3.621206283569336
3.6498842239379883
12.721285820007324
3.067422866821289
7.476804733276367
3.641085624694824
9.076902389526367
4.524087905883789
8.578408241271973
8.426301956176758
6.107789993286133
7.352295875549316
11.867673873901367
6.805809020996094
8.160749435424805
0.4707050323486328
0.12257002294063568
0.827606201171875
0.5299558639526367
0.25833892822265625
2.2949981689453125
1.4083824157714844
1.0208959579467773
1.5914802551269531
4.331607818603516
2.068484306335449
1.4041175842285156
2.9634475708007812
6.2448272705078125
5.384227752685547
3.9934921264648438
5.915126800537109
2.8267478942871094
1.9966049194335938
3.8828277587890625
5.510284423828125
1.8784828186035156
2.2779197692871094
2.3210763931274414
2.482959747314453
4.094429016113281
3.904799461364746
4.102699279785156
5.961399078369141
5.264166831970215
4.202929496765137
6.295860290527344
6.53077507019043
10.967944145202637
6.719090461730957
5.0200042724609375
13.18448543548584
6.972480773925781
10.128954887390137
7.047741889953613
7.814741134643555
7.983816146850586
7.058422088623047
14.668458938598633
8.960700035095215
5.650469779968262
4.7366132736206055
12.662280082702637
12.691781044006348
2.8762168884277344
13.196379661560059
0.10409067571163177
0.14350508153438568
0.5939292907714844
3.6686782836914062
0.4643411636352539
3.8693199157714844
1.917069435119629
5.591503143310547
1.6451759338378906
1.1565780639648438
4.796173095703125
5.363426208496094
2.7665481567382812
3.05474853515625
2.319366455078125
2.969803810119629
3.62204647064209
3.079684257507324
9.364720344543457
5.009371757507324
18.884449005126953
6.670246124267578
5.354844093322754
4.056015968322754
14.435009002685547
9.332670211791992
6.985218048095703
10.53664493560791
8.923101425170898
8.210875511169434
0.03726576268672943
0.14036940038204193
0.7929887771606445
3.4402008056640625
1.0989370346069336
1.4980049133300781
4.1658782958984375
2.214466094970703
3.9781484603881836
3.930095672607422
1.4939918518066406
2.4292640686035156
3.976616859436035
11.780316352844238
5.411716461181641
5.916040420532227
4.360476493835449
16.26766586303711
5.7446441650390625
5.385760307312012
4.12435245513916
3.6254425048828125
9.96805477142334
4.101480484008789
9.615795135498047
2.0171051025390625
4.117717742919922
1.180891990661621
4.027587890625
1.9419898986816406
1.4869842529296875
1.6279335021972656
4.0361328125
2.2433385848999023
4.147922515869141
19.78327178955078
4.174631118774414
4.567451477050781
0.12024401128292084
3.5114974975585938
2.4599685668945312
0.7257070541381836
1.1883249282836914
5.227687835693359
2.691680908203125
2.9216394424438477
2.4238662719726562
1.9006690979003906
4.741656303405762
10.753413200378418
8.198168754577637
5.781228065490723
8.524465560913086
2.8947372436523438
1.4597511291503906
3.2838687896728516
1.5928268432617188
9.72650146484375
6.066702842712402
3.5759124755859375
1.5791435241699219
3.7065773010253906
2.3500518798828125
13.037734985351562
6.713140487670898
4.516753196716309
10.04605484008789
4.989850044250488
10.615269660949707
11.105294227600098
0.22358129918575287
4.091548919677734
14.479634284973145
12.098921775817871
5.174202919006348
12.582959175109863
1.8095855712890625
3.9340953826904297
4.3900299072265625
3.6586036682128906
11.989910125732422
8.700355529785156
13.874408721923828
9.367402076721191
0.3502626419067383
9.176518440246582
7.7958526611328125
9.883564949035645
0.4848976135253906
4.1895751953125
5.152826309204102
0.6845836639404297
3.972393035888672
4.98277473449707
3.687154769897461
0.6917991638183594
0.4237546920776367
10.3084077835083
0.4863767623901367
6.177803039550781
3.802859306335449
5.752908706665039
0.5283432006835938
7.29191780090332
5.321002960205078
5.731605529785156
15.46494197845459
6.839146614074707
0.3507232666015625
6.638364791870117
5.870584487915039
6.663586616516113
4.686591148376465
6.230966567993164
6.4949541091918945
0.5635089874267578
2.4844017028808594
6.810824394226074
16.218210220336914
5.210080146789551
16.596120834350586
3.602418899536133
7.179374694824219
