9.876351576561311e-42
9.118437767028809
13.659119606018066
8.599042892456055
20.44510841369629
12.41159439086914
20.858169555664062
17.926097869873047
20.69878578186035
3.0410289764404297
40.44008255004883
15.839576721191406
7.993638515472412
4.642248153686523
1.9321441650390625
90.26873016357422
5.011916160583496
26.009618759155273
11.805295944213867
27.08661651611328
6.980657577514648
3.382444381713867
21.568775177001953
27.963876724243164
19.453407287597656
5.863428115844727
9.657859802246094
20.10822296142578
21.26312255859375
9.963154792785645
14.049053192138672
5.025625228881836
12.234330177307129
4.360437393188477
23.520231246948242
18.63825225830078
17.935157775878906
14.032363891601562
15.524148941040039
20.934940338134766
16.341209411621094
13.146638870239258
13.885736465454102
14.413833618164062
9.495973587036133
28.62495231628418
34.325599670410156
19.29616928100586
3.1461715698242188
77.48800659179688
2.784609794616699
8.73708724975586
61.35189437866211
8.730888366699219
29.711008071899414
7.158041000366211
23.39005470275879
9.068727493286133
12.10784912109375
19.182205200195312
19.12582015991211
14.571189880371094
11.620044708251953
66.69390106201172
59.27825164794922
4.693031311035156
9.752035140991211
22.120534896850586
63.73196792602539
6.221532821655273
15.099287033081055
16.305208206176758
25.984169006347656
20.836591720581055
13.6566162109375
23.314594268798828
7.175683975219727
5.817174911499023
53.21425247192383
7.814168930053711
23.44679832458496
12.560367584228516
26.303173065185547
10.280609130859375
35.7102165222168
9.560346603393555
5.262613296508789
5.101442337036133
6.690740585327148
19.590972900390625
13.256072998046875
17.58551597595215
13.460397720336914
7.005095481872559
15.743017196655273
3.324270248413086
12.21466064453125
5.102753639221191
19.216896057128906
37.478328704833984
83.66858673095703
8.90493392944336
12.947320938110352
15.482902526855469
42.283714294433594
4.572153091430664
62.701107025146484
6.482243537902832
25.20024871826172
13.970613479614258
37.095787048339844
1.230478286743164
46.47207260131836
12.43126392364502
1.7194747924804688
16.869186401367188
22.40753173828125
30.943035125732422
19.051313400268555
23.518144607543945
2.2678375244140625
10.195374488830566
9.040117263793945
4.608511924743652
8.139610290527344
2.9222965240478516
8.526802062988281
3.141641616821289
8.95988941192627
5.598783493041992
6.9828033447265625
16.753435134887695
5.975484848022461
6.448030471801758
6.298303604125977
7.063388824462891
16.27313995361328
7.977008819580078
4.148364067077637
6.703495979309082
2.0606517791748047
3.990769386291504
9.815454483032227
5.235791206359863
4.374027252197266
3.8678646087646484
3.2570362091064453
4.403829574584961
5.40614128112793
4.635334014892578
6.165742874145508
6.323337554931641
10.832548141479492
13.013124465942383
7.621645927429199
5.89144229888916
5.287885665893555
8.215546607971191
11.07168197631836
13.22948932647705
15.312671661376953
14.322876930236816
6.060600280761719
3.7686824798583984
8.824944496154785
6.702661514282227
10.755836486816406
6.455779075622559
8.724689483642578
9.45436954498291
5.800843238830566
7.48133659362793
9.361505508422852
10.38968563079834
6.335735321044922
12.538790702819824
3.4651756286621094
11.547624588012695
10.845422744750977
2.2644996643066406
11.492133140563965
1.417398452758789
5.299091339111328
13.972461700439453
11.615395545959473
5.221366882324219
5.038738250732422
4.105567932128906
11.931300163269043
7.946372032165527
5.475521087646484
11.356711387634277
6.389856338500977
6.3018798828125
8.185863494873047
9.753227233886719
7.431387901306152
4.697680473327637
5.967855453491211
8.989214897155762
6.810903549194336
4.746556282043457
10.982275009155273
11.16800308227539
2.8221607208251953
13.176918029785156
10.649621963500977
8.059859275817871
1.5826225280761719
10.723411560058594
5.59687614440918
6.085515022277832
8.95547866821289
8.533239364624023
8.91876220703125
2.7060508728027344
3.5413503646850586
2.9805898666381836
10.845125198364258
2.9120445251464844
6.164789199829102
10.49816608428955
8.47512435913086
8.856534957885742
1.361846923828125
9.569287300109863
3.4406185150146484
6.027340888977051
13.70888900756836
3.5207271575927734
7.787227630615234
6.640076637268066
2.530336380004883
4.225015640258789
11.18004322052002
1.260995864868164
11.490345001220703
2.2335052490234375
6.626129150390625
8.664131164550781
6.099224090576172
5.574941635131836
8.340597152709961
3.8655996322631836
5.567312240600586
2.633333206176758
5.192995071411133
1.52587890625
5.398273468017578
4.561424255371094
1.8646717071533203
1.5552043914794922
2.5773048400878906
3.9293766021728516
3.7565231323242188
3.354787826538086
2.2215843200683594
2.1657943725585938
0.0
0.0
0.0
0.0
0.0
0.0
0.09059906005859375
0.0
7.624387741088867
4.430294036865234
3.1058788299560547
0.0
0.0
0.0
0.0
0.0
1.7095208168029785
1.103043556213379
0.0
2.784848213195801
0.0
0.0
0.0
2.4411678314208984
0.24557113647460938
0.0
0.48851966857910156
0.0
0.0
0.0
0.0
0.0
0.0
0.0
3.155946731567383
0.0
0.8242130279541016
0.0
0.10418891906738281
0.1361370086669922
0.0
0.0
0.0
3.63767147064209
0.0
1.7323493957519531
0.0
1.2238621711730957
3.3500194549560547
0.0
0.0
1.5714168548583984
0.0
0.0
0.0
0.9015798568725586
0.0
0.2849102020263672
2.989470958709717
0.0
0.0
0.0
0.0
0.0
3.427267074584961
0.0
0.9171962738037109
0.0
0.0782012939453125
0.0
0.14829635620117188
0.18334388732910156
0.0
0.0
0.0
0.0
0.0
0.0
0.0
0.0
0.0
0.0
0.0
0.0
0.0
0.0
0.0
0.0
0.0
0.0
0.0
0.0
0.0
0.6258487701416016
0.0
0.3682374954223633
0.0
0.0
0.0
0.0
0.0
0.0
0.0
0.0
0.0
0.0
0.0
0.0
0.0
0.0
0.0
1.6840696334838867
0.0
0.6325244903564453
0.24116039276123047
0.0
0.0
0.0
0.0
0.0
0.0
0.0
0.7462501525878906
1.184701919555664
2.419114112854004
0.0
0.0
0.0
0.0
1.3009309768676758
0.0
0.0
0.0
0.5338191986083984
0.0
0.06413459777832031
0.0
0.0
0.0
0.0
0.0
0.0
0.0
0.0
0.0
0.0
0.0
0.0
0.0
0.0
0.0
0.0
0.0
0.0
0.0
0.0
0.0
0.0
0.0
0.0
0.0
0.0
0.0
0.0
0.0
0.0
0.0
0.0
0.0
0.0
0.0
0.0
0.0
0.0
0.0
0.0
0.0
0.0
0.0
0.19311904907226562
0.10442733764648438
1.3935565948486328
8.542776107788086
0.4897117614746094
0.0
0.23674964904785156
0.6506443023681641
0.0
0.0
8.243441581726074
0.0
0.0
0.3020763397216797
0.3426074981689453
0.5586147308349609
5.015969276428223
0.0
0.6880760192871094
0.5533695220947266
0.12373924255371094
5.721926689147949
0.0
0.08273124694824219
0.0
0.06437301635742188
3.0667781829833984
0.0
0.07843971252441406
0.0
0.0
0.0
0.0
0.0
0.0
0.0
0.34928321838378906
0.6079673767089844
0.8149147033691406
0.0
0.0
0.12731552124023438
0.17309188842773438
1.1060237884521484
0.13971328735351562
0.0
0.18143653869628906
0.1926422119140625
0.5171298980712891
0.1938343048095703
0.41103363037109375
0.48613548278808594
2.1216869354248047
0.2453327178955078
1.5780925750732422
1.6777515411376953
1.104593276977539
0.8547306060791016
1.4958381652832031
1.2211799621582031
1.383066177368164
1.9772052764892578
1.519918441772461
1.4846324920654297
3.8747787475585938
0.0
0.0
0.37384033203125
0.27108192443847656
0.10657310485839844
0.16617774963378906
0.3554821014404297
1.5194416046142578
1.325845718383789
1.4071464538574219
1.3659000396728516
1.623392105102539
1.3501644134521484
1.8041133880615234
0.0
0.0
0.4017353057861328
0.2689361572265625
1.7075538635253906
2.485990524291992
4.029750823974609
0.0
0.21886825561523438
0.61798095703125
1.0483264923095703
1.06048583984375
2.155780792236328
3.0145645141601562
3.6344528198242188
0.0
0.4105567932128906
0.1506805419921875
1.0151863098144531
0.9944438934326172
3.3156871795654297
1.0466575622558594
0.4475116729736328
1.413106918334961
1.5873908996582031
0.3886222839355469
2.682924270629883
0.54168701171875
0.2129077911376953
1.5289783477783203
3.2837390899658203
0.8575916290283203
0.8616447448730469
3.0117034912109375
1.5959739685058594
1.4700889587402344
2.1805763244628906
3.068685531616211
1.3241767883300781
1.5134811401367188
1.7261505126953125
2.3186206817626953
2.8531551361083984
1.4503002166748047
1.943826675415039
2.5968551635742188
3.0710697174072266
3.4046173095703125
3.2074451446533203
2.857685089111328
2.696990966796875
3.1926631927490234
0.0
0.0
0.0
0.0
0.0
0.0
0.051021575927734375
0.0
0.10418891906738281
0.15091896057128906
1.1322498321533203
0.0
0.0
0.0
0.4298686981201172
0.0
0.06890296936035156
0.0
0.20933151245117188
0.35381317138671875
0.15354156494140625
0.36907196044921875
0.3371238708496094
0.0
0.0820159912109375
0.0
0.10418891906738281
0.14209747314453125
0.18787384033203125
0.2548694610595703
1.0867118835449219
0.7092952728271484
0.7338523864746094
0.8792877197265625
1.323699951171875
1.7380714416503906
1.110076904296875
1.7266273498535156
1.004934310913086
2.2208690643310547
0.6728172302246094
0.6048679351806641
1.1546611785888672
1.2998580932617188
0.14925003051757812
0.5458593368530273
0.16236305236816406
1.1091232299804688
1.2583732604980469
5.419135093688965
0.38695335388183594
1.245737075805664
0.8828639984130859
0.8764266967773438
1.4495849609375
1.268625259399414
0.5588531494140625
0.0
0.5922317504882812
0.7534027099609375
0.30541419982910156
1.1899471282958984
2.214789390563965
0.3402233123779297
0.42176246643066406
0.7870197296142578
0.9675025939941406
0.9300708770751953
0.7193088531494141
0.9511709213256836
3.4006834030151367
2.6515722274780273
1.9799470901489258
0.6201267242431641
0.0
0.0
0.0
0.0
0.0
0.0
0.0
0.0
0.0
0.0
0.0
0.0
0.0
0.0
0.0
0.0
0.0
0.0
0.0
0.0
0.0
0.0
0.0
0.0
0.0
0.0
0.0
0.0
0.0
0.0
0.0
0.0
0.0
0.0
0.0
0.0
0.0
0.0
0.0
0.0
0.0
0.0
0.0
0.0
0.0
0.0
0.0
0.0
0.0
0.0
0.0
0.0
0.0
0.0
0.0
0.0
0.0
0.0
0.0
0.0
0.0
0.07867813110351562
0.09846687316894531
0.0
0.0762939453125
0.0
0.0
0.2830028533935547
0.05841255187988281
0.14019012451171875
0.08440017700195312
0.08797645568847656
0.10132789611816406
0.10991096496582031
0.09274482727050781
0.19168853759765625
0.14972686767578125
0.1647472381591797
0.09202957153320312
0.09012222290039062
0.0
0.553131103515625
0.431060791015625
0.3590583801269531
0.1609325408935547
0.7853507995605469
0.46944618225097656
0.2262592315673828
0.2410411834716797
0.2524852752685547
0.8144378662109375
0.6501674652099609
1.032710075378418
0.78582763671875
0.1513957977294922
2.749919891357422
0.2651214599609375
0.5373954772949219
1.130819320678711
0.4115104675292969
0.2942085266113281
3.307342529296875
0.4761219024658203
2.143383026123047
0.6859302520751953
2.758026123046875
0.3603696823120117
0.6780624389648438
1.7745494842529297
0.3407001495361328
3.3948421478271484
0.42068958282470703
0.4010200500488281
3.4704208374023438
0.7801055908203125
3.7865638732910156
2.7115345001220703
0.9033679962158203
2.8319358825683594
3.635406494140625
0.5567073822021484
0.8728504180908203
0.44476985931396484
4.736065864562988
3.4362077713012695
5.148172378540039
1.6204118728637695
2.4826526641845703
2.4733543395996094
2.3287534713745117
3.5941600799560547
2.2197961807250977
4.281759262084961
3.952503204345703
3.7643909454345703
4.6024322509765625
3.560304641723633
2.287626266479492
4.812836647033691
5.948185920715332
6.062984466552734
6.315708160400391
5.737066268920898
10.808229446411133
6.219267845153809
11.818408966064453
14.386296272277832
13.221979141235352
10.415196418762207
5.960702896118164
10.46288013458252
10.181546211242676
10.138630867004395
10.833263397216797
0.0
0.0
0.0
0.0
0.0
0.0
0.0
0.0
0.0
0.0
0.0
0.0
0.0
0.0
0.0
0.0
0.0
0.0
0.0
0.0
0.0
0.0
0.0
0.0
0.0
0.0
0.15282630920410156
0.354766845703125
0.10585784912109375
0.1239776611328125
0.40459632873535156
0.2315044403076172
0.7810592651367188
0.7998943328857422
1.0561943054199219
0.7519721984863281
3.065347671508789
0.4355907440185547
0.2663135528564453
0.3591775894165039
0.9833574295043945
0.9098052978515625
1.4662742614746094
1.950383186340332
2.689361572265625
6.6405534744262695
4.513859748840332
8.077740669250488
6.984591484069824
5.481719970703125
11.317729949951172
0.0
0.0
0.0
0.0
0.0
0.0
0.0
0.0
0.0
0.0
0.0
0.0
0.0
0.0
0.0
0.0
0.0
0.1347064971923828
0.20384788513183594
0.8721351623535156
0.9903907775878906
0.2856254577636719
0.0
0.672459602355957
3.0303001403808594
0.6791353225708008
3.4531354904174805
9.836077690124512
10.809779167175293
10.506510734558105
0.0
0.0
0.0
0.0
0.0
0.0
0.0
0.0
0.0
0.0
0.0
0.0
0.0
0.3635883331298828
0.21529197692871094
0.8738040924072266
0.4824399948120117
3.1387805938720703
0.37729740142822266
1.5354156494140625
6.659507751464844
4.709005355834961
10.164022445678711
11.607050895690918
11.73543930053711
0.0
0.0
0.0
0.0
0.0
0.0
0.0
0.0
0.08511543273925781
0.12254714965820312
1.4755725860595703
5.292773246765137
9.449958801269531
0.0
0.0
0.0
0.0
0.0
0.0
0.0
0.0
0.0
0.0
0.244140625
0.7805824279785156
3.5420656204223633
11.550545692443848
12.115478515625
0.0
0.0
0.0
0.0
1.268148422241211
1.1506080627441406
0.0
0.0
0.0
0.0
1.6307830810546875
0.7627010345458984
0.308990478515625
2.782106399536133
3.669857978820801
8.697152137756348
9.203314781188965
0.0
0.1621246337890625
2.3925304412841797
1.029372215270996
3.545522689819336
2.504706382751465
0.0
0.0
0.0
0.0
1.019597053527832
1.3880729675292969
2.2412538528442383
10.433554649353027
0.0
3.1549930572509766
0.8679628372192383
1.5652179718017578
0.0
0.0
0.0
0.0
0.0
0.10275840759277344
0.0
0.0
0.0
10.904550552368164
0.0
0.0
0.2570152282714844
0.0
0.0
0.0
0.4284381866455078
0.3132820129394531
3.056049346923828
0.5896091461181641
0.0
0.0
0.09655952453613281
10.675191879272461
0.11444091796875
0.38743019104003906
10.983109474182129
0.0
0.0
0.4093647003173828
3.7527084350585938
0.43892860412597656
3.383159637451172
0.28824806213378906
0.1571178436279297
