9.876351576561311e-42
0.70635986328125
0.11616897583007812
0.00048828125
1.1780242919921875
0.112701416015625
0.5538864135742188
0.15647125244140625
0.470703125
0.0372467041015625
0.6430168151855469
0.36679840087890625
0.05517578125
0.026611328125
0.0181121826171875
0.18747329711914062
0.01275634765625
0.143798828125
0.0167083740234375
0.225738525390625
0.051055908203125
0.00762939453125
0.9078712463378906
0.6887779235839844
0.2736778259277344
0.004913330078125
0.00482177734375
0.0489501953125
0.0026397705078125
0.0159454345703125
0.0073394775390625
0.0169219970703125
0.0119171142578125
0.000732421875
6.103515625e-05
0.0
0.00262451171875
0.0
0.832305908203125
0.0015869140625
0.001617431640625
0.0
0.29228973388671875
1.8788681030273438
0.0009765625
1.001129150390625
1.3042526245117188
1.1403045654296875
0.008544921875
0.17571640014648438
0.0306396484375
0.0123138427734375
0.152252197265625
0.005706787109375
1.684051513671875
0.0384063720703125
0.151275634765625
0.00146484375
0.7383880615234375
0.00299072265625
0.5222206115722656
0.18328857421875
0.47918701171875
0.456451416015625
0.08595657348632812
0.0103759765625
0.0135040283203125
0.2662506103515625
1.0160255432128906
0.043212890625
4.57763671875e-05
0.0023345947265625
0.16774368286132812
0.3132209777832031
0.42313385009765625
1.3120460510253906
0.005462646484375
0.0241241455078125
0.7476272583007812
0.07208251953125
0.0037384033203125
0.0
0.734771728515625
0.11556625366210938
0.14565658569335938
0.00433349609375
0.006591796875
0.005889892578125
0.0220489501953125
0.0037689208984375
0.23789596557617188
0.3026885986328125
0.0041961669921875
0.0568389892578125
0.0
0.0314788818359375
0.0039520263671875
0.009368896484375
0.0004119873046875
1.4391136169433594
1.1082420349121094
0.0042877197265625
0.0
0.001800537109375
0.5554885864257812
0.044097900390625
0.3613090515136719
0.00408935546875
0.00318145751953125
0.0
2.0030517578125
0.0982666015625
0.049068450927734375
0.0
0.1004791259765625
0.0734710693359375
0.00090789794921875
0.3237152099609375
0.00079345703125
0.292236328125
0.019012451171875
0.0269012451171875
0.0
0.0363006591796875
0.0
0.0190582275390625
0.0
0.0113372802734375
0.47843170166015625
0.003570556640625
0.0792388916015625
0.44145965576171875
0.016845703125
0.0074615478515625
0.0005645751953125
0.02001953125
0.10525131225585938
0.1731109619140625
0.0522003173828125
0.031768798828125
0.125640869140625
0.0155181884765625
0.082763671875
0.0133209228515625
0.004913330078125
0.0055084228515625
0.0259552001953125
0.0157928466796875
0.0067901611328125
0.019561767578125
0.00494384765625
0.004119873046875
0.0048370361328125
0.0047454833984375
0.00762939453125
0.05184173583984375
0.18563079833984375
0.566986083984375
0.6588897705078125
0.7280731201171875
0.8957061767578125
0.9754791259765625
0.0086212158203125
0.03551483154296875
0.00308990478515625
0.0036773681640625
0.091949462890625
0.2618980407714844
2.572704315185547
0.21429061889648438
2.0275039672851562
0.4269866943359375
0.0
0.3985862731933594
2.4856414794921875
0.42050933837890625
3.442371368408203
0.5781898498535156
0.2161865234375
0.6309623718261719
1.6297111511230469
0.6197662353515625
1.9514198303222656
1.2505760192871094
0.7151336669921875
2.147197723388672
2.0293502807617188
4.7302398681640625
9.82839584350586
7.395885467529297
2.6436996459960938
1.1378173828125
2.414886474609375
5.770313262939453
1.4895896911621094
7.779991149902344
0.10074996948242188
0.14456939697265625
0.002838134765625
0.2699241638183594
0.6310539245605469
0.0
0.36302947998046875
0.8776512145996094
0.5898017883300781
0.7575035095214844
0.5774765014648438
0.213287353515625
0.747711181640625
1.6140060424804688
1.5118370056152344
0.426605224609375
0.7283515930175781
2.5313377380371094
0.4475212097167969
1.004150390625
3.916290283203125
0.07921218872070312
3.2782020568847656
0.42415618896484375
1.3789825439453125
0.00028228759765625
0.504241943359375
8.954578399658203
4.803794860839844
0.0740814208984375
0.6922683715820312
0.6862411499023438
0.2572669982910156
0.4596061706542969
2.4575157165527344
0.32624053955078125
2.5863113403320312
1.0508689880371094
0.055694580078125
1.7629852294921875
0.5667724609375
1.7136878967285156
1.3076057434082031
0.6730079650878906
0.4949150085449219
1.4460296630859375
1.4054222106933594
2.199390411376953
0.19052886962890625
1.3091239929199219
1.0628776550292969
0.5919265747070312
0.8767013549804688
0.8881340026855469
0.30840301513671875
0.26160430908203125
0.24861907958984375
0.24645614624023438
1.3541717529296875
0.4779052734375
0.24089813232421875
0.1463775634765625
0.20379638671875
0.13104248046875
0.45806884765625
3.7723045349121094
1.4756393432617188
1.2325096130371094
0.6432456970214844
0.5538520812988281
0.0
0.0
0.036838531494140625
1.4953727722167969
0.7389450073242188
2.762073516845703
2.553455352783203
1.7878189086914062
0.0
0.0
0.010101318359375
0.0
1.0420875549316406
3.5271377563476562
2.1753082275390625
0.0
0.14922714233398438
4.0110015869140625
0.41983795166015625
0.171173095703125
4.023860931396484
0.048366546630859375
3.0379257202148438
0.6095390319824219
0.5515861511230469
3.7324371337890625
0.0
0.5521392822265625
0.0486907958984375
2.4826927185058594
0.7531776428222656
0.033046722412109375
4.716621398925781
0.19701385498046875
0.9594345092773438
0.0
2.0104522705078125
0.0926513671875
3.6554832458496094
0.0
0.00534820556640625
3.6328506469726562
2.492656707763672
0.00661468505859375
0.4102783203125
0.7168617248535156
5.380615234375
0.03382110595703125
2.1279754638671875
0.02503204345703125
0.0018310546875
0.005222320556640625
0.287200927734375
0.9426727294921875
4.176109313964844
0.7913322448730469
0.3506965637207031
0.83819580078125
1.5088424682617188
2.04949951171875
2.084014892578125
1.9073448181152344
1.5104942321777344
1.14495849609375
0.7972145080566406
1.9672203063964844
1.0877532958984375
1.6880226135253906
1.2132034301757812
1.2924079895019531
1.1847610473632812
3.8539085388183594
0.12059402465820312
0.020877838134765625
1.1807823181152344
0.009502410888671875
0.04759979248046875
0.0
0.07806396484375
1.0315704345703125
1.2846412658691406
0.0003662109375
0.5674934387207031
0.02008056640625
0.0
3.177387237548828
1.8204116821289062
2.3560333251953125
0.0
0.0
0.0
0.0
0.0
0.0
0.0
0.0
0.0
0.0
0.0
0.0
0.7809181213378906
0.7562370300292969
0.0
0.5770988464355469
0.0
0.1107940673828125
2.3736305236816406
0.0
0.0
0.0
0.0
0.0
0.0
0.5066757202148438
1.8772430419921875
0.30216217041015625
2.0716476440429688
0.0
0.027515411376953125
0.15256118774414062
0.15307998657226562
0.5672149658203125
0.117950439453125
0.000579833984375
3.0449867248535156
0.4680290222167969
0.0
0.9558677673339844
0.00067138671875
0.0
0.0
0.014728546142578125
0.0
0.0
0.0081634521484375
0.05194854736328125
0.0
0.018985748291015625
0.0
0.0
0.0
0.0
0.0
0.0
0.0
0.0
0.0
0.0
0.0
0.0
0.0
0.0001220703125
0.0001678466796875
0.0
0.0
0.0
0.0
0.0
0.0
0.0
0.0
0.0
0.0
0.0
0.0
0.0
0.0
0.000244140625
0.000701904296875
0.0
0.0
0.0180511474609375
1.5666313171386719
1.0995025634765625
0.09244537353515625
1.3677253723144531
0.014705657958984375
3.270721435546875
0.34505462646484375
0.0
0.0359344482421875
1.8896408081054688
0.555145263671875
0.05055999755859375
0.2208404541015625
0.0
0.0135498046875
7.397857666015625
0.002685546875
1.5317039489746094
4.544460296630859
0.1926116943359375
2.785358428955078
0.000518798828125
0.0
0.0100555419921875
0.0
2.822784423828125
0.0
0.87945556640625
0.1296844482421875
0.14809036254882812
0.0090179443359375
0.020999908447265625
0.0
0.0
0.0
0.0
0.0
0.0054931640625
0.0
0.0114288330078125
0.03626251220703125
0.0
0.1656646728515625
0.00786590576171875
0.00457763671875
0.02115631103515625
0.0013275146484375
0.0
0.0272979736328125
0.0
0.0
0.212646484375
0.0
0.1257171630859375
0.3693695068359375
0.0
0.0
0.0
0.0
0.0
0.0224456787109375
0.0
0.0
0.0717926025390625
0.00341796875
0.0
0.1122894287109375
0.0
0.03340911865234375
0.0241546630859375
0.0
0.0185546875
0.0
0.2686767578125
0.0
0.0
0.0026702880859375
0.002410888671875
0.0012359619140625
0.001129150390625
0.0
0.0
1.52587890625e-05
0.0031890869140625
0.012298583984375
0.003326416015625
0.0
0.0685577392578125
0.0
0.10028076171875
0.0128936767578125
0.075408935546875
0.0218505859375
0.01019287109375
0.029083251953125
0.0006256103515625
0.0
4.57763671875e-05
0.01145172119140625
0.03326416015625
0.0077362060546875
0.0
0.0040435791015625
0.010162353515625
0.015960693359375
0.0
0.0
0.0
0.013702392578125
0.0
0.0
0.11399078369140625
0.0021209716796875
0.0015869140625
0.00439453125
0.00506591796875
0.0
0.0
0.001434326171875
0.014892578125
0.01879119873046875
0.011138916015625
0.0
0.0
0.0061492919921875
0.01320648193359375
0.03658294677734375
0.25518798828125
0.2308197021484375
0.022979736328125
0.0
0.013214111328125
0.0
0.0
0.0
0.0
0.0004119873046875
0.0023956298828125
0.0
0.0
0.22469329833984375
0.00836944580078125
0.0
0.0
0.11224365234375
0.0
0.0
0.0
0.0
0.0003204345703125
0.0
0.0008087158203125
0.0
0.0
0.0
0.0
0.0
0.0
0.00337982177734375
0.0
0.076507568359375
0.2603111267089844
0.42609405517578125
0.0016632080078125
0.0883941650390625
0.16176986694335938
0.4927825927734375
0.1442108154296875
0.6004219055175781
0.5631103515625
0.0027313232421875
0.2012176513671875
1.0013427734375
0.49095916748046875
0.1312255859375
0.20885848999023438
0.3204498291015625
0.0668182373046875
0.3200531005859375
0.2945556640625
0.0036773681640625
0.0422821044921875
0.037017822265625
0.17366790771484375
0.12384796142578125
0.049041748046875
0.007720947265625
0.1156768798828125
0.01300048828125
0.02346038818359375
0.0128326416015625
0.0003662109375
0.07025909423828125
0.00179290771484375
0.07076263427734375
0.0575714111328125
0.027984619140625
0.04705810546875
0.06009674072265625
0.02231597900390625
0.09284210205078125
0.10143280029296875
0.033679962158203125
0.17449951171875
0.3003120422363281
2.6196556091308594
0.7884445190429688
0.15721511840820312
0.2905464172363281
0.1337890625
0.0
0.0013427734375
0.0523529052734375
0.0
0.01291656494140625
0.0
0.0
0.0
0.0
0.0
0.0
0.0
0.0
0.0
0.0
0.0
0.0
0.0
0.0
0.0
0.0
0.0
0.0
0.0
0.0
0.0
0.0
0.0
0.0
0.0
0.018405914306640625
0.0
0.015331268310546875
0.0
0.0030517578125
0.017059326171875
0.0162506103515625
0.0037994384765625
0.0200347900390625
0.0272369384765625
0.012378692626953125
0.019542694091796875
0.000324249267578125
0.02996826171875
0.03789520263671875
0.0007476806640625
0.0509185791015625
0.002895355224609375
0.0053558349609375
0.011138916015625
0.07673263549804688
0.12217330932617188
0.06526947021484375
0.048221588134765625
0.08355331420898438
0.082794189453125
0.14459228515625
0.12566375732421875
0.0
0.022216796875
0.0193023681640625
0.1662750244140625
0.21388626098632812
0.0145416259765625
0.0
0.14649200439453125
0.01734161376953125
0.0
0.01123046875
0.07035446166992188
0.000213623046875
0.032421112060546875
0.02887725830078125
0.20142364501953125
0.2621345520019531
0.1800689697265625
0.011260986328125
0.21335983276367188
0.23463821411132812
0.5096549987792969
0.06748199462890625
0.16887664794921875
0.281524658203125
0.24920654296875
0.131805419921875
0.0259246826171875
0.6347923278808594
0.5264358520507812
0.5007438659667969
0.12284088134765625
0.45595550537109375
0.5498161315917969
0.8133621215820312
0.27431488037109375
0.3748741149902344
0.1022491455078125
0.5149612426757812
0.24967193603515625
0.1033782958984375
1.0916671752929688
0.6790695190429688
0.372314453125
0.11380386352539062
1.1659622192382812
0.0376434326171875
0.230072021484375
0.090789794921875
0.097259521484375
0.9095611572265625
0.715484619140625
5.230724334716797
1.2440986633300781
1.9953460693359375
5.854076385498047
0.20184326171875
1.1186103820800781
0.5042724609375
7.474147796630859
4.019847869873047
0.08341217041015625
0.531097412109375
0.43795013427734375
0.35373687744140625
1.8123703002929688
0.4189453125
2.5578346252441406
0.21646881103515625
0.32939910888671875
4.564292907714844
0.6358222961425781
1.3787002563476562
0.9709320068359375
0.5149192810058594
2.1592636108398438
2.8886451721191406
0.9147872924804688
1.3113822937011719
0.7606201171875
7.070323944091797
0.9549522399902344
5.9716796875
0.800567626953125
0.5276412963867188
8.163219451904297
2.143871307373047
1.0920066833496094
0.5218048095703125
0.5548553466796875
3.0200881958007812
0.0
0.0
0.0
0.0
0.0
0.0
0.0
0.0
0.0
0.0
0.0
0.0
0.0
0.0
0.0
0.0
0.004913330078125
0.03177642822265625
0.0
0.0
0.00567626953125
0.0495758056640625
0.000396728515625
0.060092926025390625
0.22315216064453125
0.14307403564453125
0.05500030517578125
0.01397705078125
0.0994873046875
0.06286239624023438
0.15601730346679688
0.31923675537109375
0.05108642578125
0.190643310546875
0.9663200378417969
0.14865875244140625
0.09738540649414062
0.9593162536621094
1.3520431518554688
1.2329521179199219
0.19460296630859375
0.24261474609375
1.2799301147460938
1.37030029296875
0.24933624267578125
4.985847473144531
0.4001274108886719
0.40328216552734375
0.9612884521484375
1.9347877502441406
1.7593803405761719
0.0
0.0
0.0
0.0
0.0
0.0
0.0
0.0
0.0
0.0
0.0
0.0
0.0
0.025707244873046875
0.10025405883789062
0.0299530029296875
0.003448486328125
0.0021514892578125
0.068695068359375
0.063262939453125
0.21185684204101562
0.6710662841796875
0.5017318725585938
0.061187744140625
0.0393829345703125
4.770130157470703
0.3929557800292969
0.6069793701171875
0.4010009765625
0.2838096618652344
0.0
0.0
0.0
0.0
0.0
0.0
0.0
0.0
0.0123748779296875
0.058971405029296875
0.05524444580078125
0.0149688720703125
0.0
0.20518112182617188
0.13946533203125
0.5256309509277344
0.11017608642578125
0.13513565063476562
0.936431884765625
0.5932998657226562
0.8766975402832031
0.4926490783691406
6.194850921630859
0.5469512939453125
0.0
0.0
0.0
0.011295318603515625
0.0
0.04925537109375
0.0403594970703125
0.006275177001953125
0.05519866943359375
0.0
0.09294891357421875
0.6674118041992188
4.996891021728516
0.34664154052734375
0.0
0.0
0.0
0.0
0.0
0.0075225830078125
0.0008697509765625
0.045543670654296875
0.01473236083984375
0.1819305419921875
0.0055084228515625
0.3424568176269531
8.214126586914062
1.122314453125
0.0
0.0
0.014797210693359375
0.07545089721679688
0.0544586181640625
0.22258758544921875
0.0
0.0
0.0166168212890625
0.09068679809570312
0.182281494140625
0.23426055908203125
0.2054290771484375
0.7267913818359375
0.6879196166992188
5.740146636962891
0.7203216552734375
0.27106475830078125
0.15335845947265625
0.18354034423828125
0.9142837524414062
3.144989013671875
0.8063316345214844
0.0
0.00054931640625
0.0198822021484375
0.05420684814453125
2.331768035888672
5.148643493652344
0.8826713562011719
0.5005035400390625
0.13323211669921875
0.20331573486328125
0.204498291015625
3.406940460205078
0.04644012451171875
0.0
0.1017303466796875
0.10547637939453125
0.0
0.01025390625
0.09081649780273438
0.006011962890625
0.0
0.4988250732421875
0.0
0.0015869140625
0.12174224853515625
0.004486083984375
0.0
0.0
0.10634994506835938
0.2225799560546875
0.057891845703125
0.25327301025390625
0.0
0.0070343017578125
0.01782989501953125
0.539398193359375
0.0090484619140625
0.191314697265625
0.352020263671875
0.0
0.0
0.30324554443359375
0.31780242919921875
0.4742431640625
3.184764862060547
0.050045013427734375
0.12414169311523438
