9.876351576561311e-42
3.1122188568115234
0.567378044128418
7.14371395111084
3.3996267318725586
6.4199419021606445
1.9433212280273438
3.5455760955810547
5.188596725463867
0.045508384704589844
1.6733741760253906
0.3918485641479492
3.1145286560058594
0.016753196716308594
0.043524742126464844
1.5195608139038086
0.050342559814453125
1.5414180755615234
0.002044677734375
1.8191680908203125
0.04755401611328125
0.04364776611328125
8.495748519897461
6.817312240600586
4.944633483886719
0.0464324951171875
0.013432502746582031
0.8841924667358398
0.16324806213378906
0.0312957763671875
0.16835403442382812
0.03879833221435547
0.9706344604492188
0.2215719223022461
0.5083427429199219
0.5606346130371094
2.0124807357788086
1.3745193481445312
0.0
1.3599853515625
1.4662885665893555
1.0205278396606445
1.284860610961914
0.8398008346557617
6.103803634643555
1.3568735122680664
3.3760175704956055
0.3776226043701172
0.006946563720703125
0.9081268310546875
0.11558341979980469
0.005889892578125
4.7501068115234375
0.0
7.38436222076416
0.00289154052734375
3.45236873626709
0.4668693542480469
0.0
0.6423730850219727
0.5752792358398438
0.1741485595703125
5.119600296020508
7.303166389465332
1.1693973541259766
0.000133514404296875
0.001903533935546875
0.1557788848876953
6.243025779724121
0.0606536865234375
0.22855377197265625
1.4421539306640625
0.4201688766479492
1.6313362121582031
3.1432504653930664
5.341141700744629
0.00096893310546875
0.024951934814453125
1.4201164245605469
0.16879653930664062
0.4283285140991211
1.2619132995605469
0.6646499633789062
0.005928993225097656
2.917764663696289
0.0002288818359375
0.06512451171875
0.0562896728515625
0.10257720947265625
0.6502437591552734
0.009690284729003906
2.7533655166625977
0.0
0.18291473388671875
1.4322586059570312
0.07436370849609375
0.066375732421875
0.015869140625
0.5296802520751953
0.5680332183837891
1.599299430847168
0.07052230834960938
1.4266510009765625
1.1947402954101562
0.9486274719238281
0.15317440032958984
2.108393669128418
0.014324188232421875
0.1537923812866211
0.3337211608886719
1.0091419219970703
0.0469512939453125
0.8363714218139648
0.2736778259277344
0.04716014862060547
0.3683052062988281
0.15373516082763672
2.248093605041504
0.2483081817626953
5.723579406738281
0.00525665283203125
0.1712198257446289
0.40210723876953125
0.022090911865234375
0.21611404418945312
0.00039005279541015625
0.22864532470703125
0.0015325546264648438
0.0
0.1128997802734375
0.33667755126953125
7.732728004455566
0.12370681762695312
0.02729511260986328
0.014792442321777344
0.0
4.2386064529418945
0.003972053527832031
0.015186309814453125
0.056339263916015625
0.015918731689453125
0.00867462158203125
0.05050086975097656
0.04488086700439453
0.054325103759765625
0.014556884765625
0.00415802001953125
0.0
0.0
0.0
0.0
0.0107269287109375
0.0
0.018596649169921875
0.09209156036376953
0.022319793701171875
0.007373809814453125
0.00061798095703125
0.0
0.0
0.0
0.0
2.6378421783447266
0.4847068786621094
4.386554718017578
1.8652420043945312
6.22905158996582
3.216771125793457
6.110121726989746
5.142545700073242
4.359871864318848
1.7019882202148438
5.346445083618164
13.145746231079102
4.54547119140625
7.52769660949707
1.5318422317504883
9.938039779663086
10.536905288696289
0.18487834930419922
16.191387176513672
0.24231910705566406
2.606595993041992
15.328779220581055
3.7180891036987305
0.07222938537597656
0.8773403167724609
1.6653823852539062
5.998442649841309
3.351376533508301
0.9192743301391602
1.8113136291503906
0.4449119567871094
1.7650671005249023
0.40012645721435547
1.5362567901611328
1.4211063385009766
0.7554035186767578
5.164921760559082
6.525646209716797
3.1596879959106445
4.494251251220703
7.911420822143555
9.753174781799316
0.6049871444702148
8.869118690490723
6.9013214111328125
9.996002197265625
0.14323711395263672
12.590167045593262
0.4773283004760742
0.9574642181396484
11.253718376159668
1.5417327880859375
10.708100318908691
0.11159896850585938
3.0066299438476562
7.785483360290527
15.51781940460205
0.022365570068359375
5.73264217376709
3.540231704711914
8.607548713684082
3.305021286010742
0.9162321090698242
6.665712356567383
0.8468818664550781
1.5777130126953125
8.055241584777832
0.32885265350341797
0.6913204193115234
1.8944168090820312
2.0317459106445312
1.7600297927856445
4.518801689147949
0.5277023315429688
0.3645763397216797
0.6226339340209961
4.351285934448242
0.15253543853759766
0.045917510986328125
3.5020008087158203
0.1685647964477539
1.2051877975463867
0.0035448074340820312
1.3112449645996094
0.01458740234375
1.9467840194702148
0.7407665252685547
0.6446714401245117
0.43918895721435547
0.24083518981933594
0.18637943267822266
0.29740333557128906
0.20300865173339844
0.013653755187988281
0.0
0.0013427734375
0.023047447204589844
0.00922393798828125
0.040241241455078125
3.2608413696289062
6.67124080657959
7.447785377502441
8.461030006408691
2.8970088958740234
6.544477462768555
5.849312782287598
4.271148681640625
0.003986358642578125
0.14172744750976562
0.025238037109375
0.256805419921875
0.35483455657958984
15.694725036621094
8.197505950927734
4.589483261108398
2.5859317779541016
2.3319778442382812
0.015536308288574219
0.07794189453125
0.9814300537109375
7.119549751281738
0.6438236236572266
9.047582626342773
0.09615325927734375
3.824594497680664
0.007183074951171875
2.790499687194824
4.148368835449219
1.5665006637573242
0.010189056396484375
17.71707534790039
0.6558990478515625
0.7117691040039062
0.21864986419677734
8.627546310424805
1.7571182250976562
5.80133056640625
0.0224151611328125
0.7049026489257812
9.976141929626465
2.8410472869873047
3.125171661376953
5.799817085266113
13.552050590515137
0.219512939453125
2.7690162658691406
2.3383302688598633
0.20772361755371094
0.3388490676879883
0.9972753524780273
1.3760557174682617
10.357647895812988
0.2671012878417969
0.3271646499633789
8.767412185668945
0.5078516006469727
0.6452579498291016
2.192747116088867
0.11707687377929688
0.6506805419921875
3.796417236328125
0.35056495666503906
3.508336067199707
0.0060577392578125
0.5895309448242188
0.022525787353515625
0.17320823669433594
2.803447723388672
1.796799659729004
0.41043663024902344
0.21512222290039062
0.09560394287109375
0.023956298828125
0.04134368896484375
0.12452030181884766
0.8002195358276367
0.007930755615234375
0.0155792236328125
0.00415802001953125
0.001277923583984375
0.0
0.0
0.0
0.030445098876953125
0.0438995361328125
0.0
0.01180267333984375
0.0
0.0
0.09935760498046875
7.028293609619141
0.018250465393066406
0.0
0.0
0.0
0.0
0.0
0.0
0.0
0.0
0.0
0.0
0.0
0.0
0.006931304931640625
0.00818634033203125
0.0
0.04743003845214844
0.0
0.0032739639282226562
3.651205062866211
0.0
0.0
0.0
0.0
0.0
0.0
0.001865386962890625
0.30440235137939453
0.007775306701660156
0.4684915542602539
0.0
0.0
0.0
0.0
0.0074291229248046875
0.00194549560546875
0.0
0.004687309265136719
0.0055446624755859375
0.0
0.007401466369628906
0.0
0.0
0.0
0.0
0.0
0.0
0.0
0.00042724609375
0.0
0.0
0.0
0.0
0.0
0.0
0.0
0.0
0.0
0.0
0.0
0.0
0.0
0.0
0.0
0.0
0.0
0.0
0.0
0.0
0.0
0.0
0.0
0.0
0.0
0.0
0.0
0.0
0.0
0.0
0.0
0.00028228759765625
0.00103759765625
0.000331878662109375
0.0011749267578125
0.0
6.1307783126831055
8.070873260498047
6.285406112670898
0.284820556640625
0.0160064697265625
0.3625946044921875
3.476612091064453
6.103515625e-05
0.000354766845703125
11.778572082519531
0.07448196411132812
0.059383392333984375
4.208709716796875
0.004283905029296875
0.000946044921875
2.093693733215332
0.007495880126953125
0.3388862609863281
0.6545429229736328
0.13080978393554688
6.329809188842773
0.00347900390625
0.010334014892578125
0.0003662109375
0.0062408447265625
2.642059326171875
0.004405975341796875
0.08620262145996094
0.0
0.001155853271484375
0.0
0.000583648681640625
0.0
0.0
0.0
0.0
0.0
0.0
0.0
1.763275146484375
0.8800630569458008
8.7738037109375e-05
3.5394811630249023
0.041278839111328125
0.00030517578125
1.3674201965332031
0.0
0.003582000732421875
0.006732940673828125
0.00567626953125
0.0
0.0565948486328125
0.000431060791015625
0.030696868896484375
0.011638641357421875
0.00241851806640625
0.0
0.003261566162109375
0.0
0.03813934326171875
0.0
0.016571044921875
0.037479400634765625
0.027126312255859375
0.16093826293945312
0.0
4.5534820556640625
0.00606536865234375
0.249053955078125
0.01476287841796875
0.002353668212890625
0.014362335205078125
0.0
0.000640869140625
0.0
0.0
0.07550430297851562
0.17077255249023438
3.814697265625e-06
0.001007080078125
0.00507354736328125
0.0
0.0
0.13654327392578125
0.02777099609375
0.003692626953125
0.000354766845703125
1.095479965209961
0.0
0.002635955810546875
0.0
1.9073486328125e-05
0.0001373291015625
0.0011138916015625
0.027355194091796875
0.005954742431640625
0.0
0.07084274291992188
0.000308990478515625
0.0
0.001247406005859375
0.021755218505859375
0.0
0.001087188720703125
0.0
0.00037384033203125
0.00029754638671875
0.029361724853515625
0.00235748291015625
0.0
0.0
0.002628326416015625
0.0
0.0
0.0
0.0
0.001125335693359375
0.000125885009765625
0.060367584228515625
0.0
0.0
0.0
0.0
0.0
0.00067901611328125
0.0005950927734375
0.00457763671875
0.00525665283203125
0.003665924072265625
6.4849853515625e-05
0.0
0.0
0.0
0.0
0.0
0.0
0.0
0.0
0.0
0.038303375244140625
0.07413864135742188
0.0
0.0
0.0
0.07042694091796875
0.0
0.0
0.0
0.0
0.038967132568359375
0.0
0.0113525390625
0.001262664794921875
0.0
0.0
0.0
0.0
0.0
0.001506805419921875
0.0
0.060543060302734375
0.04366302490234375
0.041778564453125
0.001300811767578125
0.02864837646484375
0.042903900146484375
0.001506805419921875
0.012241363525390625
0.00131988525390625
0.002079010009765625
0.0
0.0
0.0
0.00142669677734375
0.02156829833984375
0.003826141357421875
0.002681732177734375
0.006244659423828125
5.7220458984375e-05
0.0
0.000553131103515625
0.00666046142578125
0.0389556884765625
0.002132415771484375
0.004764556884765625
0.0
7.2479248046875e-05
0.01085662841796875
0.01000213623046875
0.00122833251953125
0.009433746337890625
0.0
0.000865936279296875
0.002410888671875
0.008182525634765625
0.00418853759765625
0.000125885009765625
3.814697265625e-06
8.0108642578125e-05
0.0
0.0
0.0
0.0
0.0
0.12607955932617188
4.692182540893555
1.1326837539672852
0.29924774169921875
0.06045055389404297
0.00205230712890625
0.0
0.0
0.001956939697265625
0.0030975341796875
0.000904083251953125
0.0
0.0
0.0
0.0
0.0
0.0
0.0
0.0
0.0
0.0
0.0
0.0
0.0
0.0
0.0
0.0
0.0
0.0
0.0
0.0
0.0
0.0
0.0
0.00048828125
0.0079803466796875
0.000385284423828125
0.0
0.0
0.001186370849609375
0.0
8.392333984375e-05
0.001018524169921875
0.035297393798828125
0.000507354736328125
0.001186370849609375
0.002826690673828125
0.00373077392578125
0.005527496337890625
0.0
0.0
0.0
0.0
0.0021820068359375
0.0
0.0
0.0
0.003391265869140625
0.00035858154296875
0.001544952392578125
0.001293182373046875
0.0
0.001392364501953125
0.001888275146484375
0.002101898193359375
0.001590728759765625
0.010089874267578125
0.078094482421875
0.0
0.006755828857421875
0.0
0.0
0.002552032470703125
0.0
0.001682281494140625
0.005035400390625
0.01450347900390625
0.000457763671875
0.0
0.0
0.0
0.0
0.07176589965820312
0.0
0.0
0.0003509521484375
0.0
0.002964019775390625
0.0
0.0
0.0
0.000751495361328125
0.004924774169921875
0.017749786376953125
0.0
0.00152587890625
0.0
0.0
0.03270721435546875
0.0
0.0
0.00127410888671875
0.0
0.006305694580078125
0.0
0.0074615478515625
0.015529632568359375
0.007175445556640625
0.0
0.009777069091796875
0.008274078369140625
0.00665283203125
0.00780487060546875
0.00096893310546875
0.057323455810546875
0.011371612548828125
0.000347137451171875
0.10581207275390625
0.003833770751953125
0.0059814453125
0.00746917724609375
0.06392669677734375
0.005008697509765625
0.0093994140625
0.00689697265625
0.02446746826171875
0.059955596923828125
0.01194000244140625
0.001903533935546875
0.13674163818359375
0.007053375244140625
0.23482131958007812
0.038570404052734375
0.004650115966796875
0.12423324584960938
0.242095947265625
0.14000320434570312
0.018463134765625
0.2245025634765625
0.17460250854492188
0.20218276977539062
0.09271240234375
0.15101242065429688
0.029327392578125
0.2835044860839844
0.22938156127929688
0.31151580810546875
0.322998046875
0.30078887939453125
0.3025016784667969
0.4291343688964844
0.6139507293701172
0.6368026733398438
0.4175872802734375
2.543269157409668
0.00055694580078125
0.0017852783203125
0.0
0.0
0.0
9.918212890625e-05
0.0
0.0
0.0
0.0
0.0
0.0
0.0
0.0
0.0
0.0073699951171875
0.00373077392578125
0.001018524169921875
0.0
0.041744232177734375
0.0
0.0
0.0
0.002834320068359375
0.0
0.0
0.001491546630859375
0.001377105712890625
0.0
0.002719879150390625
0.0
0.0
0.002750396728515625
0.00389862060546875
0.00058746337890625
0.000278472900390625
0.00121307373046875
0.021205902099609375
0.12993621826171875
0.105712890625
0.0028076171875
0.00296783447265625
0.0197601318359375
0.1704864501953125
0.05875396728515625
0.16022872924804688
0.026073455810546875
0.055877685546875
0.15689849853515625
0.6225738525390625
2.840975761413574
0.002132415771484375
0.0
0.0
0.0
0.0
0.0
0.0
0.0
0.0
0.0
0.00933837890625
0.00160980224609375
0.0004730224609375
0.0
0.001667022705078125
0.0
0.000385284423828125
0.053173065185546875
0.0
0.000537872314453125
0.0
0.0
0.0
0.0
0.00060272216796875
0.17701339721679688
0.12615585327148438
0.7728424072265625
0.34139060974121094
0.4492826461791992
0.00255584716796875
0.0031280517578125
0.0
0.0
0.0
0.0
0.000438690185546875
0.005916595458984375
0.0
0.0
0.0052947998046875
0.001903533935546875
0.016918182373046875
0.0
0.0
0.02587890625
0.00525665283203125
0.0032806396484375
0.012523651123046875
0.057598114013671875
0.21523666381835938
0.05810546875
0.44882965087890625
0.21385955810546875
0.0
0.0
0.0
0.00946044921875
0.0
0.0
0.0
6.4849853515625e-05
0.004425048828125
0.0
0.001781463623046875
0.17165756225585938
0.23418426513671875
2.7518978118896484
0.0
3.0517578125e-05
0.0
0.0
0.0
0.0
0.0
0.0
0.0
0.0753173828125
0.022830963134765625
0.014163970947265625
0.19725799560546875
0.26219940185546875
0.00087738037109375
0.000751495361328125
0.0
0.0
0.000873565673828125
0.0
0.0
0.0
0.0
0.00225830078125
0.0
0.00058746337890625
0.005931854248046875
0.13445281982421875
0.25212860107421875
0.10956954956054688
0.22797012329101562
0.8302459716796875
0.0
0.00025177001953125
0.14567947387695312
0.18866729736328125
0.0473785400390625
0.0
0.004772186279296875
0.0
0.00029754638671875
0.21455764770507812
0.20338058471679688
0.029651641845703125
0.1755523681640625
0.5934915542602539
0.001361846923828125
0.0
0.17052078247070312
0.4862937927246094
0.0
0.0
0.0001220703125
0.0
0.0
0.001842498779296875
0.0
0.0
0.09951400756835938
0.0
0.002750396728515625
0.000995635986328125
0.0008087158203125
0.00254058837890625
0.0006561279296875
0.0
0.0
0.001941680908203125
0.0
0.005603790283203125
0.008197784423828125
0.037872314453125
0.027591705322265625
0.003238677978515625
0.02044677734375
0.15198516845703125
0.00444793701171875
0.0
0.0
0.006549835205078125
0.0
0.013004302978515625
0.0
0.00079345703125
