9.876351576561311e-42
7.65156364440918
17.757850646972656
0.1432056427001953
11.09627914428711
0.8083591461181641
18.787635803222656
18.702539443969727
22.650623321533203
0.6640701293945312
7.730916976928711
9.222848892211914
11.222759246826172
0.19831085205078125
0.5787544250488281
8.930328369140625
3.6516265869140625
1.2816009521484375
0.4478759765625
2.4812984466552734
0.4472923278808594
2.014373779296875
15.452249526977539
5.209848403930664
6.310636520385742
4.0913543701171875
0.3023185729980469
1.35540771484375
0.5111007690429688
7.556690216064453
1.1405258178710938
4.042667388916016
0.7368640899658203
5.840309143066406
1.1866683959960938
0.5965156555175781
1.0103435516357422
0.7587051391601562
0.2825775146484375
0.7346572875976562
0.7968521118164062
1.4782180786132812
19.973180770874023
6.301097869873047
0.23406028747558594
19.430391311645508
19.76767921447754
6.269777297973633
0.2818145751953125
11.292716979980469
5.800115585327148
0.1822967529296875
3.3133373260498047
0.6723861694335938
22.85202407836914
0.42011260986328125
1.2834510803222656
0.8765182495117188
3.21356201171875
1.4255828857421875
3.2086219787597656
0.825775146484375
4.475198745727539
7.0861968994140625
12.147573471069336
0.1819305419921875
0.5674667358398438
1.3909854888916016
17.478824615478516
0.7339973449707031
0.9389610290527344
0.7581558227539062
12.68165397644043
6.188432693481445
8.360784530639648
16.085437774658203
0.159942626953125
0.36878204345703125
47.698883056640625
0.6549530029296875
0.75494384765625
0.7826004028320312
20.954010009765625
0.676849365234375
14.427713394165039
0.2761497497558594
3.2728729248046875
5.369438171386719
0.9088516235351562
0.3984413146972656
2.225728988647461
12.609798431396484
2.438495635986328
0.6593475341796875
0.7888870239257812
0.6034622192382812
4.0559844970703125
6.349479675292969
0.4958457946777344
24.779340744018555
22.46668243408203
6.5338287353515625
1.0017814636230469
0.8369064331054688
25.830934524536133
2.5508575439453125
6.13261604309082
9.812015533447266
0.569061279296875
0.6185092926025391
10.192424774169922
2.1623458862304688
2.241413116455078
2.142913818359375
1.1989974975585938
1.8961067199707031
0.5369949340820312
13.518112182617188
0.57781982421875
6.256752014160156
0.48882293701171875
1.97662353515625
0.5273246765136719
0.5160675048828125
1.4548606872558594
0.6023902893066406
1.8033027648925781
0.8346214294433594
2.758068084716797
5.037860870361328
0.5931434631347656
7.970294952392578
1.8864517211914062
1.2146110534667969
0.660003662109375
0.3243370056152344
17.2049503326416
1.595132827758789
1.7291927337646484
1.0905609130859375
0.5379562377929688
1.0814361572265625
1.2550086975097656
1.5982170104980469
2.1167964935302734
0.6419010162353516
0.5276241302490234
0.3414344787597656
0.40488433837890625
0.32604217529296875
0.2386016845703125
0.7458992004394531
1.8171463012695312
0.9668960571289062
6.223163604736328
0.4651527404785156
0.4693336486816406
0.3711090087890625
0.31159210205078125
0.3074798583984375
0.2617645263671875
0.2451019287109375
2.327861785888672
0.3952751159667969
0.40146827697753906
0.08416938781738281
1.9983673095703125
19.27642822265625
9.811639785766602
12.799606323242188
19.405975341796875
14.775711059570312
0.5964546203613281
17.025625228881836
13.396490097045898
5.899068832397461
15.097139358520508
11.112363815307617
12.761281967163086
3.1458072662353516
5.031496047973633
4.585084915161133
39.932918548583984
13.794034957885742
4.346271514892578
4.289655685424805
3.6660690307617188
5.574163436889648
17.563783645629883
11.774639129638672
22.42837142944336
18.79939842224121
13.16119384765625
21.677528381347656
29.49836540222168
15.639488220214844
0.7314624786376953
0.2516517639160156
0.2940483093261719
21.151180267333984
27.274160385131836
0.06705856323242188
14.916101455688477
23.98420524597168
8.058773040771484
26.011627197265625
13.293611526489258
2.8732376098632812
2.1104488372802734
19.100156784057617
4.245033264160156
1.0684661865234375
6.548906326293945
19.024843215942383
10.033748626708984
7.183742523193359
4.566434860229492
2.4130191802978516
6.422863006591797
1.4998931884765625
17.741796493530273
6.099555969238281
6.483064651489258
11.902278900146484
4.914487838745117
8.836627960205078
11.065574645996094
13.590656280517578
14.372249603271484
7.277568817138672
31.156198501586914
23.1143798828125
12.146146774291992
25.764192581176758
14.338432312011719
2.919452667236328
9.416858673095703
10.613201141357422
11.62691879272461
8.209712982177734
8.356101989746094
13.888887405395508
13.38654899597168
23.170211791992188
8.45864486694336
10.857671737670898
9.779083251953125
0.9132328033447266
15.61009407043457
5.206159591674805
3.015491485595703
4.044771194458008
3.1887645721435547
1.974496841430664
5.720489501953125
2.156280517578125
6.084354400634766
5.954401016235352
0.6934623718261719
1.6961021423339844
1.0222015380859375
0.2596855163574219
0.22771644592285156
0.12999916076660156
0.04890632629394531
0.3769493103027344
0.39923667907714844
0.6980419158935547
1.931304931640625
4.334756851196289
0.18563270568847656
1.6737041473388672
0.3111991882324219
0.49304771423339844
0.4417591094970703
1.8610725402832031
1.4399242401123047
3.546276092529297
0.36736106872558594
0.8449325561523438
0.22181129455566406
3.0589447021484375
0.08426094055175781
1.2865180969238281
0.2432117462158203
2.566530227661133
0.685028076171875
1.4578571319580078
0.4020366668701172
1.9826507568359375
0.2748565673828125
0.9646816253662109
0.5360889434814453
2.8758792877197266
3.090442657470703
0.241973876953125
0.3070068359375
0.07103538513183594
1.2218570709228516
3.331064224243164
0.23005104064941406
0.48142433166503906
0.6047439575195312
0.2365570068359375
1.7388973236083984
0.9744033813476562
0.22684097290039062
0.8607501983642578
0.7515678405761719
1.779104232788086
1.7093086242675781
3.550140380859375
0.9557647705078125
1.733346939086914
4.459230422973633
0.5395679473876953
1.1349239349365234
0.5858173370361328
0.2360553741455078
0.7321109771728516
3.268749237060547
6.511100769042969
1.4999427795410156
6.5534820556640625
0.8751468658447266
2.4947547912597656
0.32196617126464844
0.2086009979248047
0.4254589080810547
0.2648029327392578
0.08112525939941406
0.49500465393066406
0.28678321838378906
0.1661396026611328
0.16579627990722656
0.21241378784179688
0.20986175537109375
1.5769519805908203
2.305328369140625
2.410451889038086
4.040315628051758
1.4214553833007812
3.606107711791992
11.089437484741211
4.6160430908203125
0.3630046844482422
1.8034915924072266
8.701410293579102
2.876300811767578
3.020824432373047
1.6604499816894531
2.147815704345703
1.8054676055908203
1.3760986328125
0.6696224212646484
0.06638336181640625
0.087066650390625
0.04384613037109375
0.31021881103515625
0.05509185791015625
0.079254150390625
0.16558456420898438
0.14638519287109375
0.12853240966796875
0.23577117919921875
0.21689605712890625
2.2257118225097656
0.6046867370605469
8.46959114074707
2.324533462524414
0.1329193115234375
0.216705322265625
4.33424186706543
0.06981658935546875
0.108856201171875
0.0881805419921875
0.16201019287109375
0.06476593017578125
0.46364784240722656
2.1061153411865234
3.1706771850585938
1.3362655639648438
9.313705444335938
0.0637054443359375
3.189655303955078
10.960844039916992
0.16930389404296875
0.24555206298828125
5.408332824707031
3.178926467895508
1.170736312866211
0.20822906494140625
2.4656333923339844
0.5907802581787109
0.06427764892578125
0.7994480133056641
0.09510040283203125
4.4168853759765625
0.08023834228515625
0.09578704833984375
0.18653297424316406
0.16771697998046875
0.11365509033203125
0.30271148681640625
0.0438079833984375
0.044647216796875
0.0572509765625
0.063079833984375
0.15264511108398438
0.04256439208984375
0.04639434814453125
0.131317138671875
0.03515625
0.05145263671875
0.2743339538574219
0.11562347412109375
0.10253143310546875
2.566011428833008
4.785366058349609
10.951671600341797
6.030582427978516
3.308879852294922
1.2762889862060547
0.10761260986328125
1.4852180480957031
1.7979774475097656
0.11052703857421875
0.1130523681640625
0.11513519287109375
0.1072235107421875
0.04189300537109375
0.0395355224609375
0.07891845703125
0.20949554443359375
0.2113361358642578
0.25429344177246094
0.4118061065673828
0.33245849609375
2.7296600341796875
1.4967231750488281
0.32292747497558594
2.09808349609375
0.4626312255859375
2.8082351684570312
0.2476978302001953
1.078908920288086
0.3890533447265625
9.927896499633789
2.8286781311035156
2.2633914947509766
0.16571044921875
1.3480873107910156
0.3635063171386719
1.1223068237304688
0.3340740203857422
0.9093456268310547
0.7894287109375
0.43115234375
8.02400016784668
0.5864849090576172
0.5561370849609375
0.6406917572021484
0.9417438507080078
7.293672561645508
0.9760799407958984
4.141376495361328
3.7939720153808594
4.503314971923828
0.2666454315185547
0.31736183166503906
0.60113525390625
0.2716941833496094
0.6986675262451172
0.7857761383056641
0.9709320068359375
1.1449203491210938
0.4544696807861328
0.3688545227050781
0.21764564514160156
1.101736068725586
0.3162097930908203
0.5821857452392578
0.516082763671875
0.20626449584960938
0.5983810424804688
1.161733627319336
0.7086696624755859
3.421812057495117
1.2231616973876953
1.2179584503173828
0.4792327880859375
2.0622711181640625
2.6181087493896484
7.3370513916015625
9.82789421081543
6.543727874755859
10.928508758544922
2.0642318725585938
0.6686172485351562
0.6665153503417969
0.5004997253417969
3.6064491271972656
0.4605274200439453
0.56732177734375
0.20705032348632812
1.2477169036865234
0.3875732421875
0.6315116882324219
8.64022445678711
0.8703842163085938
7.050678253173828
1.994720458984375
4.798715591430664
4.870599746704102
1.6957244873046875
1.6979198455810547
1.3195762634277344
0.348419189453125
1.2066974639892578
0.6436405181884766
1.0999889373779297
1.9906120300292969
4.503700256347656
0.33669471740722656
0.7930526733398438
0.07931327819824219
6.355316162109375
1.315786361694336
1.276662826538086
1.8314895629882812
1.6341705322265625
0.49260902404785156
0.5174331665039062
0.42413330078125
2.204446792602539
1.6586856842041016
1.0267257690429688
1.4882774353027344
1.9410381317138672
1.4383201599121094
7.321193695068359
0.6272735595703125
1.42901611328125
0.6548690795898438
0.8581676483154297
3.912626266479492
1.4422149658203125
3.98193359375
0.5440673828125
1.5285568237304688
1.3059444427490234
0.6773395538330078
0.8737430572509766
1.3197975158691406
3.02789306640625
3.2431087493896484
1.2363147735595703
0.769439697265625
0.8487014770507812
0.6875762939453125
0.7168998718261719
0.8926887512207031
1.4993553161621094
0.9938697814941406
1.345367431640625
1.13348388671875
0.9649887084960938
0.73358154296875
1.142486572265625
0.77288818359375
0.7000198364257812
10.554023742675781
0.9094085693359375
0.7155303955078125
3.1220550537109375
6.793937683105469
0.994964599609375
2.5332717895507812
7.661613464355469
8.288841247558594
0.7747802734375
1.9722137451171875
7.68836784362793
1.3048324584960938
1.0706634521484375
0.6855087280273438
0.79351806640625
8.316791534423828
0.8703842163085938
1.6934967041015625
0.555419921875
0.86309814453125
0.9599456787109375
0.9571304321289062
0.9866867065429688
0.7532501220703125
2.8546295166015625
0.6947669982910156
9.094306945800781
3.7605743408203125
3.589496612548828
4.121603012084961
7.896614074707031
6.2445220947265625
0.8698501586914062
15.701438903808594
4.913970947265625
2.80804443359375
9.230609893798828
4.813249588012695
9.119056701660156
6.422966003417969
1.340047836303711
6.31671142578125
1.2135429382324219
4.436464309692383
0.8221092224121094
0.9243049621582031
6.9662322998046875
2.003032684326172
5.651741027832031
0.7344169616699219
7.630533218383789
7.419532775878906
8.760791778564453
1.7615985870361328
3.202756881713867
2.0712547302246094
5.971441268920898
2.4192447662353516
0.7239189147949219
8.251640319824219
2.9615554809570312
0.7870330810546875
0.6269321441650391
0.6679325103759766
0.5873870849609375
1.2033424377441406
0.7377586364746094
1.443105697631836
1.6807022094726562
6.540996551513672
0.08673858642578125
0.5939102172851562
1.0015716552734375
0.6392345428466797
0.5028305053710938
0.5071640014648438
4.095726013183594
4.725746154785156
0.2756843566894531
6.079545974731445
2.721342086791992
1.5509223937988281
0.4606437683105469
0.5858573913574219
0.7739696502685547
0.5734691619873047
10.870260238647461
2.0865955352783203
11.057994842529297
0.7338924407958984
7.920467376708984
0.4415130615234375
0.4657421112060547
0.37813758850097656
5.975797653198242
8.385356903076172
4.401735305786133
1.9742374420166016
0.43039703369140625
0.7498703002929688
0.4641990661621094
0.9211006164550781
0.4621315002441406
1.0134468078613281
0.8893280029296875
1.5785636901855469
0.8143844604492188
0.4788970947265625
0.7542495727539062
1.2568016052246094
0.5093765258789062
0.64044189453125
0.49657440185546875
1.0351638793945312
0.6873550415039062
0.571197509765625
0.7077713012695312
0.3829498291015625
2.5965938568115234
0.79876708984375
1.1808624267578125
0.781219482421875
0.7688140869140625
1.3551712036132812
0.4783935546875
0.4552154541015625
0.6801605224609375
1.5743789672851562
0.8833236694335938
1.3813838958740234
0.883026123046875
0.6523361206054688
0.7289886474609375
0.748260498046875
1.2753963470458984
0.9236373901367188
0.9601650238037109
6.302543640136719
0.7137451171875
0.9642715454101562
0.6300201416015625
1.3211212158203125
3.4537429809570312
0.40853118896484375
0.8052539825439453
0.70025634765625
0.849945068359375
0.8418197631835938
0.9208755493164062
0.56610107421875
0.56964111328125
0.6804046630859375
0.9105072021484375
0.7379379272460938
0.8122406005859375
6.664279937744141
0.8084030151367188
3.9243545532226562
1.3958969116210938
0.7821502685546875
0.6957778930664062
0.7963790893554688
3.3775863647460938
0.7526168823242188
0.708648681640625
1.0141220092773438
0.7844772338867188
5.4773101806640625
0.60870361328125
0.9182815551757812
0.9010200500488281
1.1946907043457031
4.097633361816406
0.6926422119140625
5.009479522705078
0.590545654296875
3.2290878295898438
0.8917694091796875
8.61221694946289
6.861427307128906
1.4232330322265625
4.663410186767578
7.438026428222656
1.612710952758789
1.6235198974609375
0.5903167724609375
0.49591827392578125
2.6672515869140625
0.46623992919921875
0.429595947265625
10.46809196472168
1.1163749694824219
5.242473602294922
0.4093170166015625
0.417083740234375
0.614227294921875
6.307884216308594
6.624273300170898
7.713111877441406
0.5219802856445312
11.991188049316406
4.703975677490234
0.5626220703125
2.0526199340820312
0.8444538116455078
5.758270263671875
0.3976593017578125
0.405487060546875
1.644235610961914
2.095457077026367
1.5463237762451172
0.2699127197265625
1.1758842468261719
0.20792388916015625
0.7815589904785156
0.29213714599609375
0.7444648742675781
0.39096832275390625
0.2989501953125
0.6791305541992188
0.3596649169921875
2.6524696350097656
9.788261413574219
6.721336364746094
0.7772216796875
4.445783615112305
4.056667327880859
6.508625030517578
0.6511650085449219
0.5255203247070312
2.174022674560547
5.734397888183594
7.460294723510742
0.8137626647949219
6.191251754760742
3.9290504455566406
2.4141921997070312
0.6541252136230469
0.864990234375
1.0687103271484375
0.5575408935546875
2.0456008911132812
0.32440185546875
0.8227615356445312
0.6321277618408203
0.807159423828125
0.737060546875
2.06134033203125
0.6988372802734375
0.6909637451171875
1.3189010620117188
0.6855621337890625
6.262245178222656
2.3109588623046875
0.5884780883789062
0.5993499755859375
0.6839141845703125
0.9621810913085938
0.8471927642822266
4.80877685546875
0.8825912475585938
7.6623992919921875
0.883544921875
0.7705154418945312
2.482818603515625
5.882076263427734
3.609771728515625
0.40482330322265625
0.7696380615234375
3.3177127838134766
1.1468753814697266
0.23345184326171875
0.24646759033203125
2.0595550537109375
7.145954132080078
0.49163055419921875
3.8914794921875
2.0800743103027344
1.6304359436035156
4.196111679077148
0.9527435302734375
4.557989120483398
0.4235992431640625
3.0723400115966797
1.0797653198242188
0.75634765625
0.6467857360839844
1.9855194091796875
0.542022705078125
0.8142242431640625
0.7915496826171875
1.38238525390625
5.080497741699219
0.6615371704101562
0.5814056396484375
0.8300552368164062
0.6206817626953125
1.0164070129394531
1.0770645141601562
0.842010498046875
9.126441955566406
4.183296203613281
0.26226043701171875
9.55743408203125
4.7252044677734375
1.0404891967773438
3.263824462890625
3.503774642944336
1.1936359405517578
5.664514541625977
2.4082984924316406
0.5530281066894531
1.1470108032226562
0.38812255859375
0.56878662109375
0.5526580810546875
1.0351333618164062
4.175773620605469
0.546142578125
0.656036376953125
0.6198043823242188
1.7416458129882812
0.840911865234375
3.5332565307617188
1.8369560241699219
1.0991935729980469
5.858530044555664
0.1993560791015625
3.6569900512695312
2.601348876953125
1.316864013671875
0.5022773742675781
1.8895988464355469
1.9740829467773438
1.0333709716796875
0.7695465087890625
0.6041717529296875
3.170778274536133
0.6667556762695312
4.057823181152344
1.6110687255859375
2.387237548828125
1.7669486999511719
0.19806861877441406
0.3695812225341797
1.3322296142578125
8.663274765014648
1.7554779052734375
0.7037811279296875
2.2772445678710938
0.5939254760742188
0.5591716766357422
0.7386474609375
2.1777114868164062
0.6865406036376953
5.901405334472656
3.065906524658203
0.5279350280761719
1.9023799896240234
4.965518951416016
0.58526611328125
0.589752197265625
0.8174667358398438
0.768829345703125
2.415121078491211
6.584779739379883
0.5063323974609375
0.8164596557617188
0.9249191284179688
1.0744552612304688
2.6775550842285156
4.807952880859375
3.856414794921875
0.38623809814453125
0.31029510498046875
0.012872695922851562
1.8849639892578125
0.9327239990234375
2.589141845703125
0.7584266662597656
4.441070556640625
3.124380111694336
1.170114517211914
0.45706939697265625
0.7303314208984375
1.7634658813476562
4.275028228759766
2.2936782836914062
0.26282501220703125
0.6131191253662109
1.0625686645507812
0.5985317230224609
2.937591552734375
0.3242378234863281
0.6019401550292969
2.4712905883789062
0.23015213012695312
2.438629150390625
1.9739303588867188
0.9342422485351562
5.10740852355957
4.090497970581055
0.2169036865234375
4.6134033203125
2.0985946655273438
0.489990234375
3.3763179779052734
6.536539077758789
0.9675083160400391
0.47083282470703125
0.9971923828125
0.7463226318359375
0.5109329223632812
6.497444152832031
0.729339599609375
4.754386901855469
0.25090789794921875
0.9435939788818359
5.6473236083984375
0.7247390747070312
4.565710067749023
3.408977508544922
0.5149154663085938
0.6966934204101562
1.6400909423828125
0.5939712524414062
0.8194427490234375
3.135425567626953
