9.876351576561311e-42
2.020597457885742
4.121184349060059
1.7328262329101562
4.975438117980957
2.8924942016601562
5.421876907348633
6.480216979980469
2.8787851333618164
13.176321983337402
5.615472793579102
13.61095905303955
16.493915557861328
17.10224151611328
14.966011047363281
11.272668838500977
18.162250518798828
6.711602210998535
18.65696907043457
10.716915130615234
18.1882381439209
16.595840454101562
23.998737335205078
18.008350372314453
6.445884704589844
14.461278915405273
19.131183624267578
6.338953971862793
2.8760433197021484
10.271549224853516
12.651205062866211
16.821622848510742
6.759405136108398
16.203880310058594
10.10441780090332
11.203646659851074
16.570568084716797
14.120817184448242
8.876562118530273
15.952825546264648
14.194250106811523
17.567752838134766
6.356239318847656
6.302833557128906
2.104043960571289
9.032726287841797
9.308099746704102
15.13671875
17.766952514648438
12.651681900024414
11.716008186340332
19.766807556152344
6.800293922424316
23.885726928710938
10.466933250427246
16.958951950073242
3.4923553466796875
12.475728988647461
14.52326774597168
14.077186584472656
7.147789001464844
4.620075225830078
1.5232563018798828
15.601754188537598
11.258244514465332
24.204730987548828
18.187761306762695
6.011486053466797
9.292960166931152
13.4810209274292
15.657424926757812
12.86625862121582
11.350750923156738
6.862759590148926
4.909276962280273
13.270258903503418
22.470474243164062
19.00458335876465
5.360245704650879
13.163447380065918
10.869264602661133
11.884450912475586
8.606672286987305
11.831879615783691
18.980384826660156
20.5233097076416
17.343521118164062
17.637014389038086
16.99102020263672
10.342955589294434
12.296080589294434
9.407758712768555
20.366430282592773
22.45104217529297
12.794971466064453
12.39168643951416
19.053936004638672
18.35036277770996
10.039091110229492
8.515477180480957
12.050151824951172
14.007329940795898
13.600826263427734
14.750003814697266
5.85019588470459
18.839000701904297
8.764028549194336
12.889862060546875
4.101395606994629
16.724586486816406
11.763691902160645
15.400290489196777
6.063938140869141
16.904592514038086
12.878656387329102
7.764935493469238
6.202578544616699
11.019110679626465
9.429931640625
14.492034912109375
15.200614929199219
8.153319358825684
15.50436019897461
11.123180389404297
14.996051788330078
20.648479461669922
10.587453842163086
23.5750675201416
18.909692764282227
14.724969863891602
16.732574462890625
13.788580894470215
15.288829803466797
14.472723007202148
12.736082077026367
13.814687728881836
16.76487922668457
9.791374206542969
15.510320663452148
7.598161697387695
16.964435577392578
10.280370712280273
10.443568229675293
15.632033348083496
20.400882720947266
21.784900665283203
19.10090446472168
22.63331413269043
15.539407730102539
22.6287841796875
21.08144760131836
21.50130271911621
21.523475646972656
20.124435424804688
11.066913604736328
11.503219604492188
14.847278594970703
14.957189559936523
15.220403671264648
8.29625129699707
4.723906517028809
4.677772521972656
0.6892681121826172
0.15306472778320312
1.3895034790039062
1.451253890991211
0.25391578674316406
5.5419206619262695
5.985498428344727
2.9981136322021484
4.871129989624023
5.011439323425293
3.716588020324707
6.034970283508301
5.220651626586914
7.094144821166992
5.833983421325684
7.305145263671875
11.578917503356934
5.734562873840332
4.878759384155273
6.737709045410156
5.075693130493164
3.2421350479125977
2.45511531829834
4.397988319396973
5.841970443725586
6.209969520568848
2.925276756286621
3.829836845397949
7.736682891845703
1.579880714416504
5.004525184631348
6.119728088378906
8.063912391662598
9.18269157409668
0.2646446228027344
1.3308525085449219
0.7455348968505859
5.063533782958984
5.876660346984863
0.5340576171875
6.074309349060059
12.743234634399414
6.857514381408691
9.747624397277832
10.845065116882324
5.7533979415893555
7.884979248046875
5.0934553146362305
5.658388137817383
0.8695125579833984
3.3272504806518555
17.859458923339844
10.61105728149414
7.008910179138184
4.248857498168945
1.0111331939697266
9.44375991821289
5.6667327880859375
6.465315818786621
0.9572505950927734
10.839223861694336
3.1632184982299805
2.7265548706054688
5.728960037231445
4.821896553039551
9.585380554199219
5.5694580078125
6.974577903747559
11.998414993286133
5.809664726257324
2.550840377807617
2.918124198913574
10.576963424682617
3.6649703979492188
9.203195571899414
3.379225730895996
8.848309516906738
9.196043014526367
3.1839609146118164
8.893847465515137
3.345608711242676
4.081368446350098
8.208751678466797
4.290461540222168
4.428982734680176
3.8781166076660156
15.100598335266113
7.951498031616211
4.146337509155273
4.6836137771606445
6.15537166595459
10.324239730834961
9.50920581817627
5.7708024978637695
13.153314590454102
13.683676719665527
0.5121231079101562
0.4665851593017578
1.0612010955810547
0.40912628173828125
0.0
0.7600784301757812
0.8714199066162109
0.27751922607421875
0.42510032653808594
0.3361701965332031
0.8373260498046875
1.6584396362304688
1.0800361633300781
0.9059906005859375
0.12612342834472656
0.35190582275390625
0.4699230194091797
0.51116943359375
0.36907196044921875
0.6301403045654297
0.8244514465332031
1.9631385803222656
2.084016799926758
0.17714500427246094
0.35071372985839844
2.5107860565185547
0.5750656127929688
0.0
0.054836273193359375
2.2780895233154297
0.6608963012695312
0.19121170043945312
0.12826919555664062
2.0275115966796875
0.5676746368408203
0.7750988006591797
0.48065185546875
1.3124942779541016
0.6377696990966797
0.2422332763671875
0.1442432403564453
0.2505779266357422
0.053882598876953125
0.6222724914550781
0.6852149963378906
0.2865791320800781
0.1163482666015625
0.5125999450683594
0.2720355987548828
0.08273124694824219
0.9052753448486328
0.11682510375976562
0.1499652862548828
0.7688999176025391
0.7402896881103516
0.4982948303222656
1.0247230529785156
0.28061866760253906
0.55694580078125
0.18858909606933594
0.6732940673828125
0.6630420684814453
1.1396408081054688
0.6771087646484375
1.065969467163086
0.850677490234375
0.2827644348144531
1.523733139038086
0.2932548522949219
1.5687942504882812
0.5855560302734375
0.26679039001464844
0.08869171142578125
0.3991127014160156
0.050067901611328125
0.0
0.5052089691162109
0.5488395690917969
1.4154911041259766
0.7085800170898438
0.9005069732666016
1.1293888092041016
0.3695487976074219
0.492095947265625
0.21004676818847656
0.11992454528808594
0.3273487091064453
2.208709716796875
1.734018325805664
1.5308856964111328
3.4646987915039062
1.8451213836669922
0.4858970642089844
2.796649932861328
1.1014938354492188
2.6874542236328125
1.768350601196289
3.208160400390625
3.6450624465942383
2.7666091918945312
2.962827682495117
4.306554794311523
4.863262176513672
3.4096240997314453
3.8968324661254883
3.5674571990966797
3.3426284790039062
3.3854246139526367
1.4874935150146484
2.9065608978271484
0.0
3.461599349975586
2.1746158599853516
2.6998519897460938
4.135251045227051
4.1054487228393555
4.171848297119141
4.524946212768555
3.6668777465820312
4.178643226623535
3.171682357788086
1.2118816375732422
4.102230072021484
3.4368038177490234
6.081581115722656
3.6035776138305664
1.157522201538086
4.257440567016602
2.9058456420898438
4.597067832946777
1.6824007034301758
1.1248588562011719
3.201007843017578
4.8770904541015625
0.0
2.9430389404296875
2.7424097061157227
0.7750988006591797
1.6508102416992188
2.967357635498047
1.592397689819336
2.519369125366211
1.6515254974365234
3.930211067199707
3.2613277435302734
2.1941661834716797
3.3925771713256836
2.0983219146728516
2.960205078125
4.4373273849487305
3.4924745559692383
2.719402313232422
3.299713134765625
3.7974119186401367
3.201127052307129
2.530217170715332
5.089402198791504
4.500269889831543
2.1355152130126953
0.06818771362304688
0.0
0.15974044799804688
0.8976459503173828
0.9906291961669922
0.8423328399658203
1.3337135314941406
0.9887218475341797
1.1119842529296875
2.437591552734375
3.5609006881713867
3.0117034912109375
5.017280578613281
4.746675491333008
4.524588584899902
3.2117366790771484
2.1162033081054688
3.334164619445801
4.429817199707031
3.6748647689819336
3.546595573425293
2.214670181274414
1.9907951354980469
2.779722213745117
4.725933074951172
2.325773239135742
3.3130645751953125
3.7238597869873047
3.1145811080932617
3.0434131622314453
5.315184593200684
2.222299575805664
3.3518075942993164
3.0715465545654297
2.4385452270507812
4.131793975830078
5.76937198638916
2.8095245361328125
3.2958984375
3.8777589797973633
2.2863149642944336
4.913568496704102
4.524469375610352
2.941012382507324
2.5141239166259766
2.17592716217041
5.176305770874023
3.2355785369873047
3.8933753967285156
3.0232667922973633
1.4581680297851562
3.432154655456543
3.192424774169922
3.6655664443969727
2.3854970932006836
2.319216728210449
3.9038658142089844
6.861686706542969
5.612373352050781
2.432584762573242
2.297639846801758
3.4035444259643555
1.780390739440918
4.047870635986328
4.715204238891602
1.9459724426269531
3.6956071853637695
2.092599868774414
3.426790237426758
4.240512847900391
5.125641822814941
7.986187934875488
4.451513290405273
4.022121429443359
3.9093494415283203
5.4264068603515625
5.402803421020508
7.156848907470703
5.126237869262695
5.797863006591797
8.738040924072266
10.590314865112305
9.688615798950195
9.585857391357422
16.72530174255371
3.431558609008789
2.732515335083008
3.7119388580322266
1.9272565841674805
4.06193733215332
4.954695701599121
5.5130720138549805
6.237030029296875
13.583183288574219
6.209969520568848
4.488706588745117
5.6362152099609375
7.656216621398926
8.452415466308594
3.5289525985717773
2.1632909774780273
3.5774707794189453
2.732992172241211
7.329702377319336
8.268594741821289
10.753393173217773
2.9616355895996094
4.3621063232421875
5.4779052734375
8.50367546081543
7.263064384460449
10.118722915649414
9.508609771728516
12.522697448730469
2.317190170288086
5.195021629333496
5.03087043762207
6.705760955810547
10.667920112609863
10.005712509155273
4.333615303039551
4.684567451477051
6.325006484985352
9.016990661621094
3.3898353576660156
10.560870170593262
4.673004150390625
3.1092166900634766
7.34102725982666
16.099214553833008
11.344194412231445
7.4634552001953125
23.38552474975586
10.886907577514648
9.834766387939453
8.467316627502441
12.109041213989258
9.923577308654785
7.821440696716309
6.907463073730469
8.922576904296875
8.037328720092773
13.475537300109863
12.195825576782227
14.774084091186523
12.451171875
15.11383056640625
20.801782608032227
16.74199104309082
15.799999237060547
15.14291763305664
2.7250051498413086
1.4033317565917969
4.111051559448242
3.742694854736328
1.9040107727050781
6.339550018310547
3.662586212158203
4.729747772216797
4.307866096496582
3.741025924682617
4.356145858764648
2.9206275939941406
5.927562713623047
0.7901191711425781
1.5151500701904297
4.639148712158203
2.646207809448242
3.0597448348999023
4.334449768066406
4.536151885986328
4.981517791748047
5.918264389038086
7.397294044494629
4.79888916015625
4.619956016540527
7.031440734863281
7.58051872253418
5.560636520385742
4.596471786499023
6.311655044555664
3.641366958618164
12.623071670532227
13.455867767333984
8.138656616210938
1.7285346984863281
4.248380661010742
19.741893768310547
5.636453628540039
19.2464599609375
4.04667854309082
8.06117057800293
14.366626739501953
5.253314971923828
5.156278610229492
14.066696166992188
17.049551010131836
11.985301971435547
3.781557083129883
13.538122177124023
19.864320755004883
11.316537857055664
14.05322551727295
4.779815673828125
11.629581451416016
3.5927295684814453
5.888938903808594
7.90095329284668
16.819238662719727
6.582736968994141
12.329339981079102
15.450239181518555
5.6285858154296875
14.07158374786377
6.9065093994140625
3.835916519165039
9.65738296508789
7.471561431884766
8.290767669677734
11.793851852416992
12.314558029174805
13.788342475891113
16.85953140258789
12.367486953735352
12.719154357910156
0.39386749267578125
0.0
0.05435943603515625
0.37670135498046875
0.2052783966064453
0.0
0.0
0.2028942108154297
0.3879070281982422
0.0
0.0
0.0
0.0
0.0
0.17333030700683594
0.0
0.17976760864257812
0.0
0.4944801330566406
0.26607513427734375
0.8962154388427734
0.3638267517089844
1.9440650939941406
0.5397796630859375
0.45418739318847656
0.3006458282470703
0.8742809295654297
0.0
1.4314651489257812
2.222776412963867
0.2682209014892578
1.7676353454589844
0.0
0.05316734313964844
1.0905265808105469
0.3161430358886719
0.72479248046875
0.44655799865722656
0.7090568542480469
1.3470649719238281
2.3963451385498047
0.9438991546630859
1.0933876037597656
5.941629409790039
4.956722259521484
1.834869384765625
5.400419235229492
3.3392906188964844
2.8818845748901367
3.461122512817383
6.186485290527344
10.133504867553711
6.775856018066406
1.9378662109375
7.688760757446289
8.761167526245117
4.565000534057617
7.498741149902344
5.485296249389648
2.450227737426758
4.357814788818359
7.989406585693359
9.728193283081055
4.947423934936523
2.9578208923339844
1.4941692352294922
1.519918441772461
5.652904510498047
6.757020950317383
2.588987350463867
4.078149795532227
10.053157806396484
15.449047088623047
4.129886627197266
3.6444664001464844
2.4261474609375
3.930330276489258
7.042407989501953
3.7658214569091797
4.547357559204102
5.855083465576172
16.498565673828125
9.341001510620117
7.040977478027344
11.434555053710938
23.421405792236328
7.503271102905273
11.03973388671875
9.728193283081055
14.966964721679688
10.860919952392578
9.653806686401367
15.85245132446289
15.92874526977539
14.065742492675781
13.597726821899414
13.837575912475586
15.34891128540039
20.468711853027344
15.505075454711914
14.560937881469727
14.550924301147461
9.877204895019531
19.872188568115234
10.113835334777832
13.77415657043457
8.792877197265625
10.427713394165039
10.268092155456543
9.550809860229492
20.551681518554688
6.9075822830200195
10.698199272155762
20.54119110107422
10.044097900390625
7.227420806884766
9.111166000366211
5.073666572570801
7.1163177490234375
8.891582489013672
16.030193328857422
8.437871932983398
11.020421981811523
11.657953262329102
13.721704483032227
16.719818115234375
11.376619338989258
10.833382606506348
13.692736625671387
18.953800201416016
16.297340393066406
17.85755157470703
14.169931411743164
15.931367874145508
44.28410339355469
17.267822265625
31.146764755249023
7.593631744384766
17.044544219970703
29.631732940673828
40.92860412597656
9.490013122558594
24.91450309753418
7.184028625488281
33.817054748535156
14.852523803710938
25.896549224853516
22.522687911987305
11.841058731079102
25.197505950927734
25.599002838134766
20.926475524902344
17.28653907775879
17.681360244750977
0.0
0.0
0.0
0.0
0.0
0.0
0.15997886657714844
0.6916522979736328
0.9813308715820312
1.7943382263183594
1.094818115234375
0.11968612670898438
0.6365776062011719
3.5295486450195312
1.9855499267578125
2.0952224731445312
0.4134178161621094
1.3530254364013672
4.558324813842773
3.8709640502929688
3.123760223388672
2.277374267578125
5.397319793701172
10.851621627807617
7.12132453918457
8.174896240234375
10.625123977661133
6.814241409301758
5.2490234375
5.778789520263672
9.610176086425781
4.495382308959961
14.117002487182617
10.697603225708008
13.337373733520508
13.404369354248047
16.673803329467773
9.145259857177734
13.584136962890625
7.733345031738281
9.020805358886719
6.682753562927246
11.458754539489746
10.364294052124023
26.340246200561523
17.485023498535156
40.68470001220703
7.03883171081543
7.564067840576172
21.187543869018555
23.44489097595215
0.0
0.0
0.0
0.11205673217773438
0.47397613525390625
1.2083053588867188
0.7102489471435547
0.5884170532226562
0.5993843078613281
0.5536079406738281
1.1489391326904297
1.2850761413574219
0.156402587890625
1.8832683563232422
3.6306381225585938
7.602453231811523
2.833843231201172
6.880521774291992
4.408359527587891
11.347293853759766
14.32490348815918
13.391733169555664
14.333248138427734
13.924837112426758
19.11139488220215
9.294509887695312
26.490449905395508
8.049726486206055
22.02630043029785
10.652780532836914
0.0
0.0
0.0
0.29778480529785156
0.244140625
1.9145011901855469
3.0150413513183594
0.41604042053222656
3.216266632080078
4.853248596191406
6.170988082885742
6.103515625
2.5644302368164062
5.124568939208984
16.046524047851562
15.002965927124023
6.585359573364258
13.701200485229492
10.503530502319336
7.997393608093262
18.824338912963867
22.235870361328125
5.777120590209961
35.617828369140625
4.869222640991211
0.0
1.1448860168457031
0.6682872772216797
0.354766845703125
1.0793209075927734
7.6465606689453125
4.6520233154296875
2.361297607421875
9.19795036315918
8.413553237915039
19.677400588989258
18.201946258544922
45.16172409057617
0.06198883056640625
0.2532005310058594
0.0
0.3743171691894531
0.9698867797851562
0.6299018859863281
0.911712646484375
4.376649856567383
6.472349166870117
5.206584930419922
9.911775588989258
10.312795639038086
16.345382690429688
32.58490753173828
16.74342155456543
0.3790855407714844
0.2541542053222656
5.230188369750977
6.64520263671875
11.01994514465332
14.347076416015625
0.6074905395507812
0.3714561462402344
5.272865295410156
7.0819854736328125
14.640092849731445
11.696577072143555
9.863853454589844
16.191482543945312
23.384929656982422
17.599105834960938
9.642362594604492
0.5645751953125
7.722377777099609
18.976926803588867
11.930108070373535
28.660415649414062
16.380786895751953
0.6189346313476562
2.2580623626708984
7.634639739990234
4.230976104736328
8.085131645202637
20.10798454284668
8.163213729858398
8.49771499633789
0.18167495727539062
15.984296798706055
10.799884796142578
11.036157608032227
0.05888938903808594
0.9953975677490234
7.494211196899414
0.11849403381347656
0.4298686981201172
7.216691970825195
4.887819290161133
0.0
0.10418891906738281
4.986286163330078
0.0
1.8923282623291016
7.9021453857421875
1.6453266143798828
0.0
1.5978813171386719
10.66899299621582
12.17961311340332
19.30999755859375
9.31406021118164
0.0
2.31170654296875
10.197877883911133
5.515336990356445
3.275156021118164
19.486665725708008
3.9021968841552734
0.0
0.7288455963134766
7.570505142211914
13.552665710449219
12.632608413696289
8.449554443359375
4.682302474975586
11.41667366027832
