9.876351576561311e-42
5.157352447509766
14.890182495117188
0.9484405517578125
6.401100158691406
1.0834579467773438
14.371719360351562
13.342124938964844
11.77880859375
2.831645965576172
11.773906707763672
5.040958404541016
4.853546142578125
0.16356277465820312
0.7705230712890625
13.798099517822266
1.5193862915039062
2.5320053100585938
0.5529708862304688
6.98779296875
5.033405303955078
0.12021255493164062
20.31761932373047
17.478954315185547
12.20159912109375
0.18547439575195312
0.2612457275390625
4.260528564453125
8.322212219238281
0.07978057861328125
2.289287567138672
0.15404129028320312
14.808708190917969
11.449535369873047
15.546588897705078
13.978500366210938
7.174079895019531
6.155643463134766
0.07623672485351562
7.1056060791015625
5.705791473388672
2.797637939453125
9.293624877929688
15.585487365722656
0.8955307006835938
8.940460205078125
23.541820526123047
10.202102661132812
0.599395751953125
17.148059844970703
5.1231689453125
1.1894111633300781
2.6478958129882812
0.18883132934570312
25.342243194580078
2.4897994995117188
8.601768493652344
0.671234130859375
0.03180694580078125
14.046188354492188
21.927417755126953
5.832618713378906
5.831775665283203
17.401161193847656
11.583305358886719
2.4307861328125
2.2102317810058594
1.9489021301269531
22.44222640991211
5.096637725830078
5.3824005126953125
3.6484107971191406
13.211135864257812
8.549568176269531
10.139026641845703
18.349273681640625
0.4768180847167969
3.223388671875
21.545631408691406
1.9787330627441406
11.989707946777344
3.6604042053222656
6.7947845458984375
10.23541259765625
9.811019897460938
0.3639030456542969
0.17301559448242188
0.15270233154296875
2.141712188720703
8.323535919189453
7.717567443847656
18.924022674560547
0.2940711975097656
5.5328216552734375
3.7345199584960938
2.4557151794433594
0.2666206359863281
0.12191009521484375
10.860721588134766
12.008171081542969
12.629196166992188
0.18273544311523438
5.182613372802734
9.982982635498047
18.506595611572266
3.445343017578125
10.19085693359375
0.08442306518554688
9.578193664550781
11.400562286376953
15.201465606689453
3.3218231201171875
8.991958618164062
1.3652267456054688
1.4410057067871094
6.760990142822266
13.094348907470703
21.100616455078125
12.088150024414062
9.41341781616211
1.3386726379394531
6.979228973388672
0.7390174865722656
5.117401123046875
0.3040924072265625
1.0995330810546875
0.7433509826660156
0.7630882263183594
0.048480987548828125
5.7355194091796875
5.471702575683594
13.477596282958984
8.62307357788086
4.780540466308594
1.9127082824707031
1.2388763427734375
6.3775482177734375
2.9107437133789062
2.719318389892578
3.7208175659179688
1.5306358337402344
3.0633773803710938
1.7198677062988281
2.4624061584472656
4.667213439941406
2.543304443359375
1.2069473266601562
0.8506927490234375
0.6636848449707031
0.5126152038574219
1.0602760314941406
0.4206962585449219
0.46207427978515625
0.4276084899902344
0.17092514038085938
0.0731964111328125
0.06467819213867188
0.056835174560546875
0.04305267333984375
0.024566650390625
0.13124465942382812
0.2127685546875
0.9338340759277344
1.4358596801757812
1.0265274047851562
5.919441223144531
1.5111846923828125
5.821575164794922
7.450672149658203
3.906169891357422
5.819187164306641
1.7751197814941406
2.0655250549316406
4.358318328857422
1.7017745971679688
3.4178848266601562
1.3464775085449219
8.43875503540039
10.438945770263672
3.487712860107422
3.6539230346679688
2.359874725341797
2.573284149169922
8.918582916259766
3.1336746215820312
6.589759826660156
6.294239044189453
2.8646926879882812
12.157962799072266
6.1467437744140625
1.3238029479980469
8.03792953491211
4.4720306396484375
1.3524513244628906
1.1185226440429688
12.151191711425781
1.0967292785644531
3.3972930908203125
0.7879371643066406
7.973049163818359
5.712554931640625
1.5284461975097656
2.6684036254882812
2.9162635803222656
5.479496002197266
19.78292465209961
12.546802520751953
1.5607185363769531
1.1232872009277344
14.56142807006836
10.338420867919922
2.2478370666503906
3.105518341064453
4.917041778564453
1.7664299011230469
1.4061775207519531
4.809749603271484
1.7325973510742188
3.2527427673339844
0.7581329345703125
4.966300964355469
2.4838829040527344
4.373252868652344
11.205677032470703
3.0341339111328125
3.652942657470703
5.879768371582031
4.040718078613281
3.8939056396484375
7.168506622314453
1.02703857421875
4.351306915283203
5.5407867431640625
4.4778594970703125
3.3549423217773438
1.4049606323242188
0.5693855285644531
1.3529052734375
4.729438781738281
1.1155357360839844
0.7745170593261719
1.4549484252929688
2.1329421997070312
1.194854736328125
0.7802810668945312
1.7484092712402344
3.41326904296875
2.2888259887695312
4.5857696533203125
9.740779876708984
2.12054443359375
5.248783111572266
7.552982330322266
6.241085052490234
4.855045318603516
2.4939002990722656
1.3043708801269531
0.3693504333496094
0.846466064453125
0.13315963745117188
0.4224586486816406
3.8300247192382812
2.619251251220703
1.5800094604492188
2.4694061279296875
8.705123901367188
1.466400146484375
1.8274612426757812
4.361927032470703
0.31363677978515625
0.4694557189941406
0.3487701416015625
5.853767395019531
5.132366180419922
1.6429519653320312
3.7201461791992188
3.199817657470703
1.76177978515625
2.1538619995117188
5.420299530029297
1.9330368041992188
1.1548080444335938
5.960224151611328
1.8718643188476562
7.612499237060547
2.000659942626953
5.5049591064453125
0.052417755126953125
0.21544647216796875
7.050148010253906
2.538421630859375
0.5046119689941406
1.4830894470214844
3.9052047729492188
2.835590362548828
0.37570953369140625
8.135848999023438
1.7804374694824219
1.1983871459960938
0.3094825744628906
0.6073226928710938
2.8211135864257812
6.242000579833984
3.2481002807617188
1.2072792053222656
4.7478179931640625
3.04132080078125
4.109394073486328
8.860908508300781
1.0741081237792969
2.336811065673828
1.6959762573242188
2.8180694580078125
3.393383026123047
1.6127967834472656
0.46868133544921875
2.5629234313964844
1.2967491149902344
1.5426483154296875
2.5051612854003906
2.056163787841797
3.7561187744140625
2.3651962280273438
5.156360626220703
2.7147903442382812
1.5680465698242188
3.523162841796875
0.1899566650390625
4.74407958984375
5.0740814208984375
7.158657073974609
5.9823760986328125
3.6476478576660156
1.9192466735839844
0.0491790771484375
0.016162872314453125
0.24296951293945312
0.22110748291015625
0.22272109985351562
0.13250350952148438
0.3825874328613281
0.15187454223632812
0.129638671875
0.02392578125
0.001300811767578125
0.8951416015625
0.173828125
0.002208709716796875
0.3424530029296875
1.6752891540527344
5.7327423095703125
1.732513427734375
7.819149017333984
2.265857696533203
5.186859130859375
8.74688720703125
3.9942398071289062
6.9372711181640625
0.069366455078125
11.544513702392578
4.618415832519531
1.3172187805175781
4.9955291748046875
2.360210418701172
4.577568054199219
1.4160690307617188
0.027706146240234375
0.6766891479492188
0.061214447021484375
1.4848213195800781
8.19821548461914
4.273792266845703
5.3445281982421875
3.1650161743164062
0.17082977294921875
4.386772155761719
7.993053436279297
4.184131622314453
2.9203224182128906
0.061199188232421875
1.938232421875
1.5718841552734375
5.351192474365234
3.5108108520507812
0.036113739013671875
1.1437644958496094
4.783458709716797
10.303367614746094
10.53985595703125
1.9453048706054688
1.9389877319335938
11.382881164550781
1.9422721862792969
1.8733787536621094
14.210227966308594
5.012523651123047
4.370994567871094
2.5780982971191406
6.2141265869140625
5.814731597900391
6.871650695800781
16.975685119628906
11.418506622314453
9.70621109008789
12.956798553466797
4.6511688232421875
6.5481719970703125
7.860023498535156
6.913612365722656
6.49432373046875
4.097007751464844
4.117809295654297
7.873756408691406
5.5123138427734375
2.6800193786621094
8.138252258300781
4.566215515136719
0.0
0.0
0.10158538818359375
0.786041259765625
4.171821594238281
2.1900711059570312
1.6903152465820312
0.522430419921875
0.2811088562011719
1.4396820068359375
0.44065093994140625
3.087432861328125
5.0371246337890625
5.241874694824219
5.828910827636719
7.966033935546875
3.5071563720703125
2.7471656799316406
1.9802093505859375
3.066120147705078
2.91259765625
6.450557708740234
7.084434509277344
6.7556610107421875
7.626995086669922
0.4401206970214844
2.37847900390625
1.6335258483886719
0.15016937255859375
3.0231781005859375
11.6300048828125
2.7663002014160156
0.3320808410644531
0.8670730590820312
2.4926719665527344
3.267650604248047
12.676097869873047
0.3047828674316406
0.9119453430175781
7.367027282714844
0.7115325927734375
9.568721771240234
0.2562828063964844
0.3202972412109375
0.0889892578125
0.08704757690429688
7.347724914550781
0.10474014282226562
7.316154479980469
6.5048675537109375
3.1444168090820312
0.46492767333984375
0.4581756591796875
0.21573638916015625
0.29418182373046875
0.7372817993164062
4.707721710205078
4.830482482910156
3.1720428466796875
1.6275863647460938
0.3321342468261719
0.7110977172851562
0.13838958740234375
5.301155090332031
2.9445953369140625
3.7577133178710938
1.1886634826660156
3.562114715576172
2.5983810424804688
0.3519744873046875
0.10460662841796875
0.4679145812988281
1.3419456481933594
5.246570587158203
0.6779937744140625
0.45102691650390625
0.0975189208984375
0.13531112670898438
0.20810699462890625
3.5485382080078125
0.5606155395507812
1.9219131469726562
0.2105865478515625
0.35825347900390625
1.1591224670410156
0.23286819458007812
1.19091796875
2.868511199951172
0.18719482421875
0.6618804931640625
0.5583419799804688
0.11755752563476562
0.10902786254882812
4.741611480712891
0.17852020263671875
0.3839302062988281
0.8400459289550781
0.23580169677734375
0.37408447265625
0.21465301513671875
3.232879638671875
0.27001953125
2.457683563232422
8.134639739990234
7.567405700683594
5.0866546630859375
3.8589553833007812
0.19028091430664062
1.9100151062011719
1.2642555236816406
0.07895660400390625
8.271892547607422
8.864555358886719
3.4978561401367188
3.0653114318847656
0.3583526611328125
2.6261863708496094
3.265838623046875
1.6408119201660156
3.914836883544922
0.07065200805664062
0.0704193115234375
0.14581680297851562
6.5854339599609375
3.1210899353027344
5.8897705078125
4.472434997558594
0.17763519287109375
0.8808441162109375
2.7721176147460938
2.778697967529297
4.304271697998047
4.646167755126953
5.859043121337891
3.484874725341797
7.204456329345703
2.1632156372070312
2.6707916259765625
0.3792304992675781
5.967510223388672
12.725879669189453
5.723533630371094
5.561164855957031
6.20111083984375
2.8118362426757812
0.9053001403808594
2.3853187561035156
5.198211669921875
6.825408935546875
7.005992889404297
1.2199516296386719
0.48423004150390625
0.6594390869140625
0.41004180908203125
1.0697555541992188
0.28061676025390625
0.680267333984375
0.2619171142578125
0.9155349731445312
0.2651786804199219
0.12015914916992188
0.7944602966308594
0.4958457946777344
0.37841796875
0.14654159545898438
1.1778411865234375
0.4302253723144531
0.22934341430664062
0.3132286071777344
0.09398651123046875
0.10559463500976562
0.13634109497070312
0.026531219482421875
0.061908721923828125
0.16307830810546875
0.158782958984375
0.15294265747070312
0.310028076171875
0.1038055419921875
1.7011833190917969
0.07645416259765625
1.9932899475097656
2.577808380126953
5.2541656494140625
0.8396568298339844
0.5844154357910156
0.8236732482910156
4.940990447998047
5.149906158447266
4.875858306884766
2.782756805419922
4.188037872314453
0.615875244140625
1.4057426452636719
1.0743217468261719
10.6048583984375
6.255771636962891
11.500396728515625
1.9255218505859375
3.1722679138183594
3.7414398193359375
7.753650665283203
4.843025207519531
0.5126380920410156
0.7294578552246094
3.057994842529297
3.2788162231445312
5.102863311767578
7.8560028076171875
1.2415809631347656
3.131866455078125
5.844432830810547
1.5856590270996094
2.389232635498047
0.5842018127441406
0.8554420471191406
0.1829071044921875
0.07938385009765625
0.11244583129882812
0.5964927673339844
1.7548065185546875
2.589580535888672
2.08544921875
4.467399597167969
1.8015251159667969
6.40899658203125
6.068763732910156
7.198974609375
6.403358459472656
2.700366973876953
0.035976409912109375
0.00049591064453125
0.00107574462890625
0.014080047607421875
0.0
0.00444793701171875
0.3734855651855469
0.003170013427734375
0.000537872314453125
0.0
0.0
0.06415557861328125
0.14181137084960938
0.16083908081054688
0.18532562255859375
0.7004547119140625
0.12046432495117188
0.069061279296875
0.032741546630859375
0.0
0.058521270751953125
3.1343612670898438
0.0
0.4007530212402344
0.5038185119628906
0.003955841064453125
0.38427734375
0.0
0.3366203308105469
0.18085098266601562
0.17963790893554688
0.4755897521972656
0.013904571533203125
0.7434310913085938
0.4005241394042969
0.5836524963378906
0.031726837158203125
0.05550384521484375
0.2815284729003906
0.0293121337890625
0.6820182800292969
0.048572540283203125
0.12508392333984375
0.6918869018554688
0.71612548828125
0.3720855712890625
0.24956130981445312
1.4947242736816406
0.3819541931152344
0.7608261108398438
2.040515899658203
1.8202781677246094
0.5963935852050781
0.4401664733886719
0.5797500610351562
0.5306167602539062
1.83856201171875
1.9836769104003906
0.5105094909667969
0.47719573974609375
0.5511932373046875
0.568603515625
4.238040924072266
0.4152336120605469
0.4388465881347656
4.045085906982422
1.4156265258789062
0.8098907470703125
6.71527099609375
0.4508476257324219
0.39251708984375
3.8860626220703125
0.3777046203613281
0.7920913696289062
0.4763603210449219
0.38134002685546875
0.7406044006347656
3.743724822998047
0.416595458984375
0.8649711608886719
7.812297821044922
0.5396537780761719
0.06438827514648438
0.17452239990234375
0.4710731506347656
0.8211822509765625
1.8638877868652344
1.5625648498535156
3.104389190673828
0.7245140075683594
3.0037193298339844
2.4053421020507812
7.105373382568359
5.4110870361328125
5.5411834716796875
1.3398361206054688
2.1621131896972656
5.070976257324219
2.9305496215820312
4.587993621826172
1.116424560546875
6.634601593017578
2.5104942321777344
5.132480621337891
5.477062225341797
1.2817459106445312
5.77825927734375
6.00640869140625
0.16770553588867188
0.5167160034179688
2.0062484741210938
0.18298721313476562
7.851467132568359
1.2216644287109375
0.20991897583007812
15.54800033569336
10.742755889892578
8.491539001464844
0.5421333312988281
0.942108154296875
1.1434593200683594
13.492843627929688
9.713035583496094
5.559837341308594
5.315860748291016
12.743587493896484
14.25460433959961
0.8271369934082031
5.710437774658203
14.704689025878906
7.948764801025391
8.877269744873047
8.077571868896484
9.235157012939453
18.848995208740234
17.00445556640625
7.7574462890625
25.483654022216797
15.774513244628906
18.313228607177734
4.3918304443359375
16.851333618164062
22.443988800048828
5.435672760009766
16.067508697509766
14.879814147949219
13.270576477050781
9.726032257080078
7.1491241455078125
6.289512634277344
0.0
0.0
0.0
0.011333465576171875
0.003971099853515625
0.0
0.16419219970703125
0.16853713989257812
0.1103973388671875
0.2619438171386719
0.0
1.131805419921875
0.3819122314453125
0.3258323669433594
0.3092803955078125
0.2995567321777344
0.09576034545898438
0.154327392578125
0.5036888122558594
0.4228401184082031
0.5534934997558594
1.1751518249511719
2.256885528564453
0.84918212890625
0.4442405700683594
1.7443008422851562
0.4341888427734375
0.33081817626953125
1.3655776977539062
0.5083808898925781
0.34405517578125
1.1654205322265625
0.8651046752929688
0.3092689514160156
3.7417755126953125
3.2461700439453125
4.584499359130859
3.885700225830078
5.561679840087891
3.6354827880859375
3.826221466064453
5.251346588134766
0.5369491577148438
20.10089111328125
8.786216735839844
17.641704559326172
12.130657196044922
9.782455444335938
15.897846221923828
20.806110382080078
1.7637863159179688
0.0023193359375
0.004302978515625
0.0
0.04299163818359375
0.003986358642578125
0.1835784912109375
0.19338607788085938
0.10922622680664062
0.0
0.20194625854492188
0.080810546875
0.04322052001953125
0.0123748779296875
0.8034820556640625
1.5662689208984375
0.3690376281738281
2.4668197631835938
6.071037292480469
0.4276008605957031
4.114906311035156
0.09795379638671875
1.8394813537597656
4.840507507324219
0.34130096435546875
13.511302947998047
18.722305297851562
11.314708709716797
14.376262664794922
8.623756408691406
2.3454322814941406
0.019329071044921875
0.0
0.00313568115234375
0.040004730224609375
0.04864501953125
0.07027816772460938
0.022884368896484375
0.06554031372070312
0.7541427612304688
0.22710800170898438
1.0717926025390625
0.6447601318359375
4.7410125732421875
0.842987060546875
0.2925834655761719
7.255683898925781
3.0885963439941406
4.546131134033203
9.375911712646484
10.29848861694336
11.69918441772461
14.904285430908203
11.529964447021484
10.57080078125
0.00360107421875
0.018077850341796875
0.023120880126953125
0.03955078125
0.009521484375
1.0706863403320312
0.4234619140625
0.412445068359375
1.5792388916015625
2.6202163696289062
5.979450225830078
10.148605346679688
13.997901916503906
2.2217941284179688
0.0
0.0
0.07050323486328125
0.009830474853515625
0.21172714233398438
0.005615234375
1.0392036437988281
0.17554092407226562
0.5074272155761719
4.494102478027344
3.42327880859375
15.127067565917969
12.241981506347656
12.809982299804688
0.0
0.0
0.17273712158203125
0.4584007263183594
1.8153724670410156
0.3597831726074219
0.0
0.0
1.3820381164550781
0.47557830810546875
4.196300506591797
0.98101806640625
2.661296844482422
16.34002685546875
7.662235260009766
7.2854461669921875
11.105209350585938
7.988269805908203
1.2793235778808594
4.775257110595703
12.122722625732422
16.641517639160156
5.56640625
0.0
0.4205818176269531
1.1793060302734375
0.5070343017578125
9.357681274414062
13.393600463867188
5.892086029052734
9.269859313964844
4.676616668701172
2.621807098388672
0.7822837829589844
10.080127716064453
1.04583740234375
0.054920196533203125
1.1255302429199219
0.07772445678710938
0.0
2.293415069580078
0.4232978820800781
0.00421142578125
0.0
16.310760498046875
0.0
0.37876129150390625
0.5388259887695312
0.4316864013671875
0.0
0.4556083679199219
0.6967315673828125
0.3011436462402344
4.547962188720703
0.9071884155273438
0.0003662109375
0.5316238403320312
2.8669281005859375
21.234050750732422
0.4699974060058594
6.0666961669921875
19.651935577392578
0.0
0.000492095947265625
0.12846755981445312
3.730865478515625
3.014972686767578
0.35237884521484375
0.4400978088378906
0.071990966796875
