9.876351576561311e-42
1.1759490966796875
1.8179550170898438
0.8920516967773438
0.24901580810546875
0.22255706787109375
1.8758773803710938
0.8803253173828125
0.9829254150390625
6.039375305175781
0.5664901733398438
6.4387359619140625
6.180641174316406
6.157524108886719
5.640296936035156
7.4252777099609375
0.6455841064453125
2.130279541015625
1.34930419921875
0.2329559326171875
1.1469573974609375
0.624237060546875
0.5908660888671875
0.21060943603515625
0.48873138427734375
0.3520660400390625
0.816802978515625
0.5433807373046875
3.6900711059570312
0.260009765625
1.2136383056640625
0.3983612060546875
4.909461975097656
1.078765869140625
6.88006591796875
1.8097686767578125
3.6755828857421875
2.2281570434570312
0.25434112548828125
6.1050262451171875
1.2669754028320312
7.884452819824219
1.3216629028320312
1.1285858154296875
0.46808624267578125
0.5220489501953125
2.1488037109375
10.579025268554688
5.617698669433594
0.7708282470703125
4.651588439941406
1.9212570190429688
4.1858673095703125
1.1278839111328125
0.588531494140625
1.3100433349609375
0.470123291015625
1.2719268798828125
0.2411956787109375
1.6024627685546875
2.3055801391601562
2.6190261840820312
0.8150482177734375
2.9391250610351562
0.5654067993164062
3.5526275634765625
1.355865478515625
2.2170944213867188
0.4409027099609375
1.254852294921875
1.3366470336914062
5.2965545654296875
1.1413345336914062
2.20440673828125
1.2527999877929688
2.5925521850585938
3.3179931640625
0.8561248779296875
0.94171142578125
1.21112060546875
6.1020050048828125
4.68585205078125
4.792091369628906
4.151512145996094
2.5878829956054688
1.5565185546875
0.41936492919921875
0.5097198486328125
1.4218978881835938
4.1590423583984375
8.584526062011719
2.8152999877929688
1.0390777587890625
1.2983245849609375
4.704803466796875
8.231063842773438
0.3076629638671875
0.3143310546875
2.8709640502929688
5.68408203125
2.8869247436523438
0.2634124755859375
5.2641754150390625
1.8859481811523438
5.1234588623046875
7.712982177734375
1.07171630859375
0.268341064453125
2.8259429931640625
1.65264892578125
10.188613891601562
5.700080871582031
2.9236602783203125
1.732635498046875
6.651618957519531
0.7352752685546875
1.74212646484375
4.5729827880859375
1.437164306640625
6.975578308105469
2.939727783203125
1.1496734619140625
1.3123931884765625
1.2489471435546875
1.9122390747070312
3.6308441162109375
1.0596160888671875
3.6191482543945312
0.2655792236328125
1.1319580078125
1.0898590087890625
5.48345947265625
0.9441986083984375
0.9152679443359375
0.850433349609375
1.35369873046875
4.835662841796875
3.0822067260742188
3.0340499877929688
1.1425323486328125
2.1789779663085938
1.4664840698242188
1.8077316284179688
2.0445480346679688
1.9234085083007812
1.54296875
1.9872665405273438
2.2964706420898438
1.0638275146484375
2.0475692749023438
1.8289947509765625
0.9615631103515625
0.8002166748046875
0.911712646484375
0.63525390625
0.34915924072265625
0.3032379150390625
0.25762939453125
0.2296295166015625
0.1669921875
0.2648773193359375
0.353668212890625
0.17401885986328125
0.27785491943359375
0.2914581298828125
0.18343353271484375
0.2251129150390625
3.1541061401367188
2.1815872192382812
3.9029312133789062
3.5093231201171875
4.6041107177734375
0.583770751953125
1.0446243286132812
6.033241271972656
1.0579071044921875
7.5011138916015625
1.3890151977539062
1.7218475341796875
10.335548400878906
1.0475387573242188
7.944427490234375
9.544364929199219
0.7981948852539062
1.2272109985351562
9.938232421875
4.581214904785156
3.2458343505859375
2.61083984375
3.9012908935546875
3.1881179809570312
1.4943923950195312
3.5708541870117188
3.2828826904296875
3.47967529296875
1.92950439453125
0.34403228759765625
0.6435165405273438
0.6122360229492188
1.635162353515625
5.1160430908203125
0.43650054931640625
2.1322174072265625
2.2816314697265625
7.0669403076171875
2.07421875
3.3345108032226562
1.4243392944335938
11.169769287109375
2.1278457641601562
15.917716979980469
1.1855392456054688
1.0592575073242188
8.385734558105469
1.727996826171875
13.297462463378906
6.7516632080078125
1.269195556640625
1.985321044921875
18.953895568847656
5.207389831542969
4.3365936279296875
3.2334060668945312
2.5683212280273438
4.9423980712890625
3.0270919799804688
8.340995788574219
7.891029357910156
2.731292724609375
10.438911437988281
2.2500686645507812
9.342041015625
6.0552978515625
7.7239990234375
3.7678985595703125
2.9402542114257812
1.575836181640625
3.0589370727539062
6.8458404541015625
2.710845947265625
3.8247222900390625
2.8683013916015625
3.8167648315429688
3.5189056396484375
9.385421752929688
6.270256042480469
9.258262634277344
1.6331329345703125
13.555671691894531
15.87176513671875
4.991310119628906
5.618598937988281
7.433067321777344
13.223014831542969
14.97833251953125
16.242408752441406
14.103012084960938
13.411102294921875
0.9894866943359375
0.9628829956054688
1.89111328125
1.2031402587890625
1.40008544921875
2.0988311767578125
2.1921234130859375
1.036529541015625
1.0642242431640625
1.2259674072265625
1.2555465698242188
0.0784149169921875
0.44881439208984375
0.12136077880859375
0.4809112548828125
1.421600341796875
0.43157196044921875
0.876678466796875
1.7277145385742188
0.5128707885742188
0.7712249755859375
4.9206390380859375
3.4149169921875
0.1409759521484375
0.953826904296875
5.794090270996094
3.2903518676757812
1.3490066528320312
0.9277114868164062
0.9428176879882812
2.1950149536132812
1.0367355346679688
1.1238250732421875
0.5654296875
0.5672988891601562
1.5104217529296875
0.989837646484375
2.0846176147460938
1.2934722900390625
1.4314727783203125
2.8157119750976562
1.155975341796875
1.0003814697265625
0.7150650024414062
0.5392990112304688
0.37171173095703125
1.8568038940429688
0.3355255126953125
0.08890533447265625
1.4070587158203125
0.6083984375
0.17388916015625
2.0498580932617188
0.8801956176757812
1.40570068359375
0.6662826538085938
0.756591796875
0.463958740234375
1.1294784545898438
1.6884536743164062
1.3415374755859375
0.873138427734375
0.6232757568359375
2.652191162109375
1.1660232543945312
2.2122573852539062
0.9425125122070312
0.5246810913085938
0.9409103393554688
0.3053436279296875
1.1966018676757812
1.0578460693359375
1.2614517211914062
0.834808349609375
0.7838973999023438
0.4429931640625
0.2886962890625
0.9453506469726562
0.5893478393554688
1.4952011108398438
1.6111602783203125
1.0685577392578125
0.4709930419921875
0.3804931640625
0.053619384765625
0.1617431640625
0.01313018798828125
0.90472412109375
0.09712982177734375
0.02468109130859375
0.5944442749023438
2.1822433471679688
3.5344772338867188
7.646476745605469
2.302734375
9.472915649414062
3.6373291015625
5.3250732421875
3.0179519653320312
5.666908264160156
1.1307373046875
4.845458984375
7.935783386230469
12.970130920410156
15.512130737304688
4.407920837402344
5.43023681640625
13.703742980957031
0.022186279296875
1.1935806274414062
0.07010650634765625
10.853912353515625
4.6346893310546875
6.549102783203125
11.199874877929688
2.393218994140625
1.7332916259765625
6.5266265869140625
9.366180419921875
4.938606262207031
7.679267883300781
0.11215972900390625
14.001823425292969
8.948654174804688
18.129539489746094
3.185455322265625
0.042388916015625
3.1233367919921875
7.302879333496094
16.220924377441406
16.506507873535156
1.8350296020507812
4.527305603027344
11.107414245605469
1.5491867065429688
6.894264221191406
8.811683654785156
3.171417236328125
3.5081939697265625
4.028236389160156
4.2844390869140625
4.224212646484375
4.711845397949219
10.2998046875
5.4736480712890625
6.042701721191406
5.3380279541015625
3.0135574340820312
3.959503173828125
5.569557189941406
11.565711975097656
3.7563247680664062
6.444183349609375
9.617393493652344
4.6728515625
5.293525695800781
10.672744750976562
13.775779724121094
7.256813049316406
0.3228607177734375
0.056640625
0.1229095458984375
0.18377685546875
0.84521484375
1.2551116943359375
1.3871841430664062
0.9407424926757812
1.180877685546875
1.5421600341796875
1.4480514526367188
2.8056640625
3.2455978393554688
3.8291091918945312
4.482177734375
5.5491790771484375
8.353652954101562
9.924674987792969
12.173927307128906
7.67449951171875
6.569694519042969
6.165931701660156
3.037078857421875
0.5710220336914062
19.75640106201172
20.50555419921875
11.296920776367188
2.0419692993164062
6.343963623046875
7.065040588378906
8.590179443359375
21.135498046875
18.430267333984375
4.632316589355469
3.1853561401367188
6.0849456787109375
19.376731872558594
17.28954315185547
3.1845932006835938
23.482467651367188
7.419891357421875
11.926231384277344
18.57250213623047
12.721946716308594
4.735893249511719
9.930671691894531
15.108840942382812
13.567787170410156
21.59508514404297
17.095443725585938
19.97528839111328
19.3741455078125
20.840438842773438
17.698387145996094
15.474456787109375
8.050361633300781
4.139007568359375
5.30584716796875
13.734153747558594
3.9821014404296875
4.96368408203125
0.7771987915039062
3.7809677124023438
4.0410003662109375
0.4294586181640625
6.9595489501953125
2.4260940551757812
6.278739929199219
4.615020751953125
5.2043914794921875
14.317031860351562
13.678176879882812
17.891761779785156
2.7690658569335938
22.090789794921875
18.52123260498047
14.509193420410156
14.375732421875
11.714179992675781
17.603317260742188
20.752960205078125
3.1059341430664062
1.9525070190429688
1.173309326171875
0.609039306640625
0.4012908935546875
5.0678558349609375
3.223663330078125
2.1906661987304688
0.8108062744140625
3.5119781494140625
13.903022766113281
21.621826171875
17.688148498535156
18.628326416015625
11.919479370117188
6.7146148681640625
1.4628982543945312
1.3470001220703125
0.7154693603515625
7.352821350097656
4.4188232421875
6.9139862060546875
9.993972778320312
1.5651016235351562
1.1627120971679688
8.064804077148438
0.6283416748046875
3.8306198120117188
17.723587036132812
24.393661499023438
10.325531005859375
1.4164810180664062
0.8704757690429688
7.4976348876953125
6.776161193847656
3.5948715209960938
13.572547912597656
16.205543518066406
1.8382492065429688
19.09912109375
18.470237731933594
19.352821350097656
18.01788330078125
5.603538513183594
9.230560302734375
4.872772216796875
4.284584045410156
16.520729064941406
0.9389495849609375
12.99676513671875
7.1554718017578125
0.8816146850585938
18.285873413085938
7.5839385986328125
18.108139038085938
2.526123046875
10.665939331054688
6.7223968505859375
1.5872879028320312
1.8508377075195312
2.6488800048828125
17.945213317871094
17.108047485351562
7.289848327636719
2.0998382568359375
1.9400558471679688
1.1536636352539062
1.4937515258789062
1.2943878173828125
1.1353607177734375
2.247222900390625
2.03765869140625
2.09375
2.1088409423828125
3.1137237548828125
3.9060134887695312
2.227294921875
2.524444580078125
2.2960205078125
2.3812484741210938
1.7908782958984375
3.4470291137695312
3.7583694458007812
2.2706832885742188
1.6277999877929688
3.482574462890625
2.473785400390625
2.5045166015625
2.7684783935546875
2.21124267578125
2.3441619873046875
2.3723373413085938
2.2283782958984375
4.1450042724609375
2.8671112060546875
3.797637939453125
3.24755859375
2.58172607421875
2.9956512451171875
2.5949172973632812
2.0060806274414062
2.9361419677734375
3.2551727294921875
2.5827560424804688
2.4171981811523438
2.52166748046875
3.0523910522460938
2.4611587524414062
4.229087829589844
2.68829345703125
3.2183380126953125
3.6711349487304688
2.7243194580078125
2.818756103515625
3.2339324951171875
2.50341796875
2.8936004638671875
2.7832260131835938
3.6312026977539062
4.2430267333984375
3.3907012939453125
2.8685760498046875
2.1569976806640625
2.7187652587890625
2.5124435424804688
2.3971328735351562
3.8875732421875
2.55865478515625
2.9166412353515625
3.007415771484375
2.9005126953125
2.4155807495117188
3.09735107421875
2.77801513671875
3.0302886962890625
2.8383636474609375
2.59100341796875
2.3744277954101562
2.8593215942382812
3.2316741943359375
3.774810791015625
3.475830078125
3.03955078125
3.272247314453125
1.1569976806640625
4.19915771484375
2.0192337036132812
1.7122268676757812
1.0689468383789062
0.82440185546875
0.357177734375
0.6570587158203125
0.8957977294921875
0.348846435546875
0.86212158203125
0.10369873046875
0.139068603515625
0.209381103515625
0.2642669677734375
0.3186187744140625
0.2320556640625
0.220703125
0.200836181640625
1.3351287841796875
0.28504180908203125
1.8845062255859375
2.080474853515625
2.2667999267578125
1.649169921875
0.450439453125
0.6526107788085938
2.448974609375
2.0794830322265625
1.8907318115234375
1.7996368408203125
1.79736328125
2.3746795654296875
1.65887451171875
1.7015380859375
2.9795074462890625
1.7763214111328125
4.98486328125
1.8536376953125
3.8448486328125
2.6309051513671875
7.9359588623046875
5.568756103515625
8.721954345703125
7.54296875
5.04937744140625
8.588668823242188
6.1228179931640625
6.434028625488281
3.9219436645507812
9.878501892089844
4.10791015625
2.9068527221679688
5.307304382324219
4.566062927246094
3.2139053344726562
3.390411376953125
3.7135238647460938
9.116409301757812
10.0386962890625
8.630668640136719
3.7827911376953125
3.27362060546875
6.033088684082031
4.8250885009765625
9.9642333984375
9.010726928710938
3.2322845458984375
3.6808547973632812
8.526023864746094
4.591636657714844
3.79290771484375
3.89447021484375
5.934478759765625
8.776962280273438
5.6757965087890625
5.181373596191406
9.448692321777344
3.8778839111328125
3.4493179321289062
3.228515625
8.469924926757812
3.9930191040039062
4.971885681152344
3.554962158203125
3.4582366943359375
9.518295288085938
4.359222412109375
3.7248687744140625
3.9871978759765625
8.972160339355469
6.532844543457031
10.24853515625
5.4666900634765625
7.1707763671875
2.2461624145507812
8.396591186523438
9.003707885742188
4.9261627197265625
8.567276000976562
7.2624359130859375
1.9094772338867188
9.334510803222656
3.851776123046875
3.0838394165039062
4.8120269775390625
9.692901611328125
8.305152893066406
2.7083740234375
9.824546813964844
0.640533447265625
2.3757476806640625
2.53472900390625
0.48358154296875
9.558982849121094
3.8299026489257812
6.9964447021484375
8.059974670410156
6.054847717285156
7.3399810791015625
2.8534393310546875
6.3616180419921875
2.585662841796875
8.699462890625
7.898429870605469
2.0029144287109375
4.7047882080078125
3.7910614013671875
3.1538848876953125
9.906463623046875
4.3379364013671875
9.906784057617188
3.5712890625
3.1538543701171875
9.607551574707031
7.398262023925781
9.586006164550781
10.224288940429688
5.1138763427734375
9.111564636230469
9.362503051757812
9.892829895019531
8.511955261230469
4.96221923828125
9.859428405761719
9.804458618164062
9.659721374511719
9.922019958496094
9.220260620117188
7.515571594238281
9.308998107910156
4.85675048828125
3.4596099853515625
1.7888336181640625
3.5009307861328125
0.224334716796875
0.6600799560546875
0.2968597412109375
0.0863037109375
0.18427276611328125
0.4483642578125
0.2649993896484375
0.360198974609375
0.980255126953125
0.5426864624023438
1.835113525390625
0.6792755126953125
2.230926513671875
2.149017333984375
1.647247314453125
1.9610137939453125
5.5043182373046875
6.345550537109375
1.972503662109375
7.1981353759765625
4.9524078369140625
2.9344406127929688
3.0671005249023438
2.8160781860351562
3.1081924438476562
2.9396820068359375
7.146636962890625
3.9311370849609375
3.2442474365234375
6.669731140136719
4.04937744140625
9.4898681640625
4.264190673828125
8.753265380859375
9.758895874023438
2.445465087890625
2.8671188354492188
10.069465637207031
9.655197143554688
9.513114929199219
3.6143417358398438
3.323822021484375
9.904403686523438
9.718551635742188
3.18560791015625
9.391151428222656
10.357536315917969
10.146499633789062
3.466552734375
9.96636962890625
4.5160675048828125
0.2661895751953125
0.222930908203125
0.44196319580078125
0.2720947265625
0.29180908203125
0.49672698974609375
2.2223663330078125
0.7749176025390625
2.4261474609375
2.0367279052734375
1.6427001953125
4.8942108154296875
7.7499847412109375
3.0801544189453125
3.0135650634765625
10.592094421386719
2.8108444213867188
4.773529052734375
6.881492614746094
4.504547119140625
4.1248321533203125
3.2193756103515625
9.097091674804688
0.7478256225585938
3.0929489135742188
10.094474792480469
9.926544189453125
2.6983795166015625
1.9895095825195312
1.16021728515625
0.195068359375
0.6048583984375
0.36879730224609375
0.535736083984375
0.955291748046875
1.746368408203125
5.2073516845703125
5.20208740234375
3.7309417724609375
8.850776672363281
2.751708984375
10.45526123046875
3.6588058471679688
3.5933685302734375
8.995895385742188
9.520973205566406
2.9687271118164062
3.4022293090820312
3.7929306030273438
4.8060455322265625
7.006294250488281
10.208770751953125
10.315948486328125
1.8193588256835938
0.3177032470703125
2.33917236328125
0.734161376953125
2.508697509765625
5.06781005859375
3.2353286743164062
6.6130828857421875
10.765708923339844
2.7482833862304688
2.8148956298828125
4.2673187255859375
5.978790283203125
9.492340087890625
1.7763900756835938
0.6127090454101562
0.585784912109375
0.26690673828125
1.09405517578125
2.198211669921875
4.24835205078125
3.9850921630859375
9.713264465332031
5.810302734375
3.6456756591796875
4.070159912109375
4.1040191650390625
9.670082092285156
10.121223449707031
1.1137847900390625
0.44775390625
10.232490539550781
8.405982971191406
2.7100830078125
10.189849853515625
1.3478851318359375
0.9551544189453125
4.601173400878906
7.89794921875
2.9479141235351562
8.10382080078125
4.360115051269531
7.39007568359375
8.638107299804688
9.636695861816406
9.63201904296875
1.7761764526367188
2.8512115478515625
2.7844085693359375
7.2750701904296875
9.317398071289062
9.718299865722656
2.7183074951171875
10.072341918945312
3.5068588256835938
6.617408752441406
9.343551635742188
10.31341552734375
9.537971496582031
6.553535461425781
1.5326461791992188
2.0730133056640625
8.195915222167969
10.184066772460938
1.1254425048828125
2.030517578125
3.183685302734375
0.6182022094726562
0.8481063842773438
3.1227340698242188
3.6723403930664062
0.5801849365234375
0.494781494140625
6.996360778808594
0.5062408447265625
8.422706604003906
5.2310028076171875
8.779541015625
0.4986572265625
6.1473388671875
7.572418212890625
3.196319580078125
3.05206298828125
9.015289306640625
0.299285888671875
7.161872863769531
3.9377059936523438
4.4010162353515625
8.545494079589844
3.5816574096679688
1.8341903686523438
0.4545745849609375
2.337066650390625
8.184219360351562
3.9787063598632812
9.416229248046875
5.8496551513671875
8.173591613769531
4.0855560302734375
