9.876351576561311e-42
0.9771585464477539
2.3888349533081055
1.6568899154663086
8.798360824584961
5.463123321533203
10.625362396240234
11.924028396606445
9.103178977966309
18.697500228881836
9.787201881408691
16.406536102294922
11.619925498962402
57.214378356933594
22.86672592163086
12.589812278747559
5.275249481201172
3.374814987182617
2.2565126419067383
1.6050338745117188
3.4328699111938477
6.869196891784668
7.809042930603027
2.850174903869629
9.425997734069824
19.173145294189453
18.663883209228516
5.826234817504883
4.098176956176758
10.386824607849121
6.472229957580566
18.285633087158203
5.932807922363281
16.742944717407227
9.67705249786377
8.75866413116455
11.156201362609863
11.452913284301758
16.39389991760254
11.436223983764648
9.591817855834961
11.839628219604492
2.5752782821655273
6.833434104919434
2.675652503967285
5.033612251281738
14.317154884338379
12.179970741271973
40.490386962890625
12.964844703674316
8.50057601928711
14.96422290802002
6.8253278732299805
3.6468505859375
9.152889251708984
3.5898685455322266
7.340431213378906
9.3461275100708
12.960076332092285
10.471224784851074
5.812168121337891
6.6460371017456055
5.248785018920898
13.764739036560059
15.149831771850586
20.948410034179688
6.253957748413086
4.798650741577148
10.866761207580566
5.971670150756836
9.7426176071167
11.523723602294922
11.73865795135498
6.349086761474609
8.65185260772705
19.684432983398438
23.679733276367188
7.565021514892578
9.572863578796387
8.159041404724121
8.904814720153809
8.15880298614502
8.18324089050293
8.630514144897461
17.904996871948242
1.1371374130249023
8.071303367614746
13.518333435058594
4.991650581359863
6.606578826904297
9.547591209411621
14.126896858215332
2.7811527252197266
6.052494049072266
7.707476615905762
14.37842845916748
18.96381378173828
16.407489776611328
11.267781257629395
7.031440734863281
15.091180801391602
13.836860656738281
5.547165870666504
9.755373001098633
5.950927734375
14.310121536254883
6.497740745544434
13.530611991882324
6.608366966247559
7.388710975646973
14.203667640686035
10.095357894897461
2.8145313262939453
7.01904296875
14.517784118652344
1.2181997299194336
7.684469223022461
14.617323875427246
5.60605525970459
15.602946281433105
5.916357040405273
6.713628768920898
7.994294166564941
6.597161293029785
12.796521186828613
6.342291831970215
8.595824241638184
10.878920555114746
15.470504760742188
9.591341018676758
10.365605354309082
17.060518264770508
10.669231414794922
6.93202018737793
4.176020622253418
4.364728927612305
13.244986534118652
4.098773002624512
4.3991804122924805
2.1021366119384766
3.7811994552612305
4.215717315673828
3.8683414459228516
3.397345542907715
2.6841163635253906
2.277255058288574
2.0630359649658203
2.628445625305176
7.265925407409668
2.5995969772338867
1.1805295944213867
5.768775939941406
3.9892196655273438
24.683713912963867
13.641834259033203
11.633038520812988
12.412071228027344
14.685511589050293
13.076543807983398
13.868570327758789
18.120407104492188
13.762831687927246
6.117701530456543
5.579590797424316
3.367781639099121
4.360079765319824
3.7566423416137695
7.645845413208008
4.486680030822754
6.0852766036987305
6.072878837585449
8.45944881439209
5.946874618530273
6.257057189941406
11.745095252990723
6.720423698425293
8.812427520751953
6.189107894897461
7.570624351501465
11.73555850982666
4.698395729064941
15.648126602172852
5.828261375427246
4.495739936828613
3.3326148986816406
4.563808441162109
16.226530075073242
4.30750846862793
2.42006778717041
1.3048648834228516
13.163924217224121
0.6787776947021484
6.592869758605957
5.211353302001953
17.784595489501953
3.558993339538574
8.423566818237305
5.961060523986816
3.5637617111206055
6.287813186645508
7.661342620849609
0.37169456481933594
6.31403923034668
10.58816909790039
7.6111555099487305
6.785869598388672
7.091403007507324
4.14121150970459
19.755722045898438
1.9786357879638672
3.6547183990478516
8.913636207580566
3.951430320739746
23.360252380371094
7.383942604064941
15.571117401123047
4.989027976989746
0.9843111038208008
6.240725517272949
13.455510139465332
1.1839866638183594
2.213120460510254
6.019711494445801
0.8870363235473633
9.691357612609863
7.45844841003418
10.638117790222168
7.196545600891113
4.2160749435424805
8.355855941772461
9.023785591125488
7.207632064819336
9.561896324157715
7.519841194152832
9.591937065124512
10.515809059143066
12.187361717224121
9.148716926574707
10.454177856445312
11.922836303710938
7.965445518493652
14.137625694274902
9.824156761169434
9.531617164611816
15.386104583740234
8.684039115905762
2.38037109375
11.668682098388672
20.53976058959961
6.1768293380737305
10.444283485412598
11.780977249145508
8.391141891479492
8.726000785827637
16.181110382080078
21.6064453125
22.577285766601562
22.58920669555664
0.23031234741210938
0.22649765014648438
0.6487369537353516
1.4263391494750977
5.037069320678711
4.989862442016602
4.980564117431641
3.5321712493896484
4.271149635314941
4.2487382888793945
7.221579551696777
0.7395744323730469
8.501887321472168
5.656838417053223
0.0
1.0445117950439453
3.237009048461914
6.448507308959961
7.8830718994140625
5.193471908569336
5.878329277038574
1.561880111694336
1.547098159790039
4.175543785095215
6.329894065856934
9.618043899536133
2.3528337478637695
0.20170211791992188
2.012014389038086
0.2574920654296875
2.8002262115478516
2.563357353210449
2.9299259185791016
2.15911865234375
5.195140838623047
4.244565963745117
7.268548011779785
4.707455635070801
4.555821418762207
13.258695602416992
2.323269844055176
0.3724098205566406
3.8775205612182617
2.853989601135254
3.2749176025390625
0.4342794418334961
0.9073019027709961
4.245400428771973
3.2138824462890625
1.3036727905273438
1.3147592544555664
3.8437843322753906
0.13756752014160156
1.018524169921875
0.632166862487793
5.651116371154785
1.6791820526123047
9.740948677062988
6.2149763107299805
12.017488479614258
9.562373161315918
2.7424097061157227
1.0573863983154297
3.6998987197875977
8.395195007324219
5.048632621765137
3.817319869995117
1.3021230697631836
2.506256103515625
2.314925193786621
3.7674903869628906
0.8921623229980469
0.43189525604248047
0.4191398620605469
0.0
1.4147758483886719
6.207823753356934
4.688262939453125
3.9604902267456055
1.8849372863769531
0.6725788116455078
0.5464553833007812
0.2684593200683594
1.100778579711914
0.6885528564453125
0.3178119659423828
0.49996376037597656
5.887389183044434
6.9397687911987305
1.3854503631591797
5.887031555175781
4.131674766540527
0.7586479187011719
9.51075553894043
7.099747657775879
7.040858268737793
1.9131898880004883
6.635308265686035
2.4268627166748047
7.49361515045166
1.395583152770996
5.663871765136719
8.304953575134277
4.680514335632324
11.70194149017334
3.1261444091796875
1.8765926361083984
12.801527976989746
3.5610198974609375
3.2657384872436523
0.0
9.316682815551758
1.9385814666748047
3.1278133392333984
12.801527976989746
3.9234161376953125
6.220459938049316
4.240274429321289
4.400968551635742
1.4057159423828125
10.048627853393555
5.409121513366699
10.289192199707031
4.525899887084961
5.903124809265137
5.216360092163086
0.4544258117675781
4.886031150817871
4.895567893981934
5.798697471618652
5.280733108520508
0.6074905395507812
2.498507499694824
6.010174751281738
0.0
5.676627159118652
6.463170051574707
0.0
1.3180971145629883
4.709959030151367
2.946138381958008
2.1359920501708984
2.733945846557617
6.561875343322754
6.02567195892334
3.83150577545166
8.113741874694824
0.640869140625
2.135753631591797
3.0198097229003906
4.509329795837402
3.5483837127685547
5.279421806335449
6.094455718994141
3.316521644592285
2.7954578399658203
7.93004035949707
8.304238319396973
3.348708152770996
0.3955364227294922
0.0
0.0
0.0
0.0
0.0
1.1038780212402344
3.081083297729492
2.530217170715332
2.1004676818847656
5.065202713012695
3.8132667541503906
5.111336708068848
1.9878149032592773
4.503607749938965
1.0378360748291016
2.241373062133789
2.7611255645751953
6.568670272827148
4.954814910888672
6.258130073547363
6.171703338623047
7.444143295288086
7.438898086547852
8.643627166748047
10.436415672302246
7.138609886169434
10.928869247436523
14.805197715759277
7.17008113861084
11.739373207092285
4.970431327819824
6.375908851623535
10.516643524169922
4.654049873352051
5.679726600646973
3.974437713623047
10.776877403259277
11.126995086669922
11.806607246398926
11.440515518188477
9.035706520080566
11.703848838806152
12.929677963256836
15.707612037658691
14.21058177947998
4.008054733276367
17.798662185668945
11.838078498840332
3.76284122467041
7.4005126953125
4.748702049255371
12.662887573242188
10.552048683166504
18.509746551513672
14.659404754638672
5.813717842102051
6.744623184204102
5.682826042175293
1.6199350357055664
13.942718505859375
12.72881031036377
11.927008628845215
12.545108795166016
21.20661735534668
2.5653839111328125
13.560056686401367
3.741025924682617
5.298733711242676
16.70527458190918
9.026765823364258
3.9690732955932617
12.714266777038574
1.835465431213379
18.021583557128906
11.518597602844238
4.6035051345825195
4.917502403259277
4.695415496826172
4.1702985763549805
12.845993041992188
1.6639232635498047
4.302024841308594
0.453948974609375
11.932849884033203
15.8766508102417
1.9159317016601562
11.344432830810547
7.425785064697266
19.32549476623535
18.20623779296875
5.274534225463867
15.588760375976562
2.1779537200927734
13.908147811889648
3.2532215118408203
4.73177433013916
3.956317901611328
2.0294189453125
15.585899353027344
1.7911195755004883
3.4601688385009766
5.770325660705566
6.309151649475098
4.583120346069336
4.053831100463867
1.947164535522461
13.429999351501465
11.49284839630127
4.2705535888671875
19.806026458740234
7.3059797286987305
7.912397384643555
10.535240173339844
4.713177680969238
15.80512523651123
13.325333595275879
4.598021507263184
10.132312774658203
8.54337215423584
20.401716232299805
16.99864959716797
8.3235502243042
3.5996437072753906
6.435513496398926
3.7032365798950195
2.1305084228515625
6.305932998657227
6.383180618286133
7.521271705627441
3.953695297241211
1.9872188568115234
4.535794258117676
3.097057342529297
2.1823644638061523
5.203962326049805
5.376338958740234
4.011273384094238
4.605293273925781
3.903031349182129
7.269859313964844
10.594010353088379
1.0886192321777344
2.8101205825805664
3.4210681915283203
2.857089042663574
6.539463996887207
4.89044189453125
10.046720504760742
10.959386825561523
11.204957962036133
3.3609867095947266
1.6911029815673828
1.6831159591674805
12.436389923095703
3.103494644165039
2.057790756225586
4.706144332885742
11.008739471435547
5.22458553314209
3.729104995727539
12.87221908569336
11.618494987487793
2.1948814392089844
0.6018877029418945
9.403705596923828
10.002970695495605
1.9643306732177734
3.0831098556518555
1.898050308227539
7.4405670166015625
1.9047260284423828
6.728410720825195
3.414273262023926
0.7121562957763672
5.322813987731934
0.6492137908935547
1.8701553344726562
2.5309324264526367
7.1086883544921875
4.104018211364746
16.29471778869629
6.680011749267578
12.37034797668457
10.739445686340332
14.234304428100586
10.57124137878418
9.73522663116455
6.430149078369141
17.859697341918945
6.2111616134643555
8.83340835571289
4.332065582275391
7.467031478881836
6.581902503967285
7.431387901306152
3.383040428161621
7.625222206115723
11.563777923583984
6.385087966918945
14.273881912231445
7.485151290893555
1.8824338912963867
14.01984691619873
7.809877395629883
8.790969848632812
6.7528486251831055
8.002519607543945
7.840871810913086
13.290882110595703
5.3005218505859375
4.874467849731445
5.030632019042969
0.7232427597045898
12.394428253173828
8.732914924621582
6.971955299377441
2.7723312377929688
6.887912750244141
3.9734840393066406
5.912065505981445
1.7359256744384766
2.5560855865478516
1.7014741897583008
0.0
0.3135204315185547
1.2710094451904297
0.1590251922607422
0.29778480529785156
0.11324882507324219
0.3924369812011719
0.29015541076660156
0.12111663818359375
0.09417533874511719
0.3204345703125
0.09274482727050781
1.9202232360839844
1.6301870346069336
5.878806114196777
5.298137664794922
4.691123962402344
0.3604888916015625
1.2123584747314453
0.0
6.718993186950684
0.263214111328125
7.245182991027832
8.108377456665039
5.81967830657959
2.0259618759155273
1.5759468078613281
0.25916099548339844
3.2851696014404297
5.321025848388672
0.8161067962646484
5.824685096740723
0.9168386459350586
6.650447845458984
2.997756004333496
1.1744499206542969
5.796194076538086
1.0067224502563477
0.6632804870605469
4.520893096923828
0.3314018249511719
5.2433013916015625
2.0036697387695312
1.3675689697265625
4.613518714904785
1.7054080963134766
3.1479597091674805
5.490541458129883
0.06568431854248047
4.127144813537598
0.40400028228759766
3.2951831817626953
2.7500391006469727
0.34308433532714844
1.7038583755493164
2.7359724044799805
2.7228593826293945
0.08845329284667969
3.082394599914551
3.6699771881103516
5.145549774169922
4.183053970336914
0.17976760864257812
0.24998188018798828
5.960226058959961
1.0068416595458984
6.123661994934082
3.559112548828125
12.556910514831543
3.8765668869018555
5.363821983337402
3.80861759185791
0.2313852310180664
2.936840057373047
2.417922019958496
3.046751022338867
8.375048637390137
7.288098335266113
5.166530609130859
0.8476972579956055
7.318019866943359
1.8831491470336914
14.295697212219238
4.696965217590332
5.285143852233887
2.9686689376831055
21.63553237915039
13.699650764465332
7.342338562011719
3.189563751220703
2.6890039443969727
17.980575561523438
8.868217468261719
7.3157548904418945
12.514352798461914
2.757906913757324
2.771735191345215
2.6334524154663086
1.6351938247680664
11.029958724975586
2.4613142013549805
3.1250715255737305
6.358146667480469
1.8402338027954102
11.012911796569824
0.0
10.3682279586792
4.334211349487305
6.917238235473633
2.4018287658691406
7.712006568908691
5.990743637084961
2.1271705627441406
3.258943557739258
5.893468856811523
7.875680923461914
11.206269264221191
10.46288013458252
2.192258834838867
7.213115692138672
12.195944786071777
4.295229911804199
0.08571147918701172
1.9632577896118164
6.750941276550293
6.087064743041992
1.3206005096435547
0.37848949432373047
4.22978401184082
7.867693901062012
6.395936012268066
2.317190170288086
3.181576728820801
0.8575916290283203
5.401968955993652
6.141424179077148
0.6895065307617188
3.220081329345703
1.7354488372802734
0.27942657470703125
2.0186901092529297
3.795146942138672
2.5502443313598633
0.4322528839111328
1.0411739349365234
1.4421939849853516
0.6806850433349609
1.3080835342407227
1.5285015106201172
0.29289722442626953
0.6461143493652344
0.926971435546875
2.6792287826538086
0.836491584777832
2.99680233001709
0.23889541625976562
1.6193389892578125
0.26345252990722656
0.09655952453613281
0.9998083114624023
3.9180517196655273
3.6258697509765625
0.0
0.29349327087402344
9.762763977050781
0.8156299591064453
1.6164779663085938
1.5022754669189453
7.634997367858887
2.460360527038574
8.22436809539795
6.367921829223633
4.615068435668945
0.40340423583984375
2.277851104736328
2.901792526245117
0.6660223007202148
0.27239322662353516
4.918575286865234
4.429340362548828
6.693482398986816
0.38611888885498047
6.389498710632324
3.8127899169921875
2.294301986694336
14.646172523498535
1.0510683059692383
14.63019847869873
6.927490234375
20.401836395263672
5.906581878662109
13.431310653686523
0.6176233291625977
9.416580200195312
7.372260093688965
7.6285600662231445
4.287004470825195
0.24509429931640625
5.688071250915527
7.322192192077637
6.189584732055664
7.008194923400879
1.817464828491211
3.15701961517334
0.3343820571899414
2.87628173828125
0.1876354217529297
1.8749237060546875
0.6129741668701172
5.113720893859863
3.1273365020751953
6.554365158081055
1.9322633743286133
5.554556846618652
2.994656562805176
2.4747848510742188
5.869507789611816
1.9778013229370117
2.7605295181274414
2.313852310180664
1.5572309494018555
0.0776052474975586
4.455327987670898
7.804274559020996
2.1735429763793945
18.85616683959961
8.270859718322754
3.1031370162963867
1.849532127380371
1.184225082397461
5.087018013000488
1.0421276092529297
6.667613983154297
1.6803741455078125
1.8600225448608398
0.2384185791015625
0.19693374633789062
1.5106201171875
0.29015541076660156
3.16464900970459
1.2409687042236328
0.6201267242431641
1.3518333435058594
1.0802745819091797
3.1827688217163086
2.3480653762817383
3.1599998474121094
1.6169548034667969
4.153966903686523
2.3009777069091797
3.0875205993652344
20.555137634277344
1.0268688201904297
13.642430305480957
2.422213554382324
0.17726421356201172
3.89862060546875
0.502467155456543
1.2295246124267578
1.004338264465332
1.2226104736328125
3.117799758911133
5.801796913146973
2.0047426223754883
14.305472373962402
3.837108612060547
0.46956539154052734
1.9631385803222656
4.060268402099609
0.7575750350952148
3.347158432006836
9.961724281311035
0.21755695343017578
3.5326480865478516
0.14925003051757812
3.8024187088012695
3.8863420486450195
1.425027847290039
2.6433467864990234
6.2400102615356445
10.369062423706055
1.1799335479736328
3.7126541137695312
3.1638145446777344
13.72063159942627
2.2988319396972656
0.7249116897583008
1.9729137420654297
0.5086660385131836
1.5681982040405273
2.9271841049194336
4.21297550201416
3.228425979614258
2.464175224304199
20.105003356933594
3.972649574279785
2.261042594909668
1.1320114135742188
3.473997116088867
3.5147666931152344
13.51475715637207
3.0344724655151367
1.8569231033325195
0.6352663040161133
1.2409687042236328
0.6073713302612305
0.2694129943847656
1.6117095947265625
9.459257125854492
2.723574638366699
2.2214651107788086
2.4596452713012695
3.604769706726074
3.957509994506836
0.599980354309082
4.498600959777832
2.4940967559814453
1.7725229263305664
2.7338266372680664
0.20933151245117188
0.20933151245117188
8.69596004486084
18.898487091064453
2.578258514404297
0.3223419189453125
6.033062934875488
1.5975236892700195
0.1823902130126953
5.536437034606934
0.5278587341308594
6.380915641784668
0.06127357482910156
0.3781318664550781
0.09584426879882812
0.2486705780029297
2.029299736022949
9.981036186218262
1.9145011901855469
0.7250308990478516
1.5773773193359375
5.111575126647949
3.6793947219848633
12.687921524047852
2.2846460342407227
0.5998611450195312
2.0923614501953125
7.621884346008301
1.1751651763916016
4.0683746337890625
20.35749053955078
4.63557243347168
0.27251243591308594
3.6687850952148438
3.762960433959961
12.122511863708496
2.197146415710449
11.725664138793945
6.469845771789551
4.7882795333862305
