9.876351576561311e-42
0.0
0.8382320404052734
0.0003662109375
0.04071998596191406
0.0
2.419740676879883
3.1132946014404297
0.13615036010742188
0.3974342346191406
0.9005680084228516
3.8065357208251953
3.7180633544921875
0.661865234375
0.5125770568847656
5.125314712524414
0.0
1.5556774139404297
8.392333984375e-05
3.500579833984375
0.40773773193359375
0.0
5.112308502197266
3.043720245361328
1.1525745391845703
0.0
0.0
1.3576297760009766
0.8420944213867188
0.0
1.1706199645996094
0.0
1.438852310180664
0.0
0.8749046325683594
0.9811744689941406
1.51910400390625
1.3945693969726562
0.0
0.8499298095703125
0.8963050842285156
1.4280357360839844
0.2109813690185547
2.0143604278564453
0.005893707275390625
1.6147785186767578
18.75543975830078
11.710229873657227
0.5205345153808594
7.898529052734375
0.7052841186523438
0.04589080810546875
1.2760810852050781
0.0
5.4364776611328125
0.15465545654296875
0.7354202270507812
0.887603759765625
0.0
0.9471778869628906
8.723371505737305
0.6075172424316406
0.0091094970703125
16.29911231994629
3.132600784301758
0.5755729675292969
0.0
1.4232597351074219
7.766538619995117
0.8340225219726562
0.93109130859375
1.5727653503417969
6.560920715332031
5.4568023681640625
0.1257038116455078
36.24718475341797
0.29695892333984375
0.0
8.528800964355469
0.8223991394042969
0.874237060546875
1.1853713989257812
14.984172821044922
1.2226829528808594
18.0476131439209
0.009761810302734375
0.0
0.0
0.6090354919433594
0.873443603515625
5.005653381347656
5.901739120483398
0.0
0.8553848266601562
1.0186233520507812
0.41243743896484375
0.0
0.0
1.0434150695800781
28.133071899414062
12.420341491699219
0.0
1.2202873229980469
0.65771484375
27.100231170654297
1.2917499542236328
6.986440658569336
0.0
0.6084632873535156
0.9384384155273438
18.482839584350586
0.4834861755371094
4.821992874145508
0.8386497497558594
0.456298828125
3.1671314239501953
0.7793903350830078
12.406293869018555
0.9742412567138672
27.206830978393555
0.6408576965332031
1.6883716583251953
0.7053604125976562
0.6121311187744141
0.7523117065429688
0.3938865661621094
0.7948760986328125
0.32260894775390625
0.0
0.4353752136230469
0.8940467834472656
40.44219207763672
0.039272308349609375
0.006595611572265625
0.0
0.0
11.130830764770508
1.6164665222167969
1.5979499816894531
1.0786190032958984
0.840423583984375
0.6698017120361328
0.8279380798339844
0.7373905181884766
0.8583946228027344
0.6409683227539062
0.426544189453125
0.16199111938476562
0.0324554443359375
0.11530303955078125
0.11285400390625
0.00101470947265625
0.0
0.0
0.0
0.0
0.0
0.0
0.0
0.0
0.0
0.0
0.02536773681640625
0.0
0.000713348388671875
0.003692626953125
0.00423431396484375
0.0
0.1317272186279297
0.39142417907714844
0.22858619689941406
0.0015621185302734375
0.0
0.12523651123046875
0.3898944854736328
0.10395622253417969
0.336334228515625
0.0743408203125
0.2561779022216797
1.0992450714111328
0.05019950866699219
1.7765045166015625
0.09556198120117188
0.31528282165527344
0.0
3.2800846099853516
0.6572036743164062
0.22316741943359375
4.378147125244141
2.7681045532226562
0.5572032928466797
0.0063419342041015625
0.8379020690917969
1.4229602813720703
1.4140300750732422
2.0314083099365234
0.0
0.0
0.0
0.08782005310058594
0.033885955810546875
0.0
0.06737709045410156
0.9805240631103516
1.2958908081054688
3.6670589447021484
2.632171630859375
0.03428077697753906
1.659322738647461
0.6346397399902344
4.130592346191406
0.0
0.005130767822265625
0.0981292724609375
0.0554656982421875
1.4874954223632812
0.6807498931884766
0.028226852416992188
0.0556793212890625
0.8166446685791016
0.15854454040527344
0.0037631988525390625
0.18560028076171875
3.0881824493408203
0.7048130035400391
0.125457763671875
0.6833229064941406
0.020074844360351562
0.09815216064453125
3.798135757446289
1.2597923278808594
0.026294708251953125
0.22374725341796875
0.18585586547851562
0.00362396240234375
0.9309673309326172
0.8388404846191406
0.4659538269042969
0.2485065460205078
0.5600433349609375
0.6727085113525391
0.021549224853515625
1.2501640319824219
0.05663871765136719
0.4918842315673828
0.22637176513671875
1.2909774780273438
1.2579574584960938
0.8262844085693359
2.965545654296875
0.5385875701904297
0.7792892456054688
2.0104598999023438
3.927858352661133
3.444080352783203
1.2685871124267578
0.62188720703125
0.6159286499023438
1.6553592681884766
1.1498661041259766
0.5622081756591797
0.0011959075927734375
0.0
0.011568069458007812
0.0
0.0
0.0
0.0
0.0
0.000995635986328125
0.11620330810546875
0.014636993408203125
0.12797927856445312
0.0
0.0
0.0
0.0
0.0
0.0
3.5716705322265625
1.5359077453613281
0.001934051513671875
0.0
10.002140045166016
0.2207164764404297
1.2203350067138672
0.0
0.20241355895996094
0.03850555419921875
0.0
0.0006923675537109375
0.11019134521484375
0.0
0.0
0.0
0.3805961608886719
0.3827552795410156
0.0
0.012744903564453125
0.5376377105712891
0.016874313354492188
0.0
0.0
0.0
0.5041160583496094
0.0
0.0
0.2268657684326172
0.10561752319335938
0.0
1.8629684448242188
0.0002498626708984375
0.06364250183105469
0.0
0.17577743530273438
0.0
0.0
0.0
0.0
0.0
0.4420661926269531
0.0
0.0
0.0
0.0
0.5754070281982422
0.0
0.383697509765625
0.0
0.0
0.0
0.023143768310546875
0.00313568115234375
0.020261764526367188
0.06511497497558594
0.103729248046875
0.1456317901611328
0.026700973510742188
0.09868240356445312
0.07192420959472656
0.45053863525390625
0.024692535400390625
0.0037975311279296875
0.09906959533691406
0.025354385375976562
0.49416351318359375
0.17746734619140625
0.15475082397460938
0.6114845275878906
0.9353542327880859
1.4412403106689453
9.679244995117188
5.022212982177734
11.299442291259766
1.3998088836669922
0.6819419860839844
0.18495750427246094
0.45202064514160156
0.0
0.3583526611328125
0.2827796936035156
0.21929168701171875
0.15785980224609375
0.0
0.0
0.00439453125
0.021726608276367188
0.4210186004638672
0.1390514373779297
10.545110702514648
1.1290359497070312
5.075244903564453
20.8980770111084
0.000148773193359375
0.0
0.34844970703125
0.06056976318359375
0.0
0.0
0.14383888244628906
17.379899978637695
7.95378303527832
9.85476303100586
0.0
0.08243370056152344
2.5529956817626953
1.9766883850097656
4.310367584228516
1.5619754791259766
1.8707752227783203
3.943096160888672
1.9546642303466797
0.9602298736572266
7.243476867675781
0.5318832397460938
0.9787940979003906
0.703033447265625
2.9641551971435547
1.3022823333740234
0.2055530548095703
1.421987533569336
1.175760269165039
1.1399402618408203
1.4613285064697266
0.3181133270263672
0.02695465087890625
0.2771873474121094
0.37059783935546875
0.5223121643066406
0.06626510620117188
0.14562225341796875
0.3306541442871094
0.1768646240234375
0.021984100341796875
0.3572845458984375
0.16632843017578125
0.0060272216796875
0.12567901611328125
0.023263931274414062
0.2507896423339844
0.32943153381347656
0.22765731811523438
0.3310546875
0.22068023681640625
0.00222015380859375
0.0
0.0062923431396484375
0.011295318603515625
0.0
0.0
0.0
0.001056671142578125
0.0
0.0
0.0
0.0
0.0
0.0
8.470905303955078
0.9739799499511719
0.032001495361328125
1.0129585266113281
0.6330547332763672
1.0386085510253906
0.9444637298583984
0.040233612060546875
0.0
6.095241546630859
0.6816177368164062
0.4976062774658203
0.7781829833984375
0.000823974609375
0.0
2.4642372131347656
0.5626983642578125
1.0238780975341797
1.5129318237304688
1.0391464233398438
13.178632736206055
0.7013015747070312
0.36130332946777344
0.5332221984863281
0.29250335693359375
13.345043182373047
0.19016265869140625
0.7632942199707031
1.1058025360107422
1.192209243774414
0.8479175567626953
1.1136455535888672
0.5538864135742188
0.20428085327148438
0.043643951416015625
0.0
0.0
0.0
0.0
0.469818115234375
0.3874969482421875
0.055088043212890625
0.9699172973632812
0.6437759399414062
0.0
0.6973056793212891
0.0
0.0
0.5309906005859375
0.19019317626953125
0.0
0.71435546875
0.0
0.2987060546875
0.6138916015625
0.08750534057617188
0.012180328369140625
0.0507965087890625
0.0
0.15332794189453125
0.0
0.000408172607421875
0.0
0.0
0.3146038055419922
0.0
0.4622802734375
0.0017547607421875
0.43508148193359375
0.4994926452636719
0.08298492431640625
0.11788177490234375
0.0
0.3090705871582031
0.0
0.0
0.0
0.0
0.3268165588378906
0.0
0.0
0.0
0.0
0.0
0.0
0.0
0.0874176025390625
1.329885482788086
0.0
0.142303466796875
0.0
0.0
0.0
0.0
0.7443809509277344
0.5659675598144531
0.0
0.17546844482421875
0.0
0.22054672241210938
0.298431396484375
0.15950393676757812
0.0
0.0
0.0
0.0
0.030521392822265625
0.15000152587890625
0.0
0.0
0.0
0.0
0.0
0.0
0.0
0.0
0.059101104736328125
0.004840850830078125
0.0
0.0
0.0
0.0
0.0
0.0
0.0
0.0
0.0
0.0
0.0
0.0
0.0
0.0
0.0
0.0
0.0
0.0
0.0
0.0
0.0
0.0
0.0
0.0
0.0
0.0
0.0
0.0
0.0
0.0
0.0
0.0
0.0
0.0
0.0
0.0
0.0
0.0
0.0
0.0
0.0
0.0
0.0
0.0
0.0
0.0
0.0
0.0
0.0
0.0
0.0
0.0
0.0
0.0
0.0
0.0
0.0
0.0
0.0
0.0
0.0
0.0
0.0
0.0
0.0
0.0
0.0
0.0
0.0
0.0
0.0
0.0
0.0
0.0
0.0
0.0
0.0
0.0
0.0
0.0
0.0
0.0
0.0
0.0
0.0
0.0
3.3499393463134766
0.00782012939453125
3.1949691772460938
2.952779769897461
2.4671249389648438
3.507722854614258
1.0917320251464844
2.4610652923583984
2.7626590728759766
0.2607002258300781
0.5865287780761719
0.0
0.0
0.0
0.0
0.0
0.16008567810058594
0.0
0.23611068725585938
0.0
0.23021507263183594
0.0
0.0
0.0
0.0
0.0
0.16563796997070312
0.0
0.0
0.0
0.0
0.0
0.0
0.0
0.0
0.0
0.0
0.0
0.0
0.0
0.0
0.0
0.0
0.0
0.0
0.0
0.0
0.0
0.0
0.0
0.0
0.0
0.0
0.0
0.0
0.0
0.0
0.0
0.0
0.0
0.0
0.0
0.0
0.0
0.0
0.0
0.0
0.0
0.0
0.0
0.0
0.0
0.0
0.0
0.0
0.0
0.0
0.0
0.0
0.0
0.0
0.0
0.0
0.0
0.0
0.0
0.0
0.0
0.0
0.0
0.0
0.0
0.0
0.0
0.0
0.0
0.0
0.0
0.0
0.0
0.0
0.0
0.0
0.0
0.0
0.0
0.0
0.0
0.0
0.0
0.0
0.0
0.0
0.0
0.0
0.0
0.0
0.0
0.0
0.0
0.0
0.0
0.0
0.0
0.0
0.0
0.0
0.0
0.0
0.0
0.0
0.0
0.0
0.0
0.0
0.0
0.0
0.0
0.0
0.0
0.0
0.0
0.0
0.0
0.0
0.0
0.0
0.0
0.0
0.0
0.0
0.0
0.0
0.0
0.5852909088134766
0.039653778076171875
0.8813686370849609
0.0236968994140625
0.0
0.0
0.0
0.10922050476074219
0.04243659973144531
0.0
0.023370742797851562
0.0
0.12779998779296875
0.0
0.0
0.0
0.0
0.0
0.0
0.0
0.0
0.0
0.0
0.0
0.0
0.0
0.0
0.0
0.0
0.0
0.0
0.0
0.0
0.0
0.0
0.0
0.0
0.0
0.0
0.0
0.0
0.0
0.0
0.0
0.0
0.0
0.0
0.0
0.0
0.0
0.0
1.751729965209961
0.04326057434082031
0.0
0.0
0.0061779022216796875
0.0
0.0
0.0
0.0
0.0
0.0
0.0
0.0
0.0
0.0
0.0
0.0
0.0
0.0
0.0
0.0
0.0
0.0
0.0
0.0
0.0
0.0
0.0
0.0
0.0
3.664165496826172
0.02246856689453125
0.1914520263671875
0.0
0.0
0.0
0.0
0.0
0.0
0.0
0.0
0.0
0.0
0.0
0.0
0.0
0.0
0.0
0.0
0.0
0.0
0.0
0.0
0.0
0.0
0.0
0.0
0.0
0.0
0.0
0.0
0.0
0.0
0.0
0.0
0.0
0.0
0.0
2.9806480407714844
0.0
0.0
0.0
0.0
0.0
0.0
0.0
0.0
0.0
0.0
0.0
0.0
0.0
0.0
0.0
0.0
0.0
0.0
0.0
0.0
0.0
0.0
0.0
0.0
0.0
0.0
0.0
0.0
0.0
0.0
0.0
3.387105941772461
0.0
0.0
0.0
0.0
0.0
0.0
0.0
0.0
0.0
0.0
0.0
0.0
0.0
4.111879348754883
0.0
0.0
0.0
2.8169307708740234
0.0
0.0
2.951597213745117
0.0
0.0
0.0
3.569265365600586
2.5591506958007812
0.0
1.6144599914550781
0.0
0.0
0.0
0.2376728057861328
0.0
0.0
0.0
0.0
0.0
0.07831192016601562
0.0
0.0
0.0
0.0
0.0
0.0
0.087554931640625
0.0
0.0
0.0
0.0
0.0
0.0
0.0
