9.876351576561311e-42
0.7596015930175781
0.7072687149047852
0.0
0.6278753280639648
0.6856918334960938
1.1764764785766602
0.8472204208374023
0.7271766662597656
0.0
2.2857189178466797
1.039564609527588
1.0259747505187988
0.6987452507019043
0.36835670471191406
2.995312213897705
0.5682706832885742
0.0
0.5611777305603027
0.26226043701171875
1.1005401611328125
0.45180320739746094
2.194225788116455
0.644981861114502
0.6124973297119141
0.0
0.6132125854492188
0.0
0.0
1.6251802444458008
0.17392635345458984
0.5434751510620117
0.06628036499023438
0.06270408630371094
0.2377033233642578
0.20968914031982422
0.29468536376953125
0.26535987854003906
1.8231868743896484
0.0
0.2092123031616211
0.05412101745605469
1.1023283004760742
0.102996826171875
0.3565549850463867
0.8573532104492188
2.4302005767822266
2.15071439743042
0.7468461990356445
4.826009273529053
0.5093812942504883
1.1952519416809082
1.255333423614502
0.3114938735961914
2.5289058685302734
1.530766487121582
0.08845329284667969
0.2778768539428711
1.8500089645385742
0.06341934204101562
0.8471012115478516
0.4410743713378906
0.21588802337646484
5.204737186431885
2.817869186401367
1.1885762214660645
0.34415721893310547
0.058531761169433594
1.1401176452636719
0.8467435836791992
0.05173683166503906
0.07128715515136719
1.3341903686523438
1.563727855682373
0.2084970474243164
1.5485286712646484
1.0818839073181152
0.5081892013549805
5.218088626861572
0.5849003791809082
0.0
0.2932548522949219
3.0826926231384277
0.0
5.606472492218018
0.57220458984375
0.26285648345947266
0.5459785461425781
0.2530217170715332
0.36787986755371094
1.4362335205078125
1.9227266311645508
0.5117654800415039
0.7099509239196777
0.3069639205932617
0.49561262130737305
0.0
0.0
0.0
2.0908713340759277
6.7629218101501465
0.2460479736328125
0.22149085998535156
0.15115737915039062
1.283586025238037
1.1970996856689453
0.3809928894042969
0.3039836883544922
0.06508827209472656
0.19788742065429688
1.4213323593139648
0.25069713592529297
0.0
0.16260147094726562
0.14138221740722656
0.0
0.06651878356933594
1.5686750411987305
0.11706352233886719
1.7562508583068848
0.6272792816162109
0.0
0.118255615234375
0.07557868957519531
0.05030632019042969
0.7151961326599121
0.15926361083984375
1.3790130615234375
1.7517805099487305
0.055789947509765625
1.1258125305175781
2.0508766174316406
0.31185150146484375
0.0
0.4107356071472168
0.9831786155700684
3.636300563812256
0.22548437118530273
0.306546688079834
0.0
0.5799531936645508
0.4456043243408203
0.06842613220214844
0.5667209625244141
0.5933642387390137
0.8715391159057617
1.280367374420166
1.0226964950561523
0.7594823837280273
0.8054375648498535
0.7137060165405273
0.8038878440856934
0.8180141448974609
0.3744363784790039
0.5704164505004883
0.2688169479370117
0.3635883331298828
2.1277666091918945
1.053929328918457
2.81369686126709
2.0492076873779297
1.3630390167236328
0.0
0.0
0.0
0.0
0.0
0.32591819763183594
1.3922452926635742
0.9506940841674805
0.8374452590942383
0.6750822067260742
0.2505779266357422
0.6383657455444336
0.6383657455444336
1.3070106506347656
0.22935867309570312
1.2079477310180664
1.674056053161621
0.0
1.023709774017334
0.6390810012817383
0.0
0.3579854965209961
0.5631446838378906
1.331925392150879
0.9816884994506836
0.057756900787353516
0.9018778800964355
0.8477568626403809
0.6759166717529297
0.6132125854492188
0.8931159973144531
0.2657771110534668
1.2282133102416992
0.0
0.0
0.0
0.0
0.5584955215454102
0.42748451232910156
0.0
0.9709596633911133
6.426453590393066
0.0
5.936086177825928
4.609882831573486
0.6740093231201172
0.0
0.40799379348754883
0.32389163970947266
0.0
0.06175041198730469
4.446089267730713
1.3680458068847656
0.2334117889404297
1.0001659393310547
0.0
1.8094778060913086
0.09179115295410156
0.1341700553894043
0.0
1.5326738357543945
0.263214111328125
0.7489919662475586
0.1722574234008789
0.2626180648803711
0.0
1.4025568962097168
0.07736682891845703
0.0
0.2982616424560547
0.6237030029296875
0.7510185241699219
1.6108155250549316
0.3935098648071289
0.118255615234375
0.2636909484863281
0.3158450126647949
0.0
0.0
0.6281137466430664
0.0
0.9319782257080078
0.0
0.10561943054199219
0.15735626220703125
0.38933753967285156
1.02311372756958
0.0
0.06747245788574219
0.09131431579589844
0.0
0.08666515350341797
0.1081228256225586
0.0
0.13458728790283203
0.058650970458984375
1.7557144165039062
1.004934310913086
2.216219902038574
1.3521313667297363
0.0
0.08124113082885742
0.0
0.0
0.0
0.0
0.0
1.3447999954223633
0.0
1.2614727020263672
0.0
0.0
0.0
0.0
0.0
0.0
0.0
0.0
0.0
0.0
0.0
0.2529621124267578
0.0
1.1662840843200684
4.954159259796143
0.22411346435546875
1.735687255859375
0.0
0.0
3.346741199493408
0.0
0.0
0.0
0.07259845733642578
0.0
0.0
5.368232727050781
0.827491283416748
0.0
0.0
0.0
0.0
6.805300712585449
0.0
0.0
5.7686567306518555
0.0
0.0
3.610372543334961
0.0
2.4008750915527344
0.0
0.0
0.0
0.0
0.0
0.0
0.0
0.0
0.0
0.0
0.0
0.0
0.0
0.0
0.0
0.0
0.0
0.0
0.0
0.0
0.0
0.0
0.40596723556518555
0.9641051292419434
2.8159022331237793
2.223372459411621
0.8319616317749023
1.8601417541503906
0.2745389938354492
0.0
0.05435943603515625
0.0
0.0
0.0
0.0
0.13113021850585938
0.0
0.0
1.7978549003601074
0.0
1.084744930267334
0.44667720794677734
3.0748844146728516
2.0197629928588867
3.6705732345581055
0.0
3.5135746002197266
1.220107078552246
0.9122490882873535
1.1627674102783203
0.2740621566772461
0.2949237823486328
0.0
0.0
0.0
0.0
4.61190938949585
3.4776926040649414
2.171754837036133
6.6680908203125
1.0554194450378418
0.3559589385986328
1.8418431282043457
0.5488395690917969
0.1226663589477539
0.0
0.0
5.41454553604126
3.2147765159606934
10.074079513549805
0.3091096878051758
0.0
0.38313865661621094
4.093647003173828
6.371796131134033
3.3469796180725098
0.0
0.0
4.474759101867676
0.0
0.9444952011108398
3.134608268737793
0.595390796661377
4.358410835266113
0.7258057594299316
4.058480262756348
2.450704574584961
1.4951825141906738
3.0428171157836914
3.505527973175049
3.8660764694213867
4.113376140594482
1.5898942947387695
2.255260944366455
1.7285943031311035
2.378702163696289
1.5247464179992676
1.1689066886901855
2.5902390480041504
2.0214319229125977
0.864863395690918
1.1712908744812012
0.8873939514160156
0.39523839950561523
0.2543926239013672
0.0514984130859375
0.446319580078125
0.6836652755737305
0.6139278411865234
1.0802745819091797
2.4791359901428223
1.3082623481750488
0.6124973297119141
1.31988525390625
0.22101402282714844
0.32901763916015625
1.439511775970459
0.7033348083496094
0.32210350036621094
0.27942657470703125
0.27441978454589844
0.3472566604614258
0.41747093200683594
0.18286705017089844
0.0
7.101833820343018
1.4164447784423828
0.35262107849121094
2.5919079780578613
0.07748603820800781
0.8661746978759766
0.1201629638671875
0.4903078079223633
0.2186298370361328
6.744861602783203
1.7647147178649902
0.0
0.061511993408203125
0.15616416931152344
0.45752525329589844
13.182520866394043
0.3031492233276367
0.35452842712402344
14.457523345947266
0.0
11.05654239654541
0.46074390411376953
0.0
0.1494288444519043
0.3790855407714844
11.390388488769531
0.5218982696533203
5.6906938552856445
2.937018871307373
1.6844868659973145
1.0728240013122559
0.8664727210998535
0.7300376892089844
0.726163387298584
0.4603862762451172
0.09274482727050781
0.41985511779785156
0.24771690368652344
0.20587444305419922
0.0
0.0
0.25147199630737305
0.5258917808532715
0.0
0.31280517578125
0.0
0.49376487731933594
0.4315376281738281
0.0
0.21982192993164062
0.5551576614379883
0.0
0.0661611557006836
0.06747245788574219
0.13363361358642578
0.7456541061401367
0.2924203872680664
0.0705718994140625
0.4686117172241211
0.2523660659790039
0.0
0.35965442657470703
0.057220458984375
0.0
0.0
0.3014802932739258
0.06651878356933594
0.5301833152770996
0.0
0.0
0.20003318786621094
0.4744529724121094
0.41103363037109375
0.11396408081054688
0.42247772216796875
0.32126903533935547
0.4824399948120117
0.06008148193359375
0.20641088485717773
0.28324127197265625
0.4115104675292969
0.49877166748046875
0.4042387008666992
0.21064281463623047
0.179290771484375
0.24759769439697266
0.24783611297607422
0.12195110321044922
0.0
0.1983642578125
0.3756284713745117
0.3829002380371094
0.2702474594116211
0.2995729446411133
0.0
0.3210306167602539
0.0
0.09322166442871094
0.5309581756591797
0.0
0.21255016326904297
0.9135007858276367
0.23353099822998047
0.0
0.0
0.08726119995117188
0.2664327621459961
0.10573863983154297
0.41747093200683594
0.2428293228149414
0.0
0.28228759765625
0.2956390380859375
0.0
0.051975250244140625
0.4127025604248047
0.2263784408569336
0.29790401458740234
0.28967857360839844
0.24998188018798828
0.28777122497558594
0.8709430694580078
0.1558065414428711
0.48291683197021484
0.28967857360839844
0.5118846893310547
0.3236532211303711
0.12886524200439453
0.0
0.24211406707763672
0.171661376953125
0.2608299255371094
0.4038810729980469
0.3399848937988281
0.0
0.0
0.4640817642211914
0.27298927307128906
0.14281272888183594
0.6320476531982422
0.0553131103515625
0.22029876708984375
0.2307891845703125
0.1742839813232422
0.4851818084716797
0.17833709716796875
0.6580352783203125
0.0
0.2770423889160156
0.7023811340332031
0.2570152282714844
0.0
0.11360645294189453
0.0
0.31495094299316406
0.0
0.9305477142333984
0.07736682891845703
0.9312629699707031
0.7543563842773438
0.6325244903564453
0.12373924255371094
0.7883310317993164
0.12624263763427734
0.5829334259033203
0.4200935363769531
0.3110170364379883
0.3781318664550781
0.40411949157714844
0.4801750183105469
0.45561790466308594
0.3103017807006836
0.48089027404785156
0.9755492210388184
1.4344453811645508
1.530766487121582
2.395033836364746
0.30934810638427734
0.42510032653808594
0.5687475204467773
0.39386749267578125
0.31816959381103516
0.06937980651855469
0.0514984130859375
0.44226646423339844
0.2453327178955078
0.5199909210205078
0.561833381652832
0.0
0.0
0.0782012939453125
0.30875205993652344
0.2372264862060547
0.0
0.0
0.0
0.0
0.3743171691894531
0.0
0.2593994140625
0.06937980651855469
0.0
0.0
0.05793571472167969
2.009570598602295
3.1849145889282227
4.646003246307373
1.4327764511108398
1.9869208335876465
4.236996173858643
2.485990524291992
3.3527016639709473
1.3973712921142578
2.3530125617980957
0.13816356658935547
2.033412456512451
1.2836456298828125
0.33783912658691406
0.8770227432250977
0.4458427429199219
1.5441179275512695
1.427769660949707
1.4079809188842773
0.899195671081543
1.0687708854675293
0.8133649826049805
0.7333755493164062
0.5755424499511719
0.08988380432128906
1.162409782409668
1.4237165451049805
0.0
0.0
0.26667118072509766
0.44286251068115234
0.36919116973876953
0.05030632019042969
0.06473064422607422
0.31876564025878906
0.2065896987915039
0.3383159637451172
0.0
0.1857280731201172
0.07343292236328125
0.6306171417236328
0.5356073379516602
0.4839897155761719
0.6674528121948242
0.0
0.0
0.0
0.0
0.2714395523071289
0.22304058074951172
0.9454488754272461
0.3082752227783203
0.25856494903564453
0.07939338684082031
0.0
1.0118484497070312
0.0
0.13899803161621094
0.8614063262939453
0.3464221954345703
0.24390220642089844
0.39196014404296875
0.4596710205078125
0.11515617370605469
1.0113716125488281
0.5456209182739258
0.4850625991821289
0.3876686096191406
0.33354759216308594
0.0
0.7089376449584961
0.6074905395507812
0.0
0.5222558975219727
0.43213367462158203
0.11587142944335938
0.13959407806396484
0.33593177795410156
1.0876655578613281
0.45561790466308594
0.2448558807373047
0.3650188446044922
0.0
0.7810592651367188
0.4830360412597656
0.4258155822753906
0.06580352783203125
0.3821849822998047
0.7388591766357422
0.8687973022460938
0.21147727966308594
0.0
0.7405281066894531
0.11849403381347656
0.7295608520507812
0.0
1.2142658233642578
2.0699501037597656
0.1373291015625
0.19609928131103516
0.37682056427001953
0.1895427703857422
1.840353012084961
0.2149343490600586
0.0934600830078125
0.35381317138671875
0.9484291076660156
0.22220611572265625
1.2829899787902832
0.23853778839111328
0.5375146865844727
0.6527900695800781
1.7151832580566406
1.660466194152832
0.0
0.3676414489746094
0.3592967987060547
2.822279930114746
0.35011768341064453
0.9044408798217773
2.49481201171875
3.0406713485717773
0.8406639099121094
1.2356042861938477
0.9012222290039062
0.7232427597045898
0.5053281784057617
1.8341541290283203
2.9026269912719727
1.005411148071289
0.9324550628662109
0.41162967681884766
1.6672611236572266
1.8186569213867188
1.5829801559448242
1.1386871337890625
1.1720657348632812
1.6090869903564453
0.28121471405029297
0.9021759033203125
0.5700588226318359
1.850724220275879
1.6330480575561523
1.2049674987792969
0.8876323699951172
2.2630691528320312
1.0018348693847656
0.3612041473388672
2.996206283569336
1.8055438995361328
0.6192922592163086
1.9443035125732422
3.352522850036621
3.7065744400024414
4.1484832763671875
3.0692219734191895
0.7256269454956055
0.19025802612304688
1.9585490226745605
0.9268522262573242
0.6336569786071777
1.212775707244873
1.3256072998046875
0.9167194366455078
1.6614794731140137
0.5812644958496094
2.4024248123168945
0.37729740142822266
0.3275871276855469
0.39386749267578125
0.225067138671875
0.49686431884765625
0.0
0.23627281188964844
0.5955696105957031
0.23126602172851562
0.21636486053466797
0.1938343048095703
0.2987384796142578
0.347137451171875
0.6103515625
0.5052089691162109
0.0
0.48911571502685547
0.3025531768798828
0.3440380096435547
1.1785030364990234
0.0
0.2796649932861328
1.6173124313354492
0.0
0.6371736526489258
0.9112358093261719
1.375436782836914
0.453948974609375
0.8927583694458008
1.725912094116211
1.0731220245361328
0.8870363235473633
1.8911361694335938
1.446068286895752
1.3643503189086914
1.4973878860473633
3.382444381713867
1.2727975845336914
3.155052661895752
2.4532079696655273
1.2806057929992676
0.29456615447998047
1.015782356262207
0.7865428924560547
1.2406110763549805
0.3516674041748047
0.4017353057861328
0.2689361572265625
0.3333091735839844
0.0
0.2143383026123047
0.4583597183227539
0.22649765014648438
0.0
0.6072521209716797
0.4508495330810547
0.0871419906616211
0.3142356872558594
0.4228353500366211
1.0033845901489258
0.4711151123046875
1.7186403274536133
0.45430660247802734
1.3092756271362305
0.5183219909667969
1.168966293334961
2.384066581726074
3.2199621200561523
2.392888069152832
2.061605453491211
0.1417398452758789
0.33414363861083984
0.6080865859985352
0.0
0.4824399948120117
0.05888938903808594
0.064849853515625
0.0
0.24902820587158203
0.0
0.14138221740722656
0.08213520050048828
0.6463527679443359
0.8940696716308594
1.6003847122192383
0.0
0.9021759033203125
1.748204231262207
0.7991790771484375
0.7424354553222656
1.3852119445800781
0.7243156433105469
3.517270088195801
0.7004737854003906
0.12171268463134766
0.32591819763183594
0.0
0.0
0.26607513427734375
0.12469291687011719
0.23627281188964844
0.5602836608886719
0.6182193756103516
0.42998790740966797
0.20444393157958984
1.913905143737793
4.063248634338379
0.37157535552978516
0.34296512603759766
1.180887222290039
0.09453296661376953
0.6976127624511719
0.15151500701904297
0.3892183303833008
0.6068944931030273
0.14507770538330078
0.47266483306884766
0.09012222290039062
0.5661249160766602
2.181887626647949
2.0743608474731445
0.3050565719604492
0.7162094116210938
0.9039640426635742
0.26166439056396484
0.16832351684570312
0.1481771469116211
0.41294097900390625
0.5445480346679688
0.5071163177490234
0.4839897155761719
0.47457218170166016
0.2951622009277344
0.9270906448364258
0.4750490188598633
1.5949010848999023
1.900315284729004
2.6710033416748047
2.0383596420288086
0.3292560577392578
0.4990100860595703
0.7621049880981445
0.6622076034545898
1.4200210571289062
0.06008148193359375
0.47326087951660156
0.39207935333251953
0.0
1.9205808639526367
1.4030933380126953
1.7184019088745117
1.255631446838379
2.025425434112549
0.0
0.4508495330810547
0.8859634399414062
2.2275447845458984
0.4143714904785156
0.072479248046875
3.13723087310791
0.6518363952636719
0.0
0.12087821960449219
3.643512725830078
4.761755466461182
1.8447637557983398
2.7472972869873047
0.20682811737060547
0.4715919494628906
0.06341934204101562
0.5177855491638184
0.12063980102539062
0.7467269897460938
0.8673667907714844
0.24402141571044922
0.5092620849609375
3.0211806297302246
0.4652738571166992
0.0
1.4606714248657227
0.1995563507080078
0.15473365783691406
2.245664596557617
0.9106993675231934
0.4545450210571289
0.8232593536376953
0.0
1.4715194702148438
0.41365623474121094
0.18787384033203125
0.45800209045410156
