9.876351576561311e-42
6.551504135131836
11.434793472290039
4.431605339050293
9.880304336547852
4.745364189147949
10.357260704040527
7.729768753051758
7.735252380371094
0.14066696166992188
8.737325668334961
1.2689828872680664
1.3396739959716797
0.0
0.21767616271972656
1.509547233581543
0.0
3.571748733520508
0.061631202697753906
2.4112462997436523
0.0
0.0
14.889121055603027
2.336859703063965
0.8287429809570312
0.35250186920166016
0.22280216217041016
0.9558200836181641
1.8749237060546875
0.45800209045410156
0.21958351135253906
0.0
0.4805326461791992
0.0
0.0
0.39958953857421875
0.0
0.0
0.1741647720336914
0.0
0.0
0.0
6.459236145019531
3.3960342407226562
1.318216323852539
10.084390640258789
7.480025291442871
0.0
0.0
6.190776824951172
1.1548995971679688
0.0
2.336263656616211
0.0
27.76813507080078
0.0
0.06532669067382812
0.0
0.6990432739257812
0.22292137145996094
5.561709403991699
1.4965534210205078
5.263090133666992
3.5299062728881836
6.449699401855469
0.0
0.0
1.8541812896728516
9.811758995056152
0.0
0.22292137145996094
0.0
5.557060241699219
5.917191505432129
6.836652755737305
5.238533020019531
0.0
0.0
4.505395889282227
0.0
0.6171464920043945
0.0
5.355596542358398
2.329111099243164
0.23794174194335938
0.0
0.537872314453125
0.2657175064086914
0.0
1.3225078582763672
2.9453039169311523
8.086085319519043
0.0
0.0
0.0
0.6369352340698242
0.12671947479248047
0.3082752227783203
0.0
4.62031364440918
0.0
0.0
0.0
0.0
11.97826862335205
0.0
1.6783475875854492
0.0
1.5521049499511719
0.0
4.199028015136719
0.17940998077392578
3.396749496459961
0.0
0.32961368560791016
0.702977180480957
0.40781497955322266
8.313655853271484
0.23055076599121094
3.5123825073242188
0.0
0.20325183868408203
0.0
0.18131732940673828
0.0
0.23734569549560547
0.0
0.194549560546875
0.2549886703491211
0.0
0.0
4.342079162597656
0.0
0.0
0.0
0.0
1.428842544555664
2.321958541870117
1.7826557159423828
0.6759166717529297
0.5702972412109375
0.29289722442626953
1.7670392990112305
0.0
0.0
0.0
0.0
0.0
0.0
0.0
0.0
0.0
0.0
0.0
0.15604496002197266
0.3548860549926758
0.0
0.3266334533691406
0.48732757568359375
0.2804994583129883
0.24962425231933594
0.697016716003418
5.85329532623291
0.2849102020263672
5.673050880432129
5.182743072509766
4.958510398864746
6.154894828796387
6.669044494628906
9.713530540466309
2.0902156829833984
6.753087043762207
9.291291236877441
10.989546775817871
4.716157913208008
14.0608549118042
3.5518407821655273
12.540459632873535
13.507843017578125
0.0
12.43734359741211
0.0
0.27692317962646484
21.544694900512695
11.64102554321289
0.0
1.5605688095092773
1.4263391494750977
17.493606567382812
11.813521385192871
0.5155801773071289
15.890121459960938
1.517176628112793
4.2285919189453125
1.3025999069213867
3.5140514373779297
3.8061141967773438
1.5377998352050781
1.242995262145996
8.476734161376953
5.165219306945801
0.2665519714355469
7.991194725036621
10.206937789916992
1.4538764953613281
18.191932678222656
12.20846176147461
4.57310676574707
0.0
19.13595199584961
0.0
0.3809928894042969
5.852937698364258
5.790472030639648
8.84401798248291
0.0
0.2200603485107422
0.0
15.706777572631836
0.0
4.374027252197266
4.529237747192383
9.497404098510742
12.894630432128906
1.514434814453125
5.874156951904297
2.3943185806274414
4.388093948364258
11.011719703674316
1.0819435119628906
0.7477998733520508
8.260130882263184
1.4612674713134766
7.9659223556518555
6.473779678344727
0.46265125274658203
0.4887580871582031
1.1965036392211914
1.901865005493164
0.0
0.0
4.153728485107422
0.0
7.053494453430176
0.0
3.1447410583496094
0.0
0.7437467575073242
2.113461494445801
0.0
0.0
0.0
0.18584728240966797
0.0
0.0
0.0
0.0
0.0
0.0
0.0
0.0
0.0
2.2820234298706055
1.782059669494629
2.8110742568969727
0.6262063980102539
3.417849540710449
4.066109657287598
4.241824150085449
0.0
0.0
0.11897087097167969
0.0
1.913309097290039
7.680654525756836
13.460397720336914
11.113762855529785
9.724617004394531
0.7728338241577148
0.0
0.0
6.075739860534668
2.015829086303711
0.0
2.2859573364257812
0.0
0.0
0.0
0.0
0.1537799835205078
1.8314123153686523
0.0
9.190917015075684
1.9485950469970703
11.299490928649902
0.0
0.4742145538330078
1.384139060974121
0.19288063049316406
0.0
0.622868537902832
5.9375762939453125
0.7781982421875
2.3975372314453125
0.0
11.16180419921875
0.42128562927246094
0.0
0.46706199645996094
6.7702531814575195
0.0
1.2199878692626953
0.0
8.846282958984375
0.0
4.5928955078125
4.400491714477539
8.865594863891602
3.86965274810791
6.183266639709473
0.0
6.03795051574707
4.851222038269043
1.5666484832763672
3.1685829162597656
0.0
3.712177276611328
0.0
2.5305747985839844
2.382040023803711
1.4393329620361328
1.1153221130371094
1.3074874877929688
0.3485679626464844
0.0
0.0
0.0
0.0
0.0
0.0
0.0
0.0
0.0
0.0
0.0
0.0
0.0
0.0
0.0
0.0
0.0
0.0
0.12278556823730469
0.0
0.0
0.102996826171875
0.77056884765625
0.16808509826660156
0.0
0.27048587799072266
0.0
0.0
0.0
0.0
0.0
0.0
0.0
0.0
0.0
0.0
0.0
0.0
1.1053085327148438
0.2372264862060547
0.0
0.0
0.0
0.0
0.0
0.0
0.0
0.0
0.0
0.0
0.0
0.0
0.0
0.0
0.0
0.0
0.0
0.0
0.0
0.0
0.0
0.0
0.6606578826904297
0.0
0.0
0.3732442855834961
0.0
0.0
0.0
0.0
0.16808509826660156
0.6333589553833008
0.059723854064941406
0.0
0.0
0.0
0.0
0.0
0.0
0.0
0.0
0.0
0.0
0.0
0.0
0.0
0.0
0.0
0.9768009185791016
1.73187255859375
0.8828639984130859
0.0
0.3565549850463867
0.0
0.31447410583496094
0.4826784133911133
0.0
0.055789947509765625
0.0
0.0
0.0
0.0
0.0
0.0
1.9322633743286133
4.934191703796387
6.8798065185546875
0.0
0.0
1.1723041534423828
0.0
0.0
0.0
1.5838146209716797
0.0
0.0
0.0
0.0
0.0
0.24378299713134766
0.0
0.3120899200439453
0.0
0.0
0.3209114074707031
0.0
0.0
0.0
0.0
0.0
0.0
0.0
0.0
0.3056526184082031
0.0
0.0
0.0
0.0
0.0
0.0
0.0
0.0
0.0
0.0
0.0
0.0
0.23424625396728516
0.0
0.0
0.0
0.0
0.0
0.0
0.0
0.0
0.0
0.0
0.0
0.0
0.0
0.0
0.0
0.0
0.0
0.0
0.0
0.0
0.0
0.0
0.0
0.0
0.0
0.0
0.0
0.0
0.0
0.0
0.0
0.0
0.0
0.0
0.0
0.0
0.0
0.0
0.0
0.0
0.0
0.0
0.0
0.0
0.0
0.0
0.0
0.0
0.0
0.0
0.0
0.0
0.0
0.0
0.0
0.0
0.0
0.0
0.0
0.0
0.0
0.0
0.0
0.0
0.0
0.0
0.0
0.0
0.0
0.0
0.0
0.0
0.0
0.0
0.0
0.0
0.0
0.0
0.0
0.0
0.0
0.0
0.0
0.0
0.0
0.0
0.0
0.0
0.0
0.0
0.0
0.0
0.0
0.0
0.0
0.0
0.0
0.0
0.0
0.0
0.0
0.0
0.0
0.0
0.0
0.0
0.0
0.0
0.0
0.0
0.0
0.0
0.0
0.0
0.0
0.0
0.0
0.0
0.0
0.0
0.0
0.0
0.0
0.0
0.0
0.0
0.0
0.0
0.0
0.0
0.0
0.16689300537109375
0.0
0.0
0.0
0.0
0.0
0.0
0.0
0.0
0.0
0.0
0.0
0.0
0.0
0.0
0.0
0.0
0.0
0.0
0.0
0.0
0.0
0.0
0.0
0.0
0.0
0.0
0.0
0.0
0.0
0.0
0.0
0.0
0.0
0.0
0.0
0.0
0.0
0.0
0.0
0.0
0.0
0.24557113647460938
0.2129077911376953
0.7354021072387695
0.17786026000976562
0.0
0.5078315734863281
0.0
0.0
0.5571842193603516
0.0
0.0
0.0
0.05698204040527344
0.23937225341796875
0.7081031799316406
0.0
0.0
0.0
0.0
0.0
0.0
0.0
0.0
0.0
0.0
0.0
0.0
0.0
0.0
0.0
0.0
0.0
0.0
0.0
0.0
0.0
0.0
0.0
0.0
0.0
0.0
0.0
0.0
0.0
0.0
0.0
0.0
0.0
0.0
0.0
0.0
0.0
0.0
0.0
0.0
0.0
0.0
0.0
0.0
0.0
0.0
0.0
0.0
0.0
0.0
0.0
0.0
0.0
0.0
0.0
0.0
0.0
0.0
0.0
0.0
0.0
0.0
0.0
0.0
0.0
0.0
0.0
0.0
0.0
0.0
0.0
0.0
0.0
0.0
0.0
0.0
0.0
0.0
0.0
0.0
0.061631202697753906
0.0
0.0
0.0
0.0
0.0
0.0
0.0
0.0
0.0
0.0
0.0
0.0
0.0
0.0
0.15079975128173828
0.0
0.4862546920776367
0.0
0.0
0.0
0.0
0.14257431030273438
0.33545494079589844
0.1049041748046875
0.5166530609130859
0.2472400665283203
0.0
0.2924203872680664
0.0
1.7687082290649414
0.0
0.3275871276855469
0.22268295288085938
0.8560419082641602
0.44715404510498047
0.10418891906738281
0.0
0.8100271224975586
0.0
0.0
0.9930133819580078
0.0
0.12969970703125
1.5130043029785156
0.09119510650634766
1.6927719116210938
0.0
0.0
0.0
0.0
0.4532337188720703
0.08416175842285156
0.0
0.39577484130859375
0.1481771469116211
0.0
0.11169910430908203
0.0
1.2135505676269531
0.0
0.0
0.0
0.0
0.0
0.0
0.0
0.0
0.0
0.0
0.0
0.0
0.0
0.0
0.0
0.0
0.0
0.0
0.0
0.0
0.0
0.0
0.0
0.0
0.0
0.0
0.1621246337890625
0.095367431640625
0.0
0.0
1.189589500427246
0.25856494903564453
0.13756752014160156
0.0
0.5322694778442383
0.0
0.3464221954345703
0.0
0.0
0.0
0.24771690368652344
0.0896453857421875
0.2969503402709961
0.34546852111816406
0.9113550186157227
0.0
0.14829635620117188
0.0
0.0
0.0
0.0
0.0
0.0
0.0
0.0
0.0
0.0
0.0
0.0
0.0
0.0
0.0
0.0
0.0
0.18084049224853516
1.4477968215942383
0.09036064147949219
0.0
0.0
0.0
0.0
0.2319812774658203
0.0
0.0
0.0
0.0
0.0
0.0
0.0
0.0
0.0
0.0
0.0
0.0
0.0
0.0
0.0
0.0
0.2142190933227539
0.0
0.8492469787597656
0.17464160919189453
1.0492801666259766
0.0
0.0
0.0
0.0
0.0
0.0
0.0
0.0
0.0
0.0
0.0
0.24878978729248047
0.29468536376953125
0.0
0.1461505889892578
0.0
0.1392364501953125
0.0
0.0
0.0
0.0
0.0
0.0
0.0
0.0
0.17976760864257812
0.596165657043457
0.3541707992553711
0.0
0.14150142669677734
0.0
0.0
0.0
0.0
0.0
0.13887882232666016
0.0
0.0
0.0
0.0
0.0
0.0
0.0
0.7168054580688477
1.3273954391479492
0.0
0.0
0.0
0.0
0.0
0.0
0.0
0.0
0.0
0.0
0.0
0.19788742065429688
0.0
1.261591911315918
0.0
0.0
0.0
0.18858909606933594
0.0
0.0
0.0
0.0
0.0
0.0
0.0
0.0
0.0
0.7638931274414062
0.0
0.0
0.0
0.0
0.0
0.0
0.0
0.0
0.0
0.0
0.0
0.0
0.0
0.27823448181152344
0.0
0.0
2.320408821105957
0.0
0.0
0.0
0.0
0.0
0.0
0.0
0.0
