9.876351576561311e-42
7.162570953369141
5.051016807556152
5.306005477905273
7.225275039672852
9.03618335723877
7.050275802612305
8.521795272827148
4.6596527099609375
0.7317066192626953
3.1092166900634766
2.2735595703125
2.0999908447265625
7.047176361083984
8.191466331481934
4.905581474304199
5.213737487792969
6.584405899047852
4.882574081420898
3.718256950378418
5.121469497680664
7.022500038146973
5.684256553649902
3.8459300994873047
6.536960601806641
6.90770149230957
4.890203475952148
1.0128021240234375
2.330660820007324
0.5266666412353516
7.13801383972168
6.729841232299805
5.434751510620117
9.642839431762695
4.491090774536133
3.100156784057617
11.24262809753418
5.966424942016602
0.0
7.63094425201416
4.409193992614746
6.550908088684082
5.946516990661621
1.070261001586914
8.083462715148926
7.199525833129883
5.505561828613281
4.147052764892578
7.79271125793457
8.012175559997559
2.66873836517334
5.534648895263672
4.138350486755371
8.697867393493652
17.14038848876953
7.83538818359375
1.0912418365478516
8.698582649230957
0.0
4.076123237609863
1.138925552368164
2.5835037231445312
7.292032241821289
10.3529691696167
3.491520881652832
8.964776992797852
4.3135881423950195
3.1812191009521484
14.275670051574707
6.694197654724121
5.774736404418945
7.292628288269043
3.2994747161865234
4.388332366943359
7.207155227661133
12.120485305786133
6.772518157958984
7.241249084472656
15.889406204223633
6.657242774963379
5.639791488647461
5.212187767028809
3.3690929412841797
2.306222915649414
10.795354843139648
5.898237228393555
9.231805801391602
9.500861167907715
3.469705581665039
10.362625122070312
2.4156570434570312
7.9975128173828125
4.794001579284668
3.557920455932617
5.397439002990723
1.3768672943115234
2.1533966064453125
3.4952163696289062
5.347847938537598
5.504608154296875
9.91511344909668
4.69207763671875
4.646420478820801
4.526734352111816
6.8215131759643555
2.5281906127929688
4.530906677246094
1.4641284942626953
0.8175373077392578
3.974318504333496
4.048943519592285
3.1616687774658203
4.164218902587891
3.305792808532715
6.419181823730469
1.478433609008789
1.4945268630981445
8.891701698303223
4.06336784362793
5.905032157897949
4.145145416259766
1.2362003326416016
6.039023399353027
2.5986433029174805
5.630135536193848
7.981419563293457
6.902575492858887
10.63382625579834
0.7784366607666016
5.842924118041992
6.220579147338867
11.376738548278809
7.798314094543457
13.410449028015137
14.240622520446777
11.717081069946289
10.436654090881348
4.889130592346191
2.7780532836914062
1.8804073333740234
3.556370735168457
3.4602880477905273
7.36081600189209
6.058216094970703
2.5789737701416016
2.3413896560668945
5.167126655578613
8.312225341796875
10.842204093933105
10.521411895751953
8.764982223510742
7.450699806213379
4.234075546264648
6.065964698791504
7.146239280700684
2.559185028076172
0.7021427154541016
0.8131265640258789
2.216339111328125
0.23603439331054688
0.0
0.0
7.291078567504883
1.7726421356201172
5.273103713989258
8.000373840332031
1.4051198959350586
7.170677185058594
11.13271713256836
6.082057952880859
9.628772735595703
5.475521087646484
7.343649864196777
6.647467613220215
7.074475288391113
9.445548057556152
8.269309997558594
10.05411148071289
9.519100189208984
4.669427871704102
5.588173866271973
13.14687728881836
4.638314247131348
9.244680404663086
8.400917053222656
12.689471244812012
13.293266296386719
8.346199989318848
7.692813873291016
6.744384765625
4.029393196105957
11.34347915649414
11.632680892944336
1.357436180114746
4.344940185546875
0.7376670837402344
2.5560855865478516
4.3659210205078125
3.983020782470703
9.245038032531738
8.260250091552734
4.524707794189453
6.297111511230469
11.544585227966309
9.868502616882324
13.003110885620117
10.424375534057617
4.260540008544922
10.508179664611816
7.596850395202637
12.308001518249512
1.7435550689697266
5.133152008056641
7.505536079406738
6.451129913330078
9.534120559692383
10.287284851074219
2.973198890686035
6.450176239013672
13.529062271118164
5.2928924560546875
1.7435550689697266
6.130099296569824
4.744410514831543
8.96310806274414
7.0046186447143555
6.163239479064941
4.562854766845703
8.409380912780762
6.582856178283691
0.5924701690673828
5.519390106201172
7.901430130004883
9.305000305175781
4.95600700378418
10.541677474975586
1.3005733489990234
7.928133010864258
5.684971809387207
2.3233890533447266
2.29644775390625
3.1714439392089844
8.121252059936523
6.943464279174805
2.8411149978637695
7.451057434082031
10.85364818572998
6.866455078125
3.935575485229492
6.17527961730957
5.577325820922852
7.599592208862305
6.005525588989258
8.255720138549805
6.571412086486816
1.5652179718017578
2.2722482681274414
5.287647247314453
0.47016143798828125
0.2002716064453125
0.6277561187744141
2.9144287109375
4.207611083984375
4.914283752441406
6.478786468505859
2.7005672454833984
3.1087398529052734
2.0055770874023438
3.044605255126953
0.0
0.0
0.0
0.06413459777832031
1.5889406204223633
4.3135881423950195
7.5179338455200195
5.567431449890137
7.19141960144043
5.4863691329956055
0.16021728515625
0.27489662170410156
4.167795181274414
6.675243377685547
0.80108642578125
6.378889083862305
0.6586313247680664
3.3702850341796875
0.29730796813964844
2.426624298095703
2.7114152908325195
1.9055604934692383
0.0
7.94827938079834
1.6481876373291016
5.594730377197266
0.064849853515625
2.7751922607421875
3.102540969848633
2.5930404663085938
0.7011890411376953
0.9551048278808594
0.6432533264160156
0.9785890579223633
2.8753280639648438
1.35040283203125
3.715038299560547
2.2401809692382812
1.8963813781738281
0.09489059448242188
2.1610260009765625
0.44918060302734375
0.2453327178955078
1.2798309326171875
3.0279159545898438
0.12362003326416016
2.3522377014160156
0.5779266357421875
4.849433898925781
5.525112152099609
2.9637813568115234
0.19741058349609375
5.637049674987793
3.7518739700317383
5.402922630310059
6.165504455566406
0.05626678466796875
4.786014556884766
0.0
4.689216613769531
4.709959030151367
1.7508268356323242
0.21588802337646484
0.8685588836669922
0.0
0.0
0.27441978454589844
0.14352798461914062
0.7712841033935547
0.06175041198730469
0.8096694946289062
0.3814697265625
0.0
0.0
0.0
0.0
0.0
0.072479248046875
0.0
0.2512931823730469
0.0
0.0
1.6121864318847656
0.0
1.4150142669677734
0.362396240234375
0.8355379104614258
0.6699562072753906
3.852248191833496
0.1163482666015625
1.451253890991211
5.319356918334961
5.966424942016602
6.72149658203125
1.3997554779052734
1.3113021850585938
6.665468215942383
0.0
0.21839141845703125
0.0
2.7202367782592773
1.1086463928222656
1.4765262603759766
6.39498233795166
0.8437633514404297
0.35953521728515625
3.676891326904297
6.3457489013671875
1.189112663269043
6.3304901123046875
0.0
3.6199092864990234
2.0444393157958984
2.582430839538574
1.0342597961425781
0.0
0.5495548248291016
0.7898807525634766
1.517653465270996
2.989530563354492
0.0
0.29277801513671875
0.9031295776367188
0.0
1.1341571807861328
4.66001033782959
0.2574920654296875
0.5567073822021484
0.8528232574462891
1.1725425720214844
0.7114410400390625
1.0554790496826172
2.2574663162231445
0.8164644241333008
0.7306337356567383
2.2330284118652344
0.6935596466064453
1.0573863983154297
3.9603710174560547
3.4346580505371094
1.1239051818847656
5.57255744934082
3.380298614501953
3.005504608154297
2.816915512084961
4.255533218383789
6.111383438110352
4.891872406005859
0.0
0.0
0.0
0.11610984802246094
0.21505355834960938
0.44536590576171875
0.44608116149902344
0.4863739013671875
0.2319812774658203
0.6945133209228516
0.35500526428222656
0.9286403656005859
1.047372817993164
1.0963678359985352
0.9597539901733398
1.7344951629638672
2.958536148071289
4.218578338623047
5.066990852355957
3.3767223358154297
4.770517349243164
9.672760963439941
10.898590087890625
10.42032241821289
14.000892639160156
2.639293670654297
10.87188720703125
10.860204696655273
4.980325698852539
2.167820930480957
11.638522148132324
3.829836845397949
6.378173828125
11.086225509643555
6.992936134338379
1.2257099151611328
13.591766357421875
5.316019058227539
10.703325271606445
14.663219451904297
5.995512008666992
9.763002395629883
3.687143325805664
3.656625747680664
4.328250885009766
5.120277404785156
5.234479904174805
5.295276641845703
4.541754722595215
5.56027889251709
10.190844535827637
5.248785018920898
4.27699089050293
5.045652389526367
6.808042526245117
7.071971893310547
6.285190582275391
8.241653442382812
8.805990219116211
1.5032291412353516
6.7996978759765625
9.804964065551758
6.180167198181152
9.873628616333008
8.654236793518066
0.5548000335693359
5.749702453613281
0.4208087921142578
13.690829277038574
4.498124122619629
6.551265716552734
5.801916122436523
8.821964263916016
0.6375312805175781
3.982424736022949
4.429936408996582
8.58449935913086
8.682966232299805
8.752226829528809
5.318403244018555
3.5587549209594727
0.6684064865112305
6.969213485717773
3.3011436462402344
1.898050308227539
9.397506713867188
1.0437965393066406
9.518623352050781
10.210514068603516
6.527304649353027
3.466963768005371
7.26926326751709
8.053064346313477
3.4055709838867188
3.3822059631347656
9.354948997497559
5.934476852416992
6.180405616760254
3.657817840576172
6.026864051818848
1.190781593322754
11.82103157043457
0.3476142883300781
2.297639846801758
2.315998077392578
1.9055604934692383
1.6094446182250977
7.634639739990234
11.892437934875488
5.081534385681152
3.5042762756347656
0.5857944488525391
1.2205839157104492
1.1442899703979492
0.4572868347167969
8.11314582824707
4.743218421936035
13.829231262207031
4.9866437911987305
1.6705989837646484
6.03485107421875
5.216479301452637
8.635640144348145
2.6123523712158203
0.6470680236816406
0.43272972106933594
2.0956993103027344
5.86247444152832
5.674839019775391
2.0847320556640625
8.34953784942627
1.3637542724609375
2.044677734375
8.510112762451172
0.37288665771484375
1.5876293182373047
1.2775659561157227
4.9915313720703125
6.639838218688965
2.734541893005371
0.9518861770629883
0.5807876586914062
4.527568817138672
0.6570816040039062
1.116633415222168
2.1333694458007812
1.9148588180541992
2.3180246353149414
1.9019842147827148
1.6596317291259766
0.5397796630859375
4.553794860839844
2.695798873901367
2.3572444915771484
7.880926132202148
4.049539566040039
3.045320510864258
9.367227554321289
7.7419281005859375
5.830049514770508
4.379749298095703
6.174683570861816
4.729032516479492
4.105329513549805
5.970478057861328
2.1849870681762695
4.585742950439453
6.614208221435547
3.720521926879883
3.6551952362060547
6.966590881347656
3.326892852783203
1.9695758819580078
3.071308135986328
2.5844573974609375
3.7801265716552734
4.469394683837891
8.384466171264648
3.021717071533203
10.88571548461914
3.537893295288086
8.07046890258789
14.172792434692383
21.616817474365234
7.702946662902832
10.600686073303223
10.257959365844727
15.369534492492676
10.810494422912598
18.166423797607422
11.453866958618164
11.102676391601562
13.368487358093262
14.45460319519043
11.526346206665039
6.803274154663086
6.510376930236816
0.6681680679321289
9.926795959472656
8.548617362976074
17.287372589111328
12.797117233276367
5.835771560668945
6.803035736083984
12.51077651977539
6.108403205871582
9.658575057983398
14.385461807250977
8.014678955078125
3.7381649017333984
8.430242538452148
11.030197143554688
4.844784736633301
5.865573883056641
4.943609237670898
12.556672096252441
5.121111869812012
4.540920257568359
6.694912910461426
3.830075263977051
4.099726676940918
6.773710250854492
12.038230895996094
10.316133499145508
11.311173439025879
0.988006591796875
0.0
0.3662109375
0.7171630859375
0.36025047302246094
0.12981891632080078
0.0
0.0787973403930664
0.133514404296875
0.0
0.0
0.06723403930664062
0.4906654357910156
0.0
0.06651878356933594
0.0
0.0
0.0
0.10824203491210938
0.2849102020263672
0.07891654968261719
0.5576610565185547
0.05054473876953125
0.28705596923828125
0.4448890686035156
0.31757354736328125
0.12969970703125
0.1468658447265625
0.47397613525390625
2.0189285278320312
0.2613067626953125
2.908945083618164
0.0
0.9336471557617188
0.0
0.19788742065429688
0.8108615875244141
0.0
1.882314682006836
0.4140138626098633
0.5480051040649414
0.08392333984375
0.0
0.3669261932373047
0.13136863708496094
0.5521774291992188
0.0
0.5844831466674805
1.1360645294189453
0.45228004455566406
0.0
5.114555358886719
2.1729469299316406
1.1811256408691406
5.04302978515625
5.525350570678711
1.6584396362304688
0.26297569274902344
0.0
0.316619873046875
0.8683204650878906
0.8528232574462891
4.270076751708984
1.2388229370117188
0.45740604400634766
0.7860660552978516
0.7452964782714844
15.772581100463867
2.7871131896972656
0.4658699035644531
0.4839897155761719
2.492666244506836
4.893064498901367
0.3581047058105469
0.33545494079589844
1.581430435180664
0.12111663818359375
0.8500814437866211
1.5906095504760742
2.365589141845703
3.7839412689208984
2.3598670959472656
0.4649162292480469
3.3611059188842773
8.755683898925781
15.038728713989258
0.6229877471923828
8.462309837341309
6.1522722244262695
8.695602416992188
4.079580307006836
0.49495697021484375
3.4459829330444336
2.109050750732422
10.208606719970703
1.8239021301269531
10.747075080871582
11.914491653442383
3.0126571655273438
12.102842330932617
11.365175247192383
1.556992530822754
8.741617202758789
3.5026073455810547
8.321404457092285
2.203822135925293
8.907794952392578
1.80816650390625
10.968327522277832
10.809659957885742
1.5386343002319336
9.488463401794434
9.214162826538086
0.49233436584472656
8.782744407653809
1.0180473327636719
1.321554183959961
5.842924118041992
0.07224082946777344
0.4055500030517578
13.849854469299316
7.6427459716796875
10.756373405456543
0.13256072998046875
0.3352165222167969
0.27441978454589844
6.329774856567383
7.796883583068848
12.273192405700684
4.711627960205078
9.83273983001709
0.9491443634033203
0.2925395965576172
8.876442909240723
1.9783973693847656
4.554510116577148
4.204273223876953
0.6973743438720703
4.97746467590332
0.0
0.2143383026123047
2.912282943725586
0.6010532379150391
2.0537376403808594
0.12922286987304688
0.07534027099609375
0.0
0.0
0.21886825561523438
0.19097328186035156
0.17595291137695312
0.5369186401367188
0.7495880126953125
3.435373306274414
0.0
0.0
0.0
0.0
0.5402565002441406
0.1201629638671875
0.6396770477294922
0.0
0.0
0.06198883056640625
0.1862049102783203
0.24390220642089844
0.49114227294921875
2.2110939025878906
3.0455589294433594
0.3650188446044922
0.0
0.19752979278564453
0.25200843811035156
1.3802051544189453
0.9145736694335938
0.6573200225830078
0.5404949188232422
8.396625518798828
1.1481046676635742
1.2843608856201172
2.5534629821777344
2.583622932434082
2.094268798828125
8.94463062286377
3.406524658203125
4.862427711486816
4.302620887756348
0.5776882171630859
5.218148231506348
5.565404891967773
1.881241798400879
9.329438209533691
7.825136184692383
10.922431945800781
8.316516876220703
6.8531036376953125
10.257363319396973
3.2553672790527344
0.9069442749023438
6.528019905090332
0.9500980377197266
1.4410018920898438
1.4832019805908203
1.318216323852539
0.32711029052734375
0.0
0.0
0.5326271057128906
0.08106231689453125
0.0
0.06318092346191406
0.34999847412109375
0.0
0.32210350036621094
0.07772445678710938
0.17189979553222656
0.0
0.0
0.3638267517089844
0.3914833068847656
2.274036407470703
0.09298324584960938
14.848470687866211
0.2875328063964844
2.937197685241699
1.2711286544799805
9.01782512664795
11.257767677307129
10.294318199157715
1.3409852981567383
5.451440811157227
1.1789798736572266
1.9621849060058594
0.26035308837890625
0.7824897766113281
0.2588033676147461
0.0
0.0
0.63323974609375
0.31876564025878906
0.10824203491210938
0.31113624572753906
0.0
1.0336637496948242
0.48792362213134766
0.0
0.0
0.1430511474609375
0.4215240478515625
7.97879695892334
3.075122833251953
8.067846298217773
1.3600587844848633
9.515047073364258
6.936073303222656
6.122112274169922
1.3034343719482422
3.2508373260498047
0.3876686096191406
3.713369369506836
0.6310939788818359
0.05269050598144531
0.08630752563476562
0.11730194091796875
0.23317337036132812
1.687169075012207
0.0
0.4506111145019531
0.6653070449829102
5.555391311645508
3.2085180282592773
4.523754119873047
1.2879371643066406
0.2598762512207031
0.34689903259277344
0.48232078552246094
0.20194053649902344
0.0591278076171875
0.08177757263183594
0.17690658569335938
2.868175506591797
0.0
0.0
13.257980346679688
0.7495880126953125
8.404016494750977
2.5849342346191406
0.13065338134765625
0.48232078552246094
0.3097057342529297
0.09751319885253906
0.0
0.4940032958984375
5.067348480224609
0.2722740173339844
0.28777122497558594
6.034135818481445
0.28228759765625
1.4123916625976562
6.06226921081543
5.966901779174805
5.833864212036133
1.3973712921142578
4.376649856567383
0.5016326904296875
0.8220672607421875
3.543853759765625
2.8638839721679688
8.085489273071289
0.1888275146484375
3.7071704864501953
0.32448768615722656
0.8356571197509766
5.831480026245117
0.9986162185668945
1.5821456909179688
1.806020736694336
2.262592315673828
1.8613338470458984
0.5462169647216797
2.3099184036254883
1.4470815658569336
3.802776336669922
0.657200813293457
0.0
8.22293758392334
0.4101991653442383
0.3955364227294922
2.6438236236572266
1.128077507019043
0.10764598846435547
0.12421607971191406
4.305601119995117
0.0
0.9531974792480469
1.8454790115356445
1.0384321212768555
0.0
1.0528564453125
1.786351203918457
5.029559135437012
2.4764537811279297
9.352684020996094
0.0
0.6805658340454102
5.535602569580078
4.040956497192383
0.2740621566772461
6.379604339599609
5.509853363037109
0.0
0.25343894958496094
7.573604583740234
1.2661218643188477
11.330366134643555
1.0352134704589844
1.350998878479004
7.084846496582031
