9.876351576561311e-42
1.4691734313964844
1.8804702758789062
5.526893615722656
3.1487293243408203
4.991985321044922
11.259693145751953
18.836820602416992
16.997438430786133
15.442468643188477
17.5133056640625
17.7637882232666
33.655174255371094
10.822908401489258
16.97114372253418
28.297903060913086
15.561258316040039
63.720428466796875
23.740306854248047
32.635581970214844
69.87919616699219
24.4986572265625
18.315664291381836
17.000713348388672
30.168312072753906
22.165000915527344
31.819040298461914
44.7503662109375
51.02302551269531
20.534605026245117
64.7872314453125
27.840770721435547
48.269065856933594
129.71017456054688
51.112892150878906
64.20893096923828
55.907779693603516
69.56600189208984
32.25251770019531
45.14698791503906
69.09130859375
50.715179443359375
1.6609020233154297
3.065217971801758
5.259435653686523
2.461597442626953
22.0717830657959
10.19400405883789
13.064496994018555
22.176517486572266
24.947019577026367
16.209192276000977
49.5453987121582
29.694726943969727
15.451314926147461
57.11372375488281
32.272857666015625
68.77714538574219
22.80765151977539
60.98884582519531
1.8552989959716797
10.169082641601562
13.838911056518555
28.68539810180664
18.547882080078125
11.133689880371094
22.406538009643555
57.38059997558594
14.986263275146484
81.70331573486328
58.52571105957031
68.24909210205078
1.8526325225830078
9.369817733764648
12.549266815185547
23.921058654785156
13.67137336730957
18.52016258239746
12.97181510925293
87.92860412597656
45.43336868286133
82.65876007080078
7.948080062866211
12.75728988647461
31.324220657348633
20.492876052856445
20.19832420349121
26.420135498046875
81.19340515136719
51.69553756713867
11.82999038696289
18.03094482421875
31.27140998840332
78.49822235107422
85.42073059082031
16.132953643798828
16.99005699157715
23.547405242919922
63.63782501220703
5.911907196044922
19.595123291015625
18.98635482788086
84.29917907714844
63.90472412109375
5.148969650268555
16.530000686645508
26.115354537963867
21.11187744140625
60.82939529418945
58.446434020996094
9.884883880615234
21.881383895874023
41.10918426513672
58.70943832397461
19.24525260925293
53.920475006103516
64.31106567382812
17.225120544433594
65.6838607788086
25.250385284423828
28.32488441467285
60.68537521362305
61.3604736328125
76.31562805175781
74.40914154052734
20.16803550720215
87.90794372558594
14.847497940063477
20.908733367919922
107.03778839111328
94.15357971191406
24.585742950439453
94.72772979736328
79.96240234375
60.177284240722656
41.528099060058594
32.489723205566406
54.92520523071289
52.469932556152344
77.89545440673828
36.44532775878906
83.88873291015625
70.63465881347656
68.05931091308594
65.48408508300781
53.162261962890625
42.71929931640625
30.848066329956055
31.209646224975586
23.0285701751709
17.24561882019043
23.35755157470703
27.314380645751953
33.5850830078125
32.422569274902344
28.071134567260742
22.663400650024414
22.366214752197266
21.167354583740234
24.70949935913086
34.976776123046875
40.38739013671875
4.093000411987305
0.9819431304931641
14.361133575439453
1.2091922760009766
9.050874710083008
3.4612770080566406
2.9113235473632812
6.822711944580078
4.674888610839844
4.613729476928711
3.599214553833008
3.506093978881836
1.4557247161865234
3.4331798553466797
1.0888233184814453
3.707273483276367
3.0273971557617188
0.3331279754638672
2.087888717651367
0.4531288146972656
1.5878257751464844
1.7222633361816406
1.3801136016845703
0.4384498596191406
1.9325981140136719
3.1524295806884766
2.707845687866211
2.9301300048828125
3.8464317321777344
1.9056549072265625
2.3118743896484375
3.7432823181152344
3.9958133697509766
3.3526782989501953
3.015045166015625
1.4144515991210938
17.783544540405273
3.186267852783203
6.302835464477539
7.039470672607422
1.7870521545410156
2.6394710540771484
0.5528450012207031
2.77618408203125
2.1909923553466797
2.2083663940429688
0.4539775848388672
2.0555076599121094
0.56781005859375
3.0382862091064453
5.748941421508789
1.2622051239013672
2.617868423461914
0.5048618316650391
3.0468215942382812
8.023334503173828
2.342304229736328
0.4360637664794922
2.388774871826172
6.937934875488281
2.596719741821289
3.640138626098633
6.074150085449219
7.184532165527344
0.7954902648925781
5.044824600219727
4.458978652954102
0.4672889709472656
3.6742324829101562
5.7298736572265625
8.999155044555664
6.342836380004883
4.080530166625977
5.356302261352539
3.605194091796875
3.809741973876953
1.8018074035644531
4.145195007324219
2.4937076568603516
1.3929691314697266
2.4027881622314453
2.324005126953125
0.42594337463378906
1.5388946533203125
0.37615394592285156
0.9216270446777344
0.8547859191894531
0.6297817230224609
0.5343017578125
0.478851318359375
0.3419685363769531
0.39201927185058594
0.5428085327148438
0.4794807434082031
0.3530006408691406
0.4454193115234375
0.01617431640625
0.015121459029614925
0.06691741943359375
0.7815494537353516
0.8446578979492188
0.954620361328125
1.0418586730957031
0.718841552734375
1.220022201538086
1.1962299346923828
0.7524394989013672
0.12701034545898438
0.4901142120361328
0.24115371704101562
0.6876716613769531
0.6760349273681641
0.8588981628417969
0.5170345306396484
0.44365882873535156
0.7773456573486328
0.3170433044433594
2.3579025268554688
2.380950927734375
0.8784542083740234
0.5541324615478516
2.580455780029297
0.6262111663818359
0.04378509521484375
0.6477890014648438
0.0171966552734375
0.86737060546875
1.1274356842041016
1.1822872161865234
0.12728118896484375
0.5906085968017578
0.08893013000488281
0.46611976623535156
2.403989791870117
0.853240966796875
0.3481025695800781
0.36806678771972656
0.0381317138671875
0.9530525207519531
1.0471839904785156
0.6451549530029297
0.37554931640625
0.2707786560058594
0.7807655334472656
0.6787052154541016
0.4563884735107422
1.0593128204345703
0.554779052734375
0.0778961181640625
0.12283515930175781
0.5376377105712891
0.7027435302734375
0.2769794464111328
0.2312602996826172
0.9631252288818359
0.15509033203125
0.13619041442871094
0.3858299255371094
0.5111980438232422
0.1409149169921875
0.6334781646728516
0.0694122314453125
0.7034759521484375
0.7454376220703125
0.3839702606201172
0.6905651092529297
0.5502510070800781
1.0198917388916016
1.2407474517822266
0.6847743988037109
1.1091575622558594
0.8766746520996094
0.6441688537597656
0.7238044738769531
0.49536705017089844
0.5846061706542969
0.05277252197265625
0.0330352783203125
0.0756683349609375
0.033843994140625
0.03754425048828125
0.0240936279296875
0.02207183837890625
0.6841907501220703
0.5265350341796875
0.012718199752271175
0.8079833984375
0.28838348388671875
0.002532958285883069
2.1950721740722656
1.2445526123046875
1.8096542358398438
0.18549346923828125
0.004096983931958675
0.01949310302734375
0.00045776288607157767
0.01592254638671875
0.005523680709302425
0.003944396041333675
0.003776549594476819
0.002082824008539319
0.05035400390625
0.02950286865234375
0.0368499755859375
0.23961639404296875
0.8815364837646484
0.003448485629633069
1.6629104614257812
0.06043243408203125
0.4857025146484375
1.342355728149414
0.052001953125
0.0459442138671875
0.002151488559320569
0.009796141646802425
0.03250885009765625
0.084381103515625
0.35062408447265625
2.4828529357910156
0.8428840637207031
1.0793914794921875
0.02126312255859375
0.006759642623364925
0.6717910766601562
0.289337158203125
1.8755378723144531
0.035858154296875
0.003364562289789319
1.85595703125
1.0824737548828125
0.013633727096021175
1.3277130126953125
0.00045776288607157767
0.012672423385083675
0.009841918013989925
0.43280029296875
0.001968383090570569
0.008811949752271175
0.14099884033203125
0.00045776288607157767
0.0013656608061864972
0.06070709228515625
0.00030517499544657767
0.03029632568359375
0.01657867431640625
0.0014343253569677472
0.002151488559320569
0.012054442428052425
0.002731322543695569
0.002151488559320569
0.004020689986646175
0.002899169223383069
0.003860472934320569
0.005935668013989925
0.011222838424146175
0.02136993408203125
0.02214813232421875
0.02220916748046875
0.0204010009765625
0.03058624267578125
0.02386474609375
0.013488768599927425
0.009262084029614925
0.003356932895258069
0.01676177978515625
0.0448150634765625
0.0357818603515625
0.0216217041015625
0.013954161666333675
0.008171080611646175
0.0189361572265625
0.04837799072265625
0.060821533203125
0.04883575439453125
0.10089111328125
0.13729095458984375
1.0396976470947266
0.8262176513671875
1.0040035247802734
1.0958423614501953
0.0
3.1488800048828125
1.2426033020019531
0.0170745849609375
0.171875
1.0029315948486328
0.5136337280273438
0.5372581481933594
0.712066650390625
0.02878570556640625
0.19500732421875
1.6617698669433594
0.0
3.574199676513672
1.0390357971191406
1.7919254302978516
1.0089702606201172
0.0
0.29920196533203125
0.011871336959302425
0.003364562289789319
0.9923439025878906
0.007453917525708675
0.4683036804199219
0.0179443359375
0.23150253295898438
0.00041961591341532767
0.0
0.00022888105013407767
0.013450621627271175
0.0308074951171875
0.0487518310546875
0.06723785400390625
0.8123016357421875
0.053531646728515625
0.18148040771484375
0.969818115234375
0.007698058150708675
1.1982421875
0.22985076904296875
0.18239974975585938
1.547647476196289
0.3399829864501953
0.04236602783203125
0.8737411499023438
0.26258277893066406
0.3240470886230469
0.3081836700439453
1.1180477142333984
0.2076873779296875
0.29685020446777344
0.311004638671875
0.3352165222167969
0.9944477081298828
1.1417369842529297
0.7518348693847656
1.546854019165039
1.4793033599853516
2.030588150024414
3.0532283782958984
0.24797821044921875
0.0178070068359375
1.6916007995605469
0.0169219970703125
0.8887805938720703
0.5049324035644531
0.20673751831054688
0.22191810607910156
0.7746753692626953
0.4713172912597656
1.0578899383544922
1.780569076538086
1.5472049713134766
1.9736461639404297
0.01734161376953125
0.08289337158203125
0.0305023193359375
0.32453155517578125
1.7204093933105469
1.9167327880859375
2.6289634704589844
0.11740875244140625
0.02301025390625
1.1012020111083984
0.5630607604980469
0.5036277770996094
1.6619338989257812
1.790170669555664
2.4807052612304688
0.20645904541015625
0.6702194213867188
0.13610076904296875
0.6279563903808594
1.2817420959472656
2.0441761016845703
0.2712516784667969
0.3184318542480469
0.28679656982421875
1.2183055877685547
0.259765625
1.594034194946289
1.221466064453125
0.0288543701171875
0.9310073852539062
2.793933868408203
0.45035552978515625
1.9576587677001953
4.460929870605469
1.0711898803710938
1.75225830078125
1.332611083984375
2.0536956787109375
1.5752143859863281
1.677896499633789
1.6151256561279297
1.5051803588867188
1.6638202667236328
1.3673515319824219
1.4554386138916016
1.54351806640625
2.518932342529297
2.616466522216797
3.4669532775878906
4.021919250488281
5.116548538208008
8.975000381469727
0.0
0.0
0.0
0.1336212158203125
0.02082061767578125
0.010528563521802425
0.33502960205078125
0.2493743896484375
0.2118377685546875
0.16135406494140625
0.8800983428955078
0.1016845703125
0.017547607421875
0.19046783447265625
0.5383644104003906
0.16371917724609375
0.30956268310546875
0.0
0.25003814697265625
0.11212158203125
0.16454315185546875
0.16007232666015625
0.1085205078125
0.048004150390625
0.11411285400390625
0.05743408203125
0.0721435546875
0.07904815673828125
0.0915679931640625
0.05698394775390625
0.2394256591796875
0.3762397766113281
0.43836021423339844
0.247589111328125
0.3404502868652344
0.878570556640625
0.9196186065673828
0.978668212890625
2.0193710327148438
2.0254135131835938
2.05987548828125
9.156003952026367
1.9991493225097656
2.917207717895508
2.3188629150390625
1.7908077239990234
1.9497051239013672
0.29401397705078125
1.4008865356445312
9.653219223022461
2.416046142578125
3.61712646484375
0.22473526000976562
0.5734348297119141
0.6363449096679688
0.5406761169433594
2.4520740509033203
1.7002735137939453
0.19036102294921875
3.8247852325439453
2.4978504180908203
0.3941307067871094
6.874856948852539
0.1559906005859375
0.22705650329589844
0.3209114074707031
0.3855133056640625
0.4501152038574219
0.7706317901611328
3.7760581970214844
7.170133590698242
9.113847732543945
4.538352966308594
8.727575302124023
0.02490234375
0.06944847106933594
0.07921600341796875
0.05113983154296875
0.02674102783203125
0.008087157271802425
0.013580321334302425
0.009056090377271175
0.009475707076489925
0.010147093795239925
0.013061522506177425
0.0017013541655614972
0.0
0.0
0.0
0.00048828046419657767
0.04144287109375
0.002250670688226819
0.0410614013671875
1.5258001440088265e-05
0.04067230224609375
0.002273558871820569
0.006828307174146175
0.015243529342114925
0.006134032271802425
0.01927947998046875
0.0372772216796875
0.02559661865234375
0.0016784659819677472
0.0
0.0008773795561864972
0.0
0.010932921431958675
0.0
0.00037383954622782767
0.012413023971021175
0.00018310468294657767
0.02071380615234375
4.577557774609886e-05
0.02045440673828125
0.00038146894075907767
0.016071319580078125
0.03040313720703125
0.054473876953125
0.0145683279260993
0.025360107421875
0.0332794189453125
0.03336334228515625
0.13951492309570312
0.11441802978515625
0.1277637481689453
0.04018402099609375
0.20690155029296875
0.07250595092773438
0.02410888671875
0.08460235595703125
0.2907600402832031
0.31838226318359375
0.38027191162109375
0.43758392333984375
0.9443912506103516
0.3646087646484375
0.3976287841796875
0.6096744537353516
0.5275516510009766
0.9381904602050781
0.7942523956298828
0.2841167449951172
1.0821876525878906
1.5940532684326172
1.0410900115966797
0.6979293823242188
0.6840629577636719
1.0146198272705078
1.5100574493408203
1.6253242492675781
1.4890880584716797
2.0736465454101562
0.9037246704101562
1.7567501068115234
1.282806396484375
2.0143795013427734
1.6028022766113281
2.0424976348876953
1.1677417755126953
1.2765007019042969
1.7931079864501953
3.1858959197998047
1.4511184692382812
1.410287857055664
1.9044170379638672
1.7590007781982422
2.219636917114258
7.213085174560547
6.132623672485352
3.901744842529297
3.7047805786132812
3.0996360778808594
8.611120223999023
3.891878128051758
6.352819442749023
3.205768585205078
3.1191558837890625
7.5857086181640625
5.193233489990234
7.373626708984375
3.458078384399414
6.378734588623047
2.0456771850585938
3.277738571166992
3.511842727661133
9.175357818603516
7.217388153076172
8.077852249145508
7.570947647094727
10.462329864501953
9.223197937011719
6.330656051635742
17.69551658630371
16.851924896240234
5.042732238769531
5.827392578125
6.504335403442383
23.861047744750977
24.928709030151367
28.37403678894043
7.219366073608398
6.956809997558594
5.331830978393555
24.15641212463379
9.463600158691406
11.07691764831543
37.753387451171875
9.648748397827148
25.0582275390625
14.167940139770508
31.385347366333008
36.0794677734375
19.200651168823242
19.180143356323242
22.028099060058594
32.90406799316406
23.409812927246094
52.83794403076172
24.80348014831543
38.68553924560547
40.85364532470703
43.0728874206543
35.19496154785156
27.993053436279297
34.19011306762695
57.496768951416016
42.867828369140625
34.22932052612305
0.049449920654296875
0.003379821078851819
0.008895873092114925
0.0185699462890625
0.0
0.0
0.002372741000726819
0.03163909912109375
0.030517578125
3.814618321484886e-05
0.030517578125
0.012870787642896175
0.0249176025390625
0.0005493155913427472
0.0
0.0
0.0016632071929052472
0.04052734375
0.02530670166015625
0.0019302360014989972
0.08311080932617188
0.11699676513671875
0.22154998779296875
0.07904815673828125
0.4638099670410156
1.4709949493408203
0.7117996215820312
1.9532604217529297
0.9230823516845703
0.8843727111816406
1.8733024597167969
1.611124038696289
2.1554622650146484
1.7301197052001953
2.7392616271972656
2.4905834197998047
4.423732757568359
3.541156768798828
3.3216209411621094
5.899389266967773
7.379755020141602
4.528270721435547
4.930046081542969
25.682235717773438
20.2360782623291
18.531068801879883
19.43308448791504
32.78078842163086
32.84242630004883
24.428752899169922
68.25971984863281
0.013715743087232113
0.0011215201811864972
0.00048828046419657767
0.002372741000726819
0.012786864303052425
0.0
0.022735595703125
0.005035399459302425
0.012550353072583675
0.0230560302734375
0.0
0.003356932895258069
0.02317047119140625
0.047985076904296875
0.23619842529296875
0.3154869079589844
0.14245986938476562
0.13242340087890625
1.4754905700683594
1.9004402160644531
7.156269073486328
1.9508781433105469
7.364133834838867
3.274486541748047
8.628070831298828
5.259334564208984
16.78366470336914
30.346174240112305
55.00449752807617
31.589195251464844
0.03348541259765625
0.010787962935864925
0.007194518111646175
0.004386900924146175
0.01947784423828125
0.008506773971021175
9.918134310282767e-05
0.022216796875
0.067108154296875
0.01735687255859375
0.05628776550292969
0.3402137756347656
0.4310035705566406
1.7165851593017578
1.1726303100585938
1.8476295471191406
3.6823158264160156
5.12775993347168
3.5455799102783203
5.565958023071289
15.160726547241211
17.766386032104492
26.336278915405273
31.88147735595703
20.31168556213379
0.002433776156976819
0.010910033248364925
0.01834869384765625
0.004302977584302425
0.013732909224927425
0.11183929443359375
0.09583282470703125
0.1554393768310547
0.43065643310546875
0.18701934814453125
8.211359024047852
14.719930648803711
28.66706085205078
0.0570068359375
0.0213623046875
0.011863707564771175
0.010223387740552425
0.0198516845703125
0.0016403190093114972
0.005256651900708675
0.0171051025390625
0.06438446044921875
0.19486236572265625
0.35272216796875
1.677530288696289
9.234699249267578
36.569149017333984
40.24159240722656
0.02124786376953125
2.2887395971338265e-05
0.08418083190917969
0.11249923706054688
1.6384849548339844
2.463420867919922
0.038238525390625
0.004554747603833675
0.0337066650390625
0.30167198181152344
5.528924942016602
2.6944618225097656
3.5499916076660156
9.465858459472656
13.282554626464844
35.45275115966797
34.356475830078125
0.04169464111328125
0.7727775573730469
6.3488616943359375
8.05418586730957
15.915153503417969
31.489839553833008
0.013420104049146175
0.13903236389160156
0.11120986938476562
0.8018302917480469
10.605268478393555
14.735780715942383
31.184335708618164
29.551172256469727
0.024139404296875
4.486543655395508
2.9102401733398438
14.232959747314453
0.010353087447583675
0.003555297153070569
0.9349708557128906
0.013366698287427425
0.004302977584302425
0.2431488037109375
1.735137939453125
0.004524230025708675
0.009056090377271175
23.90795135498047
0.01810455322265625
0.1204681396484375
2.0644168853759766
0.3474235534667969
0.013954161666333675
0.2704200744628906
2.292255401611328
1.616842269897461
6.004646301269531
2.520101547241211
0.003356932895258069
0.6565151214599609
0.4352684020996094
50.5567512512207
1.672586441040039
0.5336284637451172
45.493743896484375
0.005470274947583675
0.05521392822265625
2.328248977661133
6.250638961791992
2.879026412963867
9.842794418334961
2.2243080139160156
2.0544891357421875
