9.876351576561311e-42
4.694431304931641
4.145414352416992
1.8571410179138184
2.533076047897339
2.271294593811035
1.8873573541641235
1.9669405221939087
2.085486888885498
1.375156044960022
1.953582763671875
1.7352941036224365
1.4956603050231934
1.0941133499145508
1.1875970363616943
2.188565731048584
1.4021484851837158
2.0192809104919434
0.9715012311935425
1.7456413507461548
1.4893778562545776
0.9613251686096191
1.3845559358596802
1.4547390937805176
1.2446035146713257
1.083362102508545
0.4538215398788452
1.6116933822631836
1.8901464939117432
1.1954448223114014
1.394270658493042
0.8254927396774292
2.8103439807891846
1.424280047416687
3.361057996749878
0.45869961380958557
2.9058127403259277
2.7716286182403564
2.0734663009643555
3.047342538833618
1.1796928644180298
2.248241662979126
4.358424186706543
3.718200445175171
1.8886430263519287
2.548929214477539
1.7802563905715942
1.8183486461639404
1.1261993646621704
1.9505687952041626
1.4705795049667358
0.8200996518135071
1.8911348581314087
0.7236342430114746
1.9187873601913452
1.2171751260757446
1.0136559009552002
1.0660154819488525
1.5495277643203735
1.0389719009399414
3.9857144355773926
3.6011486053466797
1.956312894821167
1.8162786960601807
2.223703384399414
1.0533086061477661
0.9213090538978577
1.7555993795394897
2.2548232078552246
1.0151667594909668
1.610365629196167
2.0297904014587402
2.781965732574463
2.451129198074341
1.8547229766845703
1.7761170864105225
0.9989036917686462
0.7122879028320312
2.736417770385742
1.1737139225006104
3.236874580383301
1.8202412128448486
2.443676233291626
2.005815267562866
1.6653510332107544
1.1952612400054932
1.0781962871551514
0.6670351624488831
1.5425738096237183
2.5299623012542725
1.846761703491211
1.8723269701004028
0.5105484127998352
1.5284627676010132
1.069488286972046
1.4454538822174072
0.9738596677780151
1.0106281042099
1.4194560050964355
2.1716103553771973
2.7547786235809326
1.03795325756073
0.9836705923080444
1.4387844800949097
2.043724298477173
1.6949471235275269
2.3372464179992676
1.3917912244796753
0.6175522208213806
0.8810558915138245
1.8862131834030151
1.412447214126587
2.3115346431732178
1.5730358362197876
1.2979488372802734
1.670657753944397
0.9827075600624084
1.8980443477630615
1.469114899635315
1.7463425397872925
1.2287276983261108
1.6250330209732056
1.483578085899353
1.3024752140045166
1.0470374822616577
1.0505644083023071
0.7882760167121887
1.0635602474212646
1.6279207468032837
1.1866374015808105
1.3338860273361206
1.7056739330291748
1.397392988204956
1.249281406402588
0.9182759523391724
1.0786468982696533
1.5774418115615845
1.5415843725204468
1.4419493675231934
1.6062194108963013
1.3461490869522095
1.5759779214859009
1.8709626197814941
1.7837285995483398
1.6091541051864624
1.4242228269577026
1.2636528015136719
1.0178961753845215
1.1394069194793701
0.9563570022583008
1.0526525974273682
0.9790488481521606
0.6978896260261536
0.47590890526771545
0.6890894770622253
0.8927450776100159
0.8847837448120117
1.0170272588729858
1.7488420009613037
2.0698492527008057
1.8481683731079102
1.8883172273635864
4.233545303344727
3.8742406368255615
3.3043928146362305
3.629817008972168
3.3464760780334473
3.2347476482391357
3.243572235107422
3.236981153488159
3.386303424835205
3.356779098510742
4.045227527618408
3.7896292209625244
3.9831130504608154
4.5304999351501465
3.6890759468078613
4.79502010345459
4.781398773193359
4.301713466644287
4.608102321624756
4.398386478424072
4.18777322769165
4.6053690910339355
4.558518886566162
4.000739574432373
4.111180305480957
4.270043849945068
4.550628185272217
4.488748550415039
4.090761661529541
4.464304447174072
3.9632534980773926
4.352556228637695
3.463855266571045
3.981001615524292
3.662046194076538
3.515045166015625
3.3859333992004395
3.407831907272339
3.2952592372894287
3.783294439315796
3.60209321975708
4.290017604827881
3.8110945224761963
4.571794033050537
4.733544826507568
4.520511627197266
4.4496283531188965
4.5770463943481445
4.221397399902344
3.4245595932006836
3.693779945373535
4.304374694824219
4.6577653884887695
4.3190484046936035
3.3353047370910645
3.3496432304382324
4.612099647521973
4.146225452423096
4.317324161529541
3.2637436389923096
4.385841369628906
4.365143299102783
2.6752138137817383
3.3403685092926025
4.1140055656433105
3.2624967098236084
3.6250405311584473
4.331140995025635
3.74727201461792
3.365490436553955
3.392392873764038
3.463697910308838
3.3761653900146484
3.4586539268493652
3.4884068965911865
3.614513397216797
4.419715881347656
3.1221847534179688
3.023658514022827
3.623872995376587
3.2832865715026855
3.5706870555877686
3.323961019515991
3.7109246253967285
3.860555410385132
3.6214351654052734
4.520540237426758
4.547610282897949
3.695765495300293
4.12006950378418
4.19291877746582
4.3754377365112305
4.350002765655518
4.023993968963623
3.789870023727417
3.3726348876953125
1.553832769393921
3.328522205352783
4.394117832183838
4.346893310546875
3.866553544998169
3.7817723751068115
4.04463529586792
4.196647644042969
2.917445659637451
2.9001688957214355
2.97115421295166
2.930999755859375
4.610854625701904
3.4273741245269775
4.16670036315918
3.5406181812286377
3.6319077014923096
3.897878646850586
3.7579996585845947
4.1019816398620605
3.9812467098236084
3.086792469024658
3.160613775253296
4.263917446136475
3.868302345275879
3.241701602935791
3.859804153442383
3.199357032775879
3.8834047317504883
4.039454460144043
4.253979682922363
4.260892391204834
4.530285835266113
4.033758640289307
3.9721031188964844
3.1734917163848877
3.6318397521972656
3.2396578788757324
3.549269199371338
3.8575305938720703
3.708350419998169
4.421121597290039
4.539738178253174
3.095181941986084
3.3114068508148193
3.781047821044922
3.440856695175171
3.6064200401306152
3.7541277408599854
3.8685684204101562
3.0349137783050537
3.8074984550476074
3.503847599029541
3.3060593605041504
4.203030109405518
3.4435877799987793
3.582374095916748
3.6789939403533936
3.0519192218780518
3.8645896911621094
3.9771060943603516
3.366927146911621
3.8810174465179443
3.6161022186279297
3.153900384902954
3.7307839393615723
3.463172197341919
3.843173027038574
3.2885255813598633
4.632664203643799
3.67313551902771
3.5297815799713135
3.7047836780548096
3.7921552658081055
4.276668071746826
5.0313615798950195
5.094329833984375
4.190082550048828
4.369852066040039
4.438263893127441
4.146166801452637
4.502715110778809
3.668549060821533
4.567134380340576
3.4294135570526123
3.6564247608184814
3.504870891571045
5.471126079559326
6.964372634887695
3.197789430618286
5.36669397354126
5.386058330535889
5.500102519989014
3.1430857181549072
3.37892746925354
2.1634740829467773
4.67335844039917
2.4740874767303467
4.241118431091309
2.9397876262664795
4.1917524337768555
2.789992332458496
2.0489847660064697
2.428086280822754
3.5798850059509277
3.6426780223846436
3.4417519569396973
3.467280149459839
6.357095718383789
4.3378071784973145
4.052249431610107
2.8192572593688965
2.616203784942627
1.1744844913482666
3.1111419200897217
3.280724048614502
2.887566566467285
2.500584125518799
3.783679246902466
3.7981531620025635
3.1151506900787354
7.255559921264648
2.7784111499786377
1.7777847051620483
3.1724655628204346
4.342301368713379
5.286896705627441
4.569970607757568
2.7707669734954834
2.7062222957611084
3.0980775356292725
5.264005661010742
3.6745853424072266
2.678571939468384
4.372204303741455
2.5469980239868164
2.115283966064453
4.71165132522583
4.085865497589111
3.89937686920166
4.28446102142334
3.737229108810425
1.5620341300964355
2.5839290618896484
2.3180832862854004
2.278644323348999
3.092714786529541
3.3461227416992188
3.2280893325805664
3.242316246032715
2.1038076877593994
3.103121042251587
3.2889480590820312
1.6301143169403076
3.6892333030700684
3.9224610328674316
2.9477038383483887
3.9595117568969727
2.9729976654052734
4.035340785980225
3.805457830429077
2.864612340927124
3.367333173751831
3.6520659923553467
3.959139347076416
3.3882641792297363
2.9029974937438965
3.53629469871521
4.327337265014648
3.8945560455322266
3.2827353477478027
3.5587873458862305
4.230081081390381
3.699713706970215
3.518385648727417
2.784423828125
2.9928297996520996
3.3459718227386475
3.1592977046966553
2.981034755706787
3.45146107673645
3.9258830547332764
3.2720248699188232
3.0746359825134277
2.961202383041382
2.8474245071411133
3.579853057861328
2.051924705505371
2.870396137237549
3.427184820175171
2.5746817588806152
2.9622690677642822
3.2790772914886475
5.4178290367126465
2.8436100482940674
2.8315329551696777
2.3932080268859863
2.5923168659210205
2.911203145980835
2.245650053024292
3.6155319213867188
3.438182830810547
2.403975009918213
2.5917043685913086
2.6161155700683594
3.5972352027893066
2.7493999004364014
3.186774492263794
2.4184494018554688
2.2521729469299316
2.2097153663635254
2.321009874343872
3.3759539127349854
3.651075839996338
2.2303779125213623
4.554457187652588
3.1949992179870605
4.309473514556885
4.313660621643066
2.829984188079834
4.010397911071777
3.264159679412842
4.133326053619385
4.739295959472656
3.6791865825653076
4.362074375152588
3.5818428993225098
5.297749996185303
4.676886558532715
4.700066089630127
4.9688401222229
4.22133731842041
2.473578929901123
4.017104625701904
3.910461664199829
4.415091037750244
4.508174896240234
3.771228790283203
4.144806385040283
3.517408609390259
3.69370698928833
3.3188910484313965
3.210744857788086
2.6385247707366943
3.7928977012634277
2.651150941848755
4.13728141784668
5.545483112335205
4.567587375640869
4.841465473175049
4.7367844581604
4.051419734954834
5.130277633666992
3.402646780014038
3.9901363849639893
3.475156784057617
3.3756942749023438
3.2915658950805664
3.5169332027435303
3.117521047592163
5.9534430503845215
2.6491153240203857
3.368422269821167
3.2671267986297607
2.835247039794922
3.288363218307495
5.066542148590088
4.288727760314941
4.592243194580078
3.472019672393799
3.6252870559692383
3.178680419921875
3.0390048027038574
3.276092290878296
4.633504390716553
4.883274555206299
5.026545524597168
3.4234604835510254
3.070709228515625
4.34675931930542
4.536181449890137
4.101911544799805
4.394989013671875
2.1525626182556152
5.145779132843018
2.5783987045288086
5.424574851989746
3.5965723991394043
3.1569249629974365
5.478911399841309
2.757826805114746
2.7264404296875
5.097970962524414
3.36252760887146
3.885193109512329
5.0111002922058105
3.339124917984009
3.4317967891693115
3.438370943069458
3.3807098865509033
3.069287061691284
3.9885294437408447
3.6174731254577637
4.002714157104492
6.363248825073242
3.6688930988311768
2.7897989749908447
2.6932501792907715
2.582213878631592
2.571545124053955
3.1872305870056152
2.301516056060791
1.8706166744232178
3.0920355319976807
4.299818515777588
1.830552101135254
1.9080722332000732
3.9493625164031982
3.23954701423645
1.9730890989303589
0.870567798614502
3.581028938293457
2.829737663269043
1.7112334966659546
1.0326262712478638
3.9566867351531982
1.7470089197158813
3.2132108211517334
1.0939730405807495
0.8845229744911194
1.908116340637207
1.1024017333984375
1.3339413404464722
3.6362383365631104
2.901324987411499
2.873408079147339
0.648773729801178
0.7795971035957336
2.5029752254486084
0.5547832250595093
0.9191644191741943
2.9145867824554443
2.261725664138794
3.3778698444366455
3.0146803855895996
2.4969615936279297
2.1539931297302246
1.417798399925232
2.3000569343566895
1.2038390636444092
2.00872802734375
1.6736600399017334
1.5699191093444824
1.6471474170684814
1.9684398174285889
1.9033584594726562
2.7402560710906982
3.0296566486358643
2.3607828617095947
1.5110948085784912
1.1109035015106201
1.5763640403747559
2.58506441116333
1.998348355293274
2.655503034591675
1.8036386966705322
1.8138595819473267
2.2717387676239014
2.4412429332733154
1.673087477684021
1.147422194480896
2.2185568809509277
1.0568262338638306
2.9511771202087402
3.2487874031066895
3.3766093254089355
2.075833320617676
1.885143518447876
1.8461999893188477
1.8957839012145996
1.8517701625823975
1.7182726860046387
1.3880867958068848
1.8996506929397583
0.9406052231788635
3.533721446990967
3.417853832244873
2.8809239864349365
1.235540509223938
0.9823307394981384
1.4481977224349976
0.6925032138824463
2.5099213123321533
0.7642051577568054
3.3955299854278564
0.5301235914230347
1.0354195833206177
2.2460598945617676
2.5445048809051514
0.9947698712348938
2.8348588943481445
0.2960093021392822
2.916820526123047
1.993054747581482
2.920353651046753
1.280578374862671
0.6837308406829834
0.8135991096496582
0.8389865756034851
3.1727004051208496
3.6841979026794434
0.32462576031684875
1.4701457023620605
2.226391315460205
1.8144510984420776
1.9540338516235352
1.5284723043441772
2.3776516914367676
2.2982871532440186
1.200188398361206
2.8712058067321777
3.1991264820098877
1.6529979705810547
1.2239909172058105
1.1450361013412476
1.9918516874313354
2.600625991821289
3.6022536754608154
2.771820068359375
2.065380334854126
3.474212646484375
2.355804681777954
3.206476926803589
2.2951462268829346
3.3282177448272705
2.543013095855713
2.2918241024017334
2.9736459255218506
1.8626288175582886
1.8305189609527588
2.898419141769409
2.421592950820923
2.020604133605957
2.289754867553711
3.5977272987365723
2.5548031330108643
1.9671077728271484
2.9213366508483887
3.601285457611084
3.4022157192230225
2.559037208557129
3.2393269538879395
3.3834922313690186
2.520779609680176
2.5486271381378174
1.7547886371612549
1.9914854764938354
2.2688140869140625
3.9823365211486816
2.862255334854126
2.974776268005371
4.149454593658447
2.0375983715057373
3.293299674987793
3.555433988571167
4.2697014808654785
2.7618601322174072
3.006995439529419
2.5750279426574707
2.3562464714050293
4.1845245361328125
1.6879538297653198
2.3881447315216064
2.4009125232696533
5.109517574310303
2.703509569168091
2.4315483570098877
3.102961540222168
1.7080912590026855
4.911067485809326
1.4446848630905151
1.335193395614624
3.248157262802124
1.5120697021484375
1.4806727170944214
4.457903861999512
1.8319753408432007
3.3018202781677246
1.7723397016525269
4.15699577331543
3.3041605949401855
2.3357975482940674
2.084465265274048
4.218385696411133
2.7563726902008057
1.5007519721984863
1.0546331405639648
2.497659683227539
2.4880013465881348
2.271526575088501
4.005992412567139
2.4279117584228516
2.340402364730835
1.784505009651184
2.2452447414398193
2.1093645095825195
1.182113528251648
2.6921706199645996
2.5479092597961426
2.024859666824341
1.5625723600387573
2.617037296295166
1.8027757406234741
2.8376097679138184
2.060973644256592
2.906038761138916
2.3242430686950684
2.2162275314331055
3.280820846557617
2.4463911056518555
3.3807945251464844
2.428717613220215
2.84832763671875
2.5568227767944336
2.619412899017334
2.9296579360961914
2.589113473892212
1.9307520389556885
3.152884006500244
2.5770976543426514
2.8330180644989014
3.711007595062256
2.7870044708251953
3.831193208694458
3.8859968185424805
3.9464356899261475
2.544914484024048
2.296719551086426
3.900761604309082
1.1515125036239624
1.4321123361587524
3.325526475906372
1.1293880939483643
1.2570806741714478
0.39321571588516235
2.3077232837677
3.752528429031372
0.956955075263977
3.4557225704193115
2.503366470336914
3.534179210662842
2.302903175354004
2.1514675617218018
2.375380277633667
1.6293950080871582
3.2116284370422363
2.1598050594329834
1.3018840551376343
4.069694995880127
2.5635905265808105
2.5426888465881348
1.809746265411377
2.657676935195923
3.478943347930908
2.558603286743164
2.8682711124420166
2.222973108291626
3.6365180015563965
3.4520270824432373
2.0654337406158447
3.6775054931640625
2.798192024230957
5.55081033706665
2.9234490394592285
3.888948917388916
1.9575660228729248
3.8929500579833984
3.9722402095794678
3.0945868492126465
1.8984713554382324
2.2157633304595947
2.7084767818450928
2.220778226852417
2.0267157554626465
2.2520551681518555
2.8044283390045166
2.4887619018554688
2.4898874759674072
3.6076037883758545
3.592320203781128
0.7341569662094116
0.27843979001045227
1.0472359657287598
1.1193119287490845
1.3687355518341064
3.650590658187866
1.6168080568313599
3.3049795627593994
3.4546329975128174
2.311161518096924
2.0127928256988525
1.7524245977401733
2.256148099899292
3.4973855018615723
3.1820576190948486
2.596677303314209
2.68377947807312
3.0352768898010254
4.82526159286499
3.0775508880615234
2.2374510765075684
2.082061767578125
1.4832030534744263
2.9483275413513184
1.6835095882415771
2.277132272720337
2.6360933780670166
2.8157033920288086
2.184652090072632
2.4457221031188965
0.5484790205955505
2.4317221641540527
0.8108454346656799
3.2077689170837402
2.7551276683807373
2.0873711109161377
2.5020344257354736
3.2511847019195557
0.8236053586006165
3.9244391918182373
2.519186019897461
2.9284253120422363
2.7913241386413574
3.0846474170684814
4.174898147583008
2.054720640182495
2.508183240890503
1.6315689086914062
2.2984800338745117
1.674411654472351
3.0375447273254395
2.297107458114624
3.5064022541046143
2.2971529960632324
0.8587383031845093
1.3580713272094727
3.6765148639678955
1.365809440612793
2.63794207572937
1.2166744470596313
3.286916732788086
2.272587537765503
2.2003989219665527
2.6122875213623047
3.6670076847076416
0.9682781100273132
3.66973614692688
3.535264015197754
0.5241993069648743
0.5783312916755676
2.1058578491210938
3.1215102672576904
2.349975347518921
2.492859125137329
1.2939529418945312
3.214146137237549
4.03617525100708
2.770399570465088
3.176384925842285
1.3098266124725342
3.8886911869049072
3.317305326461792
1.1872353553771973
1.5407310724258423
3.229208469390869
3.6688036918640137
3.3887808322906494
4.599544048309326
0.7984062433242798
1.2949018478393555
1.2842603921890259
2.3586528301239014
4.501726150512695
4.221284866333008
1.3481911420822144
2.959747552871704
2.683279037475586
3.7781693935394287
2.5176913738250732
2.4409236907958984
3.485503911972046
4.371095657348633
3.232165575027466
2.412400245666504
3.613210439682007
0.974036693572998
3.467740774154663
2.0583131313323975
2.7424511909484863
3.5272395610809326
2.4282376766204834
3.4858367443084717
2.4790267944335938
0.7600579261779785
4.989902973175049
5.1688761711120605
2.756575345993042
1.0047961473464966
2.1314690113067627
3.6777467727661133
0.81456458568573
0.5667362213134766
2.92264986038208
3.3050851821899414
0.8932408690452576
1.4800643920898438
2.142862319946289
0.7435910105705261
2.452131509780884
3.3364810943603516
3.0574190616607666
0.2100706547498703
2.535210371017456
3.3318512439727783
2.947415590286255
4.88883113861084
3.174085855484009
0.5627989768981934
2.0876364707946777
2.411895990371704
2.1363279819488525
2.3165152072906494
2.523096799850464
2.0914669036865234
1.1869155168533325
0.8333985805511475
2.233630657196045
3.683507204055786
1.5839967727661133
2.1732981204986572
3.5906026363372803
2.3480896949768066
