9.876351576561311e-42
6.298324108123779
5.944100379943848
2.9730305671691895
2.425457239151001
2.61310076713562
2.562915563583374
2.4791688919067383
2.5612599849700928
1.558592438697815
1.7827876806259155
2.127837657928467
1.3422181606292725
1.4297438859939575
1.5993202924728394
2.22220516204834
5.037423610687256
1.9353609085083008
1.0039935111999512
2.8991434574127197
1.3420467376708984
1.1666696071624756
2.939420223236084
2.9965567588806152
2.3633787631988525
1.263541579246521
1.2425117492675781
2.6490378379821777
1.5994921922683716
1.5668563842773438
1.9888588190078735
1.4364395141601562
1.3882683515548706
1.067261815071106
1.142027735710144
1.739340901374817
1.1643166542053223
1.1012994050979614
1.6792116165161133
1.1431999206542969
0.842016875743866
1.4071332216262817
5.999256610870361
5.7999267578125
2.76381778717041
2.268773078918457
1.7394297122955322
2.2581939697265625
1.4283208847045898
1.9152332544326782
1.5814286470413208
1.3542098999023438
1.7224442958831787
1.1059213876724243
2.8414230346679688
1.132502794265747
2.632507085800171
1.9628630876541138
1.484660267829895
1.6052509546279907
5.830273628234863
5.661388874053955
2.731776714324951
1.3321187496185303
2.5236549377441406
1.279811978340149
1.1636021137237549
1.2469488382339478
2.6783242225646973
2.0560760498046875
1.4806679487228394
1.2086085081100464
1.75798761844635
1.568400263786316
2.6877381801605225
1.698278784751892
1.1589833498001099
1.3300343751907349
2.715787172317505
1.5462003946304321
1.1088929176330566
1.0464119911193848
1.7457925081253052
1.332561731338501
1.2972140312194824
1.0029648542404175
1.2332978248596191
1.2462284564971924
1.6872682571411133
1.0545867681503296
1.4545179605484009
2.4220786094665527
1.0885611772537231
1.5833103656768799
0.7849120497703552
1.8350551128387451
4.933254241943359
1.376949667930603
1.1065529584884644
2.1803877353668213
2.433236837387085
1.4798117876052856
0.7153958082199097
0.8345474004745483
2.462026596069336
2.279376745223999
2.2197160720825195
1.3893109560012817
1.9059444665908813
0.9483559727668762
2.3092944622039795
2.0007576942443848
2.1069931983947754
0.5541032552719116
1.8953018188476562
2.56699800491333
2.125213623046875
2.3907244205474854
2.0423033237457275
1.8379606008529663
1.3910932540893555
2.4976348876953125
1.492230772972107
2.2900123596191406
1.5117919445037842
1.958311915397644
1.487611174583435
1.6076163053512573
1.4304115772247314
1.2071560621261597
1.420454978942871
1.6886913776397705
1.3540027141571045
1.237519383430481
1.0701760053634644
0.990262508392334
1.2900614738464355
1.1792209148406982
1.1764168739318848
2.285181760787964
1.193099021911621
2.0508501529693604
1.5436530113220215
1.1331692934036255
1.0976266860961914
1.0672693252563477
1.0491948127746582
1.5365127325057983
0.9672338366508484
1.7002675533294678
1.348027229309082
0.9735233783721924
0.9982381463050842
1.0881595611572266
1.1973636150360107
1.2345874309539795
1.40437912940979
1.3917405605316162
1.0915462970733643
1.37999427318573
1.4461922645568848
1.5678333044052124
5.077617168426514
5.536545753479004
5.853627681732178
5.565732479095459
5.854264259338379
6.023201942443848
5.693217754364014
6.00685977935791
6.09844970703125
6.1762471199035645
6.3994832038879395
6.420276165008545
6.606142520904541
6.523759841918945
6.711597919464111
6.648224830627441
6.708388805389404
6.9835591316223145
6.640023708343506
7.09824800491333
6.786555767059326
6.566144943237305
6.458845615386963
6.795896053314209
6.6998701095581055
6.613030433654785
6.467015266418457
6.475244045257568
6.455778121948242
6.307570457458496
6.557868957519531
6.343897342681885
6.0469136238098145
5.913496971130371
5.589068412780762
5.799173355102539
5.837359428405762
5.835503101348877
6.179937839508057
6.115295886993408
6.44718074798584
6.557657241821289
6.788725852966309
6.62642240524292
6.7483415603637695
6.642168998718262
7.108303070068359
6.598207473754883
6.863654136657715
5.852838039398193
6.104370594024658
6.605784893035889
6.652110576629639
7.061334609985352
5.997957706451416
5.973511219024658
6.660613059997559
7.071064472198486
6.708388805389404
6.026331424713135
6.757218837738037
6.316912651062012
6.713568210601807
5.980537414550781
6.653519153594971
6.027631759643555
6.103141784667969
6.687689781188965
5.955009460449219
6.193526268005371
6.6472063064575195
6.633220195770264
6.159704208374023
6.913422584533691
5.782440185546875
6.838680267333984
6.815342903137207
5.823946475982666
5.8854475021362305
6.518535137176514
6.101848125457764
6.574611663818359
6.20897912979126
6.769262313842773
6.6657819747924805
6.944212436676025
6.717811107635498
6.877120018005371
6.848378658294678
6.920334815979004
6.842172145843506
6.940145015716553
6.938483238220215
6.89003849029541
6.779298305511475
6.332579612731934
3.1190104484558105
2.497879981994629
2.284611225128174
2.2219252586364746
2.5806446075439453
3.142972946166992
3.2579996585845947
3.26727557182312
3.5374858379364014
3.517793655395508
3.5074093341827393
1.7628525495529175
2.805837869644165
1.482947826385498
2.979583501815796
3.1803412437438965
4.21353816986084
4.520844459533691
4.527740478515625
4.7759599685668945
4.571113109588623
4.115403652191162
3.746600866317749
5.052488803863525
4.636602878570557
3.8960344791412354
5.141394138336182
2.2416932582855225
2.056394577026367
2.5783212184906006
1.9825167655944824
3.139315605163574
3.1699798107147217
1.8947441577911377
4.480690002441406
3.71232533454895
4.819422245025635
3.579467296600342
4.154223918914795
4.821593284606934
2.3844895362854004
2.3684568405151367
3.203782320022583
3.7525200843811035
4.062284469604492
5.2650580406188965
2.3413991928100586
4.334481239318848
5.368497848510742
2.1488139629364014
3.8197362422943115
4.998048305511475
2.226802110671997
3.476515769958496
2.2604031562805176
4.270329475402832
3.4536139965057373
4.9695963859558105
3.6522293090820312
4.776905536651611
4.722103595733643
4.056395053863525
3.4488658905029297
4.419126987457275
3.580706834793091
4.183368682861328
3.516590118408203
3.6863486766815186
3.842820882797241
3.00773549079895
3.4100944995880127
2.97239351272583
2.944610118865967
2.981633186340332
3.006686210632324
3.0343310832977295
3.196187734603882
2.712221145629883
1.5498591661453247
2.038691282272339
2.239600658416748
2.3323018550872803
2.184731960296631
2.5550708770751953
2.323279857635498
2.838780164718628
1.5118522644042969
3.0411508083343506
3.148395299911499
1.68846595287323
3.4611802101135254
3.9217453002929688
2.076674699783325
3.8471028804779053
3.9459056854248047
4.22466516494751
4.078495502471924
4.395227909088135
2.303475856781006
4.643732070922852
1.7498937845230103
4.731338024139404
4.6191725730896
5.773364067077637
6.396280765533447
2.017737627029419
2.3539340496063232
6.224797248840332
2.7507457733154297
3.624889373779297
1.6382948160171509
4.11547327041626
4.406787872314453
4.45198917388916
4.306492805480957
2.1797568798065186
1.8492422103881836
4.615166187286377
5.049142360687256
2.3451180458068848
5.5514068603515625
3.378113031387329
4.181694984436035
4.392590045928955
4.459384441375732
2.1084535121917725
1.4355205297470093
4.245087146759033
4.555288791656494
4.374284267425537
4.736910343170166
1.746538758277893
4.32716178894043
4.415493011474609
1.562821865081787
4.274514675140381
4.450991630554199
1.620525598526001
2.205132484436035
4.280383586883545
2.7214670181274414
2.594313859939575
4.5283050537109375
4.516456604003906
4.526984214782715
4.680057048797607
4.671198844909668
2.3557968139648438
4.450166702270508
4.68928337097168
4.968402862548828
3.370333194732666
2.989711046218872
4.662155628204346
4.576210975646973
2.6690187454223633
5.423701286315918
5.890657424926758
3.0847909450531006
2.7037551403045654
2.6544620990753174
2.1964550018310547
1.882061243057251
1.7829118967056274
1.5486282110214233
1.7588346004486084
1.634407639503479
1.6356152296066284
1.9204418659210205
2.004162073135376
1.829115390777588
2.0127148628234863
2.473095178604126
2.504899263381958
2.731046438217163
2.5166311264038086
2.8055965900421143
5.889880657196045
3.304172992706299
2.8381597995758057
4.507342338562012
5.021918296813965
5.373823165893555
5.886163711547852
6.8252058029174805
6.771968364715576
7.1478753089904785
6.687017440795898
2.0116002559661865
5.182456970214844
5.731599807739258
6.809365749359131
7.405228614807129
6.7524213790893555
2.7138309478759766
5.493344783782959
7.258245944976807
6.9498467445373535
5.293725967407227
7.042236804962158
5.0203351974487305
7.299103260040283
7.156959056854248
7.342720031738281
7.17568302154541
4.667815208435059
6.691433429718018
4.946404457092285
5.245790958404541
5.406832218170166
6.1263837814331055
6.439879894256592
6.846867084503174
6.446830749511719
6.066267967224121
3.4946959018707275
3.5397889614105225
6.200630187988281
2.076215982437134
7.4563446044921875
7.796696186065674
7.656465530395508
6.986240386962891
7.8201212882995605
1.3648958206176758
7.360101699829102
1.3682256937026978
6.779831409454346
7.487330913543701
8.010431289672852
8.254374504089355
7.137546062469482
1.9075380563735962
7.132964611053467
7.012831211090088
7.989411354064941
8.265783309936523
7.705143928527832
8.267308235168457
7.039383888244629
4.38441276550293
6.833873748779297
6.570545196533203
6.754291534423828
7.882834434509277
1.9787993431091309
7.120841026306152
7.599226951599121
7.57361364364624
7.783560752868652
8.208967208862305
7.228531837463379
8.458642959594727
6.617498397827148
7.975545883178711
7.949509620666504
7.498872756958008
7.148232936859131
7.969360828399658
2.257298469543457
7.889317035675049
1.231400489807129
8.130687713623047
7.484285831451416
6.8133063316345215
2.5811002254486084
8.070587158203125
7.2439680099487305
8.46249771118164
6.791158199310303
8.282723426818848
7.811251640319824
7.09218692779541
1.3889433145523071
7.277390480041504
7.876744270324707
7.040575981140137
6.810917377471924
8.154557228088379
7.204894065856934
7.452238082885742
7.325201034545898
8.312931060791016
2.1553781032562256
7.972005367279053
3.0022454261779785
7.875477313995361
7.289222240447998
7.396352767944336
7.8466644287109375
3.6371779441833496
7.442216873168945
7.158677101135254
4.751956939697266
6.65090274810791
8.250310897827148
7.093328952789307
7.661679267883301
7.856251239776611
8.225984573364258
8.331826210021973
6.588021278381348
5.1701765060424805
5.707141399383545
7.721543312072754
8.0150146484375
7.843222618103027
7.505524158477783
7.609004974365234
7.263223171234131
0.6493729948997498
1.414424180984497
2.1118831634521484
2.5531959533691406
2.6831586360931396
2.869910717010498
1.6507130861282349
2.7393860816955566
0.6895003318786621
1.1602083444595337
0.9681166410446167
2.7439627647399902
1.2039027214050293
0.7948567867279053
1.3726552724838257
1.8778352737426758
1.1143159866333008
0.876284658908844
1.3447152376174927
1.5326323509216309
2.1238420009613037
1.6581865549087524
3.7749507427215576
0.5575926303863525
0.0697043240070343
0.3145723342895508
4.104996681213379
3.5317564010620117
2.9591920375823975
4.05031681060791
1.2691824436187744
1.0762883424758911
0.6882316470146179
2.3283722400665283
1.1074647903442383
1.0253866910934448
0.18391485512256622
1.0922898054122925
0.5169793963432312
1.1559627056121826
1.179145097732544
0.03670002892613411
1.3232882022857666
1.0133020877838135
1.392890453338623
1.2982288599014282
1.6790626049041748
2.0763516426086426
0.37397345900535583
0.5665468573570251
0.8104211091995239
1.1811529397964478
1.218065857887268
0.9099467396736145
1.3724708557128906
1.128024697303772
0.674207866191864
1.4417728185653687
2.375595808029175
0.3485383093357086
0.853176474571228
1.3678392171859741
0.29496753215789795
2.566927909851074
2.714564561843872
1.7022767066955566
1.1558862924575806
1.115538477897644
0.8575146794319153
0.7406688332557678
0.3257923722267151
0.3001910448074341
1.1953266859054565
0.7128533124923706
2.901517868041992
2.4728591442108154
2.263887882232666
2.388315200805664
3.409296989440918
3.8165199756622314
2.875822067260742
3.755533456802368
2.701850175857544
2.804914951324463
2.6310925483703613
1.7830696105957031
4.833479881286621
4.56167459487915
3.956059455871582
4.923662185668945
2.8524832725524902
1.2940106391906738
2.8690543174743652
3.6698386669158936
2.3677964210510254
3.824875831604004
3.5548112392425537
3.2815308570861816
1.120362401008606
2.8794760704040527
2.0826921463012695
1.7010433673858643
3.493220329284668
2.8803670406341553
1.351973056793213
2.7933754920959473
1.9648422002792358
2.840916633605957
1.2130359411239624
2.629533052444458
1.3467923402786255
1.9807440042495728
2.3866517543792725
2.901336908340454
3.0750229358673096
2.1098010540008545
2.253127098083496
1.981412649154663
2.2272136211395264
3.0402042865753174
2.09932541847229
2.607041597366333
1.6734648942947388
2.589733123779297
2.927793502807617
2.572967052459717
2.387768030166626
1.0345773696899414
2.676178455352783
2.2459702491760254
1.7404385805130005
2.8482654094696045
2.334233283996582
1.3784360885620117
1.8721318244934082
1.6475423574447632
1.9549309015274048
2.4566402435302734
1.4825985431671143
1.7762598991394043
1.6733702421188354
1.957419514656067
2.6591458320617676
2.261326551437378
1.3257137537002563
1.5061808824539185
1.2614212036132812
1.2780815362930298
2.073251962661743
2.2703444957733154
1.465168833732605
2.0879299640655518
1.174302101135254
3.070828914642334
3.2215094566345215
2.846895456314087
1.5051705837249756
1.654984712600708
1.8491679430007935
0.538896918296814
1.8468427658081055
0.6663788557052612
1.0812468528747559
1.0475014448165894
3.289285182952881
1.7135093212127686
3.0632529258728027
1.4583450555801392
0.9360029101371765
5.414314270019531
1.291205883026123
1.3807730674743652
1.6810312271118164
1.1528856754302979
1.0179954767227173
7.8045148849487305
2.0351157188415527
2.7389121055603027
1.1585339307785034
4.686620712280273
2.773083448410034
1.3670789003372192
1.0431334972381592
2.7680156230926514
7.02074670791626
0.9221716523170471
0.989241361618042
6.664535999298096
1.1747398376464844
7.342418193817139
4.76387357711792
2.430816650390625
7.026053428649902
6.967674255371094
1.0461961030960083
0.6432749032974243
0.8838425278663635
7.057479381561279
6.65452766418457
6.045865535736084
1.8242014646530151
0.9306302070617676
0.7368218898773193
2.1604909896850586
1.3989297151565552
2.4846885204315186
5.797518253326416
0.8435767292976379
1.774273157119751
2.597273349761963
2.9356672763824463
6.305060386657715
2.5845208168029785
1.3148534297943115
1.1073801517486572
6.333461284637451
1.4416102170944214
5.2678093910217285
1.402929663658142
6.37693977355957
6.044724941253662
6.218564987182617
6.0192670822143555
2.2919702529907227
5.729200839996338
5.797914028167725
5.960813045501709
5.349560260772705
2.2886767387390137
2.096162796020508
3.411308765411377
2.770115375518799
2.7894487380981445
4.7404046058654785
1.5809528827667236
2.7994654178619385
2.9738924503326416
4.331101894378662
3.0821683406829834
2.501725912094116
1.94309663772583
2.8230550289154053
2.727975606918335
1.7570551633834839
2.1074721813201904
2.4802236557006836
2.423309087753296
2.9337897300720215
1.9535239934921265
2.5825090408325195
2.3878836631774902
3.070103168487549
2.4552292823791504
2.826967716217041
2.137113332748413
2.737426519393921
0.8807963728904724
2.315214157104492
2.6768484115600586
0.9780836701393127
2.951474666595459
1.6014376878738403
3.489895820617676
3.0110650062561035
7.037299633026123
0.9214068651199341
2.614264488220215
2.7291088104248047
2.0422682762145996
0.9427561163902283
1.1059244871139526
5.0819315910339355
1.3092502355575562
1.2681071758270264
1.1882028579711914
5.886538028717041
6.189289569854736
1.9019910097122192
5.949801921844482
2.4650981426239014
1.949310541152954
2.3200337886810303
4.927554607391357
2.39929461479187
5.109963417053223
2.663538932800293
3.073495388031006
2.1934256553649902
2.7186734676361084
2.118781089782715
1.7234680652618408
2.638976573944092
1.9893831014633179
3.1903769969940186
2.2084548473358154
1.9306979179382324
2.9633476734161377
1.319422960281372
3.3880598545074463
1.846017837524414
1.2161810398101807
0.7727256417274475
0.5633607506752014
7.2196550369262695
1.170811414718628
1.516970157623291
5.734181880950928
6.079167366027832
5.34746789932251
2.6611456871032715
1.7728561162948608
2.7842321395874023
5.190260410308838
2.952268123626709
1.9500925540924072
1.7511565685272217
2.272648572921753
1.7874633073806763
2.9863269329071045
2.717097759246826
2.7568812370300293
1.291772484779358
2.628682851791382
1.819730281829834
3.1187498569488525
2.2360169887542725
7.003835678100586
0.9290262460708618
0.3985501527786255
1.9667587280273438
2.0268120765686035
5.476046085357666
5.3598480224609375
5.266790866851807
4.6885905265808105
2.743469715118408
2.6968514919281006
2.276790142059326
2.407658576965332
2.762531042098999
2.708864450454712
1.3339107036590576
2.4540977478027344
1.3416520357131958
1.6938430070877075
2.4316885471343994
2.2939372062683105
2.34959077835083
4.328845500946045
3.4983856678009033
2.377678632736206
2.2566730976104736
2.305297613143921
2.679126501083374
2.8155324459075928
2.6062190532684326
3.3348731994628906
1.0286494493484497
3.2168209552764893
2.1460719108581543
5.654605865478516
6.153321743011475
2.539482593536377
1.7033771276474
2.1873273849487305
3.17521333694458
3.5911521911621094
3.6094541549682617
3.3521742820739746
1.9592435359954834
2.496516704559326
2.591245412826538
3.8586196899414062
3.2235875129699707
0.8589081764221191
2.973237991333008
2.297773838043213
6.278559684753418
6.218268394470215
2.663667678833008
2.4913382530212402
4.537200450897217
2.7877438068389893
1.7691175937652588
5.880396366119385
1.394166350364685
1.9542326927185059
1.5670303106307983
2.2325217723846436
2.9109385013580322
1.9964948892593384
6.734714508056641
5.496429920196533
3.5396816730499268
5.18179988861084
3.2768683433532715
2.2073893547058105
4.3163838386535645
1.9169591665267944
2.7667124271392822
3.646700859069824
3.9046905040740967
1.3382811546325684
2.410404920578003
4.174213409423828
3.3830251693725586
5.261765480041504
4.0327582359313965
0.8404000401496887
2.5821714401245117
1.3697831630706787
4.141468524932861
1.38338041305542
2.307318925857544
1.6085985898971558
6.623707294464111
2.4726874828338623
2.5445313453674316
1.5588252544403076
1.09440279006958
5.1886091232299805
2.2419545650482178
0.710731029510498
5.189754486083984
3.2626683712005615
3.1243669986724854
1.5893186330795288
6.183932304382324
1.7058534622192383
6.609474182128906
2.6613903045654297
0.7107748985290527
