9.876351576561311e-42
1.159853458404541
1.2040132284164429
1.4863691329956055
1.7835222482681274
1.5186957120895386
1.3800315856933594
1.6982619762420654
1.346300482749939
1.7889983654022217
0.8871163129806519
1.4274706840515137
1.4710708856582642
1.7438397407531738
1.927489161491394
0.603190541267395
2.3021092414855957
0.3474191725254059
1.6037523746490479
0.5035286545753479
2.1758153438568115
1.7689359188079834
0.7638074159622192
0.899925708770752
1.1252410411834717
1.8251638412475586
1.8850606679916382
0.7988771200180054
1.6035103797912598
2.0097146034240723
0.31355175375938416
1.9496887922286987
1.7943426370620728
2.2882325649261475
1.7220890522003174
0.9725801944732666
1.700851559638977
1.6625192165374756
1.6432175636291504
1.5276989936828613
1.0002604722976685
1.2820907831192017
0.9715610146522522
1.3346755504608154
1.2728888988494873
1.9880949258804321
0.6586862206459045
1.6897516250610352
1.9057432413101196
0.8088512420654297
1.3821344375610352
1.6514902114868164
0.5610026717185974
1.8040986061096191
0.6931978464126587
2.091992139816284
1.2892026901245117
0.8591877222061157
2.038321018218994
0.6579991579055786
1.0623513460159302
1.1509491205215454
1.5846972465515137
0.5955051779747009
1.0843816995620728
2.004437208175659
1.7013977766036987
0.752787172794342
1.0361969470977783
0.7225118279457092
0.5246568918228149
1.223953366279602
2.0340566635131836
1.8894370794296265
1.21468186378479
0.7822477221488953
1.9105099439620972
1.7592709064483643
1.076871633529663
1.3058407306671143
1.8077492713928223
1.2614798545837402
1.8861126899719238
1.7019139528274536
0.6102061867713928
1.8644837141036987
1.7536511421203613
1.8592058420181274
1.3924490213394165
1.556795597076416
1.6644718647003174
1.2994798421859741
1.847694754600525
2.004530906677246
1.2128742933273315
1.7680779695510864
2.2537484169006348
1.9267456531524658
1.3632217645645142
1.7972155809402466
0.9493268132209778
1.7963738441467285
1.060283899307251
0.7736867070198059
1.626418948173523
1.6477569341659546
0.719200074672699
1.9979181289672852
1.1529872417449951
0.4887216091156006
1.5334458351135254
1.5207479000091553
0.5481424927711487
0.45711544156074524
1.8424347639083862
0.6082567572593689
0.949759840965271
1.302891731262207
0.627760648727417
1.2585207223892212
1.6364833116531372
0.11112122982740402
0.6982147693634033
0.4998246729373932
1.7154078483581543
1.9037120342254639
1.598989725112915
1.9951642751693726
1.9083091020584106
2.0854241847991943
1.8468263149261475
1.312646746635437
2.2289528846740723
2.174586772918701
1.934179663658142
1.9438227415084839
1.2982209920883179
1.4125968217849731
1.618489146232605
0.6575387120246887
1.6987652778625488
0.5785495638847351
0.6495184898376465
1.822283387184143
1.9590113162994385
1.9784562587738037
1.9510139226913452
2.159557580947876
1.9920122623443604
2.2151002883911133
2.051431655883789
2.0507802963256836
2.062335968017578
1.9256986379623413
2.021418809890747
2.180880546569824
2.067370653152466
2.062732696533203
2.0881223678588867
1.9240633249282837
1.975869059562683
1.7509430646896362
5.499919414520264
4.703183650970459
4.110241889953613
3.5726451873779297
4.150146484375
3.4895050525665283
2.86437726020813
3.5187056064605713
2.8624014854431152
3.181536912918091
2.567775011062622
2.582324504852295
2.573678493499756
2.6219661235809326
2.5493452548980713
2.5377087593078613
2.25698184967041
3.015179395675659
1.9115220308303833
3.0351126194000244
1.9597963094711304
1.8198930025100708
1.3889914751052856
2.0732526779174805
1.8236479759216309
1.827601432800293
1.5936074256896973
1.7741420269012451
1.6743977069854736
1.2829208374023438
1.71810781955719
1.4977399110794067
1.495820164680481
1.4353811740875244
4.840799331665039
4.170492649078369
4.07347297668457
3.2406105995178223
3.12135910987854
3.4037234783172607
2.4796323776245117
2.5135817527770996
2.6927075386047363
2.5164191722869873
2.6329574584960938
1.8945168256759644
3.361581325531006
1.922540545463562
2.221942663192749
4.19301700592041
3.241100788116455
2.436384916305542
1.9583820104599
3.156144380569458
2.689762592315674
3.792802333831787
1.9993655681610107
2.9645044803619385
1.8127129077911377
3.5105817317962646
1.8207041025161743
1.4036829471588135
2.3204104900360107
3.6603500843048096
2.383903980255127
3.498821258544922
3.0607261657714844
2.725656270980835
1.5189942121505737
3.2038233280181885
2.934835910797119
2.795027256011963
3.0796611309051514
2.8084888458251953
1.5585421323776245
2.7408554553985596
2.0464346408843994
1.486380696296692
1.4795856475830078
2.286134958267212
1.5243066549301147
2.5179686546325684
1.619768738746643
2.650179147720337
1.8787177801132202
2.843853712081909
2.715081214904785
2.480724811553955
2.752551317214966
2.9795444011688232
2.9111733436584473
2.8063485622406006
2.560471773147583
2.3519701957702637
2.1737399101257324
1.790970802307129
1.1689039468765259
2.7719993591308594
4.077609539031982
3.958404302597046
5.614821434020996
5.632273197174072
5.264218807220459
5.167553424835205
5.149415493011475
5.208779811859131
5.1774373054504395
4.317311763763428
5.4780683517456055
4.132369518280029
4.704905033111572
4.69549036026001
5.226987838745117
5.5034589767456055
5.428509712219238
5.467700481414795
4.928201198577881
2.166433811187744
3.4151694774627686
5.407980918884277
4.575087070465088
2.8303654193878174
3.699774980545044
3.1993045806884766
4.525763511657715
3.2000157833099365
5.524444580078125
5.299301624298096
5.59420919418335
4.88191556930542
5.544967174530029
4.1791276931762695
5.021629810333252
3.296679973602295
3.9599695205688477
4.638637542724609
4.690303325653076
3.4959280490875244
5.827077865600586
5.35396146774292
3.5253987312316895
3.905229091644287
3.939535140991211
5.533623218536377
4.075446605682373
4.296557426452637
3.0421645641326904
4.872742652893066
3.3366892337799072
4.3796796798706055
4.44357442855835
5.415526390075684
4.487641334533691
4.671488285064697
5.325491428375244
5.129073619842529
5.110708236694336
5.230994701385498
4.256082057952881
5.209998607635498
5.2913289070129395
4.945469856262207
5.315927505493164
4.004372596740723
5.006287574768066
5.533662796020508
4.936853885650635
4.746679782867432
4.6475701332092285
4.626532554626465
5.354434490203857
6.137901782989502
6.346231460571289
5.636596202850342
5.005409240722656
4.492610454559326
4.5364766120910645
3.8645823001861572
4.40397310256958
2.9803483486175537
2.6830291748046875
3.0387520790100098
4.18634557723999
6.082543849945068
7.169313907623291
3.028012275695801
5.608992099761963
5.013731002807617
5.417202472686768
2.7422726154327393
3.273947238922119
2.182371139526367
3.5403106212615967
3.1652305126190186
3.94295597076416
2.795011281967163
3.313927173614502
3.0033681392669678
3.1505095958709717
1.8474812507629395
1.6858737468719482
4.335468292236328
3.535187244415283
2.282949686050415
6.273411273956299
4.638651371002197
4.217286586761475
2.7342543601989746
2.818418264389038
1.8191853761672974
3.5523571968078613
3.3166959285736084
2.9736948013305664
1.8034037351608276
3.789036989212036
4.019442558288574
2.9622435569763184
7.296869277954102
3.167059898376465
1.823456883430481
3.0774335861206055
3.6021413803100586
5.182066440582275
3.866396188735962
2.6925601959228516
2.7727174758911133
2.9846060276031494
5.479418754577637
2.6743006706237793
2.7432968616485596
4.618180751800537
1.8653991222381592
1.7880347967147827
5.329643249511719
4.368184566497803
2.505441904067993
4.471477508544922
3.8460259437561035
2.0144147872924805
2.371088743209839
2.8985626697540283
2.4165987968444824
3.0613791942596436
3.7809696197509766
3.965102434158325
2.705453634262085
1.9249252080917358
3.0973727703094482
3.588690757751465
1.1674405336380005
3.544708251953125
4.136268615722656
2.764463186264038
2.84509539604187
3.2144854068756104
3.3789656162261963
2.436455249786377
2.0171873569488525
2.950639486312866
3.405559778213501
4.5579094886779785
4.082266807556152
3.467050790786743
3.384492874145508
3.9324264526367188
3.315136432647705
3.224562644958496
3.702796459197998
3.9306576251983643
4.293759346008301
3.633523941040039
3.2720603942871094
3.7307066917419434
2.6185035705566406
3.5274407863616943
2.934641122817993
3.415597677230835
3.3972461223602295
3.1268510818481445
2.5230867862701416
2.096858263015747
2.3730437755584717
2.804755449295044
1.7347909212112427
2.6449906826019287
3.255852699279785
2.481048107147217
2.3383090496063232
2.712725877761841
4.557180404663086
3.2458298206329346
2.5426392555236816
1.3926358222961426
2.3433868885040283
2.7394721508026123
2.015340566635132
3.405550241470337
1.3907842636108398
1.9276269674301147
1.6255332231521606
1.4433084726333618
3.3326077461242676
1.5981450080871582
3.1233839988708496
2.2066166400909424
2.2582333087921143
1.3265304565429688
1.1317222118377686
1.0222870111465454
2.4766411781311035
2.096742868423462
4.319230556488037
3.3745787143707275
4.581872940063477
4.048266887664795
2.095229148864746
2.7485783100128174
2.13134503364563
3.076460838317871
3.464991807937622
2.874119758605957
3.141227960586548
2.4482829570770264
4.713551998138428
3.3883070945739746
3.2849771976470947
3.4120447635650635
3.18367338180542
3.106863498687744
3.0592517852783203
2.72605562210083
3.2064335346221924
3.007814407348633
3.4685678482055664
3.84379243850708
2.90234375
3.9265856742858887
2.559056282043457
2.0723764896392822
2.2985682487487793
2.5046639442443848
3.413672685623169
3.214606523513794
3.912703275680542
3.406930923461914
3.6127660274505615
3.25127911567688
3.1039602756500244
3.5151350498199463
2.445796012878418
3.9669196605682373
3.538682460784912
2.918320417404175
2.5354318618774414
2.2056586742401123
4.0503973960876465
5.249240398406982
2.213200807571411
3.661318063735962
2.816965103149414
2.226308584213257
3.732052803039551
3.7355499267578125
2.9489004611968994
2.9652891159057617
2.7354588508605957
3.772240400314331
3.1644845008850098
2.5189270973205566
2.6062841415405273
3.417940139770508
3.496525287628174
5.17149543762207
2.727458953857422
3.3704261779785156
3.342055559158325
3.463496208190918
3.145930528640747
3.8666560649871826
2.5033113956451416
4.467506408691406
3.05281925201416
4.382404804229736
2.9134089946746826
3.07979679107666
4.443584442138672
3.4926156997680664
2.662031650543213
4.8121113777160645
3.977128028869629
3.69417405128479
4.930466651916504
2.8423213958740234
3.178820848464966
3.3459651470184326
3.669508695602417
3.5526082515716553
4.534490585327148
3.864243268966675
3.85792875289917
5.96036958694458
3.2896554470062256
2.8383634090423584
2.3642947673797607
2.070923089981079
2.3951809406280518
2.638263463973999
2.404862642288208
1.7931194305419922
1.5203745365142822
2.2219996452331543
2.1743009090423584
2.9658362865448
1.7133185863494873
1.4804565906524658
3.502598285675049
2.157705307006836
1.6960216760635376
1.4406651258468628
2.8200020790100098
2.4030685424804688
1.7758570909500122
2.625309944152832
2.2283263206481934
4.083280086517334
3.498574733734131
4.086814880371094
4.539051055908203
3.7738916873931885
1.7432588338851929
1.6699451208114624
1.217666745185852
4.2593865394592285
4.161619186401367
3.000570297241211
3.790178060531616
3.5232837200164795
2.502149820327759
1.4162243604660034
1.8330258131027222
1.560276985168457
2.20477294921875
1.356472134590149
2.3873450756073
1.7481192350387573
2.29150390625
0.47680285573005676
2.0129547119140625
1.4125328063964844
1.393188714981079
1.995000958442688
1.6522836685180664
1.9505654573440552
1.6168544292449951
1.3203022480010986
1.7631497383117676
1.9121243953704834
1.4857311248779297
2.6362714767456055
1.2731926441192627
1.9455561637878418
1.9813615083694458
0.8442131280899048
1.775184154510498
2.263542413711548
0.9542446136474609
1.6154844760894775
2.385026216506958
1.5480602979660034
2.3133139610290527
2.200525999069214
2.1277692317962646
1.9493865966796875
1.1290117502212524
0.4202982485294342
0.10303973406553268
1.3376215696334839
1.572322964668274
1.4559791088104248
1.7510062456130981
1.0289697647094727
4.519969463348389
3.8201005458831787
3.1547634601593018
0.6196399331092834
0.4914340078830719
1.3371843099594116
0.33996978402137756
1.7589926719665527
0.49943479895591736
2.7239067554473877
0.2680075168609619
0.35924339294433594
0.49243518710136414
0.380675345659256
0.3319929242134094
1.3029015064239502
0.21554572880268097
1.8460971117019653
1.1216686964035034
2.1673412322998047
1.4592324495315552
0.9067345261573792
0.06768997758626938
1.1078771352767944
2.0105533599853516
2.225485324859619
1.5617152452468872
1.2705557346343994
1.3027677536010742
2.136031150817871
2.084019660949707
2.434694528579712
2.3192319869995117
2.364809989929199
1.4026856422424316
2.5884881019592285
2.601280450820923
2.087118148803711
2.2906370162963867
1.9817674160003662
1.9211608171463013
2.094823122024536
2.3770041465759277
2.205103874206543
2.322007656097412
2.113450050354004
1.3978238105773926
3.550352096557617
2.248450756072998
2.331782341003418
2.5399978160858154
2.8485445976257324
3.3043384552001953
3.033454179763794
2.5138585567474365
2.0070910453796387
0.7377268671989441
1.8101204633712769
2.5430541038513184
2.561182737350464
1.2747596502304077
1.1029127836227417
1.4114582538604736
2.690903425216675
2.850416421890259
2.5344173908233643
2.1295909881591797
1.7585731744766235
2.7394890785217285
2.1223983764648438
1.271327257156372
1.1737972497940063
2.4966840744018555
2.592111587524414
2.4965715408325195
3.0844919681549072
2.5662014484405518
1.8486822843551636
2.417738199234009
2.367482900619507
2.011702299118042
3.5612614154815674
2.151613712310791
3.084904670715332
1.8591523170471191
3.453986406326294
1.9209855794906616
2.950423240661621
2.7941954135894775
3.135633707046509
2.801112174987793
0.7622851133346558
2.3143866062164307
1.960945725440979
4.644042015075684
1.8005659580230713
1.5977708101272583
2.7305049896240234
2.2519726753234863
1.691186785697937
3.7866451740264893
0.5398215651512146
3.511199712753296
1.4266101121902466
3.1607091426849365
0.5598598122596741
2.279345750808716
1.6608970165252686
1.4594651460647583
2.4301974773406982
1.9960405826568604
1.8079718351364136
2.331170082092285
1.9174165725708008
1.9446055889129639
2.9119479656219482
0.5973035097122192
2.208773136138916
1.9240996837615967
2.0616562366485596
0.5554565191268921
1.8088563680648804
2.738340139389038
2.3145179748535156
2.0991315841674805
1.5795398950576782
1.4647458791732788
1.2497186660766602
2.743295907974243
2.0398340225219727
1.3490992784500122
2.262539863586426
2.053297519683838
2.997389554977417
0.760438859462738
2.948172092437744
2.3624320030212402
1.4086343050003052
2.612795352935791
2.5497541427612305
3.5229616165161133
2.3862011432647705
2.6003434658050537
3.2946438789367676
3.2676408290863037
3.380310535430908
4.074427127838135
3.482929229736328
3.6468052864074707
4.29301118850708
3.9928393363952637
3.0168416500091553
2.800497055053711
4.569153308868408
1.0394102334976196
0.9015910029411316
2.3650119304656982
0.6812828779220581
0.3510993719100952
0.7974461913108826
0.9274867177009583
2.1720244884490967
1.4543814659118652
2.251222610473633
1.304585337638855
3.311577320098877
1.713312029838562
2.234192371368408
2.2271721363067627
2.2313385009765625
1.136678695678711
2.0168631076812744
1.9800504446029663
3.1413705348968506
1.536843180656433
2.459843635559082
3.5224990844726562
0.9494109749794006
2.087019443511963
1.0524728298187256
3.1168837547302246
1.5928577184677124
1.3994139432907104
3.2708287239074707
2.124358654022217
1.46254301071167
3.2406821250915527
3.2008891105651855
1.0579863786697388
2.5826241970062256
1.693710446357727
1.775423288345337
1.6131291389465332
1.6872533559799194
2.110745429992676
1.4643481969833374
2.6981887817382812
2.22413969039917
2.095426321029663
2.636479377746582
2.827958345413208
2.689423084259033
2.1137571334838867
3.789099931716919
3.775228500366211
0.3717944324016571
0.43286168575286865
1.1231169700622559
1.4127641916275024
1.439701795578003
2.147502899169922
0.6728324890136719
2.4331021308898926
1.2640873193740845
2.072006940841675
2.507967472076416
2.258171319961548
2.010080575942993
1.0093368291854858
1.5540646314620972
2.9733598232269287
2.5776352882385254
3.6888656616210938
2.6187937259674072
2.99107027053833
2.3891561031341553
2.2331206798553467
1.5299572944641113
2.614494800567627
2.1324901580810547
2.5818254947662354
3.171111822128296
3.3867223262786865
2.738882303237915
2.8021371364593506
0.12444044649600983
1.6599763631820679
0.477588027715683
2.0039167404174805
2.1604788303375244
1.977765679359436
2.4863853454589844
2.665189266204834
2.782843589782715
2.555852174758911
0.3299065828323364
3.205016851425171
3.4903945922851562
3.2951061725616455
2.2641382217407227
0.4599458575248718
1.4493852853775024
1.7683517932891846
0.9737802147865295
1.8055975437164307
2.7105660438537598
2.8954906463623047
3.345684051513672
2.7984063625335693
0.3933972716331482
1.1531332731246948
2.3460910320281982
1.792427897453308
2.127746105194092
2.887674331665039
2.308579206466675
2.770742893218994
0.5733814835548401
1.983818769454956
3.2415542602539062
1.59971022605896
3.742912769317627
3.971991777420044
0.46237683296203613
0.49615952372550964
0.989687442779541
2.192051649093628
2.315303087234497
1.839892029762268
2.834012746810913
2.2712454795837402
1.0847208499908447
1.4992810487747192
4.04716682434082
1.7950159311294556
3.686802625656128
3.783400058746338
0.6668295860290527
1.164603590965271
2.6324400901794434
2.0073747634887695
4.0197553634643555
2.3067243099212646
0.37323248386383057
0.9732547402381897
3.001208782196045
1.42070734500885
4.452563762664795
2.1534664630889893
2.037088394165039
0.6121543049812317
2.352971076965332
3.7917749881744385
3.195413827896118
2.724950075149536
0.9312917590141296
4.0352783203125
0.7811881303787231
3.0545361042022705
3.2578811645507812
1.1391352415084839
3.6838912963867188
2.395268201828003
1.8719033002853394
0.7009757161140442
2.436237096786499
3.4196133613586426
3.075627565383911
1.0829626321792603
4.616697311401367
2.9135994911193848
1.625420331954956
1.2050390243530273
2.0755436420440674
1.952889084815979
0.7643349766731262
0.7721793055534363
1.5239269733428955
1.9845201969146729
1.197846531867981
1.2669410705566406
2.819343090057373
1.0151549577713013
2.899198055267334
2.2887699604034424
3.2773218154907227
0.5535362362861633
2.6393768787384033
0.9655884504318237
3.003997325897217
3.984186887741089
0.5845658183097839
0.06608305126428604
2.294168472290039
1.2215287685394287
2.723928689956665
2.5060393810272217
1.3027483224868774
2.742107629776001
0.8909619450569153
0.6439117789268494
1.77398681640625
2.3976247310638428
1.888802170753479
1.6052324771881104
3.1399638652801514
2.1410305500030518
