9.876351576561311e-42
4.168508529663086
4.5510406494140625
2.5856692790985107
2.057551860809326
2.7944118976593018
2.7551722526550293
2.6235454082489014
2.7158217430114746
2.0411128997802734
2.950293779373169
2.190664291381836
2.6168456077575684
2.6412434577941895
2.1895997524261475
2.5679259300231934
5.190083980560303
2.0351243019104004
1.7426512241363525
1.1618189811706543
1.7722325325012207
2.1412644386291504
2.6146247386932373
2.204695463180542
2.036116361618042
3.1268436908721924
2.2737436294555664
2.4502031803131104
2.2225120067596436
2.5155203342437744
2.9257993698120117
1.392988681793213
2.417757749557495
2.1599652767181396
2.5584967136383057
2.539447069168091
2.546309471130371
2.8756263256073
2.6918396949768066
2.779548168182373
2.682687997817993
3.54284405708313
4.661335468292236
4.740457057952881
3.339184045791626
2.335278272628784
2.8692150115966797
2.676191568374634
2.2310781478881836
2.7803077697753906
1.7966564893722534
1.673415184020996
2.476597309112549
2.6425371170043945
1.6143425703048706
1.7525581121444702
2.4153475761413574
2.4184672832489014
2.9982125759124756
2.5812220573425293
4.803879737854004
4.788741588592529
2.293734312057495
2.6741766929626465
2.879035234451294
2.631199598312378
1.316082239151001
2.3649473190307617
2.1308207511901855
1.1945322751998901
2.766270399093628
3.0100483894348145
2.292024850845337
2.099390745162964
1.694366455078125
2.8730649948120117
2.4710395336151123
0.8132680654525757
2.3745739459991455
1.531318187713623
2.599332094192505
2.618912935256958
2.245600461959839
2.2604379653930664
2.6818184852600098
2.658036947250366
1.6996771097183228
2.4103004932403564
1.3877196311950684
2.7803494930267334
2.0185434818267822
1.7380775213241577
2.924255132675171
1.6059153079986572
2.383183717727661
1.7749677896499634
5.374781608581543
1.9155495166778564
2.6979784965515137
2.427905321121216
2.5901272296905518
1.1706064939498901
2.065203905105591
2.4179039001464844
2.9859397411346436
2.372148036956787
2.0070858001708984
3.05590558052063
1.9623522758483887
2.7272026538848877
2.0200045108795166
1.8825267553329468
1.919067621231079
2.5160624980926514
2.3725063800811768
1.2641226053237915
2.5567104816436768
1.3965120315551758
2.9141650199890137
2.197331190109253
1.4963551759719849
1.6279531717300415
3.3107049465179443
1.2669812440872192
2.8294246196746826
2.182962656021118
2.6139187812805176
2.7554476261138916
2.5332043170928955
2.4303200244903564
1.5885825157165527
2.659313201904297
1.6197603940963745
1.8359935283660889
1.9126321077346802
1.6593621969223022
2.751965045928955
2.4442708492279053
2.4873902797698975
1.317574381828308
2.4741506576538086
1.264606237411499
2.029921054840088
1.9024314880371094
1.9172909259796143
2.060581922531128
2.2817044258117676
1.5251389741897583
1.641068696975708
1.7434675693511963
2.4824929237365723
1.7056289911270142
2.0497372150421143
2.1822216510772705
1.5386857986450195
1.8684282302856445
1.6028392314910889
2.8803763389587402
2.8626644611358643
2.8226373195648193
2.767408609390259
2.917799711227417
3.1724588871002197
3.4281280040740967
3.021003007888794
3.5667009353637695
3.1857218742370605
3.7034640312194824
3.6382458209991455
3.0922861099243164
4.143484115600586
3.1849093437194824
3.4533157348632812
3.664539337158203
3.8641278743743896
3.7462265491485596
3.550889253616333
3.933000087738037
4.062358379364014
4.45953369140625
4.388957977294922
4.693231582641602
4.3637375831604
4.356771945953369
4.193327903747559
4.488893508911133
4.450673580169678
4.555697917938232
4.243438720703125
4.427587509155273
4.643899917602539
4.2350993156433105
4.657642841339111
4.387411594390869
4.942643165588379
4.458258152008057
3.3156023025512695
3.5772833824157715
3.0186314582824707
3.821709632873535
3.5671544075012207
3.3749730587005615
3.6586811542510986
3.7826645374298096
4.1216206550598145
3.896906852722168
4.159636497497559
4.151533603668213
4.844394683837891
4.463111877441406
4.426784515380859
3.473886489868164
3.4651641845703125
3.8374481201171875
4.0752363204956055
4.69031286239624
4.048893451690674
3.196288824081421
4.418295383453369
4.751230716705322
4.388760566711426
3.115539789199829
4.230631351470947
4.305351734161377
3.9294965267181396
3.1803393363952637
3.81809663772583
3.319676399230957
3.3792622089385986
4.115311622619629
4.602878570556641
3.298046588897705
4.2659077644348145
4.035061359405518
3.2193477153778076
4.327298164367676
4.728731632232666
4.054139137268066
4.284281253814697
4.987584114074707
5.132227420806885
3.5041942596435547
5.092173099517822
3.744377374649048
5.090373992919922
3.7588014602661133
4.54479455947876
4.204958915710449
4.12874698638916
4.472591400146484
4.112574577331543
4.351814270019531
4.313551425933838
4.512110710144043
4.553651809692383
4.5645294189453125
4.610180854797363
5.01411247253418
2.339554786682129
0.8919979929924011
3.6646997928619385
3.3245112895965576
4.365783214569092
4.189723491668701
3.737755060195923
3.9758243560791016
3.064394474029541
3.117661714553833
3.225517749786377
3.816068172454834
4.264987468719482
3.6070384979248047
4.340419769287109
3.6721367835998535
2.747279167175293
3.3469653129577637
3.211656093597412
3.0395667552948
2.9807989597320557
3.2409987449645996
3.658275604248047
3.3348228931427
3.067704916000366
3.0228867530822754
3.2898364067077637
3.2497005462646484
4.522897243499756
2.385448694229126
4.849242687225342
4.675980091094971
4.434868335723877
3.947340726852417
3.132490396499634
3.0452256202697754
3.08906626701355
3.377269744873047
2.7265784740448
3.19457745552063
5.1410675048828125
3.3175525665283203
4.332816123962402
3.1236515045166016
2.652703285217285
3.4502902030944824
5.3760552406311035
2.9349987506866455
3.48323130607605
4.954132080078125
2.84199595451355
3.1911284923553467
4.85726261138916
3.3853085041046143
3.709125518798828
2.947725296020508
3.8524811267852783
3.1768054962158203
3.067155361175537
3.214883327484131
3.1630849838256836
2.7361223697662354
3.991901397705078
2.9824376106262207
3.2251298427581787
2.777587413787842
3.7898616790771484
3.357673406600952
2.918015718460083
4.858818054199219
3.5871846675872803
3.8479690551757812
4.016607284545898
3.9787063598632812
4.7251362800598145
4.992116451263428
4.799478530883789
4.355922698974609
4.340789318084717
3.6574513912200928
3.7705419063568115
3.377488613128662
3.7091469764709473
2.826453685760498
3.221355676651001
2.453617572784424
3.586824893951416
5.593046188354492
6.143069744110107
2.092924118041992
5.6916985511779785
5.351293563842773
5.229340553283691
3.313140869140625
2.819103956222534
3.1227691173553467
4.718899250030518
3.424078941345215
4.276377201080322
3.277209997177124
4.028589248657227
3.663378953933716
2.3903417587280273
2.7831554412841797
2.6711952686309814
3.884033679962158
3.1916964054107666
3.348031759262085
5.21484899520874
4.4299235343933105
3.765254259109497
2.6943020820617676
4.031139850616455
2.5794084072113037
3.0340676307678223
3.0791215896606445
2.482191562652588
2.794362783432007
3.63287353515625
3.170234441757202
3.699077844619751
6.650305271148682
2.789252996444702
2.608323574066162
3.019015312194824
2.481645107269287
4.6517229080200195
4.6201372146606445
3.153226137161255
2.6475236415863037
3.127758741378784
5.383394241333008
3.7156832218170166
2.7125024795532227
4.224623680114746
3.1933693885803223
2.153110980987549
5.0260701179504395
4.475048542022705
4.181350231170654
4.600890636444092
3.8443565368652344
3.0932490825653076
2.5916552543640137
3.2027573585510254
3.1450579166412354
3.6998724937438965
3.055299758911133
3.717951774597168
3.6844208240509033
2.5561671257019043
3.2514543533325195
2.646009683609009
2.097444772720337
4.297962665557861
3.3993120193481445
3.3440842628479004
3.435506820678711
2.5477068424224854
2.707075595855713
2.905285358428955
1.6210472583770752
1.8631505966186523
2.521122694015503
3.6173629760742188
4.22568416595459
2.5272603034973145
3.8896586894989014
4.408610820770264
3.647500514984131
2.6502199172973633
2.9666359424591064
3.2289857864379883
3.6626057624816895
2.80846905708313
2.8722662925720215
3.3771471977233887
3.203335762023926
3.959402322769165
3.4782376289367676
3.0975377559661865
2.9764018058776855
3.4170784950256348
3.7977914810180664
3.0109870433807373
3.9850680828094482
4.350810527801514
2.6521098613739014
3.044884204864502
3.451026201248169
3.424065113067627
3.5013062953948975
4.695047378540039
5.936002254486084
3.671738862991333
3.384244918823242
2.7010722160339355
4.122692108154297
3.2977216243743896
3.8673510551452637
3.4192113876342773
2.3088693618774414
3.7177228927612305
3.8103692531585693
3.233558177947998
3.3012454509735107
2.813640832901001
3.25370454788208
2.864424467086792
2.7450740337371826
2.575873613357544
2.6743998527526855
2.4193813800811768
3.4780173301696777
2.9247026443481445
5.190097332000732
4.408032417297363
4.814502239227295
3.774155855178833
4.3090996742248535
4.558570861816406
3.6322364807128906
4.384118556976318
4.661056995391846
3.2006757259368896
4.770030975341797
3.0055947303771973
5.816949367523193
5.206722736358643
4.945880889892578
4.3959550857543945
4.832298278808594
3.2057244777679443
4.910149574279785
4.794809818267822
5.2352776527404785
4.842330455780029
5.483424186706543
5.7242655754089355
5.044405460357666
3.004828929901123
5.152954578399658
5.092352390289307
5.206829071044922
4.3003058433532715
2.9879541397094727
4.553627967834473
5.438252925872803
4.665645122528076
4.628117561340332
4.308406829833984
4.9226555824279785
4.9652228355407715
4.923525333404541
5.7126288414001465
5.49146032333374
5.142848014831543
5.260520935058594
3.953002691268921
3.548387289047241
5.622604846954346
2.731440782546997
5.497671127319336
5.399860858917236
5.2110419273376465
3.471069097518921
4.957504749298096
4.679582118988037
4.298898220062256
4.978794097900391
5.750181674957275
5.404787063598633
5.438536167144775
2.925719976425171
5.153195381164551
4.290597915649414
5.346780300140381
5.105157375335693
5.3430705070495605
4.985421180725098
5.303302764892578
5.0016679763793945
5.835080623626709
2.490617513656616
6.393792152404785
3.2971160411834717
4.8667683601379395
5.097300052642822
5.96348762512207
5.145500183105469
2.7216174602508545
5.646900177001953
5.68267822265625
2.8201687335968018
4.56391716003418
6.839848041534424
5.143212795257568
5.318584442138672
5.187152862548828
5.2346343994140625
5.223810195922852
3.9874935150146484
3.3638811111450195
3.9214813709259033
7.116336822509766
5.809715747833252
5.508849143981934
5.270301818847656
5.054039001464844
5.536199569702148
1.7114609479904175
2.1024069786071777
2.546229600906372
1.701294183731079
3.8767752647399902
3.1665992736816406
1.401378870010376
3.466350555419922
2.7740585803985596
1.635155439376831
0.5368714928627014
2.473588228225708
3.376443862915039
1.7769322395324707
1.6878660917282104
3.301936626434326
1.9262340068817139
3.10595965385437
1.7982786893844604
1.953338384628296
1.6609874963760376
2.155639410018921
2.495889902114868
3.533304452896118
2.988297700881958
3.5973572731018066
4.339301109313965
2.885094404220581
3.118032693862915
3.8156394958496094
1.7213071584701538
0.8059757947921753
1.9568172693252563
1.7557090520858765
2.3126461505889893
0.9298186898231506
1.3156129121780396
1.8570313453674316
0.7020006775856018
1.5736382007598877
2.025850772857666
2.0015289783477783
1.5473154783248901
1.7109699249267578
0.7201757431030273
1.2392483949661255
1.9473387002944946
2.3382554054260254
0.6672335863113403
1.6275936365127563
0.6853753924369812
0.4179394543170929
1.9964195489883423
1.79350745677948
2.7372591495513916
1.4378594160079956
1.4487138986587524
1.093470811843872
2.8828277587890625
0.7422109246253967
1.336515188217163
2.0380196571350098
0.8940786719322205
2.7787868976593018
2.4041786193847656
0.9468473792076111
1.635918140411377
1.7101331949234009
2.015803337097168
1.263746976852417
1.367631435394287
1.4658266305923462
1.0120126008987427
1.7534254789352417
1.0486997365951538
5.1366496086120605
4.075298309326172
1.986211895942688
1.3341995477676392
2.001028537750244
2.4692153930664062
2.2369227409362793
1.285091519355774
2.1095712184906006
0.8584570288658142
1.2834464311599731
1.5500038862228394
0.957579493522644
1.9260895252227783
2.465855121612549
0.394380122423172
1.2723561525344849
1.1280632019042969
1.6629481315612793
1.5566035509109497
2.347750663757324
2.3475430011749268
1.7750147581100464
2.1135787963867188
1.2378236055374146
1.91554594039917
1.6864078044891357
1.4804469347000122
2.2758827209472656
1.9856491088867188
2.6965277194976807
2.7556214332580566
1.2622445821762085
1.5113900899887085
2.3141584396362305
2.3043103218078613
4.0928239822387695
1.932905673980713
2.4172987937927246
2.147801160812378
1.692004919052124
2.1927762031555176
1.2205201387405396
1.8214712142944336
1.837206482887268
1.4840342998504639
1.2082340717315674
3.8820583820343018
1.0352715253829956
1.7869772911071777
4.0247673988342285
1.3692445755004883
2.4990017414093018
2.2510273456573486
2.4233834743499756
1.2612241506576538
0.9491738080978394
2.1172425746917725
1.9401358366012573
1.8841511011123657
0.4656884968280792
0.8535060882568359
1.0649657249450684
2.828855514526367
1.8122801780700684
1.697290301322937
1.94053053855896
0.581204354763031
2.058864116668701
2.4891421794891357
1.6740070581436157
1.6802006959915161
2.480100631713867
2.9814326763153076
2.005277395248413
3.096450090408325
3.1555821895599365
1.5905126333236694
0.34015825390815735
0.7957543730735779
1.4255093336105347
3.1904959678649902
2.508100986480713
2.0530338287353516
0.8851405382156372
4.1018781661987305
1.0822925567626953
2.721202850341797
2.738891839981079
0.5403627157211304
2.764815092086792
3.312316417694092
2.9304356575012207
1.681217908859253
3.5629959106445312
1.9343533515930176
2.357426881790161
3.3455357551574707
2.6530041694641113
2.137286901473999
6.141587257385254
2.297412395477295
2.8789162635803223
1.2592772245407104
3.818246364593506
1.3692092895507812
2.099902629852295
1.2871521711349487
0.776816189289093
5.447596549987793
1.4972646236419678
1.0727360248565674
5.227888107299805
2.2218751907348633
4.924176216125488
4.651397705078125
1.7415491342544556
5.440731525421143
4.8593430519104
1.8434033393859863
2.036362648010254
1.1173334121704102
5.477550983428955
5.355440616607666
5.1380205154418945
2.211066484451294
1.8009096384048462
1.7578532695770264
2.9643468856811523
2.083804130554199
2.0810441970825195
5.438366413116455
1.6327887773513794
2.7806613445281982
1.5346671342849731
3.44636869430542
5.1173272132873535
1.4572179317474365
1.9707467555999756
1.5156993865966797
5.446861267089844
2.221620798110962
5.169835090637207
2.746279001235962
4.92534875869751
5.389317035675049
5.24565315246582
5.095700740814209
3.542073965072632
5.849050045013428
5.026625156402588
5.210422039031982
4.996096611022949
4.449228763580322
1.9955999851226807
2.6513071060180664
0.8904275298118591
1.404279112815857
1.7171696424484253
1.694414734840393
2.3003718852996826
0.9576345682144165
2.2839832305908203
1.3279139995574951
2.6156458854675293
1.6710435152053833
3.189453601837158
2.2819409370422363
1.0067805051803589
1.894342064857483
0.45759034156799316
1.777214765548706
2.285494565963745
2.2651166915893555
1.4329169988632202
1.537374496459961
3.080709457397461
0.9090335369110107
0.9102415442466736
1.1773383617401123
2.1980888843536377
1.9257408380508423
1.261247992515564
2.748725414276123
0.9623348712921143
2.8408920764923096
3.210611581802368
1.3085670471191406
3.168431520462036
5.437333106994629
1.6195178031921387
1.6116456985473633
0.9280604720115662
1.5233131647109985
1.6136596202850342
1.887450933456421
4.603047847747803
1.9800983667373657
2.3793230056762695
1.8914762735366821
5.702389717102051
5.208801746368408
2.2727746963500977
4.9304609298706055
2.0462844371795654
1.6675586700439453
1.2182265520095825
1.8206419944763184
2.4820261001586914
1.9157769680023193
1.3714265823364258
0.8990296721458435
2.2640469074249268
0.9123675227165222
1.543506383895874
2.1752750873565674
0.9101120233535767
1.2601144313812256
0.9338431358337402
0.6803292036056519
2.64813494682312
2.6823134422302246
3.7041187286376953
0.7878926992416382
3.415916919708252
2.470968723297119
1.8626447916030884
1.5550410747528076
5.894427299499512
1.175610899925232
1.5282419919967651
5.476425647735596
5.047360897064209
5.20636510848999
1.4834082126617432
1.2714260816574097
1.6089322566986084
1.938036322593689
0.06531447172164917
2.227783203125
1.6073471307754517
2.388792037963867
1.4541077613830566
2.1779696941375732
1.9166772365570068
0.44647055864334106
1.343176245689392
3.076669692993164
2.335369825363159
1.804848074913025
2.5860371589660645
4.558589935302734
1.7042407989501953
1.8884896039962769
1.9845619201660156
2.792576313018799
5.380570888519287
5.107130527496338
5.074402809143066
1.4447557926177979
1.1685893535614014
2.55985164642334
2.6641793251037598
1.6046881675720215
1.4536716938018799
1.6833769083023071
2.5616776943206787
1.1256904602050781
2.516751766204834
3.233963966369629
1.5901930332183838
3.2760965824127197
2.251194715499878
1.7264723777770996
1.6616755723953247
2.5687124729156494
2.3547158241271973
2.2283849716186523
1.1992034912109375
1.9609673023223877
1.5302151441574097
0.9577183127403259
0.959936797618866
3.2161524295806885
2.3286445140838623
5.382568836212158
4.936379909515381
2.169734001159668
2.836784839630127
1.930375337600708
1.6749502420425415
2.8730578422546387
3.348412275314331
2.4068410396575928
2.122180461883545
1.5874817371368408
1.5534950494766235
3.321396589279175
1.9730302095413208
0.4696986675262451
1.2608593702316284
2.084994077682495
5.780961036682129
4.7928595542907715
1.9094113111495972
0.6330394744873047
3.13677978515625
1.5794843435287476
2.8528783321380615
5.034429550170898
2.502174139022827
3.873185873031616
2.5942158699035645
1.6926416158676147
1.6713286638259888
2.008347511291504
5.574634552001953
5.543992519378662
0.7000253200531006
4.493892192840576
1.2012338638305664
2.2965567111968994
1.0137513875961304
2.3175899982452393
1.0790367126464844
1.568401575088501
2.81146240234375
0.9848517775535583
1.7609728574752808
1.935193657875061
2.0571515560150146
5.239776611328125
2.4523627758026123
2.4330360889434814
2.271266222000122
1.1278016567230225
1.957288146018982
1.390645146369934
2.0039451122283936
2.5850989818573
5.206408500671387
3.389073133468628
1.5974971055984497
1.751688838005066
1.379402756690979
5.093369007110596
1.9442838430404663
2.182699203491211
4.806698322296143
2.788334846496582
1.5732702016830444
2.4705593585968018
4.81962776184082
2.6989502906799316
4.383669853210449
2.7916159629821777
0.7413504719734192
