9.876351576561311e-42
4.183158874511719
4.03253173828125
2.970811605453491
3.454132556915283
3.2493221759796143
3.007205009460449
2.5574066638946533
2.6504311561584473
3.314265727996826
2.4960672855377197
2.856294631958008
2.2945985794067383
3.10971736907959
3.4539034366607666
2.105168342590332
3.8407363891601562
1.818949580192566
2.3665740489959717
1.6634678840637207
1.9395908117294312
1.8674825429916382
1.9839385747909546
1.856414794921875
1.7927968502044678
1.762706995010376
2.1412899494171143
1.5308572053909302
1.6054600477218628
1.6194430589675903
1.3602347373962402
2.0017449855804443
1.6584898233413696
1.8498262166976929
1.685205340385437
1.2515690326690674
1.675216794013977
1.5647106170654297
1.7024095058441162
1.7501411437988281
1.2991629838943481
1.6633027791976929
4.035499095916748
3.946160316467285
3.1319282054901123
3.680162191390991
2.3997292518615723
3.02927827835083
3.27817702293396
2.309303045272827
2.565969705581665
2.414015531539917
2.0619335174560547
2.081399917602539
2.1210179328918457
1.9887536764144897
1.6991796493530273
1.4008733034133911
1.6333003044128418
1.2448796033859253
3.9183218479156494
3.8015482425689697
2.764223337173462
2.2191250324249268
2.4019997119903564
3.248555898666382
2.0624401569366455
2.0187571048736572
2.0179524421691895
1.5209041833877563
1.2436761856079102
1.6763536930084229
4.119393825531006
3.878619432449341
2.8931241035461426
2.304654359817505
2.9787917137145996
1.818442463874817
2.2357687950134277
1.6986136436462402
1.5941234827041626
1.6920758485794067
3.738388776779175
3.521284580230713
2.1630501747131348
3.0713484287261963
1.7057807445526123
1.9341422319412231
1.7784912586212158
1.4928734302520752
3.4395053386688232
2.667062282562256
2.32353138923645
1.8906558752059937
1.5683263540267944
3.356924057006836
3.9980688095092773
1.8241873979568481
1.407547950744629
3.3460896015167236
2.15350604057312
1.5730053186416626
1.491712212562561
1.2257957458496094
3.1249985694885254
3.1490108966827393
1.9006174802780151
1.620601773262024
1.5075697898864746
1.1614195108413696
2.9072883129119873
2.9754252433776855
1.852601170539856
1.2227084636688232
3.3835947513580322
1.6175907850265503
1.378649353981018
2.7904114723205566
1.3393980264663696
2.524362802505493
2.5815746784210205
1.4999079704284668
1.3284505605697632
1.4855995178222656
1.6033095121383667
3.2510550022125244
1.6559600830078125
3.249546766281128
1.6330763101577759
1.7883230447769165
1.7929787635803223
2.3406999111175537
1.8874543905258179
1.9131702184677124
2.054868698120117
2.2561259269714355
2.167060136795044
2.017735242843628
2.1329550743103027
1.6035394668579102
2.3045921325683594
1.621785044670105
1.824631929397583
1.8800548315048218
1.9357802867889404
2.1023757457733154
2.312613010406494
2.948895215988159
2.390059232711792
3.1996278762817383
3.1342480182647705
2.5108485221862793
2.5686099529266357
2.264951467514038
2.128720998764038
2.0484750270843506
1.9027446508407593
2.229116439819336
1.8305623531341553
1.7130463123321533
1.8821779489517212
1.931836724281311
2.9993910789489746
2.9146721363067627
3.4822263717651367
2.5343592166900635
3.3350043296813965
3.0231099128723145
2.4136171340942383
3.5573978424072266
2.6842875480651855
3.529560089111328
4.491832733154297
4.377828598022461
4.334412574768066
4.497945308685303
4.166239261627197
4.621569633483887
4.518545627593994
4.697675704956055
4.347628593444824
4.672159194946289
4.5453782081604
4.317622661590576
4.285272121429443
4.667923450469971
4.582052230834961
4.490192413330078
4.300838947296143
4.320650577545166
4.439132213592529
4.208988189697266
4.56560754776001
4.2877702713012695
4.329187393188477
4.053278923034668
3.154853105545044
3.00406813621521
3.813746690750122
2.6062159538269043
3.108562469482422
4.394501686096191
4.2533745765686035
4.411327838897705
4.339858531951904
4.531946182250977
4.544458389282227
4.435550212860107
4.828245162963867
4.3551764488220215
4.616181373596191
3.1937146186828613
4.157487392425537
4.4546427726745605
4.4730682373046875
4.789925575256348
2.538026809692383
4.086540699005127
4.3767242431640625
4.959570407867432
4.4784064292907715
3.3877737522125244
4.4734907150268555
4.242245674133301
3.318423271179199
3.9051990509033203
4.422152519226074
3.206712007522583
3.952368974685669
4.411646842956543
4.142427921295166
3.3409416675567627
3.5363783836364746
3.737732172012329
3.7187042236328125
3.7760300636291504
3.9905848503112793
3.915283679962158
4.530279159545898
4.164636611938477
4.282890319824219
3.971111297607422
4.421235084533691
3.853646755218506
4.5527544021606445
4.061667442321777
4.681278705596924
4.093744277954102
4.4727630615234375
4.572453022003174
4.206634521484375
4.426811695098877
4.485276222229004
4.622393608093262
4.682987689971924
4.759167194366455
4.782744884490967
4.7034220695495605
5.003177642822266
5.490086078643799
4.847610950469971
4.497354507446289
4.213474750518799
4.320497989654541
3.899174928665161
3.369704008102417
2.9341938495635986
2.932065963745117
2.930720329284668
3.5586249828338623
4.389707088470459
3.317595958709717
2.4442570209503174
2.4458060264587402
2.935375690460205
2.732628107070923
2.751579761505127
2.9236221313476562
2.5698347091674805
2.7498722076416016
2.369058609008789
2.9208037853240967
2.3455984592437744
2.235044240951538
2.342606544494629
5.686872959136963
4.851251125335693
5.459308624267578
4.1676344871521
3.1131484508514404
3.472626209259033
3.6752192974090576
2.891690492630005
2.4494102001190186
2.575015068054199
2.2588064670562744
2.1941723823547363
2.4183058738708496
4.967672348022461
5.275876522064209
4.039915084838867
2.9453094005584717
2.4600026607513428
2.4662561416625977
5.244983673095703
2.9442079067230225
2.585332155227661
5.143143653869629
2.354814291000366
2.683643102645874
5.422852993011475
2.385730028152466
4.536458492279053
2.88175368309021
2.3752307891845703
2.5168895721435547
2.878814697265625
2.552332878112793
2.5807435512542725
2.7314651012420654
2.388976812362671
2.709747791290283
2.900724172592163
2.6076698303222656
2.9231343269348145
2.842095375061035
2.6176695823669434
2.9810519218444824
2.607032299041748
2.553791046142578
2.7352077960968018
2.3270065784454346
3.0278687477111816
3.3892829418182373
4.681866645812988
4.278862953186035
3.2949371337890625
4.029771327972412
4.287338733673096
4.710064888000488
3.9974520206451416
5.16771936416626
4.326442241668701
5.189685821533203
3.505457878112793
3.8967344760894775
4.7507243156433105
3.5178112983703613
3.9219894409179688
4.016546726226807
2.711707830429077
2.3107433319091797
2.160550832748413
2.785144805908203
3.2773966789245605
4.301034927368164
2.6157965660095215
3.4391398429870605
2.421029567718506
3.842710018157959
4.236299991607666
4.055298805236816
4.510147571563721
3.4257144927978516
3.3065578937530518
4.35876989364624
4.496333599090576
3.172988176345825
3.211796998977661
2.377779245376587
3.679914712905884
3.24338698387146
2.2206358909606934
2.818751096725464
2.591768264770508
3.9644083976745605
4.9252119064331055
3.1919708251953125
4.744360446929932
4.633744716644287
2.2745025157928467
2.922250986099243
2.338989496231079
3.367096185684204
3.2116429805755615
3.3948965072631836
3.214251756668091
2.526637077331543
2.5863842964172363
3.1894564628601074
3.0634560585021973
2.7080156803131104
2.990745782852173
2.9122180938720703
3.060140609741211
2.46866512298584
2.3721485137939453
3.0392377376556396
2.567621946334839
2.8752458095550537
3.663743495941162
2.843482494354248
3.878836154937744
3.5646374225616455
3.607308864593506
3.0267233848571777
4.117275714874268
4.068342208862305
3.3788390159606934
3.4059102535247803
3.378068208694458
3.6422412395477295
3.9471752643585205
3.358672857284546
4.3680267333984375
4.732346534729004
3.3680148124694824
5.401309490203857
4.961343288421631
3.8864009380340576
3.2371885776519775
2.9415576457977295
2.3791825771331787
2.207782506942749
2.113065242767334
2.1004793643951416
2.283450126647949
2.6392714977264404
2.6370139122009277
2.7756223678588867
3.4945156574249268
3.37487530708313
3.2389655113220215
3.7156026363372803
4.161832809448242
4.320643424987793
3.9082448482513428
3.1928911209106445
2.186980962753296
2.233358383178711
2.326115608215332
2.4578261375427246
3.4651167392730713
3.3425452709198
4.047145843505859
4.832334995269775
3.320305824279785
2.127606153488159
2.5173466205596924
3.396752119064331
4.029555320739746
4.917483329772949
3.197110891342163
2.281052350997925
3.981846809387207
3.4726758003234863
2.170248031616211
3.594618082046509
2.0622332096099854
4.3024115562438965
3.7964141368865967
4.169853210449219
4.299284934997559
2.151277542114258
4.369832992553711
2.367238998413086
3.115224838256836
2.848221778869629
3.786177396774292
3.665975332260132
4.402851581573486
4.391092777252197
4.7666239738464355
3.255580186843872
3.6507463455200195
4.970088005065918
3.067478895187378
4.062751770019531
4.29236364364624
4.753314971923828
4.2579851150512695
4.950860500335693
3.259868621826172
4.559913158416748
3.3357367515563965
5.191319942474365
4.703111171722412
4.881937026977539
5.307154655456543
4.94435977935791
3.3322811126708984
5.130729675292969
5.009278774261475
5.025038719177246
5.160283088684082
5.539172172546387
6.0344061851501465
5.189251899719238
4.004593849182129
5.117692470550537
4.97130012512207
5.032575607299805
4.471337795257568
3.704500913619995
4.149233341217041
5.214783191680908
4.551144123077393
4.748083591461182
5.111815929412842
5.10046911239624
5.685382843017578
4.962447166442871
5.764501571655273
5.642217636108398
5.323382377624512
5.150476932525635
4.653318881988525
4.014260292053223
5.575719833374023
3.346630096435547
5.793064117431641
5.227704048156738
5.006261825561523
3.889110803604126
5.351626873016357
4.622739315032959
5.4689178466796875
5.080263614654541
5.981933116912842
5.387762546539307
4.987475872039795
3.3438093662261963
4.78019905090332
4.875824451446533
5.350421905517578
5.098950386047363
5.561003684997559
4.9296040534973145
4.872035980224609
5.070540904998779
6.170121669769287
3.1190149784088135
6.013787269592285
3.7712602615356445
5.219753742218018
5.298539161682129
4.976108074188232
5.414010047912598
4.194526195526123
4.8775553703308105
5.561988830566406
4.349018096923828
5.349700450897217
6.095128536224365
5.204469203948975
5.476181983947754
5.540878772735596
5.761979579925537
5.87443733215332
5.2915143966674805
4.536344528198242
4.522067546844482
5.752493858337402
5.7843732833862305
5.109376430511475
5.110657691955566
5.006058692932129
4.768853664398193
3.4600915908813477
3.5125608444213867
3.3173696994781494
2.7665529251098633
3.899437189102173
3.3618223667144775
2.083108901977539
3.604562997817993
3.3862123489379883
2.0454680919647217
2.6448073387145996
3.2191965579986572
3.541215181350708
1.6462451219558716
2.387080430984497
3.6910181045532227
1.585039496421814
3.777977466583252
2.0601773262023926
2.1576385498046875
3.818618059158325
2.618762493133545
4.2342376708984375
3.7073535919189453
3.6543078422546387
3.697176933288574
4.348853588104248
4.215656757354736
3.1101295948028564
4.356820106506348
2.556194543838501
2.854889154434204
3.152966022491455
2.8434062004089355
3.2855541706085205
2.6193742752075195
3.0151944160461426
2.5046961307525635
2.4479241371154785
2.4967684745788574
3.1150426864624023
2.0229170322418213
2.9358978271484375
2.9949920177459717
2.5596206188201904
2.493532180786133
2.7701709270477295
3.148247718811035
2.7903409004211426
2.023655891418457
2.564279079437256
2.231126070022583
3.1585986614227295
3.1734256744384766
2.9927361011505127
2.6938273906707764
2.937069892883301
2.580622673034668
3.6807303428649902
2.8079745769500732
2.3769962787628174
2.872392416000366
2.11989164352417
3.1784584522247314
2.8052432537078857
2.805076837539673
2.9797821044921875
3.0155231952667236
3.112198829650879
3.0139002799987793
2.4145209789276123
2.0375967025756836
2.2662341594696045
1.9951552152633667
4.857296943664551
5.069841384887695
5.527930736541748
5.5357747077941895
4.5031914710998535
4.30393123626709
1.539011836051941
3.390944242477417
5.310819625854492
1.5837857723236084
5.3566436767578125
1.411924123764038
3.787006378173828
3.9540200233459473
4.111070156097412
4.1449689865112305
5.002050876617432
2.3495943546295166
4.37302303314209
4.350390911102295
3.6820480823516846
4.879204273223877
4.013795852661133
3.2821757793426514
3.732438325881958
4.368330478668213
2.962977886199951
3.606602668762207
4.7502875328063965
4.197465419769287
4.875945568084717
3.6363680362701416
5.521062850952148
3.7830145359039307
4.28062105178833
4.482414245605469
3.9306020736694336
3.789450168609619
3.641552209854126
4.320383548736572
4.014986038208008
3.4110729694366455
3.6312835216522217
3.873506546020508
3.850327491760254
4.264681816101074
3.9193174839019775
3.676361560821533
3.322324514389038
3.7861578464508057
5.0457329750061035
3.503103494644165
3.6723883152008057
2.5929646492004395
3.2416329383850098
3.0450124740600586
3.722311496734619
3.580461263656616
3.1613118648529053
2.98046875
2.706421136856079
3.4985949993133545
3.4778895378112793
2.853642702102661
2.937208652496338
2.481189727783203
2.4011685848236084
2.800185441970825
2.7115111351013184
2.25104022026062
3.19732403755188
3.099447727203369
3.276668071746826
3.1747074127197266
3.4765625
1.9941518306732178
3.2540814876556396
3.3281407356262207
2.904526948928833
2.427839756011963
2.6981892585754395
2.7488253116607666
4.057159423828125
2.4859328269958496
3.1606550216674805
2.837400436401367
4.193720817565918
2.109459638595581
2.4721686840057373
2.2701847553253174
3.1767842769622803
4.160191535949707
2.231447696685791
4.081142902374268
1.983641505241394
4.292296886444092
2.045171022415161
1.9733222723007202
3.4245519638061523
2.211885452270508
2.194371223449707
5.834865093231201
0.7302663922309875
3.685088634490967
2.332095146179199
4.713153839111328
1.394273042678833
3.3355350494384766
2.3081514835357666
2.309357166290283
4.93489408493042
1.534247875213623
1.240664005279541
5.044044017791748
3.330251932144165
4.914694309234619
4.856868743896484
1.4397640228271484
4.71484899520874
4.804194927215576
1.0762499570846558
0.43565991520881653
0.9833813905715942
5.117527961730957
5.027689456939697
4.982741355895996
0.5293362140655518
0.34879565238952637
0.8445818424224854
2.790571689605713
0.3646116256713867
3.192934989929199
4.905248165130615
0.7227817177772522
2.535431385040283
2.848268985748291
2.995340585708618
5.088768482208252
3.189363956451416
2.6438779830932617
2.3892710208892822
5.372225761413574
2.8162078857421875
4.712216377258301
2.692978620529175
5.015334129333496
4.984975337982178
4.788681983947754
4.6489577293396
3.2918951511383057
4.565777778625488
4.51090145111084
4.89288330078125
5.20777702331543
5.369864463806152
1.2068654298782349
4.608890056610107
5.2141547203063965
1.8448437452316284
4.008356094360352
3.469453811645508
4.465559482574463
4.457387924194336
4.278299331665039
4.16117525100708
5.149494647979736
2.70802903175354
4.024703502655029
3.7070505619049072
3.9348177909851074
4.264095783233643
4.170666217803955
3.7064969539642334
3.472248077392578
3.7649903297424316
4.175835132598877
4.1588521003723145
3.0827417373657227
2.947911500930786
2.639059066772461
2.868232250213623
2.5618724822998047
3.020817995071411
2.7137813568115234
2.2368311882019043
2.3866147994995117
2.1988637447357178
4.000339984893799
3.432147741317749
2.001326084136963
5.323901176452637
2.1017038822174072
3.0170483589172363
2.726472854614258
3.031343460083008
1.312838077545166
1.1383837461471558
4.045102119445801
2.537875175476074
0.7522830963134766
2.6643435955047607
4.848040580749512
5.089908599853516
3.2793447971343994
4.605941295623779
5.24644660949707
1.4087538719177246
1.5635944604873657
3.9103617668151855
4.30330753326416
4.399626731872559
3.931969165802002
3.7527527809143066
2.851567029953003
4.690023899078369
3.966356039047241
4.85247802734375
4.569174289703369
3.311838388442993
5.221541404724121
4.002656936645508
3.951667070388794
2.8479695320129395
3.438533306121826
3.0192270278930664
3.621476411819458
2.1250970363616943
1.987520694732666
1.362917184829712
4.760728359222412
1.461429476737976
3.344043731689453
4.6433916091918945
4.765261650085449
4.998122692108154
5.052689075469971
2.431373357772827
5.1187968254089355
4.017435073852539
4.868893146514893
2.6232645511627197
4.37798547744751
4.509273052215576
3.2439117431640625
3.7987453937530518
4.656325817108154
3.789463996887207
2.9069740772247314
3.8644661903381348
3.0029959678649902
2.6716692447662354
0.575377881526947
4.997437000274658
1.8675715923309326
0.8420860171318054
0.905666708946228
3.066588878631592
4.686343669891357
4.944276809692383
5.00236701965332
3.3471176624298096
3.224583625793457
3.7296054363250732
5.096720218658447
3.9832818508148193
3.693416118621826
4.519191265106201
3.2280232906341553
3.062521457672119
3.1211817264556885
2.984417676925659
1.4734405279159546
2.700106143951416
5.36352014541626
2.9727396965026855
2.142364025115967
4.27530574798584
3.4111948013305664
4.043014049530029
4.578879356384277
3.4376957416534424
4.586711883544922
5.420639991760254
3.083806037902832
4.05069637298584
0.875245988368988
4.978725433349609
4.708127498626709
2.254796028137207
3.998368978500366
4.118805408477783
5.28091287612915
3.7344255447387695
2.832719087600708
2.691592216491699
4.1072001457214355
3.2417848110198975
3.358013153076172
3.6687140464782715
2.5854711532592773
1.6090611219406128
2.7521004676818848
3.483715057373047
5.498310089111328
4.845048427581787
5.032506942749023
2.7851133346557617
3.975097417831421
2.2538974285125732
3.2261054515838623
4.79961633682251
4.782050132751465
3.812805414199829
3.424675703048706
2.859673261642456
3.115347146987915
3.664818525314331
5.481146335601807
4.75095796585083
4.324851036071777
4.26298713684082
3.2983357906341553
3.2263007164001465
3.9473254680633545
4.182095527648926
2.705169439315796
3.8572275638580322
3.4948370456695557
3.3114521503448486
2.029968023300171
3.2119650840759277
1.8625366687774658
4.804018020629883
2.4865150451660156
2.527968168258667
1.9934675693511963
2.850355386734009
3.9075045585632324
2.8320586681365967
2.486008644104004
2.684159755706787
5.424935817718506
2.0723700523376465
2.5453648567199707
2.4606926441192627
3.2683680057525635
4.794444561004639
2.558485746383667
3.1701202392578125
5.010482311248779
4.476477146148682
2.5424575805664062
2.0264527797698975
5.099863052368164
2.065140962600708
4.891561985015869
3.0360734462738037
2.6120803356170654
