9.876351576561311e-42
8.38247299194336
7.783963203430176
1.7952078580856323
1.4348673820495605
1.633569359779358
1.8491382598876953
1.4574956893920898
1.1720856428146362
1.786677598953247
0.06655088067054749
0.8871372938156128
1.2237297296524048
1.2531447410583496
2.272203207015991
0.5005744099617004
7.044371604919434
0.4610733985900879
1.0548734664916992
1.1114070415496826
1.2233628034591675
0.9455556869506836
1.180038571357727
1.0634442567825317
1.2195141315460205
1.1034585237503052
0.6684480905532837
0.9277058243751526
1.24521005153656
1.0121779441833496
0.8851664662361145
0.8239686489105225
1.3751133680343628
1.2718544006347656
1.1795579195022583
1.1084892749786377
0.8973757028579712
1.2105385065078735
1.0362701416015625
0.7943757176399231
1.3972312211990356
0.8301053047180176
7.658034801483154
7.472838401794434
1.7718669176101685
1.0890517234802246
0.4296965003013611
2.145956516265869
1.706606388092041
0.3257350027561188
0.3732398748397827
0.917709231376648
0.532051146030426
0.7454245090484619
1.2374321222305298
1.2242604494094849
1.0736511945724487
0.9368662238121033
1.0155998468399048
1.1451432704925537
7.340315341949463
7.075300216674805
1.7137247323989868
0.45170021057128906
0.32473024725914
1.999019980430603
0.8644840121269226
0.8131245374679565
1.314257025718689
0.8999528288841248
1.1857945919036865
0.9529886245727539
1.1736222505569458
1.010671615600586
1.54103422164917
0.7629575729370117
1.455735206604004
0.750912070274353
0.9504618048667908
0.9693702459335327
1.1952425241470337
1.0277321338653564
0.9364891648292542
0.9546189308166504
0.8094208240509033
1.5418528318405151
0.9609792828559875
1.0168018341064453
1.1157915592193604
1.2591500282287598
1.3578643798828125
1.2308011054992676
0.6642261147499084
1.3205351829528809
1.4531348943710327
2.3752973079681396
7.254410266876221
0.9985101819038391
1.2992534637451172
1.7047983407974243
0.3477296829223633
0.9836763739585876
1.4343225955963135
1.2864322662353516
1.8858084678649902
2.0969038009643555
0.4251670241355896
1.1255009174346924
1.029968500137329
1.0745384693145752
2.171208381652832
0.9348239898681641
0.5318449139595032
1.049267053604126
2.7283761501312256
0.9039573073387146
1.091254472732544
1.5347121953964233
1.045900821685791
0.7807708978652954
0.32993054389953613
0.9231318235397339
1.0539621114730835
0.9322400093078613
1.0474263429641724
2.1696231365203857
0.8949968218803406
2.5352087020874023
1.1236400604248047
1.2237932682037354
1.164169430732727
1.2831488847732544
1.2524231672286987
1.1108415126800537
1.1385455131530762
1.3101024627685547
1.1486423015594482
1.1926655769348145
1.2160392999649048
0.8102118968963623
1.1324783563613892
0.777471661567688
0.7564306855201721
1.2494391202926636
1.3255892992019653
1.2453140020370483
0.953128457069397
1.4040437936782837
1.6514381170272827
2.1896800994873047
2.3821542263031006
1.7716350555419922
1.6617692708969116
0.6564122438430786
0.4985300600528717
0.7139661908149719
0.8663370013237
0.9989923238754272
1.0817103385925293
1.0887532234191895
1.11832857131958
1.119960069656372
6.3916144371032715
6.715357303619385
6.936633586883545
6.5794548988342285
6.971699237823486
7.090038776397705
6.585211277008057
6.984491348266602
6.988381385803223
7.1668925285339355
7.512205600738525
7.461775302886963
7.565164566040039
7.7003326416015625
7.186734199523926
7.643644332885742
7.661527156829834
8.019023895263672
7.690770626068115
7.684383869171143
7.934444904327393
7.886474132537842
8.255448341369629
8.047578811645508
8.078014373779297
8.096366882324219
8.125578880310059
8.041275978088379
8.142913818359375
8.36712646484375
8.14854621887207
8.21252155303955
8.107622146606445
7.903849124908447
6.811094760894775
6.9317851066589355
6.869035243988037
6.814332485198975
7.166192054748535
7.0605082511901855
7.342461109161377
7.645341873168945
7.374551773071289
7.721362113952637
7.772811412811279
7.19829797744751
8.018641471862793
7.919427394866943
7.923120498657227
6.982944965362549
7.020986557006836
7.743857383728027
7.333967685699463
8.092259407043457
6.809431076049805
6.796099662780762
7.730408668518066
8.151063919067383
7.961571216583252
7.039763450622559
7.770699977874756
8.304787635803223
7.1117143630981445
6.867635726928711
7.689091205596924
7.080179214477539
6.979254722595215
7.777818202972412
8.029633522033691
7.189602375030518
7.1019768714904785
7.038702964782715
7.082904815673828
6.743178844451904
7.620270252227783
6.803939342498779
7.764252662658691
7.919233322143555
7.9958815574646
7.044368743896484
8.161048889160156
7.009364604949951
8.141069412231445
6.955188274383545
8.148932456970215
6.7787184715271
7.797503471374512
7.78623104095459
7.067107677459717
7.176642417907715
7.45784330368042
7.882757186889648
7.936441421508789
8.043227195739746
8.1220703125
8.126954078674316
1.886035442352295
1.3736811876296997
1.0235474109649658
0.9154115319252014
5.163529872894287
5.745989799499512
5.256286144256592
4.77288293838501
5.438290596008301
5.2269287109375
5.035451412200928
0.5481070876121521
4.338042736053467
1.6014208793640137
4.535546779632568
4.582035064697266
5.82731294631958
5.672433376312256
5.501778602600098
6.123898506164551
5.549753665924072
3.902341604232788
4.303553104400635
6.353664398193359
5.70770788192749
4.938236713409424
6.05009651184082
2.5737340450286865
0.4784279763698578
2.433335065841675
4.210981845855713
4.625932693481445
5.022878170013428
0.9950141310691833
6.058260440826416
4.9397454261779785
5.933987617492676
4.729757308959961
5.468475818634033
5.849546432495117
0.93868088722229
1.6675176620483398
5.44639778137207
5.630616188049316
5.181634902954102
6.22019100189209
2.105252742767334
5.563182830810547
6.3752970695495605
1.250555157661438
4.923365592956543
6.092573642730713
2.6753828525543213
4.695359706878662
0.7359167337417603
5.440587997436523
4.503386497497559
6.054565906524658
5.532683849334717
5.7531208992004395
5.63301420211792
5.392635822296143
4.3397536277771
5.384326457977295
5.381526947021484
5.320910453796387
5.186326026916504
3.832174301147461
5.3802385330200195
4.730186462402344
4.902573585510254
4.585530757904053
4.509672164916992
4.487910270690918
4.698894500732422
5.231123447418213
5.335440635681152
5.054139614105225
2.6343672275543213
0.9708709120750427
0.2945851683616638
1.0228679180145264
0.49650540947914124
1.8120373487472534
1.6640875339508057
2.692305326461792
0.9033610820770264
4.5974507331848145
3.8568077087402344
0.6612380743026733
3.3343684673309326
2.432248830795288
1.1184924840927124
4.627007007598877
5.2254204750061035
4.0097784996032715
3.043654441833496
2.325924873352051
0.6931365132331848
4.097202301025391
1.1055654287338257
2.797518491744995
3.644984483718872
5.686777114868164
6.394232749938965
0.5841265916824341
0.34052297472953796
6.440777778625488
2.858487367630005
3.702779769897461
1.296289086341858
4.728575706481934
2.971615791320801
3.579623222351074
5.453367233276367
0.5402007102966309
0.4194965362548828
4.043848514556885
3.4493722915649414
0.877852737903595
5.1336870193481445
2.8588266372680664
5.117991924285889
3.9258177280426025
5.128459453582764
0.09737544506788254
0.33154335618019104
3.0827276706695557
3.925577402114868
4.878418445587158
4.982597351074219
0.564142107963562
3.708495855331421
4.553315162658691
0.5327968597412109
4.115332126617432
4.388792991638184
0.4883861541748047
1.2679672241210938
3.7692983150482178
1.5379732847213745
0.9922739863395691
3.213646173477173
4.645351409912109
2.6010396480560303
3.2926130294799805
3.6979358196258545
0.838548481464386
1.8598172664642334
3.6787190437316895
4.53341007232666
2.0043468475341797
1.7318705320358276
4.273501396179199
3.302983283996582
1.2558646202087402
4.902314186096191
5.352941989898682
1.7145148515701294
3.405013084411621
2.0969064235687256
1.6857033967971802
1.1856099367141724
1.906022548675537
1.4850666522979736
0.8154698610305786
0.5753149390220642
0.7778182625770569
0.23984284698963165
0.2056158185005188
0.5610246658325195
0.5430760979652405
0.4758410155773163
1.002624273300171
1.175377368927002
0.5454921126365662
0.9308893084526062
4.4865899085998535
2.5649492740631104
2.3602657318115234
5.520462512969971
5.8523664474487305
6.361259937286377
6.591689586639404
7.0177693367004395
7.099401950836182
6.6291728019714355
6.8843793869018555
0.7355258464813232
6.172082901000977
6.372839450836182
7.0595703125
6.5133056640625
6.5419020652771
2.3278145790100098
6.361435890197754
7.195228576660156
6.9325666427612305
6.07479190826416
7.043013095855713
5.957226276397705
7.453104496002197
7.131798267364502
6.705577373504639
7.1205854415893555
5.38516092300415
7.621931076049805
5.383403301239014
4.9333672523498535
5.418489456176758
6.344546794891357
6.832701683044434
7.248721122741699
7.463130950927734
6.0437541007995605
4.8923234939575195
3.1570849418640137
4.082798480987549
0.2504934072494507
6.514233112335205
6.451569557189941
6.885312557220459
6.909106731414795
6.6468000411987305
1.0030821561813354
6.802250862121582
0.5928013920783997
5.9856109619140625
7.063759803771973
6.7598419189453125
6.9027228355407715
8.12755012512207
1.0641671419143677
8.258403778076172
8.188273429870605
7.0006561279296875
6.816418647766113
7.350315093994141
7.24796199798584
8.274276733398438
2.425825357437134
8.000411987304688
7.826480388641357
7.545637607574463
6.401059150695801
0.21582640707492828
6.689768314361572
6.885449409484863
6.687989711761475
6.731805324554443
6.763222694396973
8.106290817260742
6.896914482116699
8.188739776611328
7.1720075607299805
7.334373474121094
7.714471340179443
7.601880073547363
6.5648932456970215
0.5811753869056702
6.8929033279418945
0.19970877468585968
7.33867883682251
7.538005828857422
7.523731231689453
0.2540680468082428
6.704615592956543
7.08847188949585
6.885904312133789
8.23538875579834
7.5175700187683105
7.645519733428955
7.356738090515137
0.8105109930038452
7.621768951416016
6.771585941314697
4.810197830200195
8.16481876373291
7.807555675506592
7.956112861633301
7.546597003936768
7.822077751159668
7.163340091705322
0.7790892124176025
6.539919376373291
1.9909871816635132
6.914938926696777
8.058398246765137
7.445589065551758
6.762487411499023
1.4291473627090454
7.231203556060791
5.012052536010742
2.0536303520202637
4.021194934844971
7.17280387878418
8.159031867980957
7.53567361831665
7.609877109527588
7.612582206726074
7.728528022766113
3.0526506900787354
2.8084611892700195
3.477818250656128
6.043827533721924
7.492772579193115
7.586365222930908
7.323690891265869
6.903687953948975
6.852121353149414
2.1596949100494385
1.4511107206344604
0.632388710975647
1.8419959545135498
3.288262367248535
0.3535580635070801
1.363440990447998
2.2302334308624268
1.6253002882003784
0.7806696891784668
0.6645379066467285
2.288078546524048
1.4598571062088013
1.0268303155899048
0.5617917776107788
2.120826005935669
1.1171541213989258
2.2678990364074707
0.6473801732063293
0.44597846269607544
0.8204966187477112
0.2958308458328247
1.0546609163284302
1.914555311203003
1.4127674102783203
1.5419377088546753
2.148804187774658
1.3400226831436157
0.38149896264076233
1.5165915489196777
0.44828128814697266
0.3294510245323181
1.0673589706420898
0.8261368274688721
0.6728639006614685
0.9933966398239136
0.9257711172103882
0.48322299122810364
0.6218448281288147
0.6776020526885986
1.4344862699508667
0.25756147503852844
1.1369459629058838
1.293096661567688
0.9058299660682678
0.5292223691940308
0.4939998388290405
0.8304548263549805
0.8366599678993225
0.596795916557312
0.4772284924983978
0.6217154264450073
0.1120033860206604
0.7710078954696655
1.0459976196289062
0.823926568031311
0.58011394739151
0.80726158618927
0.25289103388786316
0.44368237257003784
0.6795181632041931
1.0401389598846436
0.5284111499786377
0.2445942461490631
0.4332350194454193
0.6336456537246704
1.137734055519104
0.9226980805397034
1.0693309307098389
0.9453142881393433
0.3972529172897339
0.14774145185947418
0.5215516090393066
0.5435905456542969
1.5357370376586914
1.6352100372314453
2.7137205600738525
1.4400588274002075
2.3160624504089355
2.5926125049591064
2.2434942722320557
2.57597017288208
0.23967257142066956
1.6941919326782227
1.05370032787323
2.0844321250915527
2.28265118598938
1.6025837659835815
1.2406413555145264
2.178027629852295
0.45951640605926514
1.8937499523162842
2.285210371017456
1.4732481241226196
1.9215689897537231
0.6144815683364868
2.0202102661132812
1.8435959815979004
1.8692344427108765
0.9514898657798767
2.060669422149658
1.8499001264572144
0.9705578088760376
1.6303843259811401
2.1072537899017334
1.8617192506790161
2.619189977645874
1.5880324840545654
1.811971664428711
1.5755006074905396
2.1829936504364014
2.6052918434143066
1.2567989826202393
1.12185537815094
1.2717684507369995
1.1462583541870117
1.6548160314559937
1.1095694303512573
1.5463074445724487
0.9998020529747009
1.8858270645141602
0.9574291110038757
0.4583989083766937
0.7549620270729065
1.7671995162963867
1.9650951623916626
1.0493907928466797
0.45011061429977417
0.3000311553478241
1.1691677570343018
0.4299265444278717
0.959539532661438
1.113490104675293
1.361500859260559
1.1441850662231445
0.29103636741638184
0.7438543438911438
1.273118495941162
1.1656529903411865
1.2781312465667725
0.6697435975074768
0.3840390741825104
0.7450333833694458
0.4600871205329895
0.1694430708885193
0.6719091534614563
0.9528541564941406
0.10974493622779846
1.2749977111816406
0.7746058106422424
0.1711028516292572
0.9126448035240173
1.0569666624069214
0.749309778213501
0.08988896757364273
1.2132413387298584
0.49197182059288025
1.1187461614608765
0.7432122826576233
0.9132570624351501
0.4954521954059601
0.40321311354637146
0.9392355680465698
1.3057771921157837
0.5623436570167542
0.4069625735282898
0.6484017968177795
0.28409266471862793
0.8909471035003662
3.0146214962005615
0.4178955554962158
0.7449997663497925
0.4312489628791809
1.139723300933838
0.8667404055595398
6.838580131530762
0.2817094326019287
0.5255954265594482
0.6410561203956604
1.0866563320159912
0.18221449851989746
0.21022476255893707
0.6422183513641357
0.8444119691848755
7.421719551086426
0.46708396077156067
0.5674816370010376
7.53969669342041
0.3375098705291748
6.230070114135742
2.3398687839508057
0.6038417816162109
6.429440498352051
5.61300802230835
0.25672924518585205
0.7223830819129944
0.4643096625804901
5.972156524658203
6.470298767089844
7.012179851531982
0.7629609704017639
0.5877948999404907
0.6370659470558167
1.1320178508758545
0.6740468740463257
0.5659750699996948
6.826981067657471
0.26018190383911133
0.7335036396980286
0.7733154296875
1.5240535736083984
6.0703558921813965
0.7419970035552979
0.7144021987915039
0.6593579649925232
5.914669513702393
0.5272375345230103
6.039543151855469
0.5236908793449402
5.812638759613037
5.1487274169921875
5.409346103668213
5.776305198669434
0.6929181814193726
4.371838092803955
5.221963405609131
5.727573871612549
5.97529935836792
2.8686773777008057
1.4367300271987915
2.5774638652801514
1.0176899433135986
2.6590805053710938
2.1895225048065186
2.462834119796753
1.2571734189987183
1.459862232208252
2.641247034072876
1.7009828090667725
0.6064910888671875
2.676076889038086
1.7812776565551758
1.643864631652832
1.3955543041229248
1.9443100690841675
1.0055108070373535
1.1287741661071777
0.7820892930030823
0.613853394985199
0.7385165691375732
0.5240908861160278
1.2193180322647095
0.9584463834762573
0.8007376194000244
0.2246541827917099
0.7763738036155701
1.1526129245758057
0.5845019817352295
0.5928804874420166
0.7085206508636475
1.1580132246017456
0.44762247800827026
0.15906120836734772
0.5852157473564148
5.996056079864502
0.5581378936767578
0.8942621946334839
0.7619317173957825
0.43098533153533936
0.6233108639717102
0.671983003616333
3.585498571395874
0.34031474590301514
1.0004938840866089
0.5682801008224487
6.293554782867432
6.15745210647583
1.089029312133789
5.628791809082031
2.184749126434326
2.0081064701080322
1.8843045234680176
2.222858428955078
2.813816547393799
2.2023775577545166
1.799459457397461
1.5423952341079712
2.72853684425354
0.37719711661338806
1.4466440677642822
2.2736945152282715
0.46294400095939636
1.1810308694839478
0.9001506567001343
0.29736271500587463
1.6651725769042969
0.3613303601741791
0.3000980317592621
1.2938761711120605
0.3479622006416321
1.1195473670959473
1.1635942459106445
0.8500747084617615
7.272450923919678
0.5625689029693604
0.3359065651893616
5.988563537597656
5.666369915008545
5.914985656738281
0.4120304584503174
2.0174012184143066
0.8600574731826782
2.05461049079895
0.9237327575683594
2.0577573776245117
1.5336953401565552
1.4864470958709717
1.0980584621429443
1.2412405014038086
1.6165921688079834
0.6638219356536865
0.9948673248291016
1.088401436805725
0.9862241148948669
0.7620651125907898
0.18401388823986053
6.297211647033691
0.5611956119537354
0.7009681463241577
0.9618985652923584
0.9383705258369446
6.024019241333008
3.626436471939087
6.079678058624268
2.1105546951293945
1.4665660858154297
2.0106918811798096
1.910068392753601
1.4874001741409302
1.3513213396072388
1.155881643295288
0.9860378503799438
0.656059980392456
0.5576100945472717
0.2812017798423767
0.46154430508613586
1.231255292892456
1.8857994079589844
2.4384243488311768
2.0900936126708984
1.8644688129425049
2.2457215785980225
0.6154083013534546
0.614088237285614
1.3616938591003418
1.707532286643982
1.3201812505722046
0.6036867499351501
1.3128561973571777
0.8435006141662598
4.216097831726074
5.924807548522949
1.9193832874298096
2.818986654281616
1.15819251537323
1.5498403310775757
1.504881501197815
0.421532541513443
2.1821811199188232
1.2012977600097656
1.0335520505905151
1.2000426054000854
2.037644863128662
0.3702019453048706
0.9685447216033936
0.8671401143074036
0.6834847927093506
5.152517795562744
6.022927761077881
1.103134036064148
0.5720908045768738
1.5773999691009521
0.7246005535125732
0.38484933972358704
4.089818000793457
1.3328087329864502
1.107011079788208
0.9294482469558716
1.3869296312332153
0.7939043641090393
0.13177604973316193
5.400842189788818
6.017455101013184
2.722006320953369
3.4142348766326904
0.1897735446691513
0.31438779830932617
3.092752695083618
1.2225747108459473
0.3701484501361847
2.6696159839630127
3.109074831008911
0.46456238627433777
1.3305070400238037
2.7483582496643066
2.5610361099243164
6.003655910491943
2.326115608215332
0.5517969131469727
0.810742199420929
0.8844185471534729
3.2124075889587402
0.48845183849334717
0.6767154932022095
1.193232536315918
3.9279606342315674
1.1697245836257935
2.3940556049346924
0.42117616534233093
0.8250934481620789
6.103864669799805
0.6992946267127991
1.1757820844650269
6.281994819641113
2.546557903289795
1.7381112575531006
0.8942598104476929
4.755532741546631
0.18366585671901703
5.362488269805908
1.3711090087890625
0.7586953639984131
