9.876351576561311e-42
5.25233268737793
5.476467132568359
1.6596977710723877
2.320604085922241
2.2361984252929688
2.1815779209136963
1.6023961305618286
1.4846227169036865
2.329155445098877
1.7946792840957642
2.423309326171875
1.1497507095336914
2.0537109375
2.507641315460205
2.0248680114746094
5.867236614227295
1.868018627166748
1.6852043867111206
1.2577863931655884
1.5338134765625
1.679746389389038
0.9427139759063721
1.0289411544799805
1.0168523788452148
1.6579768657684326
1.1382930278778076
0.9891596436500549
1.1844258308410645
1.6116794347763062
0.9933674335479736
1.1617730855941772
1.282739520072937
1.3465173244476318
1.1480071544647217
0.7890253067016602
1.0238776206970215
0.9147008657455444
1.0978708267211914
1.1778737306594849
0.6892747282981873
1.178168535232544
5.39521598815918
5.469978332519531
2.060506582260132
2.336993455886841
1.442598819732666
2.4838738441467285
2.2343177795410156
2.040949583053589
1.5349540710449219
1.4595082998275757
1.9674456119537354
1.5124812126159668
1.5083813667297363
1.227530837059021
0.9766995906829834
1.0576362609863281
1.5821330547332764
0.8025457859039307
5.38289213180542
5.358221054077148
1.7872949838638306
1.8009415864944458
2.1773834228515625
2.2649612426757812
1.4134021997451782
1.8163129091262817
1.8181257247924805
1.1468003988265991
0.8952694535255432
1.163045883178711
3.0683209896087646
2.8623178005218506
2.0940985679626465
1.0424606800079346
2.1055541038513184
1.2878748178482056
1.94025456905365
1.2189749479293823
1.0994281768798828
1.1385698318481445
2.776214599609375
2.6504714488983154
1.5100140571594238
1.9999573230743408
1.7691091299057007
1.4646855592727661
1.529177188873291
1.0639766454696655
2.5489039421081543
2.3989577293395996
1.2841006517410278
1.6333580017089844
0.8067849278450012
2.6793949604034424
5.998232364654541
1.4106745719909668
1.0049967765808105
2.4680328369140625
1.907564401626587
1.6813938617706299
0.6868003010749817
0.6852933764457703
2.347301959991455
2.896350145339966
1.8145445585250854
1.6886460781097412
1.0221569538116455
0.6637658476829529
2.4998154640197754
2.0852856636047363
1.7653212547302246
0.7410818934440613
2.696892023086548
1.3182446956634521
0.9261542558670044
2.4970641136169434
0.9602130055427551
1.8293774127960205
1.4522582292556763
0.9782698750495911
1.0353156328201294
1.0559135675430298
1.1071877479553223
2.2159712314605713
1.1328637599945068
2.343402862548828
1.4918928146362305
1.1841626167297363
1.3674734830856323
1.3758918046951294
1.5303373336791992
1.545383334159851
1.447796106338501
1.5047404766082764
0.8130828142166138
1.0259164571762085
0.808021605014801
1.3595035076141357
1.0474923849105835
1.3855438232421875
1.8827394247055054
1.645679235458374
1.1175205707550049
0.943364679813385
1.181771993637085
1.965299367904663
1.768988013267517
2.082930088043213
2.047414779663086
1.7447394132614136
1.506531834602356
0.8437454700469971
0.9169853925704956
1.1693904399871826
1.233418345451355
1.7661243677139282
1.1131802797317505
0.9959092140197754
0.8757365345954895
1.0711195468902588
2.9351646900177
3.249211311340332
3.2924916744232178
3.389652729034424
3.3285703659057617
3.604912519454956
3.6634573936462402
3.430647134780884
3.9922945499420166
3.6376755237579346
4.127778053283691
4.0356245040893555
4.1677141189575195
4.397937774658203
4.124561786651611
4.848209857940674
5.0668487548828125
5.447658061981201
5.119911193847656
5.29218053817749
5.567582130432129
5.167942523956299
5.1796159744262695
5.764070510864258
5.595561504364014
5.478700637817383
5.256989479064941
5.331373691558838
5.569876194000244
5.292856216430664
5.643662452697754
5.454160690307617
5.745091915130615
5.522521018981934
3.242666244506836
3.412956476211548
3.2344045639038086
3.6743674278259277
3.837379217147827
3.6102426052093506
3.9718503952026367
4.228799819946289
4.356385707855225
4.7372331619262695
5.0496134757995605
5.002887725830078
5.7176337242126465
5.2466325759887695
5.688785076141357
3.3595597743988037
3.550801992416382
4.586112976074219
5.047982215881348
5.7805495262146
4.071881294250488
3.3520333766937256
5.199554920196533
5.978145599365234
5.417069911956787
3.482667922973633
5.356367111206055
5.364431381225586
4.36012601852417
3.383288621902466
4.400153160095215
3.5427849292755127
3.5734806060791016
4.839028358459473
5.564943313598633
3.7393484115600586
4.1603617668151855
4.069689750671387
3.6021299362182617
4.279922008514404
5.55435037612915
4.1983771324157715
5.448437213897705
5.679973125457764
5.776731014251709
3.9753828048706055
5.862633228302002
4.014440059661865
5.902573108673096
4.143871307373047
5.78391695022583
4.37831974029541
4.968394756317139
5.528825283050537
4.360325813293457
4.538360118865967
4.578459739685059
5.561756610870361
5.773945331573486
5.883608341217041
5.9404215812683105
5.942131042480469
2.006023406982422
2.0556137561798096
0.42766883969306946
0.6674367785453796
2.4900457859039307
2.7267367839813232
2.791334390640259
2.6047251224517822
1.909632921218872
1.8068758249282837
1.761379361152649
0.5366928577423096
1.720353126525879
0.9621292352676392
1.6484708786010742
1.549724817276001
2.627056121826172
2.6078715324401855
2.5717883110046387
2.8340330123901367
2.589061975479126
2.0405139923095703
1.8870186805725098
2.9515507221221924
2.7084498405456543
2.3469247817993164
3.069758176803589
2.0217480659484863
0.7727641463279724
1.7462621927261353
2.039200782775879
2.1428306102752686
2.5046370029449463
0.7424900531768799
2.7046031951904297
1.996629238128662
2.7257461547851562
1.9854340553283691
2.570512056350708
2.7481472492218018
0.4185551404953003
0.46198949217796326
2.6711530685424805
2.323777675628662
2.289116144180298
3.1309456825256348
0.9627318978309631
2.7065329551696777
3.2244720458984375
0.27700087428092957
2.1291115283966064
2.878375291824341
1.1705209016799927
1.7893487215042114
0.5659794211387634
2.6747753620147705
1.6680103540420532
2.8416085243225098
1.9249329566955566
2.6624374389648438
2.62931752204895
2.4729788303375244
1.612023115158081
2.5181052684783936
1.6765635013580322
2.399259567260742
1.6297563314437866
1.812247633934021
2.146042585372925
1.6966365575790405
1.6015242338180542
1.7022639513015747
1.8181711435317993
1.5496819019317627
2.106755018234253
2.4128220081329346
2.0634992122650146
2.2227466106414795
1.3786678314208984
0.7098520398139954
0.3833749294281006
0.4218727946281433
0.19279520213603973
1.1836906671524048
0.8158690333366394
1.786895751953125
0.37104254961013794
1.2757551670074463
0.5151170492172241
0.8017904162406921
1.0156794786453247
0.9454494118690491
1.079049825668335
2.2528936862945557
2.4508790969848633
2.1880104541778564
1.5310654640197754
2.315523624420166
0.4534216523170471
3.374777317047119
1.3156582117080688
2.87138032913208
3.7263097763061523
4.67653751373291
5.26183557510376
0.3079308867454529
0.5648464560508728
5.029983043670654
0.676173210144043
1.7109531164169312
0.9800887703895569
2.9456403255462646
2.1252174377441406
2.607245922088623
3.0937390327453613
0.26474177837371826
0.7861652970314026
3.359128713607788
3.0618228912353516
0.8256739377975464
3.640061378479004
0.6837761402130127
3.032104730606079
2.7427139282226562
3.110572099685669
0.4334000051021576
0.42850178480148315
1.5863584280014038
3.1427834033966064
3.175785541534424
3.3234920501708984
0.6985716819763184
2.068178415298462
3.2787704467773438
0.5014219284057617
2.1946825981140137
3.3568708896636963
0.4956388771533966
0.15047526359558105
1.9871001243591309
0.4755861461162567
0.3707020580768585
2.4072811603546143
3.320676803588867
2.5408413410186768
2.8655548095703125
3.217787504196167
0.4560386836528778
2.3914215564727783
3.120394706726074
3.8555235862731934
2.0197887420654297
1.8910422325134277
3.763857841491699
2.9051294326782227
1.2878501415252686
4.17620849609375
4.5219621658325195
1.9094440937042236
1.8337827920913696
1.4615278244018555
1.2764832973480225
1.1500788927078247
1.7224706411361694
0.5742112398147583
0.383985698223114
0.47462746500968933
0.7181416749954224
0.7514118552207947
0.8976621627807617
0.42591485381126404
0.4300330877304077
0.37764686346054077
0.8436866402626038
1.2661010026931763
0.8657960295677185
1.2301865816116333
4.068386077880859
2.258153200149536
1.6648244857788086
3.089332342147827
3.0593836307525635
3.379693031311035
4.114950180053711
4.8695759773254395
4.559228420257568
4.425109386444092
4.382874965667725
0.8550143837928772
3.296109437942505
4.038758277893066
4.704107284545898
4.542638778686523
4.04764986038208
1.7345752716064453
3.635730743408203
4.946786880493164
4.481023788452148
3.537543535232544
4.614109039306641
3.2105283737182617
5.46661901473999
4.80322790145874
4.760645389556885
4.870331764221191
3.100691318511963
5.139463901519775
3.373411178588867
3.864539384841919
3.8365535736083984
5.000037670135498
5.1339802742004395
5.654191017150879
5.262188911437988
4.019515037536621
2.759519338607788
2.4678163528442383
3.301422119140625
0.3375318944454193
4.648210525512695
4.600324630737305
4.749760627746582
4.529771327972412
5.016800403594971
1.0442173480987549
5.080399036407471
0.9347816705703735
4.096419334411621
5.520991802215576
5.8153977394104
5.461625576019287
5.963967800140381
1.020533800125122
6.0778489112854
6.0810017585754395
6.264865875244141
6.175785541534424
6.605358123779297
6.720702648162842
6.296481132507324
2.8382768630981445
6.335941791534424
6.161527156829834
6.277650356292725
4.635188579559326
0.38727912306785583
4.550422668457031
4.713828086853027
5.133071422576904
5.397562026977539
5.6856842041015625
6.0933146476745605
5.365882396697998
6.140631675720215
6.712818622589111
6.865628242492676
6.716108798980713
6.499591827392578
4.738860130310059
0.43319886922836304
4.863138198852539
0.3956286311149597
6.851996421813965
6.695240020751953
6.320789337158203
0.805122971534729
4.850708961486816
5.137146949768066
5.9405622482299805
6.233858108520508
6.737504482269287
6.80851936340332
6.389530181884766
0.7839761972427368
5.64166784286499
5.379601001739502
3.6974425315856934
6.289350509643555
6.783529758453369
5.946582794189453
5.959646701812744
6.138786315917969
6.432554244995117
0.8890429735183716
5.469006538391113
1.9277063608169556
5.187233924865723
6.278354167938232
6.455724716186523
5.02513313293457
1.8235995769500732
6.187598705291748
3.788843870162964
2.322979211807251
3.9856860637664795
5.876664638519287
6.400999546051025
6.689778804779053
6.916377544403076
6.987546443939209
6.787510395050049
2.8411641120910645
3.0520858764648438
3.6134443283081055
4.873780250549316
6.056590557098389
6.247439861297607
5.823145389556885
5.9548773765563965
6.0055155754089355
1.9218024015426636
2.515878200531006
2.3548483848571777
2.545897960662842
3.242180824279785
2.2838571071624756
2.4815163612365723
3.464174270629883
3.717275857925415
1.513030767440796
1.6367599964141846
2.712163209915161
2.799602508544922
2.195148229598999
1.65597665309906
3.6910006999969482
2.1485462188720703
2.920609474182129
2.1758618354797363
2.052055835723877
3.077725887298584
2.6665563583374023
1.988478183746338
3.892179250717163
4.073168754577637
3.521801233291626
2.079810380935669
2.4117801189422607
1.6859980821609497
1.8815382719039917
2.079712152481079
1.9566572904586792
1.4768098592758179
1.3537780046463013
1.638932228088379
1.7521390914916992
1.9041856527328491
1.6749885082244873
1.9559192657470703
1.7138919830322266
1.3571770191192627
1.4516489505767822
1.5853215456008911
1.0265849828720093
0.893470048904419
0.3244316577911377
0.3549938499927521
1.195208191871643
1.954438328742981
1.4690309762954712
0.964576005935669
0.7131003737449646
1.7054523229599
1.0691261291503906
1.6465983390808105
1.308072566986084
1.3433654308319092
0.9011271595954895
1.5353364944458008
1.5398268699645996
1.079198956489563
1.5276721715927124
1.3138278722763062
1.539599895477295
1.4556889533996582
1.6196784973144531
1.0208429098129272
1.2864669561386108
1.4756146669387817
1.495824933052063
1.7948209047317505
1.2251263856887817
0.3756404519081116
1.0873721837997437
2.13881516456604
0.7058303952217102
2.039375066757202
2.4960341453552246
2.07466197013855
1.9874833822250366
2.793429136276245
2.449357032775879
1.8720459938049316
1.485146164894104
1.8637921810150146
2.9117887020111084
3.896735906600952
2.6011130809783936
3.3747687339782715
3.605456590652466
1.3435566425323486
1.1176782846450806
1.6433942317962646
2.8884787559509277
1.3448349237442017
2.7872426509857178
3.000905752182007
3.076340675354004
1.8563833236694336
2.439713478088379
1.6029212474822998
2.3607499599456787
2.642207622528076
1.8811708688735962
2.403254508972168
2.043788194656372
2.912198781967163
2.2941184043884277
2.2240633964538574
2.510575771331787
2.5167698860168457
2.1228585243225098
2.3830482959747314
2.366201162338257
2.2356412410736084
1.2613977193832397
1.6861642599105835
0.7822394371032715
1.6195130348205566
2.259765625
1.6453852653503418
1.8461155891418457
0.38343045115470886
2.0300498008728027
1.47080397605896
2.579561233520508
1.080973505973816
0.4991803467273712
1.5573891401290894
0.9821993708610535
2.297679901123047
1.9151006937026978
1.1285451650619507
1.4560599327087402
1.8182742595672607
2.5753183364868164
2.547358274459839
1.7052197456359863
1.210434913635254
1.2963762283325195
1.0069448947906494
1.6293312311172485
2.162663221359253
1.2857671976089478
0.5913780927658081
2.1413938999176025
2.1222972869873047
0.21718265116214752
1.3692768812179565
1.1982625722885132
0.9959148168563843
1.4979392290115356
2.1866533756256104
1.63845956325531
2.125385284423828
2.6812562942504883
0.4421791136264801
2.1552693843841553
2.274073362350464
2.0091047286987305
2.3372628688812256
1.6285337209701538
1.787254810333252
1.8239742517471313
2.1579179763793945
0.33544793725013733
1.9651540517807007
0.7319050431251526
1.1018961668014526
3.11637544631958
1.0024168491363525
1.004707932472229
0.6457579731941223
0.6615523099899292
0.5686944723129272
5.549181938171387
1.0981907844543457
0.4564954340457916
0.3600596785545349
1.4582195281982422
1.8716845512390137
1.031479001045227
0.053938355296850204
2.068824529647827
6.276945114135742
0.6337931156158447
0.6232503056526184
6.19570255279541
1.6323888301849365
5.785545349121094
2.6507322788238525
1.0026171207427979
5.873543739318848
5.670359134674072
0.409854531288147
0.7287542223930359
0.741570770740509
5.7895426750183105
5.864928722381592
5.857619285583496
1.3879364728927612
0.9109079837799072
0.07043331861495972
2.6852009296417236
1.2393549680709839
0.6965798735618591
5.74844217300415
0.5832165479660034
2.023247480392456
0.03621441125869751
3.1054251194000244
5.779062271118164
1.094436526298523
1.1988576650619507
0.25173962116241455
5.849752902984619
0.036309998482465744
5.67609977722168
1.4621360301971436
5.527592182159424
5.283316135406494
5.285125732421875
5.614326000213623
1.8339523077011108
4.650179386138916
5.108036994934082
5.648512840270996
5.534628391265869
2.0149037837982178
2.4843430519104004
1.434599757194519
1.5943008661270142
4.252583980560303
3.223365306854248
0.43485692143440247
1.2785074710845947
1.875427007675171
3.367784023284912
1.8436381816864014
2.6677820682525635
1.5137614011764526
1.985687017440796
2.120854139328003
2.0352108478546143
2.6245181560516357
2.272785186767578
1.55962073802948
2.2222578525543213
0.48469430208206177
2.4206721782684326
1.4356318712234497
1.3723198175430298
1.889975666999817
1.973415732383728
2.2098095417022705
2.4574203491210938
1.9424922466278076
2.8045411109924316
1.8455991744995117
2.051740884780884
2.2694385051727295
0.5199617147445679
2.545682668685913
2.046433925628662
4.878834247589111
0.3608492612838745
1.9056562185287476
1.4944806098937988
1.7050487995147705
0.6151853203773499
0.8192172646522522
5.214473247528076
0.4645845592021942
1.099281907081604
1.1811268329620361
5.66661262512207
5.698661804199219
0.3024609088897705
5.480240821838379
2.3657660484313965
2.226742744445801
3.0615251064300537
3.8838584423065186
0.9693868160247803
3.8034961223602295
1.8992153406143188
2.6457881927490234
0.6951689124107361
2.4355568885803223
1.9383295774459839
2.867233991622925
2.9957571029663086
1.3012791872024536
2.4635608196258545
2.7121963500976562
0.5173889398574829
1.4075864553451538
0.7098287343978882
2.612565040588379
0.28119924664497375
1.7447869777679443
1.2483230829238892
0.93378746509552
6.120960712432861
0.5346878170967102
1.2540091276168823
5.609888076782227
5.653043270111084
5.547823429107666
2.7288036346435547
1.1458323001861572
1.3743430376052856
4.1774797439575195
2.167917013168335
0.6824678778648376
2.0243186950683594
2.6019999980926514
1.2640663385391235
2.0792033672332764
2.0303313732147217
2.476083993911743
1.7955470085144043
1.316422462463379
2.33137583732605
2.159813642501831
1.4508278369903564
5.463104248046875
0.5537157654762268
0.9077006578445435
1.3567407131195068
1.8857173919677734
5.645938873291016
4.616643905639648
5.524570465087891
4.532800197601318
2.6324620246887207
1.7629488706588745
2.8253254890441895
2.288823127746582
2.024989128112793
2.379019021987915
0.24283678829669952
2.09865403175354
2.0359389781951904
0.4507356882095337
1.363660454750061
2.584169864654541
2.7117514610290527
3.8178212642669678
3.069394826889038
1.3357130289077759
1.3867764472961426
1.8652950525283813
2.3879129886627197
2.0883731842041016
1.3464653491973877
2.380201578140259
2.2212300300598145
1.596153974533081
1.509271264076233
4.950886249542236
5.702455043792725
2.1846630573272705
0.8286112546920776
0.521171510219574
1.9026317596435547
1.9217097759246826
2.2825911045074463
3.074859857559204
2.0929925441741943
1.151615858078003
1.418698787689209
2.295996904373169
2.3370931148529053
0.3033912479877472
0.12218602001667023
1.1063055992126465
5.423701763153076
5.618000030517578
2.748145818710327
2.217766284942627
2.4638686180114746
0.6284390687942505
1.7298074960708618
5.276802062988281
2.516491174697876
0.18672804534435272
1.467329740524292
1.7262530326843262
0.9282382726669312
1.1145004034042358
5.759842872619629
5.693428993225098
2.805689811706543
3.555985450744629
2.5263702869415283
1.386215090751648
3.5423035621643066
1.6787919998168945
2.5789871215820312
2.704462766647339
3.311493396759033
2.475064992904663
1.3073734045028687
3.439410448074341
3.863943576812744
5.638950347900391
2.8233330249786377
0.275022953748703
1.5633432865142822
1.3719220161437988
1.466933250427246
0.9453301429748535
2.313342332839966
2.281811475753784
3.6696877479553223
2.223616123199463
0.9029069542884827
0.842907726764679
2.129500150680542
5.586507797241211
1.6805475950241089
1.6306798458099365
5.548244953155518
0.8620204329490662
2.7455015182495117
1.7180389165878296
4.328726768493652
1.2581173181533813
5.396346092224121
2.1226398944854736
2.08771014213562
