9.876351576561311e-42
7.258543014526367
6.129621982574463
0.28692305088043213
1.7452077865600586
1.3523404598236084
0.11739756911993027
1.4510418176651
1.5003421306610107
0.7947707176208496
0.9801912307739258
1.0335196256637573
1.3548226356506348
1.506423830986023
0.9779040813446045
0.8246111869812012
6.021322250366211
0.3263082504272461
1.4147533178329468
0.8592414259910583
0.6345862746238708
1.8453744649887085
0.8899150490760803
0.8298192024230957
0.6591439247131348
1.7587112188339233
1.0857948064804077
0.9818665981292725
1.1334619522094727
1.6359530687332153
1.0876551866531372
0.759901225566864
1.438005805015564
0.6983960270881653
1.2976417541503906
1.0185984373092651
1.4773986339569092
1.2867233753204346
0.7934359908103943
1.442397117614746
0.5745195746421814
1.3144774436950684
5.9684739112854
5.712615966796875
0.545815110206604
1.7733354568481445
0.5490511655807495
0.3806357681751251
0.5655164122581482
1.1047290563583374
1.147579550743103
1.3687517642974854
0.8051217198371887
1.4000910520553589
1.446285605430603
0.44927334785461426
1.115166187286377
1.3801041841506958
1.31754469871521
1.1431316137313843
5.629002571105957
5.4327569007873535
0.8824284076690674
1.1067419052124023
1.0705376863479614
0.9785810708999634
1.3625679016113281
0.8498339056968689
1.3731307983398438
0.9024396538734436
1.0034114122390747
1.3904691934585571
0.22043685615062714
1.1672163009643555
0.398656964302063
1.0487340688705444
0.5240867137908936
1.4404175281524658
1.4353203773498535
0.7248284816741943
1.1998249292373657
1.4124817848205566
0.9377415776252747
1.771042823791504
1.2467725276947021
0.632210373878479
1.4893511533737183
1.5744194984436035
0.958996057510376
1.4858092069625854
1.4926773309707642
0.9651053547859192
1.033531904220581
1.0720854997634888
1.2601135969161987
0.8986256122589111
6.09517240524292
1.1448291540145874
0.9799565672874451
0.1860354095697403
1.0204756259918213
1.6271625757217407
0.6434395909309387
0.675879955291748
0.35643434524536133
0.9251833558082581
1.1737383604049683
1.3534225225448608
0.6593818068504333
1.230808138847351
0.28617721796035767
1.1861357688903809
0.7710143327713013
1.377429485321045
1.2484172582626343
1.0474904775619507
1.056172490119934
0.660913348197937
0.9701210260391235
1.1351240873336792
1.2057702541351318
0.3445046842098236
0.8001735806465149
0.6613671183586121
1.061832308769226
1.0519580841064453
1.2800318002700806
1.2008352279663086
0.7038214206695557
0.950242280960083
0.8403260111808777
1.1491954326629639
0.9567134380340576
0.5872299671173096
0.6166456937789917
1.0809438228607178
1.4136688709259033
0.993166983127594
1.1277096271514893
1.0482134819030762
1.5554518699645996
0.6827850341796875
0.5248260498046875
0.6631796956062317
0.4913138449192047
1.0235421657562256
1.7519859075546265
0.6398013830184937
1.1022557020187378
0.5740065574645996
1.0232912302017212
0.7380459308624268
0.5232453942298889
1.1286894083023071
0.8878525495529175
0.7952091097831726
0.6575164198875427
0.8738625049591064
0.45964550971984863
0.20023268461227417
0.7847402691841125
0.9051567912101746
6.648508071899414
6.941812515258789
7.736561298370361
6.872747421264648
7.5680251121521
7.54896879196167
7.042326927185059
7.9082207679748535
7.6787919998168945
8.03768539428711
8.56891918182373
8.337485313415527
8.443188667297363
8.927291870117188
8.356078147888184
8.569947242736816
8.309697151184082
8.849437713623047
8.072915077209473
8.958003044128418
7.837137222290039
7.909720420837402
7.6167521476745605
7.730787754058838
7.514625549316406
7.58756160736084
7.581203460693359
7.613633632659912
7.233789920806885
7.32957124710083
7.231886386871338
7.367548942565918
6.618613243103027
6.335148334503174
7.082535266876221
7.232300281524658
7.989033222198486
7.2582244873046875
8.001839637756348
8.217394828796387
8.192768096923828
8.749350547790527
8.489975929260254
8.800966262817383
8.47170639038086
8.390028953552246
8.69981861114502
7.901525974273682
8.018417358398438
7.377285480499268
8.12652587890625
8.9061279296875
8.420578002929688
8.626228332519531
7.581941604614258
8.10315990447998
7.9464850425720215
8.453556060791016
7.7251458168029785
7.839366436004639
8.017958641052246
7.370048999786377
8.086380958557129
8.077507972717285
8.752144813537598
7.723427772521973
8.103848457336426
8.762504577636719
6.408542633056641
8.097219467163086
7.937129497528076
7.967667579650879
8.046956062316895
7.752101898193359
5.830469608306885
8.009730339050293
8.107412338256836
6.071187973022461
6.335177421569824
8.195754051208496
6.567058563232422
8.095417976379395
6.524664878845215
8.2638521194458
7.273066520690918
8.160903930664062
8.634100914001465
8.201346397399902
8.441716194152832
8.584625244140625
8.727187156677246
8.459988594055176
8.255884170532227
7.997425556182861
7.6446123123168945
6.620311737060547
2.3315186500549316
2.397942543029785
3.164370536804199
1.9799195528030396
6.384908199310303
7.301199913024902
6.935931205749512
6.601522445678711
5.652698993682861
5.84884786605835
6.142460346221924
2.452958106994629
5.882991790771484
2.7516772747039795
5.808821201324463
5.657382011413574
5.740608215332031
5.751611232757568
5.753439426422119
6.2786431312561035
6.017614841461182
4.849670886993408
5.609742164611816
6.5403828620910645
6.0672383308410645
5.964864730834961
6.3405232429504395
2.276978015899658
2.849069118499756
2.087247848510742
5.151394844055176
6.300040245056152
6.8972320556640625
2.187615156173706
6.01701021194458
5.4893035888671875
5.901661396026611
6.121086597442627
5.839620113372803
6.080533981323242
2.807798385620117
2.969801902770996
7.3334221839904785
5.363735198974609
5.743626594543457
6.474331855773926
1.9880965948104858
5.7867021560668945
6.670650959014893
2.9320578575134277
5.828917026519775
6.225181579589844
2.094412326812744
5.667079925537109
2.8530235290527344
5.65352725982666
5.482497692108154
6.117750644683838
5.446589946746826
5.998108386993408
6.0438313484191895
5.436977386474609
5.312550067901611
5.720583438873291
5.7356085777282715
5.626727104187012
6.1685028076171875
5.680505752563477
5.485562324523926
7.0738844871521
5.912535667419434
5.822734355926514
5.777599811553955
5.6161956787109375
6.382567405700684
7.230460166931152
7.1640801429748535
6.524525165557861
3.5113413333892822
2.030806303024292
2.434196949005127
2.4217660427093506
1.982871174812317
1.7195876836776733
1.7795898914337158
2.3872132301330566
2.2287986278533936
7.2350664138793945
6.554592132568359
1.0533865690231323
6.479581356048584
4.937976837158203
3.7211320400238037
6.217160701751709
5.83708381652832
5.4102983474731445
4.429368495941162
4.025423049926758
2.3798036575317383
4.586453914642334
1.6630998849868774
3.3252413272857666
4.984341621398926
6.025933742523193
6.405307769775391
2.178248405456543
1.805296540260315
6.708395004272461
4.910026550292969
6.299196720123291
2.279221534729004
4.818483352661133
4.759059906005859
5.343935966491699
5.945866584777832
1.6688947677612305
1.398207187652588
5.171899318695068
4.577639102935791
2.1621549129486084
6.018856525421143
6.12069034576416
5.363980770111084
4.962240695953369
5.73499870300293
1.9134080410003662
2.9591376781463623
4.937141418457031
4.262679576873779
5.218995094299316
5.661861419677734
3.194718837738037
5.029939651489258
4.785112380981445
2.624185562133789
5.047173023223877
4.992974281311035
3.285738706588745
2.8078737258911133
4.829643249511719
2.9775474071502686
2.251713514328003
5.141632556915283
5.348210334777832
3.873365879058838
3.9939286708831787
4.155013084411621
2.1219301223754883
2.825575351715088
4.767428874969482
5.207776069641113
2.990353584289551
2.860064744949341
5.248885154724121
4.362537860870361
2.6223814487457275
5.8911824226379395
5.992308616638184
2.7912986278533936
2.456038475036621
1.8728647232055664
0.9078288078308105
1.2208740711212158
1.7020424604415894
2.611450672149658
2.4659218788146973
1.8019484281539917
1.4143778085708618
2.218703031539917
1.742408037185669
1.5579521656036377
1.8620152473449707
2.256714344024658
2.4209439754486084
2.399183511734009
1.6722952127456665
2.23333477973938
5.168519020080566
3.643721342086792
3.2850940227508545
6.16433572769165
6.303746223449707
6.7273945808410645
7.368366241455078
7.905104637145996
8.179102897644043
7.928557395935059
7.213810920715332
1.7494843006134033
6.467458248138428
6.862210750579834
8.219284057617188
7.5821309089660645
8.811970710754395
3.375892162322998
6.792042255401611
7.993020057678223
7.751761436462402
6.291075706481934
7.888159275054932
6.301911354064941
7.464103698730469
8.052658081054688
7.4860076904296875
7.682135105133057
6.132943630218506
8.024620056152344
5.782766342163086
5.024288177490234
5.212193489074707
6.204730987548828
6.552448272705078
6.787609577178955
7.994241237640381
6.585407733917236
6.27530574798584
5.1639862060546875
6.480745792388916
2.0835955142974854
7.457189559936523
7.587857246398926
7.744840145111084
8.393166542053223
7.997802257537842
0.6217178702354431
8.597973823547363
0.7441055178642273
8.442753791809082
8.657421112060547
8.360662460327148
8.83100700378418
8.41983413696289
1.8010708093643188
8.2576322555542
8.198829650878906
8.190237998962402
8.320199966430664
7.604797840118408
8.387894630432129
7.261809825897217
4.514735221862793
7.492561340332031
7.423637866973877
7.7059197425842285
7.454940319061279
1.200701117515564
7.984668731689453
8.90002155303955
7.933023929595947
8.29084300994873
8.354290008544922
8.096020698547363
9.248385429382324
7.352531909942627
7.970431804656982
7.587419509887695
6.884912967681885
7.455173969268799
7.5806708335876465
1.7568966150283813
9.201757431030273
1.04767906665802
8.098031997680664
6.936588764190674
7.678637504577637
1.9569848775863647
8.378536224365234
8.769876480102539
8.59263801574707
7.425525665283203
8.464975357055664
7.164412021636963
7.600842475891113
0.7230870723724365
8.79953384399414
8.30099868774414
7.239786148071289
7.37671422958374
7.670855522155762
8.384800910949707
8.508854866027832
7.981845855712891
8.640201568603516
1.3735650777816772
8.313292503356934
3.8541066646575928
8.801946640014648
7.3574934005737305
7.284124851226807
9.115779876708984
3.557180404663086
7.0915608406066895
7.760663986206055
4.38483190536499
6.023808479309082
8.311484336853027
7.099407196044922
7.2205491065979
7.126749038696289
7.636081695556641
8.203572273254395
5.256556034088135
5.001656532287598
5.457693576812744
8.122101783752441
8.031904220581055
7.433258056640625
7.550400257110596
6.716111660003662
6.693973541259766
2.0596132278442383
0.8692178726196289
0.4287774860858917
1.9874752759933472
2.0765414237976074
1.5883110761642456
1.0181422233581543
1.324374794960022
1.5552624464035034
1.0760577917099
0.6392144560813904
2.0428452491760254
0.9974658489227295
0.9170177578926086
0.6367493867874146
0.9022046327590942
0.9693920016288757
1.9277721643447876
1.3938767910003662
1.1800260543823242
2.813716173171997
1.5531340837478638
2.465878963470459
0.4568217098712921
1.2596467733383179
1.2589404582977295
4.81212854385376
2.613535165786743
4.52658748626709
4.398197174072266
1.0513046979904175
2.5912699699401855
2.256683826446533
2.759643793106079
0.5545853972434998
0.1331966668367386
3.4746830463409424
0.8223829865455627
1.1351277828216553
1.8075156211853027
1.175511360168457
2.1706385612487793
1.6144920587539673
0.21157829463481903
0.5237948894500732
0.1292029619216919
0.6155673265457153
1.6289082765579224
1.7513476610183716
1.8479225635528564
0.7758582830429077
0.8121210932731628
1.4319950342178345
2.8519673347473145
1.2835209369659424
1.8251042366027832
0.7423917055130005
0.6392874717712402
2.7657556533813477
0.8509210348129272
0.7406847476959229
1.5085357427597046
0.5199025273323059
3.2161073684692383
3.785288095474243
3.2577247619628906
1.9532173871994019
2.704571008682251
3.2141268253326416
0.682109534740448
1.1344014406204224
0.5181704759597778
0.6450098752975464
0.6916395425796509
1.9720083475112915
1.7596001625061035
2.172959566116333
2.1989011764526367
2.6190733909606934
2.8542518615722656
3.3092329502105713
3.806270122528076
2.8550796508789062
3.2365949153900146
2.365633487701416
2.808187961578369
2.113670587539673
2.3283092975616455
2.720620632171631
1.3530120849609375
2.223158121109009
2.150969982147217
1.352609634399414
2.2476704120635986
1.4975980520248413
2.0731894969940186
1.476651906967163
1.7936142683029175
1.8543699979782104
3.162891387939453
0.8722979426383972
1.9049409627914429
1.5902172327041626
3.2948899269104004
1.8636101484298706
2.0086658000946045
3.045161247253418
1.0874439477920532
0.9177204966545105
0.9759549498558044
1.2628083229064941
2.3803768157958984
0.6659848690032959
3.0327627658843994
1.3526407480239868
1.1083658933639526
1.5424813032150269
1.1067227125167847
1.9095616340637207
3.903669834136963
1.8049761056900024
1.6220875978469849
1.0283324718475342
3.3097639083862305
2.006671190261841
3.0745129585266113
2.1060967445373535
1.0550360679626465
3.1341288089752197
1.7860277891159058
2.166085958480835
2.253588914871216
1.5408384799957275
1.4179184436798096
2.3347349166870117
2.6213247776031494
3.757394313812256
2.512202262878418
1.1028612852096558
1.5857335329055786
1.4785854816436768
3.401392936706543
3.8748879432678223
2.2774572372436523
1.0853129625320435
3.261913299560547
3.4512059688568115
0.9223892092704773
1.2296680212020874
2.254795789718628
1.4544535875320435
1.5218557119369507
3.089975118637085
2.627612352371216
3.681605577468872
3.632359504699707
1.9554178714752197
2.666322708129883
2.3057026863098145
2.6887567043304443
2.1220216751098633
1.1919784545898438
0.7120329737663269
1.0218602418899536
3.349175453186035
1.4036011695861816
2.219632387161255
1.2666410207748413
0.9989448189735413
5.176948547363281
1.0338611602783203
1.2598797082901
1.4701417684555054
0.8291299343109131
1.088798999786377
7.862328052520752
1.3153278827667236
2.2372782230377197
0.9674500823020935
3.240600824356079
1.4093272686004639
1.0795478820800781
0.7626503705978394
2.089709520339966
7.6546478271484375
0.9138067960739136
0.6770092844963074
7.626171588897705
0.8796451687812805
6.061328887939453
3.5516767501831055
2.3960120677948
6.211641788482666
5.464045524597168
0.36113932728767395
0.9777311682701111
0.7327790856361389
6.059839725494385
6.637860298156738
6.4493231773376465
1.0988705158233643
0.8767521381378174
0.7172433733940125
2.1044750213623047
0.33809414505958557
1.1831138134002686
5.91680383682251
0.8472817540168762
1.875880479812622
1.4099459648132324
2.4507808685302734
5.429453372955322
1.104218602180481
0.6325174570083618
0.8173763155937195
4.969648838043213
0.3994584083557129
5.984678268432617
1.2757083177566528
4.498404026031494
4.186692714691162
4.710740566253662
5.077882289886475
1.798315167427063
4.1844162940979
4.949023723602295
5.348521709442139
6.303072452545166
2.018996238708496
2.2825028896331787
3.097144603729248
2.2697205543518066
2.658506155014038
1.8594014644622803
2.2015230655670166
2.3503198623657227
2.457134485244751
2.6701202392578125
2.473017454147339
3.0422589778900146
1.6706488132476807
2.9360857009887695
2.125903844833374
0.37750741839408875
0.9484979510307312
3.421964168548584
1.7516608238220215
0.8070669174194336
1.726564645767212
2.3798108100891113
2.0082030296325684
5.376888751983643
2.383488178253174
3.3643367290496826
3.1566333770751953
1.928731083869934
3.17512583732605
4.882623195648193
3.2358951568603516
1.3295869827270508
3.284022569656372
2.3108508586883545
3.7660651206970215
3.182682514190674
7.008086204528809
1.0376614332199097
1.8423337936401367
2.4232873916625977
1.5221010446548462
0.3056439161300659
0.459382027387619
4.047945976257324
1.0273610353469849
0.16844473779201508
0.6957080364227295
5.2924933433532715
5.061023712158203
0.4001016318798065
5.233389377593994
1.7261656522750854
3.0638089179992676
2.209017276763916
2.6662752628326416
2.817410707473755
3.035076379776001
1.7584022283554077
2.1768593788146973
1.3713239431381226
3.4690256118774414
1.4334158897399902
1.8155351877212524
2.740065336227417
1.069960117340088
3.1226041316986084
3.1890792846679688
1.345922827720642
4.069283962249756
1.2826898097991943
3.521176338195801
2.2649269104003906
1.300512433052063
0.9445714354515076
0.9107313752174377
7.274487018585205
0.5311084985733032
0.678881824016571
5.317198276519775
5.264338493347168
5.850433826446533
1.6070140600204468
2.803908109664917
2.6614959239959717
1.8469116687774658
2.6729753017425537
0.967485249042511
0.879597008228302
2.7179789543151855
0.6041657328605652
2.7529866695404053
2.512375593185425
2.7728781700134277
1.351961612701416
2.691279649734497
2.5941851139068604
2.9725353717803955
1.2162721157073975
6.351011276245117
0.9927380681037903
0.8248395919799805
0.6368993520736694
0.8690449595451355
5.690713405609131
3.29683780670166
6.228092193603516
2.0133004188537598
2.2554144859313965
2.3044850826263428
1.5134981870651245
1.9171717166900635
3.35608172416687
2.577775239944458
0.9268977046012878
2.6739041805267334
1.0106748342514038
2.1357204914093018
0.8568850159645081
2.0080363750457764
2.175987482070923
1.8171586990356445
1.9842458963394165
1.9148904085159302
1.4689910411834717
1.9926276206970215
2.153648614883423
2.512704372406006
1.5665078163146973
2.899319648742676
1.2634445428848267
3.772282838821411
0.8739262819290161
3.7355191707611084
5.026533126831055
1.9637377262115479
1.986100435256958
0.9774569272994995
2.3804142475128174
3.8619577884674072
3.9899444580078125
1.8824982643127441
2.278742790222168
2.46772837638855
1.830162525177002
4.203332901000977
3.3848817348480225
0.27614378929138184
1.0580143928527832
1.2651156187057495
4.312705993652344
4.73146390914917
2.2629175186157227
3.8512611389160156
3.7181663513183594
1.7130848169326782
0.7588847875595093
4.067226886749268
1.8824818134307861
0.9667993783950806
0.9349134564399719
2.79069447517395
1.2769984006881714
1.13631010055542
4.911501407623291
5.765881538391113
3.550673723220825
6.004250526428223
2.76353120803833
1.0690715312957764
4.61959981918335
1.521210789680481
4.569631099700928
3.8616559505462646
2.0394866466522217
1.5131735801696777
2.022348403930664
5.0775465965271
5.5717973709106445
6.051738739013672
4.602283954620361
0.8608447909355164
3.122452974319458
0.9532080292701721
3.5211238861083984
0.909417450428009
3.0314955711364746
2.2947089672088623
5.933587551116943
3.3065009117126465
3.2969202995300293
1.506579875946045
2.335780143737793
6.1822428703308105
1.592140555381775
3.234812021255493
6.408763408660889
2.9308254718780518
1.8465646505355835
1.8485846519470215
5.328353404998779
1.576627492904663
5.580092906951904
2.0017576217651367
1.8451635837554932
