9.876351576561311e-42
7.3040900230407715
7.439206123352051
1.5157232284545898
1.5186388492584229
1.5813053846359253
1.472699522972107
1.5229169130325317
1.527801513671875
1.1946055889129639
1.3460853099822998
1.5353078842163086
1.3111339807510376
0.8119645118713379
1.1808116436004639
1.4194035530090332
7.715803146362305
1.4240338802337646
1.315917730331421
1.6309791803359985
1.7466307878494263
1.4586682319641113
1.500980019569397
1.610597848892212
1.5612869262695312
1.1632015705108643
0.8654643297195435
1.549042820930481
1.6129076480865479
0.6864624619483948
1.6149832010269165
0.2585355043411255
1.70987069606781
1.6309666633605957
1.344221591949463
1.627869963645935
1.519829511642456
1.446558952331543
0.8287711143493652
1.5739805698394775
1.6975265741348267
1.827177882194519
7.442214488983154
7.6522111892700195
1.411795735359192
1.1402240991592407
1.34800124168396
1.2297559976577759
1.0568639039993286
1.3635001182556152
1.3687663078308105
1.4945558309555054
1.4078452587127686
1.2249997854232788
1.4328551292419434
1.529435396194458
1.5288949012756348
1.7014466524124146
1.2689288854599
1.5953888893127441
7.650452613830566
7.856215476989746
1.4559162855148315
1.4204670190811157
1.38181471824646
1.2751613855361938
1.566398024559021
1.4971575736999512
1.3751227855682373
1.7511171102523804
1.5780808925628662
1.8559532165527344
0.9553741216659546
0.8078124523162842
1.6006269454956055
1.3447571992874146
1.0640662908554077
1.6990300416946411
1.3952107429504395
1.6796879768371582
1.5274988412857056
1.8578236103057861
0.40551480650901794
0.34174296259880066
1.4080243110656738
1.1783510446548462
1.6079214811325073
1.0806560516357422
1.6404249668121338
1.6261228322982788
0.5803461670875549
1.4779412746429443
1.0167264938354492
1.6759231090545654
1.5693745613098145
0.9917796850204468
6.898767948150635
0.3802620768547058
1.6359542608261108
1.082958698272705
1.6859667301177979
1.3799021244049072
1.521607518196106
1.608574390411377
1.4517133235931396
1.6093037128448486
1.3723969459533691
1.4678010940551758
1.4403659105300903
1.6317174434661865
1.5642955303192139
1.4405540227890015
1.3167837858200073
1.5181254148483276
1.4171574115753174
1.7226786613464355
1.5692085027694702
1.6273082494735718
1.5031851530075073
1.430068016052246
1.3196544647216797
1.5489455461502075
1.6572108268737793
1.6775743961334229
1.5797667503356934
1.380877137184143
1.6341601610183716
1.4752451181411743
0.8398272395133972
1.8165849447250366
1.7675449848175049
1.3581466674804688
1.7320929765701294
1.3810983896255493
1.0565284490585327
1.41877019405365
1.336409330368042
1.4074110984802246
1.3361499309539795
1.7298544645309448
1.3176158666610718
1.6052590608596802
1.4491112232208252
1.6391830444335938
1.4261407852172852
1.350250244140625
1.4636462926864624
1.3583978414535522
1.6192042827606201
1.5191428661346436
1.468004584312439
1.4071062803268433
1.2483159303665161
1.2286195755004883
1.2111828327178955
1.2445957660675049
0.4706660211086273
1.2341489791870117
1.033947229385376
1.0732977390289307
0.33854153752326965
0.9155313372612
4.316684246063232
4.888320446014404
5.283562660217285
4.685258865356445
5.235174655914307
5.258306980133057
4.663424015045166
5.5702667236328125
5.144263744354248
5.800183296203613
6.652852535247803
6.507978916168213
6.5711894035339355
6.884776592254639
6.437938690185547
7.088297367095947
7.125243663787842
6.829316139221191
6.975191593170166
6.671543121337891
7.113836288452148
6.969661235809326
7.090386867523193
7.093110084533691
7.008335590362549
6.99163818359375
7.032402515411377
7.010775566101074
7.041788578033447
7.205157279968262
7.023539066314697
7.070300102233887
7.2025370597839355
7.35462760925293
4.992644786834717
5.069988250732422
5.448457717895508
4.906982898712158
5.490911960601807
6.207849979400635
6.409035682678223
6.723690032958984
6.519608974456787
7.007017135620117
7.088071823120117
7.2543768882751465
6.856656074523926
6.97297477722168
7.137420654296875
5.1977691650390625
6.0912652015686035
6.872908592224121
7.220976829528809
6.948380947113037
4.9692702293396
5.811931133270264
7.048699855804443
7.016926288604736
7.0451436042785645
5.471858501434326
7.18766450881958
7.125240802764893
5.534411430358887
5.737279415130615
6.7121758460998535
5.368648052215576
6.069777488708496
6.852260589599609
7.296719074249268
5.668722152709961
5.737114429473877
5.9305548667907715
5.889017105102539
5.744049072265625
7.57509183883667
6.035719394683838
7.18825626373291
7.449855327606201
7.400201320648193
6.3229851722717285
7.233389854431152
6.151806831359863
7.212563991546631
6.308681964874268
7.025137901306152
6.204643726348877
6.9776458740234375
7.132307529449463
6.434024810791016
6.449250221252441
6.604838848114014
7.0385613441467285
7.110731601715088
7.12174129486084
7.11333703994751
7.190841197967529
2.1843791007995605
0.007518786005675793
0.77053302526474
0.8048914670944214
2.0600624084472656
1.8591283559799194
1.500134825706482
1.0931682586669922
2.221202850341797
2.118884325027466
1.9773834943771362
0.7905198335647583
0.9335426092147827
0.9838759899139404
1.0013623237609863
1.6719286441802979
3.2351880073547363
3.092766046524048
2.869870662689209
3.7807393074035645
2.9411072731018066
1.6216944456100464
1.8484832048416138
4.198639869689941
3.282202959060669
2.65325927734375
3.9721078872680664
1.5229723453521729
0.3831002712249756
1.4403685331344604
1.8523331880569458
1.0463786125183105
1.1403526067733765
0.9645188450813293
3.3432745933532715
2.114636182785034
3.538088798522949
2.2247695922851562
2.98285174369812
3.4656662940979004
0.6855120062828064
1.3004323244094849
1.3945057392120361
2.297009229660034
2.5565853118896484
4.274646282196045
1.4664314985275269
2.681752920150757
4.522498607635498
1.1412757635116577
2.3710968494415283
3.938455104827881
1.9479748010635376
2.0015876293182373
0.542982280254364
2.528191089630127
1.7235397100448608
3.7410523891448975
2.211941719055176
3.3143556118011475
3.1168713569641113
2.493600845336914
1.314844012260437
2.6721179485321045
2.1278865337371826
2.608776569366455
1.9957481622695923
1.0350778102874756
2.2753937244415283
1.1110748052597046
1.9224222898483276
1.3170727491378784
1.1302295923233032
1.3331177234649658
0.9794226288795471
1.0984500646591187
1.1919238567352295
1.2550212144851685
1.297677755355835
0.9154654145240784
0.5609153509140015
0.48043233156204224
0.6820368766784668
1.0487679243087769
0.7709042429924011
1.4935392141342163
0.1660212129354477
1.2276947498321533
1.2175917625427246
0.44886764883995056
1.386904239654541
1.6448925733566284
1.4585517644882202
2.341076612472534
2.8498942852020264
1.823822021484375
1.9631606340408325
1.9905433654785156
0.6095625758171082
3.2684314250946045
1.358238697052002
2.1486518383026123
3.6892316341400146
4.098897933959961
4.071954250335693
0.3411160111427307
0.4189619719982147
4.3677496910095215
1.1433817148208618
1.2611093521118164
0.4350462257862091
3.075958490371704
2.0599162578582764
2.439915180206299
3.467367649078369
0.32561343908309937
0.8457616567611694
3.877181053161621
2.842982053756714
1.1253377199172974
3.619237184524536
1.8037817478179932
3.3219456672668457
2.448502540588379
3.4790027141571045
1.0751954317092896
0.7514961361885071
1.8020285367965698
2.7509477138519287
3.4670376777648926
3.463677406311035
1.1651126146316528
1.848541498184204
3.3689165115356445
0.40346187353134155
1.9916822910308838
3.5749826431274414
0.8582311272621155
1.196171522140503
2.094205617904663
1.3470169305801392
0.9895082712173462
2.2288317680358887
3.497905969619751
2.0914506912231445
2.3150696754455566
2.8386058807373047
0.9194604754447937
1.7282946109771729
3.4082775115966797
3.4336280822753906
1.8178383111953735
2.104492664337158
3.5861973762512207
2.954404354095459
1.6999379396438599
3.9872312545776367
3.6152641773223877
1.9163376092910767
1.6333140134811401
1.6368707418441772
0.9818183779716492
0.7286627888679504
1.0822656154632568
0.6660071611404419
1.0341194868087769
0.612564206123352
0.6760721206665039
0.5407832264900208
0.7140929102897644
0.29138699173927307
0.5433202981948853
0.5163634419441223
1.386953353881836
1.420728087425232
0.9419237971305847
1.4227045774459839
3.4340994358062744
2.3095881938934326
2.2547507286071777
3.446641683578491
3.6131982803344727
4.463410377502441
4.745725631713867
4.661014556884766
5.405459880828857
5.851709842681885
4.641821384429932
1.330312967300415
4.2143731117248535
4.4510040283203125
4.99310302734375
5.1841325759887695
5.38572883605957
2.118292808532715
4.425498008728027
4.827639102935791
5.5320940017700195
4.152294635772705
5.441219329833984
3.9150540828704834
4.608304977416992
5.2515997886657715
5.05966329574585
5.040477275848389
3.496440887451172
4.959287166595459
3.5333170890808105
3.513153553009033
3.7741317749023438
4.225790023803711
4.3553595542907715
4.492033004760742
4.921128273010254
4.079166889190674
3.9009320735931396
2.7233774662017822
3.6628496646881104
0.2961268424987793
5.113499641418457
5.282661437988281
5.237026691436768
6.285621166229248
5.399779319763184
1.628425121307373
6.104611396789551
1.4792381525039673
4.963298797607422
6.326618671417236
5.955802917480469
6.068225383758545
6.971391677856445
1.300177812576294
7.006827354431152
7.070038795471191
6.239029884338379
6.062850475311279
6.705397605895996
6.630175590515137
7.067025661468506
3.104700803756714
7.266406059265137
7.32188081741333
6.888993740081787
5.013440132141113
0.13621707260608673
6.000456809997559
5.614319801330566
5.514014720916748
5.7230987548828125
5.863764762878418
6.991706848144531
6.372858047485352
7.160815715789795
6.564766883850098
6.6688456535339355
6.971374988555908
7.126754283905029
5.143398284912109
0.49261435866355896
5.796736717224121
0.6965038776397705
6.710485935211182
6.943759441375732
6.91156530380249
0.8578894138336182
5.4521613121032715
6.364645957946777
6.222172260284424
7.117677688598633
6.927981853485107
6.8906636238098145
6.746362686157227
0.7155007719993591
6.733922481536865
5.711205005645752
4.250991344451904
7.1816534996032715
6.955039024353027
6.901761054992676
6.758847713470459
6.928806781768799
6.633988380432129
1.1067748069763184
6.339951992034912
2.006932020187378
5.826770305633545
6.978359222412109
6.695800304412842
5.966228008270264
1.85775887966156
6.531848907470703
4.764585494995117
2.702211856842041
4.236016273498535
6.863743305206299
7.141122341156006
6.77913761138916
6.8025031089782715
6.767548561096191
6.949275970458984
3.114283561706543
3.3451201915740967
3.8934221267700195
6.140420436859131
6.997835636138916
6.862299919128418
6.825850963592529
6.402359962463379
6.084404945373535
1.6934175491333008
1.780888557434082
1.3370903730392456
1.9809141159057617
1.794331669807434
2.1512796878814697
1.6989933252334595
1.7919319868087769
2.1067826747894287
1.018781065940857
1.6629760265350342
1.8166911602020264
1.3915997743606567
1.0635805130004883
1.3872100114822388
1.9347912073135376
1.1295883655548096
1.4830098152160645
0.7891126275062561
1.3158782720565796
3.8417484760284424
1.8476825952529907
2.819844961166382
2.205514669418335
2.5172548294067383
2.849716901779175
3.1990792751312256
3.64384126663208
1.1906592845916748
2.3908603191375732
1.828871250152588
1.517501950263977
0.23373395204544067
1.4505351781845093
0.4793683588504791
1.3755537271499634
0.6210537552833557
1.0032106637954712
0.7962994575500488
1.3561745882034302
0.704482913017273
0.8487424850463867
0.4735311269760132
0.6262864470481873
0.42344197630882263
0.5749701857566833
0.05677539110183716
0.8855087161064148
0.903767466545105
1.0504555702209473
0.9665754437446594
0.7045078277587891
1.126989483833313
0.41603565216064453
1.5656379461288452
0.5758795738220215
0.4669705927371979
0.6918163895606995
0.7610183358192444
0.6190057396888733
0.7580155730247498
0.9597793221473694
0.9689579606056213
1.0193039178848267
1.3561328649520874
1.7042125463485718
0.34749606251716614
0.1490432471036911
0.6698846220970154
0.9368966817855835
0.7516857385635376
0.7295296788215637
0.7035022377967834
0.5619332790374756
2.2775275707244873
0.9549816250801086
1.4809646606445312
0.3989989757537842
2.4766218662261963
2.538687229156494
2.5925445556640625
2.306863307952881
1.614471435546875
1.719364047050476
0.6030629277229309
2.1163105964660645
1.679677128791809
1.5543404817581177
2.089812994003296
2.470961809158325
1.1026355028152466
2.0516364574432373
1.0436341762542725
2.735089063644409
1.1600793600082397
2.22611665725708
2.142491340637207
1.6042777299880981
2.1351470947265625
0.7812426686286926
0.9603744745254517
2.228610038757324
1.5643004179000854
1.7524653673171997
3.5787127017974854
1.929089903831482
3.7799580097198486
1.7451380491256714
2.8448750972747803
2.018305778503418
2.3508732318878174
1.42332923412323
1.714051604270935
2.192986011505127
1.7672405242919922
0.8186989426612854
0.8553938269615173
1.6208117008209229
1.2450547218322754
2.017237901687622
1.571265697479248
0.3485897481441498
1.2115639448165894
1.6967755556106567
1.425066351890564
2.7418220043182373
1.8544402122497559
0.8396555185317993
2.6166675090789795
1.6087620258331299
1.2421751022338867
0.6133024096488953
1.4169224500656128
1.4904417991638184
1.3598929643630981
0.8953372836112976
0.691373884677887
1.5879507064819336
1.8082197904586792
1.2644022703170776
0.7936978936195374
1.4992884397506714
0.9246500730514526
0.742046058177948
0.6810481548309326
0.9227506518363953
0.8503555655479431
0.313687801361084
2.0395684242248535
0.9297156929969788
0.43559443950653076
2.0203640460968018
0.997065544128418
0.9212632179260254
0.17127810418605804
0.6383096575737
0.8421533703804016
1.1628272533416748
0.97808438539505
0.6506171226501465
0.6454455256462097
0.9432178139686584
1.1034166812896729
1.1915984153747559
0.8106699585914612
0.6562488675117493
0.6179004907608032
0.5375993251800537
0.1545165628194809
3.702564001083374
0.21797879040241241
0.4722052216529846
0.42323970794677734
0.7741846442222595
0.6535407304763794
6.63407564163208
0.352755606174469
0.7821721434593201
0.8383556008338928
2.1575026512145996
1.622081995010376
0.47151848673820496
0.508287787437439
1.4739028215408325
6.684331893920898
0.10966570675373077
0.09282561391592026
6.908087730407715
0.8158132433891296
5.681626796722412
2.9028728008270264
0.6482011675834656
5.622148513793945
4.997099876403809
0.40962088108062744
0.6954628825187683
0.5447542071342468
5.3867998123168945
5.944918155670166
6.696749210357666
0.5818958878517151
0.20015741884708405
0.2631375789642334
0.6559826731681824
0.23233662545681
1.27979576587677
6.672645092010498
0.16811208426952362
0.6861408948898315
0.9876955151557922
0.9121689796447754
5.91341495513916
1.371774673461914
0.9997502565383911
0.7663493752479553
5.472841739654541
0.9748046398162842
5.967423915863037
0.3673212230205536
5.210874557495117
4.362421989440918
4.654114246368408
5.858313083648682
0.39113298058509827
3.5415453910827637
4.398746013641357
5.639474391937256
6.295173168182373
1.239278793334961
1.6142551898956299
3.062075614929199
0.9089544415473938
2.4917705059051514
1.5681524276733398
2.726224660873413
2.162949562072754
1.1678178310394287
2.743013620376587
0.7205981612205505
1.6423835754394531
1.4551582336425781
2.0885989665985107
2.0716781616210938
2.1787350177764893
2.1615777015686035
0.700408399105072
0.77463698387146
1.6032792329788208
1.5819025039672852
0.6769754886627197
1.2870843410491943
1.820631504058838
0.8556011319160461
0.8258582353591919
0.7177178263664246
0.8744918704032898
0.8238476514816284
1.0917861461639404
0.9160898923873901
1.218363642692566
0.8276746869087219
0.957179069519043
1.1893304586410522
0.5702036023139954
5.969478607177734
0.5785738229751587
1.4349991083145142
0.9660412073135376
1.047734022140503
0.7013054490089417
0.6642254590988159
2.981954574584961
0.5152263641357422
0.4304666519165039
0.8027812838554382
6.158117294311523
6.027256965637207
1.5927194356918335
5.024815559387207
0.6520808935165405
2.1036322116851807
1.7867790460586548
2.0089163780212402
3.0638492107391357
2.0959198474884033
0.4929538071155548
1.5998870134353638
1.3116790056228638
1.658705472946167
1.4764297008514404
2.9678571224212646
0.6511262655258179
1.1040613651275635
0.8524355888366699
0.9019103050231934
2.0956478118896484
1.2330985069274902
0.2824399173259735
0.9659993648529053
0.7475278377532959
0.8319242000579834
0.3377785384654999
0.3504984974861145
6.407848834991455
0.389254629611969
0.6777777075767517
5.89781379699707
5.585986614227295
6.226819038391113
2.3137707710266113
1.9500441551208496
2.011237382888794
1.9339439868927002
0.405956506729126
1.1102904081344604
2.641073703765869
0.5867863893508911
1.4602489471435547
2.3818278312683105
1.210516095161438
0.202645942568779
1.5896111726760864
1.479441523551941
1.2753180265426636
0.7162215709686279
1.0613242387771606
5.998014450073242
0.6977276802062988
0.4982962906360626
0.5656949281692505
1.5519089698791504
5.9353790283203125
2.767814874649048
6.279494762420654
1.8282054662704468
1.5909594297409058
0.4610765278339386
2.3667328357696533
0.4316006004810333
2.3297224044799805
0.7543895840644836
1.3910386562347412
0.34450727701187134
1.2641870975494385
0.3021611273288727
0.46117091178894043
0.7366925477981567
0.3532845079898834
2.2019147872924805
1.9737273454666138
2.2729334831237793
0.8377535939216614
1.6914149522781372
0.8031360507011414
2.621515989303589
1.4315835237503052
0.848702609539032
0.7797592878341675
1.9120298624038696
0.3804965615272522
3.4861795902252197
5.481024265289307
2.3999247550964355
2.899329900741577
1.4876469373703003
1.126474380493164
2.2706077098846436
0.9072040319442749
2.45845627784729
1.5891774892807007
2.325291156768799
1.0611238479614258
2.711956739425659
0.732563853263855
0.7745247483253479
1.1509997844696045
1.0568437576293945
4.49520206451416
5.72520637512207
2.0325138568878174
1.0966782569885254
2.447849988937378
0.6986969113349915
0.9259152412414551
3.379385471343994
1.9137821197509766
1.8445796966552734
1.4962022304534912
1.5018147230148315
1.3591846227645874
0.9831100702285767
4.785203456878662
6.0288214683532715
2.576017141342163
4.16518497467041
1.1608308553695679
1.2817504405975342
2.583376169204712
1.7568511962890625
0.6550160646438599
2.525054931640625
2.947613477706909
1.146740198135376
1.269421935081482
2.582623243331909
2.9227757453918457
6.157822132110596
2.1685922145843506
0.9388760328292847
1.1068278551101685
1.3758639097213745
2.955622434616089
0.8829219341278076
0.40487080812454224
1.5279301404953003
4.486823558807373
0.9132931232452393
2.2474560737609863
0.6532219648361206
0.4971824288368225
6.115645408630371
0.8831294775009155
0.5661229491233826
6.20969295501709
2.946155071258545
1.5793614387512207
0.6046743988990784
4.915162086486816
0.5711953639984131
5.082740306854248
1.3899449110031128
0.8081815242767334
