9.876351576561311e-42
5.659427642822266
5.578573703765869
2.314202308654785
2.3552591800689697
2.211520195007324
2.0704023838043213
2.518145799636841
2.817192792892456
2.3893911838531494
2.524289846420288
2.4791595935821533
2.6606357097625732
2.3301587104797363
2.800975799560547
2.0240092277526855
4.62243127822876
1.929922103881836
2.3570973873138428
1.1776570081710815
2.6393752098083496
2.4531333446502686
1.0005086660385132
1.0447664260864258
0.9862570762634277
2.4830126762390137
2.955277681350708
1.0211442708969116
0.962837815284729
2.1525678634643555
1.0285755395889282
2.8854472637176514
1.154496431350708
2.093538284301758
1.626197338104248
0.7608283758163452
2.065746784210205
1.8488868474960327
2.257692575454712
2.333702325820923
1.5879334211349487
2.6338436603546143
5.554866790771484
5.465749740600586
2.1781089305877686
2.4989571571350098
2.641824960708618
2.0164527893066406
2.5635690689086914
2.3122622966766357
2.6988205909729004
2.0194811820983887
2.2724244594573975
2.73747181892395
1.0963371992111206
2.810603618621826
0.8557852506637573
1.198238730430603
2.3185110092163086
0.7538978457450867
5.441298007965088
5.327827453613281
2.4274990558624268
2.509812355041504
2.116706371307373
2.9777376651763916
2.003209114074707
2.5210704803466797
1.1279734373092651
1.326092004776001
0.7608272433280945
2.404886484146118
2.2677221298217773
2.153334617614746
2.028693675994873
2.7620604038238525
2.6569652557373047
1.6891270875930786
1.2993022203445435
1.6956020593643188
1.4250690937042236
2.1703717708587646
2.2932469844818115
2.160463571548462
2.589367389678955
3.1560893058776855
2.198514223098755
2.7175986766815186
2.0564067363739014
1.219017505645752
2.2565319538116455
2.0359160900115967
3.024625778198242
2.4712343215942383
1.8749135732650757
2.501016139984131
4.652309417724609
2.695033073425293
1.0481657981872559
2.2567217350006104
1.7619138956069946
2.069593906402588
1.7686225175857544
1.406307578086853
2.120110273361206
2.4786434173583984
1.3828696012496948
2.3227221965789795
0.8234596252441406
1.2319319248199463
1.9537277221679688
2.7911155223846436
1.6528003215789795
0.9814505577087402
2.823986530303955
1.2070369720458984
0.7755348086357117
1.8935226202011108
0.8748282194137573
2.484034299850464
2.9445576667785645
1.1161426305770874
0.8879547715187073
1.20436429977417
1.2590882778167725
3.1452276706695557
1.570151686668396
3.0595221519470215
2.448823928833008
1.795788288116455
2.056028127670288
2.5546576976776123
2.4300572872161865
2.5492959022521973
2.8088343143463135
3.1790149211883545
2.67763090133667
2.6814849376678467
2.7608883380889893
1.2985763549804688
2.840686082839966
1.4486680030822754
2.232605218887329
2.6220285892486572
2.7028000354766846
2.852888345718384
3.0267882347106934
3.356550693511963
3.309647798538208
3.441586971282959
3.297344207763672
3.383789539337158
3.393454074859619
3.0960938930511475
2.9666686058044434
2.7411506175994873
2.7194783687591553
2.120783805847168
2.278122901916504
2.2660772800445557
2.2708723545074463
2.349601984024048
4.682583808898926
4.741455554962158
4.918945789337158
4.570364952087402
4.885040760040283
4.827475547790527
4.419659614562988
5.029359340667725
4.561356067657471
5.046009540557861
5.401941299438477
5.340940952301025
5.234206676483154
5.407623291015625
5.14556360244751
5.456371307373047
5.4301862716674805
5.2215352058410645
5.514995574951172
5.218974590301514
5.449937343597412
5.5810675621032715
5.671843528747559
5.553997993469238
5.5856852531433105
5.609230041503906
5.6536664962768555
5.638487815856934
5.680576324462891
5.673429489135742
5.68283224105835
5.686245441436768
5.693833827972412
5.6087470054626465
4.844009876251221
4.838006973266602
5.211616039276123
4.582679748535156
4.837601661682129
5.458028316497803
5.274096965789795
5.3234429359436035
5.181188583374023
5.376803874969482
5.374864101409912
5.523191452026367
5.241634368896484
5.549263000488281
5.41341495513916
4.894690990447998
5.3377838134765625
5.297356128692627
5.511281490325928
5.278022289276123
4.383622646331787
5.327801704406738
5.478442192077637
5.44674015045166
5.483894348144531
4.908626079559326
5.417889595031738
5.692483901977539
4.717620372772217
5.23881721496582
5.258142948150635
4.855058193206787
5.235068321228027
5.187577724456787
5.652928352355957
4.9542717933654785
4.928330898284912
5.075189590454102
5.139282703399658
5.0327677726745605
5.494089126586914
5.073208808898926
5.38320255279541
5.555234432220459
5.5709028244018555
5.138381004333496
5.689254283905029
5.106225967407227
5.704997539520264
5.114212989807129
5.668598175048828
5.031814098358154
5.281121730804443
5.324742794036865
5.098171710968018
5.187775135040283
5.234011650085449
5.268158912658691
5.363443374633789
5.522887229919434
5.639272212982178
5.730216979980469
2.2209506034851074
3.2281980514526367
5.066710948944092
5.051154136657715
4.5661773681640625
4.880489349365234
4.613952159881592
4.252161026000977
4.032863616943359
3.9852168560028076
3.937840223312378
3.717250108718872
5.133120059967041
3.5064539909362793
3.490450620651245
3.4031081199645996
4.462836265563965
4.42088508605957
4.413266181945801
4.7643656730651855
4.148803234100342
3.868048906326294
3.242448568344116
4.728527545928955
4.09423303604126
3.3559837341308594
4.318369388580322
3.219830274581909
4.640564918518066
4.078862190246582
4.4108052253723145
4.004554271697998
4.353414535522461
4.0797200202941895
4.572232246398926
3.532038688659668
4.451189041137695
3.0895800590515137
3.5649046897888184
4.265832424163818
4.285711765289307
4.896028995513916
4.8265252113342285
4.1529998779296875
3.558070659637451
4.5359320640563965
3.779531240463257
4.503695011138916
4.5914530754089355
4.385069847106934
3.322153091430664
4.608604431152344
3.8968801498413086
3.3524057865142822
5.178839206695557
4.384832859039307
3.3159537315368652
4.437176704406738
4.023903846740723
4.375040054321289
4.325388431549072
4.10990571975708
3.283660888671875
4.265195369720459
3.9687650203704834
3.975396156311035
3.9139881134033203
4.216747760772705
3.874223470687866
4.536813735961914
3.636357069015503
3.3561248779296875
3.5938327312469482
3.178978204727173
4.001634120941162
4.42618989944458
5.535974979400635
4.867502689361572
3.6800661087036133
4.523862361907959
4.859590530395508
4.837427139282227
4.415840148925781
4.4262542724609375
3.9666574001312256
3.236894369125366
2.889718770980835
5.304538249969482
5.903534412384033
2.8985037803649902
5.181722164154053
5.134729862213135
3.51137638092041
3.3658695220947266
3.347024440765381
3.9129021167755127
4.681829929351807
4.998194694519043
3.5462141036987305
4.489947319030762
3.5658793449401855
4.738554000854492
5.201364040374756
5.050236225128174
5.51295804977417
3.7477540969848633
3.8955841064453125
5.209263801574707
5.331614017486572
4.68550443649292
2.470533847808838
3.432656764984131
4.736675262451172
4.390172004699707
3.5281875133514404
3.4888112545013428
3.2972211837768555
5.215438365936279
5.551495552062988
3.9701316356658936
5.180888652801514
5.542181015014648
3.427476167678833
4.071534633636475
3.527728319168091
3.4547364711761475
2.3782081604003906
4.859258651733398
4.193230152130127
3.5655384063720703
3.764704942703247
2.4227828979492188
4.4514899253845215
3.686290740966797
1.965868353843689
4.130081653594971
4.057837963104248
2.8007895946502686
3.5105268955230713
4.402702331542969
3.5602164268493652
3.6133012771606445
4.754886150360107
3.882622480392456
4.7411956787109375
4.538445472717285
4.599252223968506
3.596177577972412
4.842670440673828
5.379608154296875
4.401079177856445
4.400088787078857
4.315151691436768
4.685032844543457
5.133354663848877
4.232944965362549
5.1634840965271
5.570963382720947
4.272592544555664
3.7478342056274414
3.949080467224121
2.8450088500976562
2.5636515617370605
2.0980050563812256
2.401806354522705
3.4377810955047607
3.308699607849121
3.5829663276672363
3.5734212398529053
3.4950129985809326
3.1825807094573975
3.2355360984802246
3.959399938583374
4.144813060760498
4.112699031829834
3.9858434200286865
4.076546669006348
5.231157302856445
3.8531112670898438
3.760991334915161
3.6822714805603027
4.100823879241943
4.375348091125488
4.2363457679748535
4.709250450134277
4.683189868927002
5.0150275230407715
5.833291530609131
3.219939947128296
4.182356357574463
4.178988456726074
4.681090831756592
5.029476165771484
5.860250473022461
3.7192277908325195
4.226052284240723
4.902477741241455
4.645504951477051
4.032898902893066
4.668108940124512
3.932466745376587
5.2378950119018555
4.766373157501221
5.183933734893799
5.338072776794434
3.5783982276916504
5.261748313903809
3.7178640365600586
4.180758953094482
4.151075839996338
4.9551005363464355
4.853574752807617
5.369940280914307
5.1956048011779785
5.470648288726807
4.169480800628662
4.267922878265381
5.777326583862305
3.694866418838501
5.060947418212891
4.978472709655762
5.700278282165527
5.0518574714660645
5.380418300628662
2.569512128829956
5.166197776794434
2.5470993518829346
6.024229049682617
5.204619884490967
5.2777791023254395
5.741065979003906
5.349109649658203
3.264925718307495
5.556870937347412
5.584447383880615
5.305647850036621
5.470916748046875
5.781857013702393
6.272344589233398
5.677718162536621
4.639699935913086
5.562110900878906
5.42279577255249
5.194277286529541
5.22735071182251
3.6776373386383057
4.953463554382324
5.821160793304443
5.043015480041504
5.207632064819336
5.507862091064453
5.440435886383057
6.135131359100342
5.708015441894531
5.9978742599487305
5.92474889755249
5.73291015625
5.538439750671387
5.477131366729736
3.74100399017334
6.030226230621338
2.6317312717437744
6.057236194610596
5.611481666564941
5.27103328704834
3.681206703186035
5.723940849304199
5.224148750305176
5.824682712554932
5.687766075134277
6.238049030303955
5.7588934898376465
5.315069198608398
2.6871070861816406
5.220460414886475
5.298120021820068
6.11094856262207
5.624395847320557
5.920721054077148
5.251441478729248
5.206392765045166
5.323935031890869
6.445771217346191
3.334887981414795
6.398056983947754
4.036696434020996
5.6536383628845215
5.667681694030762
5.360281944274902
5.992760181427002
4.544473648071289
5.551995754241943
6.483394622802734
5.135896682739258
5.98965311050415
6.3641228675842285
5.662111282348633
5.811776161193848
5.899839401245117
6.071634769439697
6.148332595825195
6.14833927154541
5.300436496734619
5.1778364181518555
6.101689338684082
6.0524373054504395
5.677353382110596
5.547219753265381
5.844174385070801
5.5797295570373535
2.3998451232910156
2.6448733806610107
2.877988815307617
3.172373056411743
2.314640998840332
3.5755813121795654
3.6722497940063477
2.4138340950012207
4.370628356933594
4.137839317321777
3.7407419681549072
2.656491279602051
3.6174137592315674
4.028616428375244
4.169234752655029
3.1428511142730713
3.7229363918304443
3.2000060081481934
4.5974040031433105
4.586606979370117
5.422906398773193
5.005509853363037
5.383741855621338
4.280479907989502
5.06397008895874
5.2273406982421875
5.460866928100586
5.475550174713135
3.545283317565918
5.358654499053955
4.379087924957275
1.226149559020996
1.2477097511291504
1.8687304258346558
3.5085678100585938
2.82000732421875
0.805559515953064
2.1056642532348633
2.0268068313598633
2.4065685272216797
2.268674850463867
2.988619089126587
2.2179558277130127
2.4004883766174316
2.264415979385376
2.5042312145233154
2.111524820327759
2.5124733448028564
1.739359974861145
3.202077865600586
2.4669883251190186
2.186157703399658
4.3293328285217285
1.1322535276412964
2.190250873565674
1.772697925567627
2.55019474029541
2.306217908859253
3.5095202922821045
2.7147343158721924
2.5272159576416016
1.6442556381225586
3.1379451751708984
2.9047482013702393
2.4445712566375732
1.3383290767669678
1.3180201053619385
1.5748486518859863
1.551570177078247
2.4206314086914062
2.8885388374328613
2.8773651123046875
2.2271790504455566
2.6337738037109375
1.8030308485031128
3.6631019115448
3.157677412033081
2.6177687644958496
2.041186809539795
2.2983829975128174
2.1701254844665527
1.9975900650024414
2.1924283504486084
2.636852979660034
2.8858814239501953
3.07350492477417
2.6663320064544678
2.1036884784698486
1.9654024839401245
2.393872022628784
1.8279483318328857
2.6091623306274414
2.7784478664398193
1.9407902956008911
2.4620351791381836
1.9932655096054077
2.525068759918213
2.7665212154388428
1.6378329992294312
1.090538501739502
2.241569995880127
2.3153364658355713
2.166940927505493
2.4459314346313477
2.0141005516052246
2.676391124725342
1.3692198991775513
2.9159648418426514
2.2038614749908447
0.931251049041748
2.0500903129577637
2.931006908416748
2.2828030586242676
0.9541944861412048
1.7858928442001343
2.5838608741760254
2.1648428440093994
2.9385826587677
2.5700743198394775
1.0521553754806519
2.8859126567840576
1.3452837467193604
3.0808706283569336
1.0583889484405518
2.333031177520752
4.847128391265869
1.784736156463623
2.7667486667633057
3.761035919189453
2.492586612701416
0.7026392221450806
0.8934005498886108
1.6653178930282593
2.701138734817505
2.6249475479125977
0.9367709755897522
0.8515686988830566
1.4396631717681885
2.0795812606811523
2.397897243499756
2.1398024559020996
1.6298441886901855
1.7234947681427002
1.5883954763412476
2.4625203609466553
0.4307715892791748
0.9573646187782288
2.6158454418182373
2.529442071914673
1.80612313747406
2.554564952850342
2.4214203357696533
0.02792264148592949
1.9232336282730103
1.870758295059204
1.3233205080032349
3.334846258163452
1.9166655540466309
2.044238567352295
0.8981143832206726
3.286090135574341
2.331477403640747
2.13301420211792
1.8485472202301025
2.3879737854003906
3.5222928524017334
1.5101300477981567
3.629096269607544
1.4469410181045532
4.984119892120361
1.2412164211273193
1.4667860269546509
3.657835006713867
1.569694995880127
1.6474120616912842
6.106100082397461
0.5254174470901489
3.7613773345947266
2.3403472900390625
4.778915882110596
1.2685195207595825
3.33581280708313
2.6721463203430176
2.654963254928589
5.265044212341309
2.6609671115875244
2.4801931381225586
5.124887466430664
3.170393943786621
5.903564929962158
5.030261993408203
1.2401914596557617
5.508613586425781
5.654525279998779
2.631208896636963
1.5558165311813354
2.4628939628601074
5.864581108093262
5.513785362243652
5.140251636505127
0.18517401814460754
1.20872962474823
1.8933087587356567
2.7922563552856445
0.7836353778839111
2.7238552570343018
5.17264461517334
1.4246258735656738
2.3074381351470947
2.2960190773010254
2.826295852661133
5.635233402252197
2.2671382427215576
1.9031946659088135
1.83893620967865
5.940729141235352
2.2072267532348633
5.194068908691406
2.456132411956787
6.008978366851807
5.763181209564209
5.979175567626953
5.421540260314941
3.0828282833099365
5.557084083557129
5.7893500328063965
5.60945463180542
5.140377998352051
3.095900058746338
2.713606595993042
1.5035136938095093
2.429230213165283
3.0711441040039062
2.384416103363037
2.5241036415100098
0.6936115026473999
1.550294280052185
2.358328104019165
1.8343145847320557
0.5787709951400757
2.3921122550964355
2.7495534420013428
2.813119888305664
2.526547908782959
1.641486406326294
1.433550238609314
1.9445910453796387
2.4951443672180176
3.321577787399292
1.2476518154144287
0.7643792629241943
4.003754615783691
0.9252110123634338
2.311326265335083
0.7582201361656189
1.4138555526733398
0.4828417897224426
0.8322674036026001
1.4584001302719116
1.478166103363037
1.223520040512085
3.536247730255127
2.8440773487091064
1.3244370222091675
5.640690803527832
2.701817512512207
3.6758294105529785
3.1973512172698975
3.3304085731506348
2.5606963634490967
2.657433271408081
4.18930721282959
2.480433702468872
1.415737509727478
2.2280569076538086
5.271238803863525
5.626343727111816
2.1186683177948
5.709684371948242
2.685762643814087
2.8504321575164795
3.2276549339294434
2.654078245162964
0.9521113038063049
2.4186408519744873
1.9822916984558105
2.790205240249634
2.7092084884643555
1.3408576250076294
2.7181179523468018
1.8232327699661255
1.2805837392807007
2.900644063949585
1.4189554452896118
0.6806644201278687
2.4709861278533936
3.306511878967285
2.7414979934692383
1.572693109512329
3.6468617916107178
1.547374963760376
1.8191148042678833
1.787737250328064
5.3551530838012695
2.5903499126434326
2.949754238128662
5.209054946899414
5.678660869598389
5.186678409576416
2.254307746887207
2.431513547897339
1.7212411165237427
2.6542091369628906
1.4105479717254639
3.5148532390594482
2.5361526012420654
2.4506328105926514
2.9077956676483154
1.7202932834625244
2.4282450675964355
0.7331444621086121
2.8007495403289795
3.868131637573242
2.174755096435547
1.7550249099731445
0.4231308102607727
5.623232364654541
2.5949971675872803
2.185987949371338
1.016617774963379
2.1530134677886963
5.196958541870117
5.248897075653076
5.151609897613525
2.8879921436309814
2.7500717639923096
2.236215114593506
1.1137404441833496
2.1273460388183594
1.9098091125488281
1.9883615970611572
2.420804738998413
0.4418376684188843
1.400662899017334
3.447885513305664
1.0640085935592651
2.4374148845672607
2.6145131587982178
3.063385486602783
3.2850515842437744
0.5343714356422424
2.623908758163452
2.9049623012542725
1.0074247121810913
2.727942705154419
2.5151560306549072
1.9811686277389526
1.0554965734481812
4.226402282714844
0.11954458802938461
5.320204257965088
5.696395397186279
2.7467970848083496
1.2939149141311646
2.8551409244537354
2.1689534187316895
4.3365912437438965
2.1600613594055176
2.9944698810577393
0.6793753504753113
2.8706958293914795
1.2552443742752075
4.2587480545043945
2.063626289367676
2.3763442039489746
2.3404948711395264
2.734410285949707
5.982851028442383
5.684335708618164
2.244135856628418
1.2676931619644165
4.5168914794921875
1.8647005558013916
2.577155351638794
5.188296318054199
0.9177431464195251
3.0836362838745117
1.4231292009353638
2.012373447418213
2.8487656116485596
3.1434457302093506
6.114038467407227
5.210643291473389
1.4094791412353516
4.769256114959717
2.9679596424102783
2.861466884613037
1.1084755659103394
2.6065330505371094
1.2255662679672241
1.6371383666992188
2.755431652069092
0.9658690094947815
2.0168933868408203
1.495240569114685
1.63336980342865
5.135471820831299
1.9439942836761475
2.3920865058898926
1.6881375312805176
2.759228229522705
1.905924677848816
2.606417655944824
1.1119481325149536
2.160413980484009
5.698254585266113
1.0541239976882935
2.286003589630127
1.8429479598999023
1.1217772960662842
5.163138389587402
1.5476912260055542
1.023157000541687
5.139487266540527
1.0727194547653198
2.649897336959839
1.1939934492111206
5.457800388336182
1.080021858215332
5.636308670043945
1.9225655794143677
1.1858733892440796
