9.876351576561311e-42
1.9916306734085083
1.6114959716796875
1.0093036890029907
0.49674904346466064
0.5190629959106445
0.7878546714782715
0.7405754327774048
0.6820090413093567
0.8810651302337646
0.6714003682136536
1.0892486572265625
0.6930729150772095
1.0342810153961182
0.8857729434967041
0.8419014811515808
3.0457985401153564
0.7528210282325745
1.147217035293579
1.2755303382873535
0.5608888864517212
1.305678129196167
1.660988450050354
1.550918459892273
1.3817058801651
1.4148000478744507
0.9582247138023376
1.3165336847305298
0.994941771030426
1.3632354736328125
1.0833656787872314
1.116430401802063
0.9366108775138855
0.7223101258277893
0.9483860731124878
1.0505863428115845
1.0470327138900757
0.9982638955116272
1.5188349485397339
1.1028145551681519
0.9536385536193848
0.8397108912467957
1.425840973854065
1.748867154121399
0.732993483543396
0.49883583188056946
0.5590974688529968
0.7364577651023865
0.9154449105262756
0.793605387210846
0.8892897963523865
1.2407194375991821
0.7342095375061035
1.076258897781372
1.671535611152649
0.5205419659614563
1.4310635328292847
0.9978881478309631
1.518297553062439
1.033435344696045
1.5078158378601074
1.5986077785491943
0.9210186004638672
0.6653360724449158
0.9685056805610657
0.9350589513778687
1.269187569618225
0.6492666006088257
1.4007790088653564
0.9135286211967468
1.0497052669525146
0.9722968339920044
0.9923340678215027
1.184484839439392
0.9948797225952148
0.45453551411628723
0.954504668712616
1.3692936897277832
1.3034987449645996
0.7604441046714783
0.8126893639564514
1.1196776628494263
0.8956705331802368
1.1104023456573486
0.5707038044929504
1.0049173831939697
1.311710238456726
1.180678367614746
0.6750756502151489
0.8148500919342041
0.8898259401321411
0.9815192818641663
0.8754447102546692
0.6025708913803101
1.1406328678131104
0.798801839351654
3.1320877075195312
1.3316378593444824
0.8522238731384277
0.6311038732528687
0.906746506690979
1.2814959287643433
1.102400302886963
0.9804447889328003
0.5997821092605591
1.189929485321045
0.8290087580680847
1.5018794536590576
1.0830309391021729
1.009092092514038
0.8889552354812622
1.1049554347991943
0.7306601405143738
0.9498882293701172
1.0538959503173828
1.0593880414962769
1.1503303050994873
1.074975848197937
1.1591682434082031
0.8852483034133911
0.7416686415672302
1.1769933700561523
0.9970585107803345
1.0274078845977783
0.8927447199821472
1.063896894454956
0.8400565385818481
0.997376561164856
1.5837652683258057
0.7716516852378845
0.6923200488090515
0.6960659623146057
0.6338738203048706
0.5633586645126343
0.46063366532325745
0.44301050901412964
0.5314616560935974
0.5033215880393982
0.5122594833374023
0.8988336324691772
0.6007364988327026
0.8001340627670288
0.6905671954154968
0.5795722603797913
0.5280667543411255
0.4943230152130127
0.5113583207130432
0.7692509293556213
0.4277210235595703
0.928406298160553
0.9632061719894409
0.4468812644481659
0.5179954767227173
0.7442646026611328
0.8901565670967102
0.9759359359741211
1.1963609457015991
0.8323438763618469
1.1899725198745728
1.3526084423065186
1.3527615070343018
1.5273197889328003
4.487310409545898
4.426184177398682
4.7010273933410645
4.098470211029053
4.584200382232666
4.230238914489746
3.9866678714752197
4.645056247711182
3.9397389888763428
4.471076965332031
4.192765235900879
4.215378761291504
4.060483932495117
4.134880542755127
4.081371307373047
4.121840953826904
4.0500030517578125
3.779550075531006
3.249877691268921
3.6254031658172607
3.9244184494018555
2.878760576248169
2.4305922985076904
3.9123129844665527
3.6942853927612305
3.4129698276519775
2.59483003616333
2.7631630897521973
3.017892360687256
2.146024703979492
3.383007764816284
2.50285267829895
2.620695114135742
1.8256992101669312
4.5603227615356445
4.330733776092529
4.831311225891113
4.049170970916748
4.221341609954834
4.519088268280029
4.225788116455078
4.098475456237793
3.856158494949341
4.040757179260254
4.0936689376831055
3.8211917877197266
3.834778308868408
3.148383378982544
4.075127601623535
4.45434045791626
4.533191204071045
3.9602277278900146
3.918605089187622
3.9317660331726074
3.9729294776916504
4.707787990570068
3.5272350311279297
4.043843746185303
3.721228837966919
4.560582637786865
3.9299135208129883
2.3119378089904785
4.20030403137207
4.719666957855225
3.8931710720062256
4.406426906585693
4.548661708831787
3.785538911819458
2.131186008453369
4.389491081237793
4.259536266326904
4.258631229400635
4.557304382324219
4.173089504241943
1.9965709447860718
4.12834358215332
4.064449310302734
2.5271248817443848
2.6800668239593506
4.256126403808594
2.7984726428985596
4.246422290802002
3.0931038856506348
4.126071453094482
3.6749813556671143
4.144024848937988
3.939253330230713
4.050151824951172
3.9757723808288574
3.672150135040283
3.6242215633392334
4.036938190460205
4.052276611328125
4.074368000030518
3.894942045211792
3.426528215408325
1.6158956289291382
3.4748144149780273
3.736159563064575
3.6844289302825928
5.617239475250244
6.511728763580322
6.797445297241211
6.91768741607666
5.400782108306885
5.717243671417236
6.044793128967285
3.5045926570892334
5.919985771179199
3.476815938949585
5.715548515319824
5.72905969619751
4.7019124031066895
4.691920757293701
4.858978271484375
4.611090660095215
4.816495895385742
5.451718330383301
5.044417858123779
4.4975996017456055
4.468151092529297
4.4176859855651855
4.11320161819458
3.4989380836486816
3.5833637714385986
3.9022278785705566
4.498302459716797
6.790969371795654
6.884883403778076
3.5946292877197266
4.610499382019043
5.18437385559082
4.452469825744629
4.792664527893066
4.503485679626465
4.39760160446167
4.1198506355285645
3.9702913761138916
6.761266708374023
5.26124382019043
4.8988356590271
4.179558277130127
4.008030414581299
5.006752014160156
4.241377830505371
3.887716293334961
4.843883991241455
4.440652847290039
3.8713021278381348
5.271744251251221
3.584054708480835
5.127931118011475
5.385947227478027
4.3670759201049805
5.442749977111816
4.550385475158691
4.7098917961120605
5.197403907775879
5.501876354217529
4.9730048179626465
5.753031253814697
5.034632205963135
6.074554920196533
5.6545491218566895
5.304328441619873
5.849384784698486
5.752053260803223
6.116692066192627
6.306424140930176
5.707174777984619
6.54991340637207
6.635594844818115
6.504261493682861
5.828830242156982
3.58412504196167
3.6346631050109863
3.647859811782837
3.82781720161438
3.701704740524292
4.179296970367432
3.847048282623291
3.7955706119537354
3.2779970169067383
6.152691841125488
6.380741596221924
3.194936513900757
6.167372226715088
6.196667671203613
4.9695634841918945
4.353159427642822
4.486361503601074
5.1044464111328125
5.613731384277344
4.915226459503174
4.6459879875183105
4.578806400299072
4.602484703063965
4.094059467315674
5.1660871505737305
4.654444217681885
4.861202716827393
4.506854057312012
4.620613098144531
4.581198692321777
5.816572666168213
5.820340633392334
3.3750813007354736
4.058815002441406
4.994482517242432
4.360600471496582
4.036341667175293
4.543154239654541
4.286586761474609
5.2133355140686035
5.0971174240112305
4.690676212310791
4.52461576461792
6.421225547790527
4.059731960296631
3.903197765350342
3.8683788776397705
4.002617835998535
3.6705315113067627
5.799492835998535
4.092668533325195
3.956961154937744
3.9805779457092285
4.314984321594238
5.5739240646362305
4.083886623382568
3.9833168983459473
5.2555251121521
4.300482749938965
4.3829498291015625
4.73737907409668
5.367093563079834
4.550868988037109
4.627092361450195
4.90875768661499
4.141033172607422
4.424476623535156
4.024557113647461
4.35634708404541
4.368525505065918
4.42682409286499
5.3206071853637695
4.485990524291992
4.244390964508057
4.869173049926758
4.7846808433532715
4.929473876953125
4.840787887573242
4.822083473205566
4.923418998718262
4.820043563842773
3.9220285415649414
4.114141464233398
3.3694345951080322
3.1384382247924805
3.4866788387298584
4.1106109619140625
4.813505172729492
4.59947395324707
4.760170936584473
4.729794979095459
4.597066402435303
3.9293510913848877
3.662896156311035
4.347561836242676
4.752589702606201
4.762352466583252
4.656329154968262
4.649275779724121
4.73035192489624
4.213594436645508
4.098606586456299
4.024658203125
4.049958229064941
3.993116617202759
4.001655578613281
4.222416400909424
4.114845275878906
4.31017541885376
5.231959342956543
3.752119541168213
3.8924455642700195
4.016273498535156
4.117100715637207
4.666802883148193
5.732541084289551
4.1458659172058105
3.9169983863830566
4.313157081604004
4.299189567565918
3.853691577911377
4.289248943328857
3.835922956466675
4.56484842300415
4.2753987312316895
4.847352027893066
4.817525863647461
3.8105363845825195
4.551837921142578
3.8596842288970947
4.232975482940674
4.118001937866211
4.571889400482178
4.442634105682373
4.700036525726318
4.483401775360107
4.801370620727539
4.392914295196533
4.521045207977295
5.665592670440674
4.4875593185424805
4.8474225997924805
4.816927433013916
5.50295877456665
3.8907158374786377
4.865607738494873
3.950164318084717
3.5972399711608887
3.9118645191192627
5.932595252990723
3.6184258460998535
4.156924247741699
5.119173526763916
3.984788656234741
3.9847991466522217
4.026980400085449
4.041810989379883
4.262451171875
4.587751865386963
4.458321571350098
5.53190803527832
3.890169382095337
4.772703647613525
3.9205820560455322
3.7946689128875732
4.0088911056518555
5.115712642669678
4.541587829589844
4.188246726989746
5.573741436004639
4.3479485511779785
4.187328338623047
4.659198760986328
4.040803909301758
5.644606113433838
3.8314733505249023
4.956534385681152
4.58709192276001
3.9529600143432617
4.019265174865723
5.465982913970947
4.561733245849609
5.726426124572754
3.6993205547332764
5.082864284515381
4.093517780303955
4.014978408813477
4.364067554473877
5.431920528411865
3.492828845977783
5.154688835144043
3.9399232864379883
5.680292129516602
4.401092529296875
4.1379194259643555
3.7975635528564453
3.7147164344787598
4.60689640045166
5.858932018280029
3.929987907409668
4.73496150970459
3.931352376937866
3.899782419204712
4.063172817230225
5.960468292236328
3.9144644737243652
6.178761959075928
4.40040397644043
5.126810073852539
3.8406355381011963
4.275609493255615
5.496857643127441
4.672514915466309
4.304027557373047
6.215142250061035
5.010746479034424
5.833930015563965
6.362255573272705
3.912024974822998
4.239863872528076
4.3489484786987305
4.756317615509033
5.310744285583496
5.930655002593994
5.1733784675598145
5.311647415161133
6.150991916656494
5.888769626617432
4.627772808074951
4.9090728759765625
4.550666332244873
4.20593786239624
0.8813114166259766
0.5618438124656677
0.5116486549377441
0.879581093788147
1.4220376014709473
0.4230426847934723
0.627216100692749
1.3352493047714233
0.7579705119132996
1.5281990766525269
2.0641517639160156
1.1716089248657227
0.26818448305130005
1.2465039491653442
2.380265235900879
1.1438127756118774
0.5048854351043701
0.29978498816490173
0.9752466082572937
1.6274739503860474
1.352661371231079
1.1223657131195068
2.024020195007324
0.7850654721260071
0.7206928133964539
0.6619325876235962
2.013066291809082
1.848915696144104
1.1408793926239014
2.11743426322937
1.6511542797088623
1.3005359172821045
1.1956340074539185
1.5659096240997314
1.3997523784637451
0.9785116314888
0.9137188196182251
1.506829023361206
0.714178204536438
1.0452390909194946
1.4001356363296509
0.8258146643638611
1.2478368282318115
0.778521716594696
1.0830957889556885
1.3170661926269531
1.4676072597503662
1.5714750289916992
0.9854110479354858
0.5660951137542725
0.8745067715644836
0.9682404398918152
1.3707760572433472
1.5782411098480225
1.8971432447433472
1.4863201379776
0.9672833681106567
1.1297274827957153
1.8073772192001343
1.035824179649353
0.7801008820533752
2.150738477706909
0.5924677848815918
1.4897685050964355
1.2612721920013428
1.3774988651275635
1.93527352809906
1.41292142868042
1.3236422538757324
1.4456653594970703
0.8467012047767639
0.7567577362060547
1.08198082447052
0.9248195290565491
1.5533866882324219
4.1525468826293945
3.659484624862671
2.8231468200683594
1.6699471473693848
1.9262877702713013
3.3960134983062744
2.3828084468841553
2.8222179412841797
3.353297710418701
3.339181423187256
3.607668399810791
3.9661974906921387
3.6971700191497803
3.252182722091675
3.830540895462036
2.905750036239624
2.747551202774048
3.6382219791412354
2.537320375442505
3.2115228176116943
1.5393197536468506
1.7717913389205933
1.7091795206069946
1.3449430465698242
2.787757396697998
3.0848309993743896
1.422957181930542
1.6882752180099487
1.8229503631591797
2.0184521675109863
1.6330074071884155
2.2890005111694336
1.6778709888458252
1.7247811555862427
1.9739896059036255
1.2346937656402588
4.087989807128906
0.8444255590438843
1.7256747484207153
1.1748801469802856
3.4234955310821533
3.09967041015625
3.754092216491699
3.290649652481079
1.4299192428588867
3.5621118545532227
2.3321151733398438
4.0539116859436035
1.3405267000198364
3.6499414443969727
0.14464600384235382
0.8699164986610413
3.8303706645965576
0.3259066939353943
0.6731536984443665
1.406651258468628
2.2373945713043213
2.3808891773223877
2.8701331615448
2.7584197521209717
1.5025174617767334
1.6287872791290283
1.7808763980865479
3.702171802520752
3.004687547683716
3.1447155475616455
1.1114757061004639
1.7432036399841309
2.9029152393341064
3.947986364364624
1.2071582078933716
1.299247145652771
3.858691930770874
4.356730937957764
2.691326141357422
4.086104869842529
4.258171081542969
0.866733968257904
2.105863571166992
1.910501480102539
2.9457616806030273
4.2591376304626465
2.4844424724578857
1.7452563047409058
0.6447456479072571
4.6061530113220215
0.7157191038131714
1.6582119464874268
1.901631474494934
3.259143352508545
4.540563583374023
2.1016619205474854
4.804623603820801
1.8412142992019653
5.19209098815918
1.9167535305023193
1.5155820846557617
4.388095378875732
1.729203224182129
1.720039963722229
6.216800212860107
0.2927635610103607
4.084380149841309
1.2161492109298706
4.68441915512085
1.5204752683639526
3.5902822017669678
1.3716133832931519
2.935990810394287
4.0795817375183105
1.2776076793670654
1.108842134475708
4.008121013641357
3.2478139400482178
4.488224029541016
4.553410530090332
1.206024408340454
4.126619815826416
4.43637228012085
1.610952377319336
1.3133959770202637
1.0932437181472778
4.2435526847839355
4.188044548034668
4.123254776000977
0.24612489342689514
1.2941203117370605
1.887129306793213
2.914393663406372
0.7591429352760315
2.695129871368408
4.074555397033691
1.4028785228729248
2.4337050914764404
2.2524900436401367
2.611445903778076
4.593643665313721
2.6599769592285156
2.307232618331909
2.1356844902038574
5.026885509490967
2.264791965484619
3.6817002296447754
2.33052659034729
5.034285545349121
4.974162578582764
5.096774101257324
4.240996360778809
3.1044509410858154
4.849757671356201
5.070648670196533
4.228372097015381
3.9068167209625244
3.8364574909210205
3.605440378189087
1.825086236000061
3.163355588912964
3.863891363143921
3.8592114448547363
1.4490491151809692
2.2929255962371826
3.0282065868377686
2.3207671642303467
3.148761749267578
2.806683301925659
3.589656114578247
1.66994047164917
1.5978174209594727
1.6472349166870117
1.4377681016921997
2.6844048500061035
2.8150758743286133
0.6800134181976318
4.08317232131958
2.454514741897583
1.499874472618103
0.5512333512306213
1.6912305355072021
2.138981580734253
1.2544199228286743
3.1278934478759766
0.9592964053153992
1.0293508768081665
2.7425458431243896
0.883017361164093
2.3633029460906982
4.436107158660889
3.3364288806915283
1.5997117757797241
5.4865803718566895
1.3511103391647339
3.9704954624176025
3.326507568359375
3.4481356143951416
1.6802390813827515
1.9436739683151245
3.627084732055664
2.7066969871520996
1.1152247190475464
2.5356571674346924
4.190521717071533
4.581010341644287
2.385651111602783
4.748371601104736
2.9681806564331055
3.4869790077209473
3.4804494380950928
2.997188091278076
1.5105739831924438
2.9948413372039795
3.1177518367767334
1.6772733926773071
3.844311237335205
3.0995616912841797
1.728833794593811
1.8367784023284912
3.2170298099517822
3.7192585468292236
2.7092294692993164
1.837973713874817
3.7344303131103516
0.8823246955871582
4.036848068237305
3.151804208755493
4.402734279632568
2.0717129707336426
1.6622445583343506
0.9732247591018677
4.0567450523376465
1.5255028009414673
3.034785509109497
3.965106725692749
4.417982578277588
3.878995418548584
1.5727561712265015
2.8784072399139404
2.614077091217041
3.8790154457092285
3.1269593238830566
4.656885623931885
1.8142633438110352
3.946009874343872
3.670376777648926
0.9732664823532104
3.347987651824951
2.162562370300293
3.1741702556610107
4.34696102142334
2.033005952835083
2.7891359329223633
0.34148719906806946
4.6872663497924805
1.2416998147964478
1.721883773803711
0.6784040331840515
2.652524471282959
3.8289742469787598
4.8595991134643555
3.7334790229797363
3.8356781005859375
1.431013584136963
3.380080223083496
2.1215343475341797
3.7525177001953125
0.8915954232215881
2.9915075302124023
3.621750831604004
1.61017906665802
0.9603192210197449
3.913134813308716
0.767728865146637
2.3066604137420654
2.828838586807251
2.908822774887085
2.713092803955078
2.1324174404144287
3.9698188304901123
1.639532446861267
3.1259515285491943
0.6088922023773193
3.523507833480835
3.1490652561187744
1.1823506355285645
4.458320140838623
0.15186017751693726
4.644777297973633
4.679394721984863
1.6605699062347412
1.4254913330078125
3.8779749870300293
3.4317455291748047
4.470834732055664
2.5946624279022217
2.193554162979126
1.9765533208847046
0.4811704754829407
2.2994256019592285
4.550586700439453
2.375303030014038
1.2083781957626343
2.3395237922668457
2.974879264831543
5.210960388183594
4.632561206817627
1.38251531124115
1.3488152027130127
4.800081729888916
1.7716201543807983
2.890132427215576
4.253066062927246
2.159479856491089
4.06852912902832
0.996975839138031
2.1318960189819336
2.729435443878174
3.1395885944366455
4.911259174346924
3.8708131313323975
1.8862861394882202
5.046860694885254
3.3957197666168213
2.6798105239868164
2.509298086166382
1.762505054473877
1.4673395156860352
2.133166551589966
2.315640449523926
1.219595193862915
2.5088045597076416
2.7318344116210938
3.0191030502319336
3.715571880340576
2.9609594345092773
3.55045747756958
2.4350359439849854
3.4946134090423584
2.197084903717041
3.6409010887145996
2.7634541988372803
2.286513328552246
5.77502965927124
2.2892377376556396
2.797333002090454
3.1862244606018066
1.289768934249878
3.5587923526763916
3.2065770626068115
1.110198974609375
3.597874402999878
1.794845700263977
1.30816650390625
2.1684741973876953
4.970885276794434
1.9406450986862183
4.518059253692627
3.7461659908294678
0.658059298992157
