9.876351576561311e-42
6.075807094573975
5.89658260345459
1.9886794090270996
1.67408287525177
1.788748860359192
1.9218803644180298
2.0325169563293457
1.848692774772644
1.657423973083496
1.6231082677841187
2.091869592666626
1.8641681671142578
1.6452648639678955
1.5263476371765137
1.8066234588623047
5.866922855377197
1.9406743049621582
2.0054187774658203
1.984821081161499
2.350005626678467
2.2793643474578857
1.2404166460037231
0.9289199113845825
1.1188850402832031
2.2258365154266357
2.14174485206604
1.5027811527252197
1.1332876682281494
1.6358470916748047
1.6141514778137207
2.2495172023773193
0.39406490325927734
2.2847859859466553
0.7576855421066284
1.3196877241134644
0.6263539791107178
1.1288440227508545
1.520050048828125
0.5867160558700562
1.3297494649887085
1.362162470817566
6.048269748687744
5.847417831420898
1.8660869598388672
1.5599391460418701
1.5992774963378906
1.7804020643234253
1.5856527090072632
1.5420467853546143
2.0585076808929443
1.8455839157104492
1.691727638244629
2.141798496246338
1.7523488998413086
2.207195997238159
1.2804023027420044
1.930554747581482
1.8457270860671997
1.0837934017181396
5.98440408706665
5.9208831787109375
2.1009528636932373
1.5257716178894043
1.7111772298812866
1.5091344118118286
1.8563014268875122
1.7046538591384888
2.1721346378326416
2.3154284954071045
1.2815136909484863
0.7621486186981201
1.56570303440094
1.5879970788955688
2.056918144226074
1.591781735420227
1.667568325996399
1.57540762424469
2.2436788082122803
2.4056859016418457
0.21827830374240875
0.7838948369026184
1.6351134777069092
1.7749838829040527
1.5298795700073242
1.5066709518432617
2.076599359512329
2.1786203384399414
2.391533851623535
0.6150805950164795
1.8734716176986694
2.1578712463378906
2.009427309036255
2.527273654937744
1.308058500289917
1.6078869104385376
5.891427516937256
2.1782443523406982
1.209428310394287
1.7380517721176147
1.9814605712890625
1.7174713611602783
1.3966662883758545
1.3371254205703735
1.7919813394546509
2.068352699279785
2.2744338512420654
1.908599853515625
1.1967482566833496
1.3452662229537964
1.9637930393218994
2.0557708740234375
2.0975148677825928
1.004713773727417
1.7677255868911743
2.237194061279297
1.106237769126892
2.1483442783355713
1.4111896753311157
2.077404260635376
2.1448230743408203
1.8014585971832275
1.410400390625
2.0943613052368164
2.1113474369049072
2.010443687438965
2.3550238609313965
1.759124755859375
1.9225590229034424
2.4184069633483887
2.374095916748047
1.8660407066345215
2.420315742492676
2.1636109352111816
2.010754108428955
2.403578042984009
1.5965690612792969
1.7739274501800537
1.860538125038147
2.3831124305725098
2.050248861312866
2.368426561355591
1.8874870538711548
1.9931966066360474
2.05894136428833
2.132960081100464
2.2324607372283936
2.1542420387268066
2.4904658794403076
2.033491849899292
1.768291711807251
2.5361599922180176
2.506772756576538
2.337778091430664
2.3917977809906006
2.3614237308502197
2.3036415576934814
2.005967617034912
2.2946746349334717
1.8883904218673706
1.8654260635375977
1.752872109413147
5.190305709838867
5.809268474578857
6.571916580200195
5.870504856109619
6.470497131347656
6.623950004577637
6.126941204071045
6.871612548828125
6.743262767791748
7.091261386871338
7.144923210144043
7.254530906677246
7.314996242523193
7.032619953155518
7.480019569396973
6.5233154296875
6.3995256423950195
6.477639675140381
6.345284938812256
6.807750225067139
6.382585525512695
6.252364635467529
6.0972208976745605
6.286182403564453
6.295426368713379
6.26533317565918
6.111706256866455
6.145231246948242
6.073355197906494
6.021256446838379
6.135347843170166
5.994318962097168
5.701051712036133
5.774789810180664
5.945736885070801
6.207578659057617
6.693033695220947
6.284596920013428
6.978434085845947
7.111443996429443
7.330525875091553
7.183072090148926
7.505093574523926
6.712259769439697
6.419622421264648
6.3538899421691895
6.3418192863464355
6.306110858917236
6.336885452270508
6.355510234832764
7.116250514984131
6.917620658874512
6.368374347686768
6.188905239105225
6.577643871307373
6.957971572875977
6.404748916625977
5.956010341644287
6.394006729125977
6.8293232917785645
6.423553466796875
5.986595153808594
7.5975165367126465
6.935286045074463
7.131631851196289
6.735222816467285
7.120022296905518
6.80272102355957
5.744758129119873
7.061851501464844
7.595517158508301
7.549139022827148
7.120620250701904
7.7674407958984375
5.732441425323486
7.66107702255249
6.387616157531738
5.652190208435059
5.57883882522583
7.415487289428711
5.684420585632324
7.482193470001221
5.6951904296875
7.554974555969238
6.166989803314209
7.714684009552002
6.601799964904785
6.2708845138549805
7.602158546447754
7.596965312957764
7.381307125091553
6.1570048332214355
6.189897060394287
6.242344379425049
6.162984848022461
5.721531867980957
0.4284166991710663
1.0117379426956177
0.5565134882926941
0.17823673784732819
2.479060649871826
3.256364345550537
3.564098358154297
3.7989377975463867
3.9260666370391846
3.863953113555908
3.8024649620056152
0.2892645597457886
2.6830201148986816
0.8224273324012756
3.8407034873962402
4.145620346069336
4.4969282150268555
4.683193206787109
4.683613300323486
4.861903667449951
4.834916114807129
4.208050727844238
4.670370101928711
5.131706714630127
5.041883945465088
5.029576301574707
5.486123561859131
1.1974668502807617
0.7532451152801514
1.1076850891113281
1.4924390316009521
3.8642938137054443
3.7604849338531494
0.35251331329345703
4.653202533721924
4.516379356384277
4.863770484924316
4.763545513153076
4.999928951263428
5.035501956939697
1.2610670328140259
1.1198536157608032
3.4493865966796875
4.122237682342529
4.742487907409668
5.493680477142334
1.3924930095672607
4.511775970458984
5.587657928466797
1.2294565439224243
4.752953052520752
5.054069995880127
1.3764969110488892
4.498915672302246
0.14293882250785828
4.47799015045166
4.396327495574951
5.035496234893799
4.061927795410156
4.8620781898498535
4.861738204956055
4.404432773590088
4.294996738433838
4.652772903442383
4.00607442855835
4.587847709655762
3.9522273540496826
3.7269437313079834
4.338532447814941
3.430119752883911
4.263446807861328
3.829178810119629
3.793121099472046
4.028679370880127
3.8289852142333984
3.676046848297119
3.11922025680542
2.604483127593994
0.9028192758560181
0.2632294297218323
0.17479319870471954
0.5193437337875366
0.1733630895614624
0.8812599182128906
0.5796554088592529
0.7946426272392273
0.11329329758882523
3.1499977111816406
3.0185725688934326
0.7915275692939758
2.9592278003692627
2.8047637939453125
0.8657448291778564
5.074567794799805
4.987397193908691
4.78672981262207
3.1554296016693115
4.096027851104736
1.216291904449463
5.74736213684082
0.21435317397117615
5.090156555175781
5.100760459899902
5.733373641967773
5.68666934967041
0.31960999965667725
1.0367339849472046
5.244070053100586
2.555924892425537
3.356856107711792
0.38029810786247253
5.557701110839844
4.32401704788208
4.993160724639893
5.59570837020874
0.9274755716323853
0.22699347138404846
5.3979716300964355
4.049702167510986
1.3019425868988037
3.8685715198516846
2.726318597793579
5.589344501495361
5.378534317016602
5.952583312988281
0.4163473844528198
0.2050459086894989
3.3108856678009033
5.569941520690918
5.987732887268066
6.084434509277344
0.3766554296016693
3.78942608833313
5.975064277648926
0.2134336233139038
4.4251179695129395
6.017767906188965
0.4359561800956726
1.0876613855361938
3.8435373306274414
1.8060312271118164
1.6480135917663574
4.62753963470459
6.085667610168457
4.683220863342285
5.29193639755249
5.430541515350342
1.179853081703186
4.3626909255981445
5.142027854919434
6.195191860198975
2.5400469303131104
2.4462149143218994
5.985964298248291
4.887819290161133
1.8181735277175903
5.341155529022217
5.038074970245361
2.3743181228637695
0.9013513922691345
0.8707619309425354
0.9959026575088501
0.9612630605697632
0.653929591178894
0.5438171625137329
0.49488839507102966
0.508240818977356
0.16253486275672913
0.6171612739562988
0.6413314342498779
0.4040908217430115
0.8017911314964294
0.7807265520095825
1.2604146003723145
1.950817346572876
0.9766638278961182
1.0450762510299683
5.008458137512207
1.6455888748168945
1.640082836151123
5.573277950286865
5.481620788574219
5.782016754150391
6.447018623352051
7.071198463439941
7.523041725158691
7.874276161193848
5.880769729614258
1.110805869102478
5.695994853973389
6.4213972091674805
7.347684383392334
8.060469627380371
6.122987270355225
1.6256117820739746
6.062365531921387
7.649771213531494
7.962052822113037
6.000865936279297
7.937009811401367
5.735692024230957
6.832399845123291
7.874406337738037
7.784256935119629
7.365405559539795
5.860227108001709
5.9944634437561035
6.07390022277832
6.359554767608643
6.377101421356201
6.127684116363525
6.453556060791016
6.259823322296143
5.400917053222656
4.729563236236572
2.3193538188934326
2.4939792156219482
5.426828384399414
0.8875337839126587
8.090677261352539
8.318163871765137
7.646822452545166
7.726977825164795
8.12529182434082
0.9486663341522217
7.500182628631592
0.8660634160041809
6.065169334411621
7.063177585601807
7.216732501983643
7.52232551574707
6.093852996826172
0.9676526188850403
5.879864692687988
6.001824855804443
6.807871341705322
7.036667823791504
6.2009172439575195
6.647585391998291
5.795405387878418
2.6946094036102295
5.629971981048584
5.460890769958496
5.4130539894104
8.275713920593262
0.8424885869026184
7.878687381744385
7.475035190582275
7.964099407196045
7.632915019989014
7.432958126068115
6.0230231285095215
7.147241115570068
5.77297830581665
6.42030668258667
6.180951118469238
5.855881214141846
5.68379545211792
8.241539001464844
0.8414889574050903
7.823421955108643
1.0204310417175293
6.269559383392334
5.816139221191406
5.442302227020264
1.0122088193893433
8.3004789352417
7.189687252044678
7.1569504737854
5.793402671813965
6.3292927742004395
5.859542369842529
5.542943954467773
1.0174715518951416
6.673638820648193
7.820561408996582
6.426295757293701
5.707249164581299
5.905383586883545
6.237814426422119
6.553745269775391
6.168997287750244
6.563302040100098
1.120514154434204
5.910977840423584
1.9749394655227661
7.813262939453125
5.801138401031494
5.644116401672363
7.222525119781494
2.5500717163085938
4.943198204040527
6.24563455581665
3.08367919921875
4.717259883880615
5.890200614929199
5.76173210144043
5.999062538146973
6.025827407836914
6.196908473968506
6.160153388977051
5.673802375793457
3.4457244873046875
3.6995961666107178
5.437007904052734
5.287395000457764
5.059143543243408
4.321608543395996
4.4351911544799805
4.596879959106445
0.8799052834510803
0.7321418523788452
0.6645240783691406
1.8191957473754883
1.605202317237854
0.5315618515014648
1.8861204385757446
1.6124321222305298
2.116633892059326
1.521498441696167
1.0527304410934448
1.7182714939117432
1.0404255390167236
1.9245901107788086
0.8862943649291992
1.8061105012893677
1.6390291452407837
1.0611917972564697
1.8104168176651
1.5226175785064697
1.9976037740707397
1.776275634765625
1.4971623420715332
2.114513397216797
2.471536636352539
2.484128475189209
1.4126899242401123
1.6060154438018799
0.6621109247207642
1.4087365865707397
1.3409897089004517
0.4243559241294861
0.23886631429195404
0.9134998321533203
1.049422025680542
0.6137757897377014
0.35349950194358826
0.30264970660209656
0.3654707074165344
0.4044598937034607
0.7542588114738464
0.23440223932266235
0.7026126384735107
0.38757336139678955
1.1784021854400635
0.5780554413795471
0.6994025111198425
0.8982945680618286
0.32922273874282837
0.33184391260147095
1.0836892127990723
0.7987268567085266
1.4823412895202637
0.2162255048751831
0.4148266017436981
0.32516226172447205
0.5451990365982056
0.9843414425849915
1.0659946203231812
0.6722185611724854
1.5572690963745117
0.40473073720932007
0.7818056344985962
0.8399010896682739
0.8459295034408569
0.6531291007995605
0.32998448610305786
0.4311549663543701
0.37652310729026794
0.5752624273300171
0.4024996757507324
0.3646332919597626
0.6787079572677612
0.15388223528862
0.6594608426094055
1.4085304737091064
1.3303818702697754
0.944314181804657
0.9873576760292053
1.1939665079116821
1.6812043190002441
1.4908058643341064
0.6243636608123779
1.1466468572616577
0.7886255979537964
0.5814468860626221
1.124407410621643
1.2653931379318237
1.384219765663147
1.2216981649398804
0.3712789714336395
0.7072734832763672
1.045518159866333
1.490439534187317
1.0514782667160034
0.9749212861061096
0.6375620365142822
0.49015313386917114
0.3827895522117615
0.6012457013130188
1.1278949975967407
0.49688512086868286
0.8853466510772705
0.903680145740509
0.5276958346366882
0.8847185373306274
0.4094412624835968
0.8805863857269287
0.6118888854980469
0.5120874047279358
0.5300673246383667
0.2838380038738251
0.6502852439880371
0.5246692895889282
0.6526575684547424
0.3248000741004944
0.2768351435661316
1.0873552560806274
0.3281556963920593
0.55781489610672
0.4984729290008545
0.29153740406036377
0.4790591895580292
0.31409895420074463
0.35587385296821594
1.2592626810073853
0.4268222153186798
0.9416097402572632
0.26525354385375977
0.5872917175292969
0.7346847653388977
0.3203395903110504
0.18542858958244324
0.6075894832611084
0.4526267647743225
0.6125012040138245
0.5057646036148071
0.12941622734069824
0.7086190581321716
0.518691897392273
0.5719802379608154
0.7159379720687866
0.317622572183609
0.34280985593795776
0.7197405099868774
0.4202805161476135
0.3865572214126587
0.6719632744789124
0.2736372947692871
0.3811504542827606
0.5342183709144592
0.2818715572357178
0.568675696849823
0.4755348563194275
0.551683247089386
0.5253451466560364
0.27621471881866455
0.45046234130859375
0.6969971656799316
0.6331220865249634
0.6026679873466492
0.4039757251739502
0.4875425398349762
0.3860851526260376
0.46623173356056213
0.1806914061307907
0.49580827355384827
0.14446820318698883
0.2167830467224121
3.374526023864746
0.24965620040893555
0.2093351036310196
0.2459309846162796
0.39885756373405457
0.34678083658218384
4.988171100616455
0.3712162971496582
0.9245597720146179
0.6393576264381409
1.3787940740585327
0.6017449498176575
0.0752193033695221
0.3970426619052887
0.5861324071884155
5.434364318847656
0.6506879329681396
0.8926000595092773
5.397754192352295
0.2479669749736786
3.902604579925537
0.8591753840446472
0.8066530227661133
4.389154434204102
3.5951530933380127
0.8265251517295837
1.0440975427627563
0.7748615145683289
4.83700704574585
5.109901428222656
5.603133678436279
0.6959695219993591
1.0097194910049438
0.981764554977417
0.8494976758956909
0.661055862903595
0.6969188451766968
5.829265117645264
1.0933558940887451
0.5901378989219666
0.8297936320304871
1.0465840101242065
5.3010029792785645
0.9170379638671875
0.42438969016075134
0.3034299910068512
4.404130935668945
0.6448419094085693
6.063632488250732
0.5414923429489136
4.7786664962768555
4.12809419631958
4.309025764465332
5.430109024047852
0.8206930756568909
3.770407199859619
3.472078800201416
5.533199787139893
5.814018249511719
1.4634132385253906
1.0721911191940308
0.30769044160842896
0.5354447364807129
0.6034809947013855
1.2649867534637451
0.9928078055381775
0.1709359586238861
0.6786786913871765
0.9069855809211731
0.9141911268234253
0.38184183835983276
0.7684293985366821
0.7827525734901428
0.8541621565818787
0.7224634289741516
0.49386999011039734
0.1919272392988205
0.34327560663223267
0.6782693266868591
0.8728666305541992
0.1593104600906372
0.431894451379776
0.46158453822135925
0.25034403800964355
0.3527040481567383
0.4713801443576813
0.44694188237190247
0.4192333221435547
0.7092676162719727
0.410244345664978
0.7369417548179626
0.5443292260169983
0.3851390779018402
0.31594300270080566
0.31025779247283936
3.45340633392334
0.4584367275238037
0.5287990570068359
0.6784523725509644
0.4602903425693512
1.2653757333755493
1.064298152923584
2.3301455974578857
0.524721622467041
0.4588865339756012
0.4646522104740143
5.816738128662109
5.603089332580566
0.7974889874458313
4.176728248596191
1.0326539278030396
0.8593460321426392
0.396321177482605
1.0148667097091675
0.43204185366630554
1.1662838459014893
0.8712077140808105
0.5938854217529297
0.7886552214622498
0.5524762868881226
0.7359889149665833
0.4945850372314453
0.48380979895591736
0.3122912347316742
0.4981591999530792
0.652691662311554
0.6716791987419128
0.6550391912460327
0.5850939750671387
0.6387801170349121
0.5543468594551086
0.3321974277496338
0.26697224378585815
0.7531883716583252
5.29335880279541
1.3369148969650269
0.5982121825218201
5.895602703094482
5.024228096008301
5.851888179779053
0.153599351644516
0.8064283728599548
0.3763221800327301
1.1322648525238037
0.6406928896903992
0.6251718401908875
0.6475235223770142
0.4521903693675995
0.5217238068580627
0.5967132449150085
0.03206183388829231
0.4105723798274994
0.69170081615448
1.5729081630706787
0.6182564496994019
0.5017307996749878
0.6663434505462646
3.462172031402588
0.6963985562324524
1.0885257720947266
0.24516375362873077
0.6936488151550293
5.992022514343262
2.7694005966186523
5.914432048797607
0.9072265028953552
0.5585619211196899
0.7363048195838928
0.45273342728614807
0.48810797929763794
0.48460763692855835
0.11751405894756317
0.8097281455993652
0.37162500619888306
0.797296404838562
0.5867571830749512
0.5602688193321228
0.6960409283638
1.0304843187332153
0.7605769634246826
0.4647597074508667
0.1504954695701599
0.6137902736663818
0.7016744017601013
0.48969876766204834
0.2890144884586334
0.31224384903907776
0.4642622470855713
0.5338813066482544
1.9261860847473145
0.30461814999580383
3.027346611022949
4.8312225341796875
0.4489125907421112
0.3249717056751251
0.5840181708335876
0.40040791034698486
2.0878472328186035
0.5423129796981812
0.4768885672092438
0.2527112364768982
0.46262696385383606
0.10427741706371307
2.1903841495513916
0.19108335673809052
1.1184253692626953
0.8274428844451904
0.7913473844528198
3.5725626945495605
5.207672119140625
0.19914039969444275
0.4649405777454376
2.5726380348205566
0.5285971164703369
0.651026725769043
3.2260327339172363
0.2187742292881012
0.6650916934013367
0.7715593576431274
0.12468473613262177
0.7539681196212769
0.6552213430404663
4.119954586029053
5.8868727684021
1.2714884281158447
3.0291383266448975
0.09508142620325089
0.5772413015365601
1.749638319015503
0.5898550152778625
0.5775752067565918
1.3579000234603882
0.6980809569358826
0.7242458462715149
0.37705790996551514
1.7319263219833374
1.6647487878799438
5.975830078125
1.7876100540161133
0.9539555311203003
0.3678120970726013
0.7315144538879395
1.0492184162139893
0.7782442569732666
0.4338504672050476
0.5142967700958252
2.925079345703125
0.4004789888858795
0.9297125339508057
0.6081552505493164
0.43123388290405273
6.014316082000732
0.3136506974697113
0.26583582162857056
5.980170249938965
0.3228153884410858
0.49167928099632263
0.32141971588134766
2.3482799530029297
0.2631842792034149
2.8475077152252197
0.3923899829387665
0.6823275685310364
