9.876351576561311e-42
4.889369487762451
4.834885120391846
1.0000203847885132
0.8451554775238037
0.7839284539222717
0.8953534960746765
0.9497077465057373
0.8391211628913879
1.2643229961395264
1.2317429780960083
1.0865508317947388
0.8861393928527832
1.5413942337036133
0.9545682668685913
1.4320414066314697
4.843529224395752
1.5768725872039795
1.6632580757141113
1.9299293756484985
1.0603032112121582
1.0016870498657227
1.4310709238052368
1.845743179321289
1.869917631149292
0.994234025478363
1.094393253326416
2.0551986694335938
2.096071481704712
1.2290010452270508
1.6040925979614258
1.1985595226287842
1.9673250913619995
1.0307825803756714
1.7668137550354004
1.5009270906448364
2.0499510765075684
2.040877103805542
1.3492175340652466
2.021754503250122
1.9402248859405518
2.125405788421631
4.8811354637146
4.788716793060303
0.736354410648346
0.9087631106376648
1.0335733890533447
1.0965420007705688
1.2374337911605835
1.2727025747299194
0.9650440812110901
1.6113593578338623
1.3003175258636475
0.9879281520843506
2.053443670272827
0.9698264598846436
1.4120895862579346
1.3261404037475586
1.1761443614959717
1.6113733053207397
4.858692169189453
4.838558673858643
1.2540870904922485
1.2736414670944214
1.2771755456924438
1.0073297023773193
1.7159732580184937
1.174525499343872
1.7649298906326294
1.1529017686843872
1.722161889076233
2.0860953330993652
1.052109718322754
1.158959150314331
0.996152937412262
0.9182116985321045
1.2884029150009155
1.674503207206726
1.6114836931228638
1.254930853843689
1.7617470026016235
2.0700364112854004
1.137367844581604
1.3727918863296509
1.0697431564331055
1.0655839443206787
1.2701034545898438
1.0258129835128784
1.2652307748794556
1.9145747423171997
1.3959300518035889
1.2341587543487549
1.0162034034729004
1.155179500579834
2.0307796001434326
1.0090792179107666
4.824840068817139
1.1175525188446045
1.9723930358886719
1.002153992652893
1.470069408416748
1.4459030628204346
1.9757736921310425
1.8560603857040405
0.8988540172576904
1.126996636390686
1.1899713277816772
1.1352888345718384
1.7500754594802856
1.778905987739563
1.1288630962371826
0.9931594133377075
1.4467436075210571
1.8796730041503906
0.9198711514472961
1.3496081829071045
1.587059736251831
1.323898196220398
1.7705614566802979
0.9837650060653687
0.9575350284576416
1.7951087951660156
1.591098666191101
1.342199444770813
1.247921347618103
1.0141541957855225
1.1524096727371216
0.9743791818618774
1.1701076030731201
1.1118937730789185
1.1571180820465088
0.8634983897209167
1.0719014406204224
0.9665951132774353
0.7166407108306885
0.6587514281272888
0.8483536243438721
0.90004962682724
0.8277559280395508
1.1396080255508423
0.8703207969665527
1.3003300428390503
1.3266342878341675
0.9683331847190857
0.8777660131454468
0.8116241693496704
0.8563555479049683
1.006624460220337
0.7063510417938232
1.039703130722046
1.02615487575531
0.8190382122993469
0.9089832305908203
0.9844543933868408
1.0502158403396606
1.1539630889892578
1.2142337560653687
1.5860035419464111
1.1511943340301514
1.247646450996399
1.262946367263794
1.287414789199829
5.163303375244141
4.455264091491699
5.180331230163574
3.570002794265747
4.886170387268066
4.122133255004883
3.168835401535034
4.958357810974121
3.4792842864990234
4.4139251708984375
5.242919445037842
4.96268367767334
4.4221415519714355
5.029197692871094
3.7076313495635986
5.112105369567871
4.8309855461120605
3.4991302490234375
4.917357444763184
3.1509206295013428
4.590466022491455
4.790966510772705
4.765218257904053
4.5613298416137695
4.6124348640441895
4.637535572052002
4.708041191101074
4.651001930236816
4.52744197845459
4.769004821777344
4.55019998550415
4.588505268096924
4.400217056274414
4.760246753692627
4.798834323883057
4.273802280426025
5.794849872589111
3.491795778274536
3.9521028995513916
5.784570693969727
4.648794174194336
4.731626510620117
3.5725338459014893
4.818985939025879
4.669785976409912
5.175900936126709
3.295734405517578
4.757094383239746
4.474523067474365
4.596054553985596
5.500651836395264
4.526609420776367
5.095113277435303
3.667587995529175
3.2454376220703125
5.8524956703186035
4.861839294433594
3.9983866214752197
4.671494007110596
4.676592826843262
4.6938862800598145
4.650705814361572
3.4415736198425293
5.545055389404297
4.2233662605285645
4.398797512054443
5.215743541717529
4.029809474945068
4.600076675415039
4.188789367675781
3.516730785369873
3.5675442218780518
4.6419677734375
3.0824103355407715
4.698602676391602
3.2211453914642334
4.572229862213135
4.3998188972473145
4.3831987380981445
3.985572576522827
4.360264301300049
3.7711098194122314
4.36673641204834
3.3838601112365723
4.545346736907959
2.9077627658843994
4.3498992919921875
4.366753578186035
3.1970746517181396
3.067561626434326
3.419107675552368
4.1617045402526855
4.255730152130127
4.464358329772949
4.512619495391846
4.390361309051514
1.2725015878677368
2.172365188598633
2.858128070831299
3.1704704761505127
4.069072723388672
4.644665718078613
5.010605335235596
5.342154502868652
5.640563011169434
5.4981231689453125
5.361048698425293
2.586728096008301
3.781109571456909
2.5405452251434326
4.203381538391113
4.433438301086426
5.616067409515381
4.850234508514404
4.703374862670898
5.056186199188232
3.9411158561706543
3.5062146186828613
3.5910794734954834
4.869446754455566
3.507740020751953
3.233698844909668
3.190615177154541
1.9094123840332031
2.2343170642852783
2.2270305156707764
3.386610507965088
5.380735874176025
5.224653720855713
2.7951836585998535
5.244760990142822
4.1626434326171875
4.423484802246094
3.5718438625335693
3.3097572326660156
3.7084317207336426
2.04533314704895
2.506735324859619
4.7966389656066895
5.708526611328125
3.749504566192627
3.5000076293945312
1.8980350494384766
5.339987754821777
3.8088395595550537
2.0439910888671875
3.6578729152679443
4.259304523468018
1.933295726776123
4.042573928833008
3.1281538009643555
5.177798271179199
4.000744342803955
3.938886880874634
5.5503740310668945
4.2263264656066895
4.068905830383301
4.992620944976807
3.965156316757202
4.558586120605469
5.3852057456970215
4.417666912078857
5.224057197570801
3.7211928367614746
4.8193559646606445
3.8213768005371094
4.535517692565918
4.949976921081543
4.979540824890137
4.339256286621094
5.084038734436035
4.883424758911133
4.176525592803955
3.96337890625
2.648205518722534
2.9873077869415283
3.0851848125457764
2.858478307723999
2.9271883964538574
2.506834030151367
2.505235433578491
1.9437223672866821
2.016555070877075
3.5446360111236572
3.453882932662964
1.8302043676376343
3.2616424560546875
3.0092885494232178
2.4141042232513428
3.208186149597168
3.2609446048736572
3.338913679122925
3.129687786102295
3.501877784729004
2.9889373779296875
2.4266419410705566
2.3189914226531982
2.8371779918670654
2.554290294647217
3.037905216217041
3.5335116386413574
2.7194314002990723
2.7594006061553955
3.3383657932281494
3.15895676612854
3.4948816299438477
1.7425682544708252
2.607165575027466
3.23360276222229
2.9352145195007324
2.445659637451172
3.111185073852539
2.6861002445220947
2.3221075534820557
3.3773019313812256
2.572063446044922
3.3254435062408447
3.1749801635742188
2.525545120239258
2.7714412212371826
2.157975435256958
2.4622275829315186
1.9125442504882812
3.191580057144165
2.631913423538208
2.1936402320861816
2.151441812515259
1.8341553211212158
3.381165027618408
2.3525800704956055
1.6931633949279785
3.3257946968078613
2.1298584938049316
1.9020040035247803
2.5764074325561523
3.278020143508911
2.8615498542785645
3.2447447776794434
3.188296318054199
2.0945026874542236
3.1070713996887207
2.819570541381836
2.588998556137085
3.100285291671753
3.1758108139038086
2.468043804168701
2.2663516998291016
2.6335644721984863
2.609442949295044
2.200202703475952
2.554778814315796
2.542637348175049
2.969593048095703
3.4819722175598145
2.8108270168304443
2.1081273555755615
2.341311454772949
1.768196702003479
1.5846925973892212
1.5135173797607422
1.6462613344192505
2.2776808738708496
1.9295942783355713
2.092998504638672
2.514474391937256
2.8495805263519287
2.7020468711853027
2.7046525478363037
2.722677230834961
2.6157467365264893
2.6671793460845947
2.919773578643799
3.1111998558044434
3.414689779281616
3.0979504585266113
2.876549482345581
2.4956014156341553
2.8809115886688232
3.229448080062866
3.021674394607544
3.3647496700286865
3.393907070159912
2.8711135387420654
3.144529342651367
2.952446460723877
2.889641761779785
2.7946183681488037
3.3693928718566895
2.9986000061035156
2.7645487785339355
2.8755736351013184
2.862517833709717
3.436400890350342
3.264270782470703
2.563133478164673
3.328977584838867
2.6274917125701904
3.581413745880127
3.3724520206451416
3.1800527572631836
3.1880712509155273
2.2449278831481934
3.248161792755127
2.235454559326172
2.363668441772461
2.4699149131774902
3.118778944015503
3.2269039154052734
3.553798198699951
3.29834246635437
3.2318737506866455
2.822512149810791
2.7975149154663086
2.6846773624420166
2.5703349113464355
3.1446588039398193
2.666794538497925
3.0520520210266113
2.6875791549682617
2.504345417022705
2.637521266937256
2.5170845985412598
2.886443614959717
2.733635425567627
2.6603682041168213
2.601006031036377
2.7360634803771973
3.5507466793060303
3.085115432739258
3.9469029903411865
4.185483455657959
2.7936036586761475
2.8485655784606934
3.333946704864502
3.8371148109436035
4.004147052764893
2.866899013519287
4.20287561416626
4.264704704284668
3.9569263458251953
2.8458640575408936
2.9107022285461426
2.445446491241455
2.7195050716400146
2.274350881576538
2.399785280227661
2.6736416816711426
3.4785890579223633
3.110621929168701
4.31569242477417
3.5164296627044678
3.28934383392334
3.739567279815674
3.8890178203582764
3.0253195762634277
3.0609230995178223
2.774400472640991
3.0266048908233643
3.395552396774292
3.631828546524048
4.021721363067627
3.055558443069458
2.734606981277466
2.8018810749053955
3.0119926929473877
4.218417644500732
3.624406099319458
3.307943105697632
3.7213568687438965
2.7849807739257812
2.9657788276672363
2.4064371585845947
2.7731833457946777
4.208675384521484
3.0229532718658447
3.105381727218628
2.842615842819214
3.01631760597229
4.013000965118408
2.932011604309082
3.8463246822357178
2.940633773803711
2.587212562561035
3.7900583744049072
3.4234490394592285
2.777416944503784
2.832599401473999
2.9290266036987305
2.925607919692993
2.725255250930786
3.4698400497436523
3.5614547729492188
3.986051082611084
3.525251626968384
3.4900381565093994
3.257127046585083
3.308624267578125
2.840477705001831
2.8724751472473145
3.223449945449829
3.5368213653564453
3.0783631801605225
2.5918941497802734
2.389021873474121
2.585696220397949
2.8931214809417725
2.3958733081817627
1.0980830192565918
0.6640905737876892
3.0072007179260254
3.794853687286377
0.5927277207374573
2.338332176208496
3.6610186100006104
3.6174423694610596
2.044062852859497
2.4412128925323486
3.469163656234741
2.216895580291748
1.8908072710037231
1.5945801734924316
3.7159440517425537
2.230421543121338
2.818476915359497
2.3512773513793945
1.9989534616470337
3.2299885749816895
2.6023058891296387
3.053297996520996
3.718280076980591
3.864211320877075
3.806370496749878
2.943037986755371
3.0173161029815674
2.3929443359375
3.056558132171631
2.414771556854248
2.6880598068237305
2.5885703563690186
3.1346139907836914
3.353348731994629
3.276599645614624
2.5104405879974365
2.8271751403808594
2.4912753105163574
2.7200419902801514
2.7349162101745605
1.7484017610549927
2.7747914791107178
2.3416457176208496
1.785394549369812
1.3056738376617432
1.7704273462295532
3.3247339725494385
2.387040138244629
2.1301465034484863
1.4648374319076538
1.0119930505752563
2.9610464572906494
3.013028621673584
3.1398425102233887
2.852771043777466
2.280897378921509
1.5150790214538574
3.418698310852051
2.175678253173828
1.2823792695999146
3.0742626190185547
1.6789464950561523
3.007089376449585
2.6954073905944824
2.899186372756958
3.0374855995178223
2.8733506202697754
2.7690329551696777
2.5914037227630615
2.279819965362549
1.4400333166122437
1.0517189502716064
1.2495170831680298
2.244413375854492
1.8633646965026855
1.794790506362915
1.5182654857635498
1.5769997835159302
1.1713207960128784
1.9408477544784546
1.4044389724731445
1.9860104322433472
1.280393123626709
1.930043339729309
2.7954864501953125
4.324105739593506
4.808858871459961
5.591066360473633
5.24331521987915
1.3554258346557617
2.541896343231201
1.8301799297332764
6.006533622741699
1.5812597274780273
5.086789131164551
4.936474323272705
4.834496974945068
2.291315793991089
1.503461480140686
1.361094355583191
3.0063977241516113
4.191889762878418
3.077467679977417
1.1206157207489014
2.7334325313568115
1.2669267654418945
2.6660513877868652
0.9303721785545349
1.5427697896957397
0.44747206568717957
1.7864834070205688
0.42750898003578186
1.7918848991394043
1.4887046813964844
1.9438371658325195
1.92897367477417
1.9128525257110596
1.8776860237121582
2.211259365081787
1.7857248783111572
2.2071495056152344
2.4877240657806396
1.8400927782058716
2.605670928955078
2.021575927734375
1.4839657545089722
2.20573091506958
0.5190149545669556
0.7955253720283508
1.4274834394454956
1.8941893577575684
2.0532753467559814
1.962193489074707
1.998639464378357
1.4253442287445068
1.3942228555679321
1.5863490104675293
2.554643154144287
2.051361322402954
2.132500410079956
2.3234870433807373
1.4268851280212402
2.4631855487823486
3.1752543449401855
1.197190284729004
1.6220273971557617
3.177014112472534
3.0675618648529053
2.1476778984069824
3.3969249725341797
3.3317034244537354
1.5889179706573486
1.846528172492981
1.6770174503326416
2.779158115386963
3.078963279724121
1.601258635520935
1.1412160396575928
2.362586259841919
3.530369758605957
2.597808837890625
1.0942578315734863
1.17037832736969
3.216568946838379
2.946187973022461
1.9076507091522217
2.679624319076538
1.3372857570648193
3.1639163494110107
0.9236354827880859
0.7321482300758362
2.5726864337921143
0.9206421375274658
1.1151204109191895
3.1473445892333984
0.6198486089706421
2.8744330406188965
1.1353331804275513
2.3000266551971436
1.4367542266845703
2.2937564849853516
1.4229927062988281
1.6989552974700928
3.6569416522979736
1.3802698850631714
1.3605371713638306
3.933021068572998
1.9914979934692383
2.5623199939727783
1.9876619577407837
1.215202808380127
2.822293519973755
2.4727914333343506
1.4568403959274292
0.8610835075378418
1.1055819988250732
3.273267984390259
3.63344144821167
4.310413360595703
0.8095219135284424
0.641732931137085
1.0846912860870361
1.7501856088638306
0.6573383808135986
2.189579963684082
4.680247783660889
0.6628314852714539
1.8524876832962036
2.1201558113098145
1.7658663988113403
4.183850288391113
2.8707988262176514
2.399172306060791
2.1305742263793945
3.677604913711548
2.53059983253479
5.454155921936035
2.112407922744751
4.187183380126953
3.7319440841674805
4.090341091156006
4.833057403564453
2.3038697242736816
3.7449960708618164
3.8242084980010986
4.9739909172058105
5.092792987823486
1.6809499263763428
1.2967476844787598
1.6016786098480225
1.578622579574585
3.4204354286193848
4.634586334228516
3.2112793922424316
1.3544600009918213
1.5537121295928955
5.52650260925293
1.5810613632202148
1.7415224313735962
1.6274895668029785
3.263745069503784
2.864593982696533
1.766670823097229
0.6111237406730652
2.0200767517089844
2.06805157661438
0.881217896938324
2.384268045425415
2.282050848007202
2.1444802284240723
1.457701325416565
1.33881413936615
1.9182621240615845
0.6881390810012817
2.917851686477661
2.0054357051849365
0.684140145778656
2.5187301635742188
3.138542890548706
2.1736679077148438
2.748037576675415
2.9790728092193604
1.789543867111206
2.4284298419952393
1.4553767442703247
1.9308488368988037
1.8017164468765259
1.7752268314361572
1.6768503189086914
1.7541513442993164
2.019810914993286
1.8963223695755005
0.7227383852005005
2.2934088706970215
4.931288242340088
4.626768112182617
3.0574212074279785
4.157010078430176
1.307970404624939
1.7567368745803833
3.8226358890533447
6.233249664306641
1.5143487453460693
6.362113952636719
1.72650945186615
4.33125114440918
1.7867968082427979
2.0245704650878906
2.385242462158203
0.6306490898132324
2.04996657371521
1.9981343746185303
2.739661931991577
1.849990725517273
2.465620279312134
2.100360870361328
3.4262776374816895
3.3417108058929443
2.6780874729156494
1.1212453842163086
1.4934861660003662
0.9965015649795532
3.3133487701416016
1.694651484489441
2.6404037475585938
5.194116592407227
4.6328020095825195
5.263346195220947
1.4275044202804565
1.7202759981155396
1.6188801527023315
5.281790733337402
1.9118276834487915
1.637573003768921
1.8278089761734009
1.888081431388855
2.101320505142212
1.5081886053085327
2.2942955493927
1.8936160802841187
2.0259900093078613
3.026167869567871
1.0098947286605835
2.6943933963775635
0.9131520390510559
2.280456781387329
1.4257506132125854
1.3593672513961792
1.0256198644638062
2.7755801677703857
5.338914394378662
2.8181281089782715
5.2470011711120605
5.037991046905518
4.064767837524414
1.9906443357467651
1.2388319969177246
1.8845157623291016
1.5354920625686646
2.3082082271575928
2.2560181617736816
1.1081546545028687
1.2520338296890259
2.67553973197937
1.2085633277893066
1.8120521306991577
1.3073830604553223
5.929721355438232
5.363839149475098
1.4885648488998413
1.7981857061386108
3.599371910095215
2.0479018688201904
0.6819595694541931
2.243767738342285
2.804121494293213
1.8948030471801758
2.6673059463500977
1.1863062381744385
2.7632243633270264
4.400969982147217
4.138967990875244
1.8921502828598022
2.459657669067383
2.6963887214660645
2.6905899047851562
2.724341869354248
5.0943498611450195
1.6898077726364136
0.8933458924293518
1.9728164672851562
2.882345199584961
2.2358899116516113
1.6292918920516968
1.6297252178192139
2.8801021575927734
3.1380531787872314
4.515307426452637
1.354816198348999
0.9422184824943542
3.0084991455078125
1.4456942081451416
2.7374086380004883
2.6748781204223633
1.6870471239089966
2.660440444946289
1.0060240030288696
1.754529595375061
1.5392473936080933
2.8248674869537354
3.254584312438965
5.3034467697143555
2.9518015384674072
3.0697202682495117
2.5304551124572754
1.929991602897644
3.8785836696624756
2.791011095046997
1.0238032341003418
2.137518882751465
5.429263114929199
1.257293701171875
1.998697280883789
2.76720929145813
3.216421365737915
5.427899360656738
1.7166634798049927
2.0917041301727295
2.063563108444214
2.1407577991485596
1.4563275575637817
2.2191946506500244
2.2305643558502197
1.3232035636901855
2.5565836429595947
1.6590150594711304
1.1913172006607056
2.238128662109375
1.8443334102630615
5.402135372161865
2.742776393890381
2.3865976333618164
5.239509582519531
1.2826664447784424
4.1636528968811035
1.005738377571106
2.167524576187134
0.5986592769622803
2.209719657897949
3.1142313480377197
2.7502546310424805
