9.876351576561311e-42
4.690913677215576
4.923532962799072
1.194966197013855
0.909260630607605
0.9442522525787354
0.9312112331390381
0.999102771282196
1.5138341188430786
0.7465370297431946
1.492050290107727
0.8523628115653992
1.1907438039779663
0.5510642528533936
0.5103742480278015
1.676814317703247
5.385507106781006
1.5351893901824951
0.9243888854980469
1.702836513519287
2.132117509841919
0.7974580526351929
1.7604213953018188
1.580599069595337
1.5991547107696533
1.3636584281921387
1.5298657417297363
0.8077405691146851
2.203587770462036
0.1600661724805832
0.7598068118095398
2.1550676822662354
2.2122435569763184
1.818097710609436
1.7038094997406006
2.0389297008514404
1.835309386253357
1.8242079019546509
2.28407621383667
1.5350250005722046
1.7550431489944458
1.097809910774231
4.884677410125732
5.162869930267334
0.8403154611587524
0.7225771546363831
1.4274344444274902
0.8832082152366638
0.8403258919715881
1.526709794998169
0.8376584053039551
0.45900025963783264
1.6353414058685303
0.40824446082115173
1.8891972303390503
2.2602853775024414
1.7507972717285156
1.527280330657959
0.5168935060501099
1.9243690967559814
5.078583717346191
5.306543350219727
0.99034184217453
1.4469517469406128
1.5704102516174316
0.5173957347869873
0.4101279675960541
1.5254935026168823
2.010310649871826
1.4027658700942993
1.6388273239135742
0.8278921842575073
0.541887640953064
0.730409562587738
0.879377543926239
1.3420547246932983
0.8439765572547913
0.47224530577659607
1.8511804342269897
1.3853936195373535
1.787803053855896
0.8346450328826904
0.1586323380470276
0.46212854981422424
1.297895073890686
0.7430773377418518
1.1433340311050415
0.47607195377349854
1.5785861015319824
2.167717933654785
0.17455215752124786
0.6947399973869324
0.8106752634048462
1.9464445114135742
0.9597808718681335
0.7824972867965698
4.536420822143555
1.1390845775604248
2.2285754680633545
0.692939281463623
1.7718899250030518
0.9132384657859802
0.9566969871520996
1.7968162298202515
0.8454773426055908
1.2026448249816895
1.2299858331680298
0.9309689998626709
1.930175542831421
1.8955328464508057
1.0671812295913696
1.07866370677948
1.2910178899765015
2.016469717025757
1.2175664901733398
1.524760365486145
1.5829683542251587
1.076282024383545
1.0542031526565552
0.9444199800491333
0.941467821598053
1.0844465494155884
1.407187819480896
1.293049931526184
2.0948288440704346
1.7712767124176025
2.124082565307617
1.0671277046203613
0.8328258991241455
1.812630534172058
1.6039081811904907
1.397571325302124
1.9076403379440308
2.1550369262695312
2.6250507831573486
2.5992252826690674
1.2411401271820068
1.2479861974716187
1.0805178880691528
1.1290868520736694
0.8452653288841248
1.0232616662979126
1.6713651418685913
1.3798924684524536
1.3034108877182007
1.0309513807296753
0.954855740070343
2.3179802894592285
2.305272340774536
1.7876203060150146
0.7636852264404297
1.6724079847335815
1.3323229551315308
2.2429921627044678
2.122344732284546
2.1617629528045654
2.3757550716400146
1.8045965433120728
0.9401108026504517
1.3861225843429565
0.9090055823326111
0.8171930313110352
2.5850257873535156
2.868743658065796
3.121866226196289
3.097423553466797
3.18178129196167
3.359515905380249
3.049078941345215
3.237696409225464
3.1437864303588867
3.362093210220337
3.689937114715576
3.7253267765045166
3.8842461109161377
4.0620269775390625
3.7195911407470703
4.318794250488281
4.371227264404297
4.4615912437438965
4.407602787017822
4.48005485534668
4.918545722961426
4.3951921463012695
4.537906169891357
5.101433277130127
4.999557971954346
4.89900016784668
4.59205961227417
4.672887802124023
5.110456466674805
4.733002662658691
5.12921142578125
4.905856609344482
5.558564186096191
5.023634433746338
2.798147439956665
3.039393424987793
2.914444923400879
3.0686471462249756
3.8070249557495117
3.4639523029327393
3.6451663970947266
3.973318099975586
3.9564006328582764
4.257452487945557
4.428995609283447
4.190230369567871
4.763713359832764
4.527529716491699
4.9266862869262695
3.15459942817688
3.485027313232422
4.130898952484131
4.304032325744629
4.7270941734313965
2.882965326309204
3.1702535152435303
4.537269115447998
4.955827236175537
4.800901412963867
3.3497543334960938
4.778056621551514
4.802774906158447
3.7149932384490967
3.1318013668060303
4.01542329788208
3.3957555294036865
3.4302401542663574
4.243653774261475
5.214789867401123
3.683305025100708
3.7487611770629883
3.6285898685455322
3.2334351539611816
3.7504770755767822
5.291950702667236
3.857404947280884
4.783271789550781
5.570399761199951
5.720240592956543
3.5911402702331543
5.664079189300537
3.6129281520843506
5.630219459533691
3.912043809890747
5.219364166259766
4.023025035858154
4.3342742919921875
4.66318941116333
3.9988417625427246
4.132528781890869
4.205118179321289
4.502737045288086
4.82816743850708
5.094034671783447
5.290428161621094
5.587303161621094
2.352118492126465
3.6151859760284424
3.9287731647491455
3.0796337127685547
1.7953755855560303
1.1137690544128418
1.0620399713516235
1.4858005046844482
3.584869384765625
3.5183022022247314
3.1573486328125
2.6458334922790527
3.0692005157470703
2.988154888153076
2.6202683448791504
2.195162773132324
2.5877535343170166
3.228994846343994
3.432767629623413
2.602745532989502
3.765770435333252
1.5585459470748901
1.9800240993499756
2.70489239692688
3.6933579444885254
2.5141892433166504
3.2231011390686035
3.7640626430511475
3.7896084785461426
2.8208532333374023
2.657396078109741
1.7200675010681152
1.679572582244873
3.399094820022583
2.7841484546661377
2.8882901668548584
2.818570137023926
2.333357095718384
3.4641363620758057
3.4144484996795654
3.627485513687134
4.381506443023682
1.6770461797714233
3.552635431289673
3.0244357585906982
3.1195507049560547
3.078449249267578
3.176377773284912
3.015246629714966
3.961195230484009
2.492154836654663
2.729483127593994
3.4337525367736816
2.482233762741089
3.0361504554748535
3.4974210262298584
2.3856098651885986
2.965144157409668
3.479909896850586
3.2997114658355713
3.613809108734131
3.4944608211517334
2.5613977909088135
3.530796527862549
3.3719966411590576
3.5486600399017334
3.321120023727417
2.2033374309539795
3.3835716247558594
2.1748876571655273
2.922956705093384
2.0503158569335938
1.7428901195526123
2.2107677459716797
1.7779886722564697
2.0697033405303955
2.980381488800049
2.3426640033721924
3.6634857654571533
3.182483673095703
2.7331109046936035
3.1925272941589355
2.694399118423462
2.759202241897583
2.7932679653167725
2.813542604446411
2.6799216270446777
2.8901679515838623
5.031781196594238
2.501192331314087
3.3082125186920166
3.669243574142456
3.734431028366089
2.3398070335388184
2.93744158744812
0.89695143699646
2.9638543128967285
3.16264009475708
3.761430025100708
2.616600751876831
3.556527853012085
2.6797661781311035
2.8492493629455566
3.627958297729492
3.9479498863220215
2.558547019958496
1.8923712968826294
3.786856174468994
4.934329986572266
2.3305046558380127
3.076117753982544
2.5122435092926025
2.665706157684326
1.256394863128662
3.8807451725006104
2.5944299697875977
1.8880560398101807
2.506314516067505
4.3830790519714355
2.4620728492736816
3.8241689205169678
5.2525715827941895
3.106858253479004
1.300904631614685
3.908255100250244
2.486764669418335
4.072450637817383
2.6856014728546143
2.1795246601104736
3.6076793670654297
3.838076114654541
3.541747808456421
1.708429217338562
2.9151339530944824
3.234053611755371
1.0195542573928833
3.065197229385376
3.4428367614746094
3.3362293243408203
1.9398449659347534
3.59537935256958
3.2633743286132812
1.851590633392334
3.6059224605560303
2.856816053390503
2.0105974674224854
2.6298887729644775
2.5907139778137207
4.005354404449463
2.950148582458496
3.3050060272216797
2.9247512817382812
2.5980772972106934
2.8781228065490723
3.2341344356536865
2.8578665256500244
3.6360511779785156
4.636150360107422
2.6397106647491455
2.542954921722412
2.784978151321411
2.4201366901397705
2.5483381748199463
2.98738956451416
3.039478302001953
3.1191375255584717
2.313162088394165
2.988569736480713
3.8086748123168945
3.31567645072937
1.865808367729187
2.9029152393341064
2.553055763244629
2.8555634021759033
2.2766880989074707
2.2653791904449463
2.936580181121826
3.87488055229187
3.6919198036193848
3.39202880859375
3.8793511390686035
3.3098692893981934
3.103595733642578
2.906953811645508
3.156475305557251
3.6351430416107178
3.872811794281006
2.973846912384033
2.584907293319702
3.2795863151550293
3.3441083431243896
3.3291990756988525
3.913102626800537
5.294036865234375
3.2947962284088135
3.1881496906280518
2.79148530960083
3.7790141105651855
3.330994129180908
3.734325885772705
3.425985097885132
2.741020679473877
3.647602081298828
3.3486733436584473
2.980492115020752
3.8874480724334717
2.79707407951355
3.4449660778045654
3.0870678424835205
3.256075859069824
3.5143158435821533
3.2934422492980957
3.223483085632324
3.6062679290771484
3.324028730392456
4.978155136108398
3.558220386505127
4.049699783325195
1.7594190835952759
3.678758144378662
3.913911819458008
3.2032394409179688
4.100533485412598
4.266332149505615
2.3437793254852295
4.2524638175964355
2.601651668548584
5.045648574829102
4.684079170227051
4.5921759605407715
4.845546722412109
4.902292728424072
2.6676979064941406
5.158448696136475
5.162739276885986
4.493123531341553
4.507076740264893
5.078731060028076
5.550269603729248
5.478768825531006
3.2224576473236084
5.350661277770996
5.515838146209717
5.493285179138184
3.791576623916626
2.183671474456787
4.1506500244140625
4.800087928771973
4.370056629180908
4.5859904289245605
4.563990116119385
4.984668731689453
5.361120700836182
5.5861616134643555
5.203894138336182
5.346553325653076
5.303530216217041
5.4904890060424805
3.409513235092163
2.3001174926757812
5.179885387420654
2.0233960151672363
5.321965217590332
5.651463508605957
5.363000869750977
2.481235980987549
4.3121466636657715
4.270472049713135
4.696637153625488
5.552054405212402
5.858544826507568
5.7428789138793945
5.523159980773926
2.33115553855896
4.756162166595459
4.529472827911377
4.621460437774658
5.601967811584473
5.751277923583984
4.832862377166748
4.734147071838379
4.7681708335876465
5.955900192260742
2.124088764190674
6.397804260253906
2.6191413402557373
4.825494766235352
5.202661037445068
5.765035152435303
5.2064080238342285
2.3996596336364746
5.423902988433838
5.001838684082031
2.9102799892425537
4.284510612487793
6.88877010345459
5.520015239715576
5.265104293823242
5.538534641265869
5.670066833496094
5.4664998054504395
3.340169668197632
3.357356309890747
4.016471862792969
7.2557148933410645
6.0512518882751465
5.589619159698486
5.55865478515625
4.980762481689453
4.7481889724731445
4.026369094848633
2.804810047149658
2.7060163021087646
3.7230191230773926
4.603029727935791
3.080505609512329
2.606250047683716
3.9322669506073
2.685549020767212
2.134000778198242
2.0451226234436035
4.209998607635498
3.03511118888855
2.345970392227173
1.7363182306289673
3.636629819869995
2.4082674980163574
3.390669822692871
2.176419496536255
1.9750597476959229
2.5372884273529053
2.8984129428863525
2.9337847232818604
3.0654499530792236
2.221395492553711
2.1936256885528564
4.040231704711914
3.257323980331421
1.1740353107452393
3.1447489261627197
2.73858904838562
2.4100804328918457
3.1823744773864746
2.3051886558532715
2.4036448001861572
1.9399325847625732
2.885256290435791
1.7765858173370361
2.750699996948242
2.183460235595703
2.7263667583465576
1.816282868385315
2.224012851715088
2.0667877197265625
1.387073278427124
1.2212125062942505
1.9086722135543823
1.922169804573059
2.8452208042144775
1.7436459064483643
1.506413459777832
1.5464437007904053
2.1612298488616943
2.7533960342407227
1.840285062789917
2.0439929962158203
2.5074362754821777
1.7899800539016724
1.5340934991836548
2.1666982173919678
1.2111692428588867
1.6349307298660278
1.4452712535858154
1.0024222135543823
2.082207679748535
2.526172637939453
2.18841814994812
2.5075955390930176
2.8487415313720703
2.8227572441101074
2.262120008468628
1.7181516885757446
1.3786081075668335
1.6904819011688232
2.7053563594818115
3.0946238040924072
3.564958095550537
3.5118935108184814
1.803452730178833
1.4763929843902588
3.6969258785247803
2.3032214641571045
3.2188491821289062
2.7076849937438965
3.1617515087127686
2.069082736968994
1.6731897592544556
2.768728733062744
2.3215279579162598
1.6755945682525635
2.4649839401245117
1.7790940999984741
2.5856363773345947
3.9334752559661865
2.5416924953460693
3.1775331497192383
2.9510140419006348
3.3718297481536865
1.9090276956558228
2.3088886737823486
3.1647424697875977
3.3503966331481934
3.1750946044921875
3.199476718902588
3.061371326446533
3.248782157897949
3.6061789989471436
2.9433979988098145
3.2975399494171143
2.3008182048797607
3.997929334640503
3.170726776123047
2.5937302112579346
3.3920962810516357
2.8101515769958496
1.6599541902542114
2.1168594360351562
2.6630656719207764
2.504307270050049
2.5798938274383545
2.977355480194092
1.2987810373306274
2.5144808292388916
1.4815714359283447
3.0691258907318115
3.499150514602661
1.6922541856765747
2.012183666229248
2.679046630859375
2.055388927459717
2.187971591949463
1.5842833518981934
2.023608684539795
1.96743643283844
2.334472417831421
3.6006126403808594
3.7701382637023926
1.663828730583191
2.174696445465088
2.2546844482421875
1.5413134098052979
2.5059046745300293
2.369602680206299
1.1906994581222534
1.8545048236846924
3.404529333114624
3.679250478744507
1.6572669744491577
2.5470168590545654
1.2979003190994263
1.7338241338729858
2.520264148712158
3.061336040496826
2.6169915199279785
3.239586353302002
2.627652406692505
2.950975179672241
2.7351531982421875
3.183828592300415
2.997286796569824
2.1286463737487793
2.3233802318573
2.6012775897979736
2.3771750926971436
0.617698609828949
2.6950433254241943
3.037196636199951
2.4112133979797363
1.7517629861831665
4.67079496383667
1.8219387531280518
1.756546974182129
2.8691015243530273
2.0450263023376465
1.5402331352233887
6.339628219604492
2.1213338375091553
3.3922505378723145
1.6424731016159058
4.47600793838501
1.6540952920913696
2.577800989151001
1.4045228958129883
0.8536443114280701
5.611949920654297
1.8156383037567139
1.5790436267852783
5.257052898406982
1.9833945035934448
4.110386371612549
4.679242134094238
1.8925065994262695
4.029760360717773
3.216310501098633
1.4858251810073853
1.8360778093338013
1.4944067001342773
3.9904937744140625
4.068221092224121
4.459157466888428
1.435563325881958
1.2933096885681152
1.3956882953643799
2.5330917835235596
1.0699714422225952
1.3212652206420898
4.583300590515137
1.0219694375991821
2.6235129833221436
1.66799795627594
3.294917106628418
4.078394889831543
0.9223034977912903
2.581787586212158
2.149137496948242
4.300162315368652
1.863510012626648
4.805935859680176
2.306546688079834
4.104018211364746
4.5424957275390625
4.562655448913574
4.357160568237305
2.738147735595703
4.61359977722168
4.47457218170166
4.3385210037231445
4.536404609680176
3.562680244445801
2.6966822147369385
2.296548843383789
2.7379584312438965
2.3043994903564453
1.7715388536453247
1.4878071546554565
1.711796522140503
3.3027572631835938
2.6807072162628174
3.0108749866485596
1.898161768913269
2.8248209953308105
3.6438374519348145
3.1843132972717285
3.2218430042266846
3.067706823348999
2.053852081298828
1.8944752216339111
2.6883163452148438
2.4984514713287354
1.28450345993042
1.8716943264007568
2.2504661083221436
1.8514869213104248
2.088562250137329
2.964308738708496
1.3559330701828003
3.102781295776367
4.039249420166016
1.4247105121612549
2.8912432193756104
2.9207074642181396
2.988194704055786
1.0719420909881592
3.1500141620635986
5.5797038078308105
1.5641615390777588
1.8624359369277954
1.053138017654419
1.889688491821289
1.3261563777923584
1.413356065750122
3.2845873832702637
2.2123658657073975
1.0445703268051147
2.5562970638275146
4.576488018035889
4.1512861251831055
2.9369285106658936
4.363040447235107
3.6072769165039062
2.3856875896453857
1.6525161266326904
2.417719841003418
0.4158376157283783
2.713956356048584
3.047062873840332
3.8625130653381348
1.6355867385864258
1.4055695533752441
3.1806883811950684
3.9168179035186768
1.2847745418548584
1.7936978340148926
2.2693512439727783
3.0799787044525146
2.1573972702026367
1.8946608304977417
2.2303099632263184
1.8121891021728516
3.0370359420776367
2.3036887645721436
1.8079414367675781
1.3965634107589722
5.221964359283447
1.3792232275009155
2.594531297683716
4.688556671142578
4.239789009094238
4.568410396575928
3.325679302215576
1.8668127059936523
2.6326165199279785
1.4067734479904175
2.221029758453369
2.227687120437622
3.0992534160614014
2.9099435806274414
2.6341450214385986
3.0797765254974365
3.9460904598236084
2.2267520427703857
2.3914337158203125
2.6222760677337646
3.2045950889587402
2.209815263748169
2.7784149646759033
4.409651279449463
1.5962519645690918
1.4601284265518188
0.5076943635940552
2.809126853942871
4.7543745040893555
4.488101005554199
4.748809337615967
1.4508719444274902
3.806964874267578
2.8908824920654297
2.8797309398651123
2.320598840713501
2.1161093711853027
2.9198527336120605
1.8665461540222168
2.4609885215759277
2.138291597366333
3.2052032947540283
1.5254437923431396
3.2524232864379883
3.6898515224456787
2.03731107711792
1.9183586835861206
1.1764200925827026
2.321859359741211
3.449371576309204
1.0909737348556519
2.484438180923462
3.17209792137146
3.4079113006591797
3.0674445629119873
2.8454782962799072
1.1203174591064453
4.5988688468933105
4.378780364990234
1.7632702589035034
0.7665990591049194
2.3636295795440674
3.0975148677825928
2.8366706371307373
2.7817020416259766
2.3559200763702393
0.9423993825912476
2.009964942932129
1.8882818222045898
4.046001434326172
1.441246747970581
1.2625632286071777
1.7825673818588257
1.5908080339431763
4.6018195152282715
4.070172309875488
3.579456090927124
2.982212543487549
3.981013774871826
2.0067086219787598
2.9236016273498535
4.607015609741211
2.5106987953186035
2.433474540710449
2.216639518737793
1.2874621152877808
1.2970387935638428
1.6959173679351807
4.451450347900391
4.7115478515625
2.7125837802886963
5.553213119506836
1.5534085035324097
1.0622553825378418
3.241105079650879
3.2238516807556152
3.726562261581421
2.063253402709961
2.353727102279663
2.8857617378234863
1.7267714738845825
3.0346903800964355
4.1290388107299805
4.8003010749816895
3.0969319343566895
1.8946115970611572
1.3786627054214478
2.6277263164520264
1.9504891633987427
2.073040723800659
2.903721809387207
2.8349757194519043
5.652185916900635
3.271641969680786
2.0928406715393066
1.2075254917144775
3.5687506198883057
4.832362174987793
1.434462547302246
3.3144569396972656
4.758669376373291
1.5932037830352783
3.0596466064453125
2.4482011795043945
4.792520523071289
2.2691187858581543
3.3295791149139404
1.81235933303833
3.0371506214141846
