9.876351576561311e-42
5.010452747344971
4.9181671142578125
3.16815447807312
2.739269495010376
2.60152006149292
2.5573089122772217
3.012510061264038
3.165222406387329
2.382815361022949
3.2059202194213867
2.162236452102661
2.641103506088257
2.3316595554351807
2.31278395652771
2.5917739868164062
4.689095497131348
2.4339046478271484
2.142472982406616
2.52333402633667
2.3828485012054443
2.1832938194274902
2.4292993545532227
2.601306438446045
2.4974584579467773
1.9501733779907227
2.023719310760498
2.6708242893218994
3.0811665058135986
1.4455372095108032
2.7809202671051025
1.9738835096359253
3.183835029602051
2.157850980758667
3.155040740966797
3.012561559677124
2.864269971847534
3.2975075244903564
1.7699276208877563
2.7446274757385254
3.1906652450561523
2.5421385765075684
4.949827194213867
4.741556167602539
2.5618202686309814
2.958038806915283
2.82914400100708
2.555330991744995
2.290987014770508
2.9939842224121094
2.2048323154449463
2.0218939781188965
2.6761791706085205
2.337905168533325
2.6965885162353516
2.3257415294647217
2.7864644527435303
2.9675116539001465
1.5986839532852173
2.9194295406341553
4.779882431030273
4.537604331970215
3.005577325820923
2.9482147693634033
2.8906962871551514
2.2968590259552
1.6689952611923218
2.6338298320770264
2.735391616821289
2.908179998397827
2.7996633052825928
2.4725067615509033
2.490054130554199
2.5060088634490967
2.618455410003662
2.6794192790985107
2.2445976734161377
1.4334465265274048
2.3531439304351807
2.3579399585723877
3.564499855041504
2.5229766368865967
2.880296468734741
2.6677701473236084
2.77331805229187
2.1763126850128174
1.6476949453353882
2.0989768505096436
2.501106023788452
3.464162588119507
2.6385653018951416
2.486956834793091
2.1633341312408447
2.4366965293884277
2.903236150741577
2.339221477508545
4.1310930252075195
2.0646626949310303
3.2929301261901855
2.6176977157592773
2.2337019443511963
1.6073380708694458
2.8536534309387207
3.1472060680389404
2.5520567893981934
2.1495587825775146
2.271249771118164
1.5879727602005005
3.0151431560516357
2.7769505977630615
2.507728099822998
2.106912612915039
2.19054913520813
2.484954357147217
2.3444480895996094
2.7548880577087402
3.064661979675293
2.4921247959136963
2.925894260406494
2.317422866821289
2.1328577995300293
2.5644912719726562
2.619278907775879
2.856712579727173
2.6681201457977295
2.2891321182250977
2.4458320140838623
2.3969147205352783
1.9775751829147339
2.154323101043701
2.3103926181793213
2.674159526824951
2.3904547691345215
2.414013147354126
2.259432077407837
2.3479435443878174
2.6675686836242676
2.6548073291778564
2.6610701084136963
2.848285675048828
2.5978102684020996
2.846902847290039
2.43450927734375
2.332944631576538
2.446582317352295
2.519550085067749
2.49906587600708
2.134570360183716
2.2856698036193848
2.2483785152435303
2.157853126525879
2.1344151496887207
1.9865844249725342
1.8271839618682861
1.758437991142273
1.6010441780090332
1.826203465461731
1.398571252822876
1.28936767578125
1.5371150970458984
1.3693890571594238
1.6373577117919922
3.839920997619629
4.279579162597656
4.013852596282959
4.238443851470947
4.140692234039307
4.168748378753662
4.294922351837158
3.5682225227355957
4.083410739898682
3.4082887172698975
4.37706995010376
3.9810099601745605
3.5482749938964844
4.366641044616699
3.3645429611206055
4.670782566070557
4.748574256896973
3.5368547439575195
5.105878829956055
3.3254153728485107
4.64913272857666
5.010435104370117
4.941761493682861
4.535973072052002
4.696359157562256
4.864133834838867
4.96262788772583
5.034745216369629
4.99442720413208
4.9442667961120605
4.871583461761475
5.003654479980469
4.948460578918457
4.860377788543701
4.390325546264648
4.364440441131592
4.29098653793335
4.283275604248047
3.820510149002075
4.725679397583008
3.6962695121765137
3.879007339477539
3.2805655002593994
4.41240930557251
4.547849655151367
5.2290802001953125
3.543858766555786
5.013413429260254
4.500406265258789
4.353092193603516
4.18800687789917
4.051756381988525
5.113748073577881
3.678931474685669
4.2334370613098145
4.390883922576904
5.082060813903809
3.788869619369507
4.722649574279785
3.6906492710113525
4.7544264793396
4.94614839553833
3.4566469192504883
3.9720618724823
3.59389591217041
3.8949570655822754
3.680194616317749
3.7668564319610596
4.848976135253906
3.62045955657959
3.5814616680145264
3.525949001312256
3.3222758769989014
3.650683879852295
4.703366279602051
3.5921692848205566
4.66070032119751
4.730228900909424
4.7591552734375
3.4771788120269775
4.94242000579834
3.4941322803497314
4.777509689331055
3.4926395416259766
4.7118449211120605
3.4343833923339844
4.186924934387207
4.500522613525391
3.2877631187438965
3.329188108444214
3.2840280532836914
4.138051986694336
4.271544933319092
4.303547382354736
4.4248366355896
4.5611491203308105
0.2912658154964447
1.1612277030944824
1.5501110553741455
0.3525862991809845
3.092092752456665
3.185507297515869
2.6313364505767822
2.521564483642578
3.3710739612579346
3.2355706691741943
3.1991374492645264
0.2405424565076828
2.5430843830108643
1.04890775680542
2.8255863189697266
3.3592209815979004
3.3081719875335693
3.608694076538086
3.665858030319214
3.417020082473755
3.6365580558776855
3.3775253295898438
3.183140993118286
3.5916855335235596
3.5531227588653564
3.2549819946289062
3.6975197792053223
1.522875428199768
0.6031113862991333
1.4396415948867798
2.688305377960205
2.712618112564087
2.4907002449035645
0.4114643931388855
3.3344762325286865
3.0421602725982666
3.4327497482299805
3.113842010498047
3.604538679122925
3.508678436279297
0.6756943464279175
1.527701735496521
2.5630857944488525
3.447784423828125
3.297971248626709
3.851672887802124
0.6865086555480957
3.5101544857025146
3.9777588844299316
0.8588216304779053
3.120067596435547
3.413105010986328
1.0190104246139526
3.066514492034912
1.1234115362167358
3.6229474544525146
3.232184648513794
3.4450886249542236
3.3319029808044434
3.565467357635498
3.6290576457977295
3.7027225494384766
3.1646878719329834
3.653632164001465
3.2975311279296875
3.5862314701080322
3.407870054244995
2.61456561088562
3.4854352474212646
2.5892181396484375
3.261435031890869
3.207841396331787
2.9329450130462646
3.195824146270752
2.568465232849121
2.5620100498199463
3.0084919929504395
2.931732654571533
1.7890757322311401
0.4225832223892212
1.2056279182434082
1.5394402742385864
1.0016738176345825
1.357826590538025
0.8963678479194641
1.7572658061981201
0.9576919078826904
2.7033236026763916
2.3872478008270264
0.08317499607801437
2.396927833557129
2.318429708480835
1.4299416542053223
3.1605210304260254
3.421384572982788
3.519331932067871
2.8523831367492676
2.4432544708251953
0.32380086183547974
3.6162121295928955
0.689108669757843
2.7547991275787354
3.309518575668335
4.247769355773926
4.1301445960998535
0.6356682777404785
0.7774642109870911
3.5773026943206787
1.7391023635864258
2.6119258403778076
1.6253477334976196
3.4372384548187256
2.802043914794922
3.5140621662139893
3.6008493900299072
0.4194914698600769
0.2234906554222107
3.674809694290161
2.530271530151367
0.6524354815483093
2.3431448936462402
1.7988777160644531
3.6239349842071533
3.44189715385437
3.5204458236694336
0.46501705050468445
1.7120659351348877
2.8139736652374268
3.4410347938537598
3.5034873485565186
3.671579599380493
1.7821658849716187
3.230541467666626
3.6351654529571533
1.9570136070251465
3.644526958465576
3.506852388381958
2.166921854019165
0.6381122469902039
3.331092357635498
0.38584962487220764
0.40575212240219116
3.2771146297454834
3.521806240081787
2.6374268531799316
3.10237193107605
3.343108654022217
0.3330579400062561
1.9469256401062012
3.298065423965454
3.8341753482818604
1.6137546300888062
1.619794487953186
3.6989428997039795
2.943406343460083
0.9226888418197632
3.756227731704712
3.534860134124756
1.6174359321594238
2.1579396724700928
1.1082817316055298
0.7436757683753967
0.36597567796707153
1.5110191106796265
2.0847487449645996
1.9368586540222168
1.8497997522354126
0.5411081910133362
0.3650221824645996
0.5394473671913147
0.3990921378135681
0.36627647280693054
0.3697136640548706
0.3688277006149292
1.1246552467346191
0.651468813419342
0.19380807876586914
2.8708200454711914
1.248947024345398
0.7358099818229675
3.5456063747406006
3.508427381515503
4.210699081420898
4.378350734710693
3.9854626655578613
3.440209150314331
3.6046862602233887
2.774698257446289
0.37494516372680664
4.183957099914551
4.4241814613342285
3.5938289165496826
3.5103774070739746
2.474585771560669
0.47535401582717896
4.353729724884033
3.3636319637298584
3.372103691101074
4.366354465484619
3.1922216415405273
4.053219795227051
4.255432605743408
3.174316644668579
2.8531107902526855
2.933933973312378
3.6197173595428467
3.5475893020629883
3.9576151371002197
4.084998607635498
4.266735076904297
4.595120906829834
4.734707355499268
4.5256171226501465
3.7422327995300293
2.5797548294067383
1.4692388772964478
0.9206222295761108
1.5152660608291626
0.7913320064544678
3.0746383666992188
3.7241809368133545
2.7525904178619385
3.456103563308716
3.4374592304229736
0.7184669375419617
3.705867052078247
0.5000170469284058
2.4601590633392334
3.7328014373779297
3.8526716232299805
3.399057149887085
3.649094820022583
0.4362505078315735
3.7456820011138916
3.807842969894409
3.8689465522766113
3.7666079998016357
4.085339546203613
3.7480926513671875
3.6970865726470947
0.6437085270881653
3.70473575592041
3.666158676147461
3.67836332321167
3.385075807571411
0.5482422709465027
3.601318359375
3.1866447925567627
3.554640769958496
3.8054137229919434
3.7149689197540283
3.728236198425293
3.110680103302002
4.126973628997803
3.852595329284668
4.017874240875244
3.824712038040161
3.756006956100464
2.9638516902923584
0.6535770893096924
3.1470577716827393
0.5471197366714478
3.6794638633728027
3.741239547729492
3.813260078430176
0.6805694699287415
3.357734203338623
3.4978599548339844
3.56541109085083
3.8819494247436523
3.6285407543182373
3.6552865505218506
3.7388272285461426
0.5057774782180786
3.5189900398254395
3.5245492458343506
1.8869802951812744
3.755554437637329
3.5438613891601562
3.6212737560272217
3.705042600631714
3.7861008644104004
3.578164577484131
0.4152714014053345
3.063047409057617
0.5196713209152222
3.34486985206604
3.876182794570923
3.522341728210449
2.974527597427368
0.46254128217697144
2.9074578285217285
1.5803946256637573
0.48811426758766174
1.5196523666381836
3.204824924468994
3.7435848712921143
4.046720027923584
3.8725290298461914
3.813162326812744
3.548874616622925
0.8722013831138611
0.6218150854110718
1.2842726707458496
2.6776959896087646
3.1288955211639404
2.958742618560791
2.9661288261413574
2.703235387802124
2.708008050918579
0.778548538684845
1.3601784706115723
1.4297327995300293
2.3690667152404785
2.923255443572998
1.9992876052856445
2.067983627319336
4.135222434997559
4.148039817810059
1.4163377285003662
2.116802215576172
2.5851945877075195
1.5120739936828613
2.0582122802734375
1.815519094467163
4.2316389083862305
2.3436954021453857
1.3974794149398804
1.804317831993103
1.9378399848937988
2.429434061050415
2.4345057010650635
2.2611072063446045
4.010376930236816
4.13894510269165
2.684910774230957
3.2274701595306396
2.4107143878936768
2.9650015830993652
3.1100950241088867
2.3375823497772217
0.9038085341453552
1.4056247472763062
1.3360939025878906
1.6711604595184326
2.1531996726989746
1.1548495292663574
1.8632771968841553
1.1434812545776367
2.388727903366089
2.4281439781188965
0.9341734647750854
1.821305274963379
2.1760125160217285
1.2970489263534546
0.8799145817756653
1.3601264953613281
1.396654725074768
1.3792014122009277
0.9853036403656006
1.0909874439239502
0.750036358833313
1.8736745119094849
1.2718102931976318
0.9326550960540771
1.270565390586853
2.0266501903533936
1.2903696298599243
2.413447380065918
1.5185627937316895
0.865556001663208
0.49204522371292114
0.8748818635940552
2.303744077682495
1.8893177509307861
1.121576189994812
0.5818156003952026
1.6155736446380615
2.111510753631592
2.174166440963745
1.3457705974578857
0.8839220404624939
0.6159586906433105
0.8388750553131104
0.6397866606712341
0.4682713449001312
1.601692795753479
1.396980881690979
0.6826153993606567
0.9059696793556213
1.033475637435913
0.9663510918617249
0.5553607940673828
0.4354819655418396
1.1128374338150024
0.3664652109146118
1.497494101524353
0.9776657223701477
1.78685462474823
1.7943739891052246
0.44146886467933655
0.5805228352546692
1.0960503816604614
2.0599348545074463
0.9294912815093994
2.267467498779297
1.6015520095825195
1.0319933891296387
0.9409431219100952
0.29616886377334595
0.2590735852718353
0.988389253616333
1.5305914878845215
1.9870033264160156
2.014113664627075
1.9536348581314087
2.3161330223083496
2.1644692420959473
1.9721708297729492
1.576892375946045
2.1112608909606934
1.6186720132827759
1.5496861934661865
1.8607553243637085
1.7274277210235596
1.0654972791671753
1.0769574642181396
0.7365931272506714
1.4661550521850586
1.5857115983963013
1.614646315574646
0.6654567718505859
0.7970772981643677
1.1407817602157593
1.2206772565841675
2.262531042098999
1.6448619365692139
0.753014862537384
2.4875073432922363
2.1303374767303467
0.5013304352760315
0.8210082650184631
1.2237024307250977
1.7724063396453857
1.7905627489089966
1.3001532554626465
1.6066652536392212
1.1649019718170166
1.048120379447937
1.4116942882537842
1.0486717224121094
1.475342035293579
0.9146304726600647
1.0961648225784302
0.9093477725982666
0.9218690395355225
1.8320345878601074
0.9307799339294434
1.2360259294509888
1.1668518781661987
1.4315236806869507
1.456858515739441
0.7901146411895752
0.5387113690376282
0.1957821398973465
0.7122856974601746
0.27758967876434326
0.9089961647987366
0.9423617124557495
1.058112621307373
1.4029128551483154
0.9595629572868347
1.0898993015289307
1.0757118463516235
0.5237150192260742
0.4348470866680145
1.1965571641921997
0.40169838070869446
0.7281947731971741
1.1323190927505493
0.7606629729270935
1.3587427139282227
0.49413272738456726
1.1698887348175049
0.7521330118179321
2.7283248901367188
1.3291534185409546
0.5108767747879028
0.6750772595405579
0.08697493374347687
0.753325343132019
1.183982014656067
0.6414005160331726
0.9268807768821716
3.5718436241149902
0.4786408245563507
0.5108145475387573
3.540682077407837
1.5274609327316284
2.455901861190796
1.0674234628677368
1.503892421722412
2.536696195602417
2.2777819633483887
0.7448047995567322
1.4714857339859009
0.2613794505596161
2.7049100399017334
2.9469821453094482
3.4684622287750244
1.9842476844787598
1.46135675907135
1.12825608253479
1.1124775409698486
1.4859875440597534
0.6068164110183716
3.688023805618286
1.1364960670471191
1.120056390762329
0.7287746071815491
1.1636847257614136
3.4047205448150635
0.7522329688072205
0.8190193176269531
1.0112676620483398
3.4358673095703125
1.4092384576797485
3.7529566287994385
1.1935569047927856
3.819668769836426
3.1842284202575684
3.7246756553649902
4.3209309577941895
1.2744157314300537
2.7537057399749756
3.6707165241241455
4.127255916595459
3.909320116043091
1.7537422180175781
0.45804712176322937
0.9347444772720337
1.0660121440887451
1.0537840127944946
1.11166250705719
1.025429368019104
0.44193315505981445
0.8410975933074951
2.5923571586608887
1.2018823623657227
0.7083762288093567
1.1497728824615479
2.312828779220581
2.1850383281707764
1.5992017984390259
1.8118199110031128
0.22085608541965485
1.1217195987701416
1.7614206075668335
0.39374831318855286
1.1453098058700562
1.1363394260406494
2.9973978996276855
0.7839034795761108
1.127830147743225
0.2633779048919678
1.3675206899642944
1.031144142150879
0.5436744689941406
1.3807088136672974
0.9806810021400452
1.4769823551177979
0.2750265300273895
0.19513532519340515
1.6118977069854736
2.2429163455963135
0.6647717356681824
1.3007175922393799
0.5882608294487
1.4326099157333374
1.0566184520721436
1.1585508584976196
2.4839959144592285
0.7150665521621704
1.0859014987945557
1.0421619415283203
3.8250057697296143
3.775209426879883
1.289901852607727
4.076832294464111
1.8782504796981812
0.40927574038505554
0.3817202150821686
2.53656268119812
1.1304055452346802
2.597543716430664
0.8773481249809265
1.3132288455963135
0.9629204273223877
0.4271394908428192
1.2031471729278564
2.204883337020874
0.3412507474422455
1.0321160554885864
1.2268155813217163
0.5291150808334351
1.2342156171798706
2.372483491897583
1.343572974205017
0.8181196451187134
0.5210413932800293
0.9789626002311707
0.8360570669174194
1.3476516008377075
2.9112753868103027
0.6312344670295715
1.4709988832473755
4.111272811889648
4.213421821594238
3.9858858585357666
1.1926521062850952
0.4001641571521759
0.2267426699399948
2.0990259647369385
0.673568606376648
0.7373398542404175
1.4960962533950806
0.8789900541305542
0.8631382584571838
2.1532022953033447
1.7255182266235352
0.8069086670875549
2.157515525817871
0.5430049896240234
1.0561957359313965
0.8833017349243164
1.3894848823547363
2.36186146736145
0.710782527923584
1.323946237564087
1.1361185312271118
0.8717647194862366
3.952556848526001
2.378203868865967
3.778672218322754
2.0113813877105713
0.7970321774482727
1.1371190547943115
1.854187250137329
1.178483009338379
1.9166237115859985
1.5193003416061401
1.0022296905517578
0.5042168498039246
1.624945044517517
0.4166603088378906
1.519347071647644
1.1820825338363647
1.7644709348678589
2.1955742835998535
0.9027215838432312
0.8040026426315308
1.4907622337341309
2.009014368057251
0.17756226658821106
2.4217193126678467
1.3431004285812378
1.326744794845581
1.2895419597625732
0.7698532938957214
1.8263640403747559
2.586505889892578
4.294942855834961
0.5750733017921448
1.1691421270370483
0.5419429540634155
1.3069384098052979
0.48836103081703186
0.7647539973258972
1.1532227993011475
0.6229379177093506
2.1605138778686523
1.0486005544662476
0.7768784165382385
0.8826276063919067
0.601252019405365
0.741966187953949
1.2149189710617065
3.087329149246216
4.164920806884766
0.6797863245010376
0.537280261516571
0.44434890151023865
1.724787712097168
1.3316757678985596
2.4546899795532227
0.8854708075523376
0.8451071977615356
1.7059671878814697
1.430224061012268
0.5731719136238098
1.3105839490890503
3.022510051727295
4.072588920593262
1.0140141248703003
0.9669883847236633
0.3064243495464325
1.1384741067886353
1.580786108970642
0.9245782494544983
0.17206716537475586
0.9531334638595581
2.243718385696411
0.9329239726066589
1.2196861505508423
1.2671438455581665
1.4829238653182983
3.8826534748077393
0.9899033308029175
0.7965244054794312
1.1819688081741333
1.4449095726013184
1.3246396780014038
0.9533897042274475
0.5015368461608887
1.0393608808517456
1.3157358169555664
1.61231529712677
0.5848516821861267
0.7755797505378723
1.7317155599594116
3.668617010116577
1.0878783464431763
1.511966586112976
3.3809351921081543
1.0115991830825806
0.1653556227684021
0.9386283755302429
1.7382376194000244
1.2210370302200317
1.939564824104309
1.5788131952285767
0.9858637452125549
