9.876351576561311e-42
7.354211807250977
6.551240921020508
1.7827974557876587
2.104193687438965
1.8760747909545898
1.7916444540023804
1.0692089796066284
1.044450044631958
2.084404945373535
0.9176454544067383
1.3179007768630981
1.0516295433044434
2.2698116302490234
2.112977981567383
1.0263409614562988
6.000575065612793
1.0696901082992554
2.2485151290893555
0.663235068321228
1.2871358394622803
2.0862433910369873
0.7091466188430786
0.5896961092948914
0.8205116391181946
2.1445608139038086
1.3085739612579346
0.5892059803009033
0.9166934490203857
3.513620138168335
0.5648676753044128
1.243548035621643
1.0472416877746582
1.1080656051635742
0.8986752033233643
0.8213494420051575
0.9110614061355591
0.9151337742805481
1.854637861251831
0.7758179306983948
0.8595309853553772
0.6216638684272766
6.572303771972656
6.218814849853516
1.6511150598526
2.262338399887085
0.8827423453330994
2.051084518432617
2.217406988143921
0.9814659953117371
1.1289234161376953
2.1740128993988037
1.031036138534546
1.762624740600586
0.4316038489341736
1.2848984003067017
0.7443324327468872
0.6352315545082092
2.5057358741760254
0.8598243594169617
6.194263935089111
5.9469122886657715
1.4745399951934814
0.9521089792251587
1.00376558303833
2.0766232013702393
2.1167116165161133
1.038706660270691
0.6850210428237915
0.7288587689399719
0.8328680396080017
0.7808423042297363
2.099092483520508
2.002765655517578
1.6085306406021118
0.9130359888076782
2.270941734313965
2.0379478931427
0.7580999732017517
0.9779233932495117
1.0207432508468628
0.9158222079277039
2.0809662342071533
2.032745599746704
0.9630705118179321
1.9051316976547241
2.6271939277648926
1.5891766548156738
1.1938828229904175
0.9834432601928711
1.97789466381073
1.3877853155136108
1.4985800981521606
1.3086081743240356
0.9002864956855774
2.0745975971221924
5.964201927185059
1.5608762502670288
0.9011870622634888
2.153557777404785
0.9779187440872192
3.6468300819396973
0.8929008841514587
0.8903325796127319
2.0280556678771973
1.7132902145385742
0.8435577750205994
2.9368882179260254
0.7964557409286499
0.9898683428764343
1.9126777648925781
1.349946141242981
1.022284984588623
1.0251274108886719
1.9459582567214966
0.7192081809043884
0.6664323806762695
1.5968806743621826
0.6184583306312561
1.0035099983215332
1.269170880317688
0.6336768269538879
0.6638551354408264
0.6651614904403687
0.7308418154716492
1.5059177875518799
0.8198350071907043
1.7810341119766235
1.9886239767074585
0.9438279867172241
1.1458054780960083
0.8969897031784058
1.2975585460662842
1.3510586023330688
1.4327462911605835
1.6061326265335083
1.0099985599517822
1.0884045362472534
1.1340034008026123
0.8097895383834839
1.2310535907745361
0.93947434425354
1.1116074323654175
1.1867905855178833
1.1778873205184937
1.2386653423309326
1.3821903467178345
1.349610686302185
1.7370437383651733
1.3564049005508423
1.5348840951919556
1.5760639905929565
1.3339184522628784
1.2431894540786743
1.1076476573944092
1.1805669069290161
1.3148328065872192
1.377623200416565
1.4210669994354248
1.5720083713531494
1.6261897087097168
1.8823078870773315
6.098837375640869
6.672554016113281
7.503509044647217
6.811361312866211
7.493973255157471
7.811497211456299
6.936918258666992
7.722171783447266
7.895255088806152
8.091933250427246
8.257245063781738
8.179083824157715
8.303672790527344
8.480533599853516
8.458587646484375
8.561931610107422
8.616620063781738
7.292140483856201
8.491259574890137
7.09991979598999
8.335201263427734
8.298004150390625
7.814156532287598
8.27501392364502
8.422842979431152
8.357497215270996
7.920449256896973
8.065921783447266
8.00571060180664
7.3740997314453125
8.188350677490234
7.583890438079834
7.24662971496582
6.55884313583374
6.876201152801514
7.218316555023193
7.573923110961914
7.249098777770996
8.377500534057617
7.720400333404541
8.154180526733398
8.36372184753418
8.275952339172363
8.464866638183594
8.461400985717773
8.364745140075684
7.018240451812744
8.392589569091797
8.004134178161621
7.405547142028809
7.713167667388916
8.29735279083252
8.43090534210205
7.097794532775879
7.345080375671387
7.747580051422119
8.53254222869873
7.127262115478516
8.499540328979492
7.836384296417236
8.414791107177734
7.44973087310791
8.113228797912598
7.788177013397217
8.069769859313965
7.882522106170654
7.875373840332031
7.813391208648682
6.7007036209106445
8.289816856384277
8.53487777709961
8.456976890563965
7.9893622398376465
8.532187461853027
6.3273844718933105
8.632623672485352
8.256253242492676
6.79379940032959
7.098396301269531
8.365646362304688
7.4066009521484375
8.426481246948242
7.607217788696289
8.623798370361328
8.30882453918457
8.698254585266113
8.149163246154785
8.058928489685059
8.491167068481445
7.977875709533691
7.7216477394104
7.826157569885254
7.566083908081055
7.92968225479126
8.239361763000488
7.793545722961426
1.0133280754089355
1.1554359197616577
1.5765860080718994
1.3467121124267578
3.5011544227600098
5.68100118637085
5.825011253356934
5.69259786605835
4.981479167938232
4.918013572692871
4.9864349365234375
0.986082911491394
4.212521553039551
0.7974277138710022
5.024800777435303
4.929283142089844
5.420553684234619
5.5237250328063965
5.534978866577148
5.730575084686279
5.545596122741699
4.400390148162842
4.969120502471924
5.986972808837891
5.480414867401123
5.3712639808654785
6.13142728805542
1.6529040336608887
1.4636871814727783
1.4994865655899048
2.2649118900299072
5.565645217895508
5.8297553062438965
0.9300475120544434
5.677618980407715
5.131104946136475
5.428457736968994
5.1017961502075195
5.437794208526611
5.528300762176514
1.4043749570846558
1.1703840494155884
5.929373264312744
5.229681968688965
5.364224910736084
6.271270275115967
1.4919716119766235
5.537311553955078
6.381523132324219
1.1737651824951172
5.182859420776367
5.700826168060303
1.5024962425231934
4.990828037261963
1.9272617101669312
5.528807640075684
5.000514507293701
5.5730390548706055
5.0257415771484375
5.459582328796387
5.501116752624512
5.521784782409668
4.913256645202637
5.541112422943115
4.905810356140137
5.605081558227539
5.003655910491943
4.322520732879639
5.243176460266113
4.902702331542969
4.8984761238098145
5.073380947113037
5.341763973236084
4.9894633293151855
5.396010875701904
5.743173599243164
5.519901275634766
4.774735450744629
1.6585813760757446
1.1820122003555298
1.4404805898666382
1.1085364818572998
0.8195310235023499
0.7243452668190002
0.4976324737071991
1.226487398147583
0.6422953009605408
4.303745269775391
2.4816384315490723
1.5742878913879395
2.2369377613067627
1.9008642435073853
0.10266464948654175
5.277181148529053
5.420991897583008
4.869988918304443
2.7329208850860596
2.412890672683716
0.6320169568061829
4.737328052520752
1.0347914695739746
2.220177412033081
4.854713439941406
6.158650875091553
6.483996868133545
0.5119478702545166
0.689258337020874
6.363601207733154
1.4712409973144531
3.5568201541900635
0.8054925203323364
5.441943645477295
3.354624032974243
4.225134372711182
5.6854634284973145
0.4286702871322632
0.5919297337532043
5.025861740112305
3.624159097671509
0.9714146852493286
4.7352423667907715
0.5923779606819153
5.642895221710205
4.583010673522949
5.917886734008789
0.3472501337528229
0.1902257800102234
2.799293279647827
4.302392959594727
5.734100818634033
6.440047264099121
1.0331262350082397
3.7503623962402344
5.613801956176758
0.7250745296478271
4.485342025756836
5.7617292404174805
0.9923680424690247
0.5366421341896057
3.5545406341552734
0.9419037103652954
0.5544272661209106
3.8304364681243896
6.093293190002441
2.4276063442230225
3.138942003250122
3.795400857925415
0.42695775628089905
1.253420114517212
4.181609153747559
6.862892150878906
1.681865930557251
2.2472400665283203
6.452132701873779
3.5151255130767822
1.5125343799591064
5.612561225891113
5.539607048034668
2.0328824520111084
1.649956226348877
0.696138322353363
1.550920009613037
2.236135482788086
0.9482455849647522
0.22057539224624634
0.6686248779296875
1.194616436958313
0.32274049520492554
0.5820895433425903
0.38041362166404724
0.5014119744300842
0.39696481823921204
0.38646817207336426
0.9200354814529419
1.4729846715927124
0.7961010932922363
0.7187914252281189
4.75644588470459
2.663564682006836
1.7688934803009033
5.749261379241943
5.955303192138672
6.676360607147217
6.782400131225586
7.3466386795043945
8.049864768981934
8.757089614868164
6.7656049728393555
0.5394861698150635
6.629376411437988
6.408842086791992
7.756466388702393
8.082289695739746
6.467391490936279
1.6568937301635742
6.72186803817749
7.627101898193359
7.74845027923584
6.7267045974731445
7.464683532714844
6.554549694061279
7.411292552947998
7.559074878692627
7.3100481033325195
7.7118072509765625
6.145695686340332
7.797204494476318
6.772284984588623
7.017494201660156
6.6814351081848145
6.510415554046631
6.718039512634277
7.168370723724365
7.351045608520508
5.729074954986572
3.9209682941436768
2.555358648300171
4.211446762084961
0.5732067227363586
7.456355571746826
8.638568878173828
7.534840106964111
8.288739204406738
8.695806503295898
0.4562852680683136
7.759757041931152
0.40165990591049194
6.196159839630127
7.1280412673950195
7.443618297576904
8.090790748596191
6.971210479736328
0.5031879544258118
7.30117654800415
7.600096702575684
7.165615081787109
7.473630905151367
7.504058837890625
7.671849727630615
7.817343711853027
1.990182638168335
7.470827579498291
7.373435020446777
6.6228928565979
8.129894256591797
0.3665759861469269
8.624822616577148
8.023447036743164
8.758646011352539
8.166020393371582
7.972982406616211
7.0860819816589355
7.564857006072998
7.9927077293396
7.447799205780029
7.790816783905029
7.590693473815918
7.43817138671875
7.741070747375488
0.16515444219112396
7.827425003051758
0.2754268944263458
7.768404483795166
7.664854526519775
6.853478908538818
0.6506802439689636
8.404203414916992
7.303671836853027
7.790359973907471
7.9596662521362305
7.838746070861816
7.7947821617126465
7.1063995361328125
0.5196312069892883
6.995984077453613
8.452202796936035
5.128232002258301
7.770408630371094
7.858296871185303
6.9110331535339355
6.945909023284912
6.955853462219238
7.491299629211426
0.47619590163230896
6.2200422286987305
1.5470013618469238
8.324350357055664
7.496875762939453
7.332931041717529
7.655159950256348
1.182618498802185
6.79283332824707
5.383660316467285
1.851730227470398
3.478592872619629
7.149929046630859
7.806424140930176
7.634350299835205
7.733330249786377
7.907153129577637
7.984440326690674
3.320565938949585
2.519421339035034
2.8492558002471924
5.7824554443359375
7.0353288650512695
6.935387134552002
6.4365386962890625
6.261982440948486
6.100009441375732
0.7512528896331787
1.282145380973816
1.4476354122161865
1.2219079732894897
1.053863763809204
2.411831855773926
0.936721682548523
0.6160255074501038
0.9849713444709778
2.295581340789795
0.7357022762298584
1.2615386247634888
1.3933638334274292
1.4666674137115479
1.7892061471939087
0.6175081729888916
0.9474533796310425
1.2710325717926025
1.854106068611145
2.0876991748809814
1.1058281660079956
1.8686342239379883
1.2739298343658447
1.6099917888641357
1.7607425451278687
1.691211462020874
1.481793761253357
1.1155492067337036
1.4229871034622192
1.4910107851028442
1.533115267753601
1.1205657720565796
1.4170665740966797
1.2892183065414429
0.7598834037780762
0.5018858313560486
1.312568187713623
0.5427402257919312
1.8433871269226074
1.5890722274780273
2.0609307289123535
1.3830201625823975
1.5183210372924805
1.5062836408615112
0.9349499344825745
0.6738832592964172
1.0332335233688354
1.2468523979187012
1.8015207052230835
1.4488967657089233
0.8231173753738403
0.7206507325172424
1.2525073289871216
0.3316090703010559
0.8534744381904602
0.29356852173805237
1.7696348428726196
1.087756633758545
1.6083537340164185
1.4020863771438599
0.6313806176185608
0.872211217880249
0.8241903781890869
1.4160667657852173
1.3769196271896362
1.1984388828277588
0.38475996255874634
0.9242715835571289
1.5784560441970825
2.076993942260742
1.603662133216858
0.877919614315033
0.6261021494865417
0.8643931746482849
0.893072247505188
1.4433797597885132
1.870007872581482
1.142730712890625
1.2570595741271973
1.3617496490478516
0.915826678276062
1.2003757953643799
0.1826196014881134
0.22589440643787384
0.9059933423995972
0.47110074758529663
1.3084462881088257
1.107621192932129
1.1739914417266846
1.485392451286316
0.11589939147233963
0.9668357968330383
1.3129019737243652
1.7723569869995117
2.2227461338043213
2.1409385204315186
2.166865110397339
1.8872722387313843
1.0079010725021362
0.8578975200653076
2.684478521347046
0.8848533034324646
2.3221287727355957
2.2668795585632324
1.408524513244629
1.5441299676895142
1.8396235704421997
1.5476571321487427
0.9096492528915405
1.1539862155914307
1.3402223587036133
2.9531166553497314
1.4682843685150146
1.6851632595062256
1.6549696922302246
1.5309959650039673
2.045287609100342
1.362903356552124
1.99290132522583
1.4323738813400269
2.3165359497070312
1.4379816055297852
0.9799028635025024
1.0931187868118286
2.6155014038085938
2.4426870346069336
1.469237208366394
0.622486412525177
2.688039541244507
1.5366233587265015
0.9199264049530029
1.6706783771514893
2.040661334991455
2.0511090755462646
2.6789324283599854
0.8077852725982666
0.9186098575592041
2.093606472015381
0.5554800033569336
2.0414199829101562
1.1445109844207764
1.3525574207305908
1.725078821182251
1.0165210962295532
0.16732119023799896
0.27772167325019836
1.1945444345474243
0.19355268776416779
0.7910861968994141
1.5584512948989868
0.3305172026157379
1.340511441230774
1.3411080837249756
1.8098111152648926
1.1764681339263916
1.5973068475723267
0.11433222144842148
1.6486965417861938
1.947367787361145
1.5821319818496704
1.0473772287368774
1.968434453010559
2.0192699432373047
1.8288774490356445
2.1619679927825928
0.21953651309013367
0.9193851947784424
0.47223368287086487
0.8321881890296936
2.5928244590759277
0.7419114112854004
0.9012984037399292
0.21510741114616394
0.8135990500450134
0.7029542922973633
6.198582172393799
0.8152614235877991
0.8490508794784546
0.6167033910751343
1.069435715675354
1.8243032693862915
0.32457929849624634
0.48339104652404785
2.1340529918670654
6.96067476272583
0.47207075357437134
0.41717612743377686
6.337472438812256
0.524673342704773
5.304748058319092
1.641442060470581
0.9999555945396423
5.256540775299072
4.252986907958984
0.5655338764190674
0.45203760266304016
0.8186300992965698
4.2667622566223145
4.755921363830566
5.288305759429932
0.8329876661300659
0.475635290145874
0.11599964648485184
0.7201604843139648
0.6603318452835083
1.3073341846466064
5.022338390350342
0.3248155117034912
0.3238137662410736
0.5981128811836243
0.6459070444107056
3.7411346435546875
1.1483819484710693
1.5535553693771362
1.1581610441207886
2.915132522583008
1.4951446056365967
5.09056282043457
0.5581390857696533
2.504457473754883
1.9723526239395142
2.399399757385254
3.3741424083709717
0.22088204324245453
1.676373839378357
2.343654155731201
3.81469988822937
5.739047050476074
2.0962393283843994
0.4647759199142456
1.3286218643188477
0.6716789603233337
0.5695713758468628
1.1548457145690918
0.8579596281051636
0.571956217288971
1.0569733381271362
1.856048822402954
1.6657153367996216
0.2705639898777008
2.001415252685547
1.614692211151123
1.502242088317871
0.7562961578369141
1.4922375679016113
1.3664311170578003
1.4814945459365845
1.8674850463867188
0.927342414855957
1.1337857246398926
0.5082676410675049
1.4070616960525513
1.5205000638961792
2.2215709686279297
0.6368072628974915
1.732587218284607
1.1723270416259766
0.9362808465957642
1.8628852367401123
2.242494583129883
1.4934555292129517
0.08451944589614868
2.5614869594573975
1.3032969236373901
4.57131290435791
0.3591764569282532
1.854879379272461
1.820340633392334
1.6578508615493774
0.3344511091709137
0.479679137468338
1.6925297975540161
0.19037960469722748
0.42294707894325256
1.383164644241333
4.313207626342773
3.8052849769592285
1.497040867805481
2.8467860221862793
1.6007906198501587
0.30686721205711365
0.7816038727760315
1.9647607803344727
1.0682673454284668
1.9302406311035156
2.113445281982422
1.5392616987228394
2.9270060062408447
0.17096973955631256
1.1918461322784424
1.6446150541305542
1.109513521194458
1.6457054615020752
1.2157936096191406
0.7912479639053345
1.9210047721862793
1.4589877128601074
0.37170886993408203
2.168722152709961
0.3224162459373474
1.3325556516647339
1.0537939071655273
0.4049646854400635
6.491247653961182
0.6069323420524597
1.720096468925476
4.238511562347412
3.3772222995758057
5.180375576019287
0.18072400987148285
0.6934242248535156
0.23590736091136932
1.5696991682052612
0.9356754422187805
2.048645257949829
0.7697634100914001
2.2654294967651367
1.557594895362854
2.331778049468994
2.4185423851013184
1.222846508026123
2.335538625717163
0.6948398947715759
1.9878538846969604
1.6163102388381958
1.1988537311553955
5.222958087921143
0.32627660036087036
0.46211540699005127
0.28138279914855957
1.827791452407837
4.709471702575684
1.3995345830917358
5.647800445556641
1.5434012413024902
1.1804109811782837
1.6347312927246094
1.3027321100234985
1.7319191694259644
2.135687828063965
1.9015443325042725
1.2709944248199463
1.0770002603530884
1.3438729047775269
0.26844707131385803
0.7249983549118042
0.1727093607187271
1.527084469795227
1.9318958520889282
1.6856718063354492
0.9868617057800293
2.4248781204223633
1.1266974210739136
0.9891502857208252
2.869143486022949
2.059032678604126
1.8553314208984375
1.0790963172912598
0.9897316098213196
0.7364057898521423
1.4223188161849976
3.00463604927063
1.7531545162200928
1.1953394412994385
2.070129156112671
2.2492992877960205
1.2176648378372192
1.69683837890625
1.9918729066848755
0.7385234832763672
2.2183947563171387
1.9652947187423706
1.6669496297836304
2.118859052658081
0.24847503006458282
0.6184099316596985
1.3901287317276
1.998494267463684
3.039236068725586
0.6075176000595093
1.0038658380508423
1.5097029209136963
0.7586858868598938
2.0622124671936035
1.5432711839675903
0.6537600159645081
1.3225370645523071
1.406691551208496
2.2657713890075684
1.4777960777282715
1.7464392185211182
2.463317394256592
4.566225051879883
1.2090831995010376
2.442932367324829
2.6113932132720947
1.6589124202728271
1.2523223161697388
1.037035584449768
0.37010273337364197
1.254077434539795
1.673991322517395
0.45687738060951233
2.2076897621154785
1.091922640800476
0.9136349558830261
5.10465669631958
0.919471025466919
0.8096058368682861
1.9806939363479614
1.5718263387680054
1.4111820459365845
0.8487379550933838
0.7204132676124573
2.080228090286255
2.3459110260009766
1.2835612297058105
0.7485804557800293
0.36206480860710144
1.3556052446365356
5.4952712059021
0.6971793174743652
1.5063514709472656
5.881556987762451
1.2743033170700073
1.5741491317749023
0.9104941487312317
3.5171732902526855
0.8933157920837402
3.846346855163574
1.5032702684402466
1.8710460662841797
