9.876351576561311e-42
7.034061431884766
7.375048637390137
1.0853800773620605
1.0448344945907593
1.0151809453964233
0.9967175126075745
1.0867141485214233
1.0836297273635864
1.1587944030761719
1.1569797992706299
1.0309295654296875
0.9659718871116638
1.0394917726516724
1.2749897241592407
1.1643755435943604
8.9753999710083
1.2354795932769775
0.45745277404785156
1.3661977052688599
1.2206315994262695
0.7427792549133301
1.3188196420669556
1.3056960105895996
1.3797155618667603
1.0260519981384277
0.907930314540863
1.2336630821228027
1.3999838829040527
1.058666467666626
1.0435999631881714
0.9900332093238831
1.3782470226287842
1.1692990064620972
1.1140551567077637
1.1178206205368042
0.964592456817627
1.1014832258224487
0.7636050581932068
0.8119897246360779
0.9569055438041687
0.5213825702667236
7.197514057159424
7.606814384460449
0.8902731537818909
0.9233392477035522
1.1171293258666992
1.2298378944396973
1.165704369544983
1.1187657117843628
0.9376782774925232
0.7747403383255005
1.106262445449829
0.7744953036308289
1.3868485689163208
1.2215787172317505
1.2534724473953247
0.9857407808303833
0.9795171618461609
1.138704538345337
7.420583724975586
7.692718029022217
1.2115111351013184
1.075663447380066
1.1576768159866333
1.1578316688537598
0.48379066586494446
1.067233681678772
1.4797086715698242
1.1458598375320435
1.115800380706787
0.7347529530525208
1.1557562351226807
1.2302501201629639
0.9464516043663025
1.0392838716506958
1.0462050437927246
0.5788888335227966
1.3196542263031006
1.228439211845398
1.1672399044036865
0.9427276253700256
1.1692347526550293
1.199340581893921
1.0577564239501953
0.886495053768158
0.8262354731559753
0.9634793400764465
1.2453166246414185
1.1978906393051147
1.181008219718933
1.0357199907302856
0.7907961010932922
1.1911664009094238
1.051045536994934
1.2861366271972656
9.116347312927246
1.044488787651062
1.191762924194336
1.2308138608932495
1.2373039722442627
1.0022052526474
0.9705219268798828
0.9013427495956421
1.167759895324707
1.1900854110717773
1.3395525217056274
1.0216253995895386
1.336725115776062
0.8214186429977417
1.1154077053070068
1.0360966920852661
1.308648705482483
0.8202661275863647
1.335439920425415
1.3148943185806274
1.241913080215454
0.9935019016265869
1.211814045906067
0.933262050151825
0.9713733196258545
1.1976807117462158
0.9482820630073547
1.1119338274002075
1.0441044569015503
1.1587870121002197
1.1775344610214233
1.2228202819824219
1.1061724424362183
1.2043848037719727
1.1580810546875
0.9449872970581055
1.1265029907226562
1.2204854488372803
1.2892900705337524
1.3215028047561646
0.9899841547012329
1.0403213500976562
1.0212956666946411
1.3220759630203247
1.0141197443008423
1.3810980319976807
1.1987911462783813
1.1394704580307007
1.0949676036834717
1.0864709615707397
1.12378990650177
1.1010518074035645
1.2234212160110474
1.138657808303833
1.067418098449707
1.0571506023406982
0.8904396295547485
0.8567925095558167
0.9280432462692261
0.9430386424064636
1.0184427499771118
0.8079692125320435
0.8606268167495728
0.828174889087677
0.7857387065887451
0.6431664824485779
5.858613014221191
6.235533237457275
6.544191837310791
6.489508628845215
6.601731300354004
6.811452865600586
6.747189998626709
6.700131416320801
6.698600769042969
6.877944469451904
6.955867290496826
6.938567161560059
7.07280969619751
6.932315826416016
7.419031620025635
6.5717339515686035
6.642086505889893
7.316024303436279
6.589791297912598
7.268858909606934
6.938377380371094
6.710045337677002
6.924102783203125
7.1156463623046875
7.108492851257324
7.078387260437012
6.941990375518799
6.939281940460205
7.26024866104126
7.145450115203857
7.283388614654541
7.191100597381592
7.741103172302246
7.533807754516602
6.226229190826416
6.5529866218566895
6.2046895027160645
6.740081787109375
6.902547359466553
6.353504180908203
6.949493408203125
7.120428562164307
7.2595930099487305
6.789201736450195
6.775413990020752
6.450160980224609
7.589175701141357
6.776886940002441
6.9805908203125
6.592807292938232
6.301329612731934
7.023095607757568
6.5501813888549805
7.430919170379639
6.8408989906311035
6.025201797485352
6.667886734008789
7.440428733825684
6.964033603668213
6.790047645568848
6.785553932189941
7.192263603210449
6.091366291046143
6.278036594390869
7.212376117706299
6.832358360290527
6.376111030578613
7.136092662811279
7.662861347198486
6.9154181480407715
7.354318618774414
7.53576135635376
6.82777738571167
7.809494495391846
7.8130316734313965
7.824505805969238
6.814184188842773
7.9736785888671875
8.013879776000977
7.279954433441162
7.74921989440918
7.472565650939941
7.706823348999023
7.667385578155518
7.251170635223389
7.877878189086914
6.953673839569092
6.8948235511779785
7.503467559814453
7.169254779815674
7.146182060241699
6.98764705657959
7.088161945343018
7.157576560974121
7.3123250007629395
7.663797378540039
0.3010717034339905
1.294515609741211
1.9681880474090576
1.0410760641098022
3.1809749603271484
4.668403625488281
4.976571083068848
5.151790142059326
4.846505641937256
4.983567714691162
5.073244571685791
1.1396173238754272
2.751408576965332
0.7743611931800842
5.758771896362305
5.376073360443115
4.792757034301758
5.0101165771484375
4.992641448974609
5.472273349761963
5.61245584487915
5.611204624176025
5.777023792266846
5.80712366104126
5.908807277679443
5.829085350036621
6.390635967254639
1.7917791604995728
1.5060063600540161
1.540407419204712
1.8138519525527954
5.282066822052002
5.155023574829102
1.0138317346572876
5.144358158111572
5.064531326293945
5.427645683288574
5.404655933380127
5.906054973602295
5.884765148162842
1.5093613862991333
1.7589387893676758
4.842530250549316
4.660013198852539
5.4665374755859375
6.318676948547363
1.8428927659988403
4.663523197174072
6.247604846954346
1.5954458713531494
5.402534484863281
5.8845534324646
1.9064079523086548
5.089825630187988
1.8472011089324951
4.687999248504639
5.581142425537109
5.912786960601807
4.793890953063965
5.4671478271484375
5.5455708503723145
4.795616149902344
5.868967533111572
4.992345809936523
4.916514873504639
4.979381561279297
5.020801544189453
5.068917274475098
4.961129188537598
4.359832286834717
5.0805983543396
5.330749034881592
5.421962738037109
5.640102386474609
5.2667999267578125
5.144557952880859
3.6473801136016846
3.338947057723999
0.8918838500976562
1.0407688617706299
1.767314076423645
1.7449405193328857
1.4986544847488403
1.3035356998443604
1.3671926259994507
1.587753176689148
1.2796924114227295
2.9557886123657227
1.0468107461929321
0.8901581764221191
2.091564655303955
1.8730387687683105
0.5250827670097351
5.834751605987549
5.863271713256836
5.838796138763428
2.9695770740509033
2.193516492843628
0.9877889752388
4.776646137237549
1.6854156255722046
2.983238697052002
3.774470329284668
5.755104064941406
5.908280372619629
0.9805529117584229
0.7312751412391663
5.6793212890625
0.6354314684867859
3.7302069664001465
1.266824722290039
5.816122055053711
2.9841392040252686
4.656772613525391
6.066883563995361
1.1107845306396484
1.1221064329147339
4.854106903076172
2.7165069580078125
0.47279873490333557
4.004002094268799
0.18903136253356934
5.832787990570068
5.563272953033447
5.7585577964782715
0.6839858889579773
0.8639804720878601
3.136103868484497
4.911398887634277
5.575927734375
5.970467567443848
0.9425274133682251
4.6040802001953125
5.401098251342773
1.3841872215270996
5.415982723236084
5.285374641418457
1.2394297122955322
0.4451543986797333
4.1669111251831055
0.3786705732345581
0.8404974937438965
3.7747318744659424
5.572822570800781
2.727936029434204
4.048460483551025
4.164179801940918
0.6180211305618286
1.462920904159546
4.0771708488464355
6.071074485778809
1.9763822555541992
1.3516747951507568
5.611083507537842
3.4370460510253906
0.6502096652984619
4.881438732147217
4.70737886428833
1.3779170513153076
1.8157259225845337
1.4137046337127686
1.1972893476486206
0.8589123487472534
1.657335638999939
1.6735848188400269
0.3986629545688629
0.3799174427986145
0.8495374917984009
0.9846854209899902
1.4815261363983154
0.9644549489021301
0.6678916215896606
0.7989056706428528
0.5104885697364807
0.8572535514831543
0.5543312430381775
0.30481112003326416
4.227075099945068
2.2357189655303955
1.3518650531768799
6.133360385894775
6.440875053405762
6.42555046081543
7.016851425170898
6.4061970710754395
5.655807971954346
8.189027786254883
5.703090190887451
0.44605058431625366
6.4745917320251465
6.777002811431885
5.883240222930908
7.670014381408691
5.4997382164001465
1.1361377239227295
6.593667030334473
5.982014179229736
6.572610378265381
6.549869537353516
5.810697555541992
6.50642728805542
6.820642948150635
5.517643928527832
6.125741004943848
6.211799144744873
6.0386152267456055
6.6017560958862305
6.519299507141113
6.579537868499756
6.473631381988525
6.459675312042236
6.932100772857666
6.767275810241699
6.3674516677856445
4.848782539367676
3.23173189163208
2.088653564453125
3.4327430725097656
0.8616155385971069
6.676652908325195
8.102240562438965
6.259194374084473
7.4411749839782715
7.410635471343994
0.8287173509597778
6.345170497894287
0.724082887172699
5.3803606033325195
6.781383514404297
6.6207709312438965
6.9226274490356445
7.691950798034668
0.3196856379508972
7.730275630950928
7.3960280418396
6.6303839683532715
6.744950771331787
7.976458549499512
7.332710266113281
7.759081840515137
2.739241361618042
7.5810866355896
7.980558395385742
7.9129462242126465
7.374959468841553
0.4445517659187317
7.927608013153076
7.177197456359863
7.10702657699585
6.677948474884033
6.860286712646484
7.967733383178711
6.88156795501709
7.659414768218994
7.214725494384766
7.851799011230469
7.423666477203369
7.254096508026123
6.648994445800781
0.5166499018669128
6.957747936248779
0.49223271012306213
7.492549896240234
7.351388931274414
7.874536037445068
0.7327837944030762
7.4863481521606445
6.595685005187988
7.129226207733154
7.686324119567871
7.7349982261657715
7.607775688171387
7.296507835388184
0.6035525798797607
7.451993942260742
6.946296691894531
4.2310380935668945
7.7201409339904785
7.873197078704834
7.737048149108887
7.273105144500732
7.829241752624512
7.44438362121582
0.3939642906188965
7.268990993499756
1.1229373216629028
7.122997283935547
8.0211820602417
7.512238025665283
6.654138565063477
0.6526737809181213
7.4964447021484375
4.6186065673828125
1.9216891527175903
4.758090019226074
7.642420768737793
7.724450588226318
7.888006687164307
7.68011474609375
7.923221588134766
7.946800708770752
2.3547565937042236
3.1775519847869873
4.16906213760376
6.613083839416504
7.767819404602051
7.731337070465088
7.844364643096924
7.353501796722412
7.293970584869385
1.9524718523025513
1.4261642694473267
1.2386046648025513
0.5392308235168457
2.5461251735687256
0.8191195130348206
0.4193703532218933
2.907200336456299
3.35959792137146
0.3692055344581604
0.9133830666542053
1.1301395893096924
1.8233721256256104
0.20403236150741577
0.5487654209136963
3.1849536895751953
0.6146003603935242
1.862243413925171
0.9941837787628174
0.6203562617301941
4.0805158615112305
1.198883295059204
3.3886489868164062
3.224900245666504
3.802908182144165
3.1634912490844727
3.3749053478240967
3.8433539867401123
1.7021985054016113
3.1905510425567627
0.8605416417121887
0.40234488248825073
0.7168611884117126
0.7810487747192383
0.8995773792266846
0.24578291177749634
0.8652711510658264
1.0084763765335083
0.8858156204223633
0.8256493210792542
1.1362534761428833
1.2820860147476196
0.9359729886054993
0.8029793500900269
0.5628047585487366
0.7590543031692505
0.7082751989364624
0.28265202045440674
0.21751335263252258
1.267731785774231
0.5972762703895569
0.6107347011566162
1.1838070154190063
0.3812730610370636
0.5609920024871826
0.5962808132171631
0.8804377317428589
0.7515656352043152
2.0544443130493164
0.6821848750114441
0.5384432077407837
0.49107927083969116
0.6822646856307983
1.0642801523208618
0.5207992196083069
0.8814656138420105
0.38068437576293945
0.6354421973228455
0.5796816945075989
0.9793920516967773
0.5788357853889465
0.8208560943603516
0.6475940942764282
0.7839288711547852
0.7569594979286194
1.6107988357543945
2.075958013534546
1.442193627357483
1.0607479810714722
1.0541741847991943
0.5631521940231323
1.2688854932785034
0.6448469161987305
0.35888010263442993
1.1570388078689575
0.7861487865447998
2.5452685356140137
2.4299652576446533
3.018709659576416
4.279326915740967
0.4930923581123352
0.8607266545295715
1.4939625263214111
4.304297924041748
1.1380022764205933
3.281292676925659
2.258047580718994
2.2853400707244873
1.2503387928009033
1.4691920280456543
1.0881834030151367
1.3478045463562012
3.0961766242980957
2.103720188140869
1.240667700767517
2.026623249053955
0.8528151512145996
1.8936928510665894
1.5478134155273438
1.230319619178772
2.090284585952759
2.9110238552093506
0.9247138500213623
0.44568419456481934
0.2835945188999176
1.4197245836257935
1.8646448850631714
0.6331765651702881
1.8958905935287476
0.6198422908782959
1.8768672943115234
1.3194890022277832
1.043713927268982
0.48069489002227783
2.2406439781188965
2.1352882385253906
0.5343767404556274
0.5376247763633728
1.5634623765945435
1.6305752992630005
0.7911635041236877
1.3959197998046875
1.7758979797363281
1.7256085872650146
2.1105844974517822
0.7331840991973877
0.9179273247718811
1.9222910404205322
0.9486143589019775
1.443789005279541
0.8149299621582031
0.3558419644832611
2.4647676944732666
0.8588563203811646
0.5490381717681885
0.7908239960670471
0.8399261832237244
0.5204293131828308
1.0686744451522827
1.1637991666793823
0.7159189581871033
1.455546498298645
0.5289635062217712
1.2417854070663452
1.8668901920318604
2.3592309951782227
0.5515947341918945
1.4836297035217285
2.046509027481079
0.72489994764328
1.1418492794036865
1.9017565250396729
1.5426167249679565
1.2547316551208496
2.8779940605163574
0.7093107104301453
2.319230318069458
0.7100419402122498
0.9216265082359314
3.22546648979187
1.0004937648773193
1.1825416088104248
0.9569007754325867
1.2787582874298096
0.8860339522361755
7.181572914123535
1.756015658378601
0.9357425570487976
0.774144172668457
0.7620829939842224
2.2689223289489746
0.10212311148643494
0.5792115926742554
2.266188621520996
7.380134582519531
0.4723185896873474
0.2533852458000183
7.9124555587768555
0.12619580328464508
6.922737121582031
1.974007248878479
1.6785569190979004
7.036679744720459
6.471975326538086
0.7448041439056396
0.9272882342338562
0.20890244841575623
6.81913423538208
7.079128742218018
7.649396896362305
0.9883115291595459
0.9436594247817993
0.6145482659339905
0.9930845499038696
0.913013219833374
1.8339829444885254
7.720893383026123
0.8047701716423035
0.7593041062355042
1.6834691762924194
1.4833087921142578
7.320591449737549
1.8597896099090576
1.1617039442062378
0.679857075214386
7.258563995361328
0.5754556059837341
7.762807846069336
0.34738150238990784
6.810273170471191
6.220618724822998
6.04380989074707
6.748912334442139
0.3064861297607422
4.869597911834717
5.475142478942871
7.1662797927856445
8.8063383102417
2.4051153659820557
0.36300140619277954
0.5118918418884277
0.9907819628715515
0.8457891941070557
3.201092481613159
1.0336731672286987
0.41712862253189087
1.3736743927001953
2.955406665802002
1.6111559867858887
1.2917550802230835
1.7750167846679688
1.921631097793579
1.8913874626159668
1.734060525894165
1.7099175453186035
1.405511736869812
1.593544363975525
0.5149804949760437
0.600293755531311
2.0214109420776367
0.8833999633789062
1.7520062923431396
1.552795171737671
2.3483831882476807
1.1515671014785767
1.3349679708480835
0.8629971742630005
1.700697660446167
1.4919092655181885
2.02547550201416
2.204073190689087
0.7143773436546326
3.8587069511413574
2.8414859771728516
6.618507385253906
0.6243058443069458
1.6991826295852661
1.944857120513916
1.45878005027771
0.8985096216201782
0.9183745980262756
3.8166122436523438
0.6784651875495911
0.8394663333892822
0.726920485496521
7.452887535095215
7.434057235717773
1.564420461654663
6.203074932098389
2.271713972091675
0.2607966959476471
1.0097591876983643
2.753086566925049
0.8594367504119873
3.3877363204956055
1.4893194437026978
2.4153051376342773
1.354180097579956
1.35520601272583
1.8685102462768555
1.2543059587478638
1.729361891746521
1.3538028001785278
1.9602935314178467
0.9083799123764038
1.821621060371399
1.276144027709961
0.711509644985199
2.6016082763671875
1.1090357303619385
1.0414414405822754
0.887612521648407
1.1186749935150146
7.41685152053833
0.6787511110305786
0.7755504250526428
7.343432426452637
6.854239463806152
7.95444393157959
0.9815523028373718
0.5323400497436523
0.3657805621623993
3.297065258026123
1.4631153345108032
1.1693916320800781
1.566088080406189
2.5505709648132324
0.972563624382019
0.7302352786064148
2.611374616622925
1.242753505706787
1.854378342628479
0.3181024193763733
1.9750958681106567
2.4687459468841553
2.0901618003845215
7.030571937561035
0.6562615036964417
0.8681768774986267
1.0084950923919678
2.203613042831421
7.550346851348877
4.6511993408203125
8.643945693969727
2.1542389392852783
2.0604989528656006
1.9027462005615234
1.1752699613571167
2.0642223358154297
1.0469579696655273
2.539170026779175
1.273632526397705
1.2595540285110474
0.8239588141441345
0.9103756546974182
1.064316749572754
1.2982033491134644
2.014354944229126
1.8189221620559692
1.6413241624832153
0.9870917201042175
1.8360648155212402
1.5289839506149292
1.4227737188339233
1.3486748933792114
1.8613759279251099
2.083362102508545
0.3520790636539459
0.549612820148468
1.1135337352752686
5.088192939758301
6.729953765869141
1.796186089515686
1.260746955871582
1.608076572418213
1.9810309410095215
1.154129981994629
3.60802960395813
2.1791954040527344
1.2054386138916016
1.1942428350448608
1.5703378915786743
1.9526917934417725
3.2477190494537354
0.6763383746147156
1.927962064743042
1.7699878215789795
6.330268383026123
7.084005355834961
0.6293750405311584
1.8592708110809326
1.346971035003662
1.7467894554138184
1.1856145858764648
4.791335105895996
1.1111725568771362
1.1316616535186768
1.4523142576217651
2.3528554439544678
2.1416471004486084
1.3799585103988647
6.650096893310547
7.509244441986084
1.6762608289718628
3.0347793102264404
3.237677574157715
1.602182149887085
2.0520436763763428
1.9085801839828491
2.142552375793457
1.5505963563919067
2.077834367752075
0.4327743649482727
1.5476348400115967
1.729559063911438
1.5704246759414673
7.799903392791748
1.21932852268219
0.7737749814987183
1.5758616924285889
1.1505224704742432
0.9538314342498779
0.586767852306366
1.9145950078964233
1.486534595489502
3.963935375213623
1.879291296005249
0.3469716012477875
0.44631776213645935
0.6938462853431702
8.15666675567627
0.8107007741928101
0.9180025458335876
8.69249153137207
0.6453202962875366
1.9687213897705078
1.065137267112732
5.246800899505615
1.299646258354187
6.066168785095215
1.2388590574264526
1.0588997602462769
