9.876351576561311e-42
6.000585079193115
5.844233512878418
0.8621290326118469
0.7220476865768433
0.8941758275032043
1.3056198358535767
1.700652003288269
1.5711637735366821
1.1772799491882324
1.3907289505004883
1.295199990272522
1.892919659614563
0.6845384836196899
1.2434221506118774
1.2747728824615479
6.468222141265869
0.8319470286369324
1.3270397186279297
0.9341375231742859
1.2602096796035767
1.8560281991958618
1.059093713760376
1.1297893524169922
1.5092253684997559
1.8594273328781128
1.649253487586975
1.0174874067306519
1.3712035417556763
1.480124831199646
0.9352463483810425
1.5723603963851929
1.2461014986038208
1.169791579246521
0.9795699715614319
1.207059621810913
0.6515942811965942
0.8596799969673157
1.3756580352783203
0.7447223663330078
1.0847681760787964
0.7853094935417175
5.8595452308654785
5.801353931427002
1.1735453605651855
0.902946949005127
1.5420024394989014
1.1886744499206543
1.058417797088623
1.3865485191345215
1.6348328590393066
0.9901951551437378
1.461234450340271
1.2643401622772217
1.113864541053772
1.34691321849823
1.214676022529602
0.6723244786262512
1.5711005926132202
1.1036601066589355
5.816540718078613
5.813698768615723
1.5622774362564087
1.4874818325042725
1.3173972368240356
1.1946351528167725
1.5817610025405884
1.626502513885498
1.125558853149414
0.6039081811904907
0.9785009622573853
0.681676983833313
0.8859942555427551
0.895756185054779
0.9643125534057617
1.5646380186080933
1.0398939847946167
1.603841781616211
1.0813078880310059
1.1040552854537964
1.1290349960327148
0.6107068061828613
0.8678451180458069
0.7866430282592773
1.682701587677002
1.1562784910202026
1.7972402572631836
1.5740628242492676
0.2445956915616989
1.1944570541381836
1.165476679801941
1.287058711051941
1.181599497795105
0.7409383058547974
0.6825581192970276
1.2598298788070679
6.549665451049805
1.597562313079834
1.2901860475540161
0.9147650003433228
1.092341423034668
1.567634105682373
0.9103794097900391
1.671668291091919
1.1003268957138062
1.1448242664337158
0.9182436466217041
1.6112521886825562
1.554849624633789
1.6533865928649902
1.2760268449783325
1.4698851108551025
0.5700634717941284
1.2725056409835815
1.2168867588043213
0.8033075928688049
1.0535013675689697
0.971091628074646
0.9587146043777466
1.5680277347564697
1.5614694356918335
0.8187131881713867
0.6832747459411621
0.6498623490333557
0.4462435245513916
1.4001524448394775
1.0251123905181885
1.2667087316513062
1.5299203395843506
1.093513011932373
0.7927044034004211
2.0280709266662598
0.42833471298217773
0.7192466259002686
1.3797187805175781
1.3529270887374878
1.6321414709091187
1.5515029430389404
1.4651283025741577
0.6060245633125305
1.54234778881073
0.5580243468284607
1.4775569438934326
1.5657644271850586
1.5332344770431519
1.4455528259277344
1.2574830055236816
1.2311761379241943
1.2326714992523193
1.1789238452911377
1.2372106313705444
1.2573795318603516
1.3834482431411743
1.9731760025024414
1.6023733615875244
1.2617430686950684
1.4289289712905884
1.563416838645935
1.4838765859603882
1.3901317119598389
1.1947957277297974
1.236913800239563
3.950977325439453
4.509809494018555
5.244762897491455
4.850231647491455
5.291003704071045
5.64456033706665
5.247649669647217
5.504397869110107
5.875763416290283
5.881376266479492
6.504287242889404
6.545530796051025
6.6621994972229
6.634273052215576
6.724180221557617
6.5601115226745605
6.339222431182861
6.503321647644043
5.914114475250244
6.410064220428467
5.8710713386535645
5.9321465492248535
5.991680145263672
5.813937187194824
5.752694129943848
5.774594306945801
5.937867641448975
5.89133358001709
5.804165363311768
5.981266498565674
5.759740829467773
5.905979633331299
5.884651184082031
5.842629909515381
4.6116132736206055
5.059757232666016
5.059965133666992
5.349200248718262
6.0995025634765625
6.239607810974121
6.5539116859436035
6.618002414703369
6.795571804046631
6.681693077087402
6.586522579193115
5.872974872589111
6.18427038192749
5.8649396896362305
6.047116756439209
5.23117208480835
6.160974025726318
6.7121782302856445
5.9632415771484375
6.208673477172852
5.778646945953369
5.696091651916504
5.8385748863220215
5.925469398498535
5.749899387359619
5.629815101623535
5.911404132843018
5.9485063552856445
6.1271748542785645
5.531175136566162
6.683676242828369
5.686214923858643
6.01530647277832
6.699690818786621
5.875954627990723
6.0445170402526855
6.247323513031006
6.296623706817627
5.7936201095581055
6.327983856201172
5.805784702301025
6.569150447845459
6.142495632171631
5.885500431060791
5.8996171951293945
6.5632243156433105
5.878805160522461
6.44477653503418
5.835262775421143
6.759677886962891
5.763166904449463
6.784808158874512
6.678586959838867
6.419300079345703
6.838647842407227
6.764962196350098
6.719862937927246
6.5148491859436035
6.2340407371521
5.891659736633301
5.730300426483154
5.783684253692627
3.1345958709716797
2.6333470344543457
3.3308346271514893
2.050292491912842
5.108362197875977
6.200688362121582
6.180915832519531
6.049136638641357
5.249094486236572
5.342809677124023
5.434492588043213
2.1085586547851562
5.183825492858887
2.1317081451416016
4.920300483703613
4.6721673011779785
4.119490146636963
3.8176021575927734
3.8552298545837402
4.044475078582764
3.7950828075408936
4.05695104598999
3.889531373977661
4.0453691482543945
3.625869035720825
3.400519609451294
4.385670185089111
2.438638687133789
3.136265993118286
2.618919610977173
3.9067678451538086
5.792328834533691
6.1242804527282715
1.9917371273040771
4.03499698638916
4.184414863586426
3.7873306274414062
3.8927700519561768
3.4130470752716064
3.692023992538452
3.4502930641174316
3.5571794509887695
6.305593967437744
4.8577680587768555
3.766894817352295
4.456450462341309
2.777853488922119
4.1422553062438965
4.474715232849121
3.5098133087158203
3.816298246383667
3.969905138015747
2.817758560180664
4.30977725982666
2.7156994342803955
4.2262420654296875
4.38270378112793
3.8458776473999023
4.9219794273376465
3.7094852924346924
3.73612642288208
4.327608108520508
4.414130210876465
3.9365718364715576
5.014238357543945
3.994173049926758
5.157607555389404
4.651172637939453
4.415790557861328
5.798863410949707
4.56648588180542
5.271230697631836
5.392830848693848
4.775510311126709
5.727876663208008
6.332897186279297
6.343188285827637
5.421575546264648
2.807425022125244
2.0413978099823
2.622774839401245
3.11958384513855
2.3962552547454834
2.876085042953491
2.3526690006256104
2.1936423778533936
2.499386787414551
5.955063819885254
5.429507255554199
1.917611837387085
4.962563991546631
4.016080856323242
3.5025687217712402
3.467465877532959
3.376225471496582
3.8019139766693115
3.5852997303009033
3.061819076538086
2.459235191345215
3.6167151927948
2.3598952293395996
3.1553282737731934
4.833446502685547
6.034440517425537
6.72289514541626
2.020023822784424
1.8932406902313232
6.936600208282471
4.2616963386535645
4.952114582061768
2.3471901416778564
2.986572504043579
3.2746453285217285
3.061561107635498
3.3558156490325928
2.1840851306915283
1.9795283079147339
4.1598992347717285
4.840342998504639
1.922170877456665
6.399289608001709
4.776987552642822
3.0317814350128174
2.979616641998291
3.8274521827697754
1.7198361158370972
2.9985604286193848
3.9806509017944336
3.2712109088897705
3.4685275554656982
4.509061813354492
3.2762484550476074
4.083899021148682
3.375566244125366
2.680241584777832
4.027222156524658
3.8254432678222656
2.86787748336792
2.486194133758545
3.842533826828003
2.5849926471710205
2.3503804206848145
3.2065577507019043
4.1622090339660645
2.9751646518707275
3.035983085632324
3.489171028137207
2.175849199295044
2.9802048206329346
3.834115743637085
4.985524654388428
2.6126949787139893
2.7611823081970215
4.758997917175293
3.591181755065918
2.34346342086792
5.781478404998779
6.293214797973633
2.9089934825897217
2.3893790245056152
2.3761377334594727
1.6794240474700928
1.604547142982483
1.9767913818359375
2.225559711456299
2.337531805038452
1.7760086059570312
2.0254628658294678
2.414268732070923
2.373272180557251
1.7566912174224854
1.8457057476043701
1.836424469947815
2.228154420852661
2.204810619354248
2.159111976623535
2.8645503520965576
5.781953811645508
4.368066787719727
3.704820394515991
3.7466537952423096
4.250514030456543
4.82785177230835
5.685451507568359
6.321486949920654
6.165933132171631
6.533578395843506
7.066479682922363
2.4853575229644775
4.8079142570495605
5.518867015838623
6.25071382522583
6.162024974822998
7.143340587615967
3.687049627304077
5.173755168914795
6.480127811431885
6.138081073760986
5.12078332901001
6.173213958740234
4.712698459625244
6.950043201446533
6.3279194831848145
6.372963905334473
6.7080864906311035
4.221185207366943
7.441283226013184
4.785379409790039
5.098599433898926
5.255407810211182
6.207902431488037
6.301671504974365
6.975759029388428
7.683664798736572
6.7659912109375
5.648143291473389
4.94178581237793
5.795171737670898
1.8432652950286865
6.177624702453613
6.253504753112793
6.847906589508057
6.808658599853516
6.5470709800720215
1.7083015441894531
6.380509853363037
1.4031599760055542
7.048884391784668
6.193729400634766
6.1821088790893555
6.911498546600342
5.910414695739746
2.4881675243377686
5.638003349304199
5.660521984100342
5.954127788543701
6.280623912811279
5.455573558807373
6.335160732269287
5.412902355194092
4.510626792907715
5.523996353149414
5.665876865386963
5.3311767578125
6.273272514343262
1.7635489702224731
6.661803245544434
7.327016830444336
6.300869464874268
6.285109043121338
6.417545318603516
5.661418914794922
7.187187194824219
5.563009738922119
5.658690452575684
5.404923439025879
5.302131652832031
5.440677165985107
6.523453235626221
2.4153707027435303
7.438263893127441
1.4878612756729126
5.744140148162842
5.336644649505615
5.366518020629883
2.7057998180389404
6.950782299041748
6.371284484863281
6.734886646270752
5.454626560211182
6.570416450500488
5.364111423492432
5.404461860656738
1.2493501901626587
6.177048683166504
6.565235614776611
6.2825140953063965
5.490640640258789
5.613902568817139
5.917652130126953
5.9616923332214355
5.706110000610352
6.8843512535095215
2.2582361698150635
7.223743915557861
3.911301612854004
7.057076454162598
5.3622283935546875
5.466954708099365
7.1649956703186035
3.531093120574951
5.664000034332275
6.258418083190918
4.111385345458984
5.698938369750977
7.269466876983643
5.432115077972412
5.287370681762695
5.279221057891846
5.455500602722168
5.935019493103027
4.961817264556885
4.791838645935059
5.373768329620361
7.22167444229126
6.803131580352783
5.923637390136719
6.30692195892334
5.798844337463379
5.580597400665283
3.076150894165039
1.6514229774475098
1.8437610864639282
4.093522071838379
4.475872039794922
2.9903359413146973
2.8176937103271484
5.138181209564209
5.05644416809082
1.5784465074539185
2.013062000274658
4.261796474456787
3.552720785140991
1.8765146732330322
1.6063152551651
5.268529415130615
2.8650062084198
3.1480274200439453
2.645146608352661
2.1100809574127197
5.811285495758057
3.029557704925537
4.865024089813232
5.190547943115234
5.5402750968933105
5.745107173919678
5.245626449584961
5.656882286071777
2.809586763381958
4.61348295211792
2.339686393737793
1.2471376657485962
1.7582404613494873
1.811424732208252
2.0441412925720215
1.30154550075531
1.641172170639038
1.3907891511917114
1.9492042064666748
1.1364022493362427
1.8684407472610474
2.3673994541168213
1.41225004196167
1.2541836500167847
0.7793487906455994
0.7421150207519531
1.0432325601577759
2.0710361003875732
1.8284839391708374
2.114348888397217
0.19184958934783936
1.0331653356552124
2.4609885215759277
1.3670305013656616
1.3660401105880737
1.5139542818069458
1.7818107604980469
0.34674015641212463
2.925241470336914
1.8119343519210815
1.188367486000061
1.6124863624572754
1.8610347509384155
2.527557849884033
1.9322071075439453
1.514878273010254
1.4739799499511719
1.4069515466690063
1.3231176137924194
1.8472251892089844
1.9005292654037476
1.8550992012023926
0.6392499208450317
1.6537503004074097
3.1902894973754883
2.677165985107422
2.4965901374816895
2.557264566421509
3.8944907188415527
4.055850982666016
3.735776901245117
5.936651706695557
3.3355584144592285
5.465935230255127
2.6905007362365723
5.1281208992004395
4.297926902770996
4.585065841674805
6.206615447998047
5.193027496337891
2.6263716220855713
4.881089687347412
1.8421146869659424
6.402594566345215
1.5495878458023071
5.881853103637695
1.8831309080123901
2.4295504093170166
3.082219362258911
2.964216947555542
1.7008241415023804
3.3602752685546875
4.513367652893066
4.9360527992248535
2.8043789863586426
3.7008681297302246
4.822698593139648
4.007071495056152
1.8979994058609009
2.666098117828369
1.0854229927062988
2.343590497970581
0.9351298809051514
2.772139549255371
1.5298837423324585
1.3033018112182617
1.6822693347930908
1.5152075290679932
1.439147710800171
2.8239054679870605
1.552169919013977
1.930307149887085
1.8728797435760498
1.9987564086914062
1.6770360469818115
4.843996047973633
0.8845442533493042
1.3537511825561523
2.7956340312957764
1.0243768692016602
1.3044159412384033
1.452236533164978
0.922795832157135
1.2032561302185059
1.5259487628936768
2.100207805633545
2.260972499847412
1.1888866424560547
1.7320107221603394
1.285649061203003
1.0322645902633667
1.4884397983551025
1.5352158546447754
1.2681872844696045
1.3676743507385254
2.1881394386291504
2.364354372024536
1.50804603099823
1.714630365371704
1.2791531085968018
1.4423104524612427
1.5314428806304932
2.030466079711914
1.4694862365722656
1.4974788427352905
3.068988800048828
2.446953296661377
2.086292266845703
2.1474921703338623
1.8542312383651733
1.7034802436828613
2.1278555393218994
1.8008311986923218
1.5974074602127075
2.406667470932007
1.7368249893188477
1.7742537260055542
1.4478874206542969
1.0221766233444214
5.02413272857666
1.0377860069274902
1.729651927947998
1.38329017162323
1.4940658807754517
1.2665085792541504
6.999056339263916
1.8068246841430664
2.036930799484253
0.9842350482940674
2.80733323097229
2.282663106918335
1.0518746376037598
0.5702311992645264
2.059037923812866
5.454233169555664
1.058342456817627
1.6655505895614624
5.2752885818481445
0.9827755689620972
5.606628894805908
3.6033976078033447
2.2419776916503906
5.4801225662231445
5.416894435882568
1.1302378177642822
1.5494099855422974
1.647869348526001
5.285429954528809
5.230325222015381
5.29195499420166
0.9677556753158569
1.1716482639312744
1.1520026922225952
2.593822717666626
0.8400364518165588
1.5794432163238525
5.3245110511779785
1.184421181678772
2.121408700942993
1.6791088581085205
3.043886423110962
5.393918514251709
1.273526906967163
0.7953987717628479
0.9462643265724182
5.589263916015625
0.864013135433197
5.564260005950928
1.508513331413269
5.249167442321777
5.134464263916016
5.266252517700195
5.243110656738281
1.9413743019104004
4.748478889465332
5.350890159606934
5.345954418182373
5.80684232711792
2.579806327819824
3.767550468444824
4.608258247375488
2.662137985229492
3.393901824951172
4.62944221496582
4.56623649597168
3.2411084175109863
2.633082151412964
3.5276339054107666
2.334794044494629
3.5417652130126953
1.6909172534942627
4.310981273651123
3.9423828125
3.185875654220581
1.7641949653625488
2.867852210998535
1.4605787992477417
1.0686800479888916
1.892565131187439
2.2182857990264893
1.9011472463607788
2.5393667221069336
1.4990489482879639
1.4771013259887695
1.8641871213912964
2.0377020835876465
1.9495892524719238
2.1829590797424316
1.8235976696014404
2.3452765941619873
2.4785330295562744
2.4166646003723145
2.6908771991729736
2.3104047775268555
6.119393348693848
0.76456218957901
1.5203369855880737
2.067681312561035
1.31394362449646
0.9672443270683289
0.7294153571128845
4.839410305023193
1.3079415559768677
1.0911781787872314
0.9556489586830139
5.288252353668213
5.290006160736084
0.8127327561378479
5.577131271362305
2.5554065704345703
5.389744281768799
4.345085144042969
2.978093147277832
4.275076389312744
4.269419193267822
2.293023109436035
2.8352174758911133
1.6502752304077148
3.801382064819336
4.972803592681885
2.9475762844085693
2.7916007041931152
1.2715102434158325
2.528214454650879
1.8744336366653442
1.6531352996826172
1.923060417175293
1.7775731086730957
2.5809290409088135
2.313383102416992
1.609930157661438
1.2409790754318237
1.007886290550232
5.473289489746094
1.0017569065093994
1.053824782371521
5.218384742736816
5.488872528076172
5.494137763977051
2.724639892578125
5.408580303192139
3.460031270980835
4.291543006896973
2.8249547481536865
1.7050954103469849
3.1076958179473877
2.532919406890869
1.2708290815353394
1.637547492980957
1.9075864553451538
1.7975159883499146
1.446209192276001
2.9229209423065186
1.948569893836975
1.9790008068084717
1.6603753566741943
5.826382637023926
0.697574257850647
1.1708447933197021
0.9419503808021545
0.9372551441192627
5.3648223876953125
4.4697265625
5.663384914398193
3.370107412338257
3.206282138824463
2.682664632797241
3.282900333404541
2.1932084560394287
1.072943091392517
2.0887155532836914
1.3832049369812012
1.8076311349868774
1.168163776397705
2.165132761001587
1.3399251699447632
2.6296584606170654
2.733517646789551
2.3839049339294434
2.850588321685791
3.1288540363311768
1.8292187452316284
4.595305442810059
2.454421281814575
1.567378044128418
1.5067400932312012
2.38053297996521
1.760949730873108
3.472848892211914
1.263405680656433
5.023273468017578
5.454663276672363
3.037980079650879
3.851895570755005
1.705560564994812
1.8916361331939697
3.643068790435791
2.678513526916504
2.342676877975464
2.899070978164673
1.2681506872177124
1.1219803094863892
4.051726341247559
2.504228115081787
0.8236761689186096
1.9558006525039673
1.3228477239608765
5.463247776031494
5.248535633087158
3.1526098251342773
1.6444960832595825
3.821216583251953
2.442901134490967
1.0686917304992676
5.155496120452881
3.0985305309295654
1.909222960472107
0.6960541605949402
1.300603985786438
1.9124404191970825
1.2137706279754639
5.627677917480469
5.330261707305908
5.868093013763428
5.238469123840332
2.2657392024993896
1.3963134288787842
7.783108711242676
4.748079776763916
1.744468092918396
6.2152814865112305
1.605142593383789
1.70783269405365
1.3977627754211426
8.425451278686523
9.138873100280762
5.496470928192139
7.571895122528076
1.2328580617904663
1.7177551984786987
1.2203675508499146
5.701082706451416
1.0358247756958008
2.9377810955047607
2.005388021469116
5.128414630889893
2.795207977294922
5.938446044921875
1.0258992910385132
2.1275646686553955
5.579741954803467
1.4852968454360962
2.0990536212921143
5.748593330383301
4.610721111297607
2.951799154281616
1.9252830743789673
5.205985069274902
1.4799957275390625
5.408273696899414
2.1889808177948
2.083674192428589
