9.876351576561311e-42
7.25813627243042
7.317753314971924
1.8916537761688232
2.2776689529418945
2.1683521270751953
1.8725881576538086
1.4730150699615479
1.8192579746246338
2.0795273780822754
1.8208578824996948
1.3277649879455566
0.9502972960472107
2.0205178260803223
2.135913372039795
2.1344687938690186
6.483175277709961
2.0832645893096924
1.8805785179138184
1.9633897542953491
1.5482988357543945
1.7742397785186768
2.2559726238250732
2.15022349357605
1.9333155155181885
1.5048773288726807
1.484106421470642
2.1202776432037354
1.3387633562088013
1.5064685344696045
2.045656442642212
1.2756588459014893
1.1171846389770508
1.386467695236206
0.5305044651031494
1.7570286989212036
0.5453497767448425
0.7499346733093262
0.46091407537460327
0.3017266094684601
0.9257432222366333
0.1302247792482376
7.404238700866699
7.260435104370117
2.0391016006469727
2.4100546836853027
1.5030055046081543
2.0289878845214844
2.077652931213379
1.8829245567321777
1.1391263008117676
1.9100666046142578
1.939319133758545
1.7362899780273438
2.2087974548339844
1.3778457641601562
2.0891904830932617
1.994520664215088
1.0011658668518066
1.9239085912704468
7.315773963928223
7.232550144195557
1.6277804374694824
1.6163252592086792
2.1890487670898438
2.0711026191711426
1.873923659324646
1.7646621465682983
2.064458131790161
1.7792004346847534
2.131547689437866
0.25822192430496216
2.76131272315979
2.6063294410705566
1.6450992822647095
1.2368816137313843
2.010416030883789
1.886289119720459
2.08296537399292
1.9791855812072754
0.7853185534477234
0.45626258850097656
2.45493483543396
2.2684755325317383
1.2178882360458374
2.0052337646484375
1.8424299955368042
1.4909487962722778
2.0248870849609375
0.9092134237289429
2.1606454849243164
1.218475103378296
1.6986510753631592
1.9722594022750854
0.742027759552002
2.1040875911712646
6.366734504699707
1.2141075134277344
1.0833251476287842
2.2109947204589844
2.126426935195923
1.7348690032958984
0.9008713960647583
1.282649278640747
2.120189666748047
1.5638550519943237
1.8987122774124146
1.3173577785491943
1.6040440797805786
1.6493676900863647
1.636932134628296
1.4667178392410278
2.0096242427825928
2.0484538078308105
1.9283192157745361
1.6675200462341309
1.9213446378707886
1.2719017267227173
2.0516855716705322
1.1044241189956665
1.2634823322296143
1.995848298072815
2.161129951477051
1.7985190153121948
2.012582302093506
1.735388994216919
1.9326502084732056
1.884778618812561
0.8397706747055054
1.8109158277511597
1.742182731628418
1.0404294729232788
1.5628482103347778
1.3137468099594116
1.3254629373550415
1.302571177482605
0.8661656975746155
1.0031418800354004
1.0020877122879028
1.6638092994689941
1.1170620918273926
1.9324393272399902
1.9940690994262695
1.4767993688583374
1.1260305643081665
1.1346280574798584
1.2761372327804565
1.5025500059127808
1.1801320314407349
1.6950427293777466
1.8346480131149292
0.9965383410453796
0.9439853429794312
1.1686718463897705
1.1713536977767944
1.0822938680648804
1.0227389335632324
0.9288046956062317
0.6372013092041016
0.549027681350708
0.6270435452461243
0.6249047517776489
5.404606819152832
5.4984822273254395
6.29094934463501
5.186275482177734
6.148640155792236
6.073126792907715
5.30148458480835
6.456125259399414
5.99678897857666
6.477579116821289
7.177916526794434
7.125143527984619
7.167876243591309
7.244978427886963
7.08297872543335
7.0379252433776855
6.9532012939453125
6.672428607940674
6.92557954788208
6.644699573516846
7.059214115142822
6.840046405792236
7.161083698272705
6.889440536499023
6.785133361816406
6.735335350036621
6.974157810211182
6.7877678871154785
6.662835121154785
7.213976860046387
6.622554779052734
6.95739221572876
6.863217830657959
7.226864337921143
5.74242639541626
5.764495849609375
6.498562335968018
5.559864521026611
6.308316707611084
6.88517427444458
7.058150768280029
7.211408615112305
7.013454437255859
7.034151554107666
6.839810371398926
7.135670185089111
6.540340423583984
6.836878776550293
7.070998668670654
5.993837356567383
6.779819011688232
7.032357215881348
7.112158298492432
6.528966426849365
5.771213054656982
6.6321635246276855
6.989723205566406
6.3475213050842285
6.9542131423950195
6.367726802825928
7.14035701751709
7.170094013214111
6.656477928161621
6.588336944580078
7.020240783691406
6.228211879730225
6.682880401611328
6.822113513946533
7.121505260467529
6.422400951385498
6.758219242095947
6.7654571533203125
6.534778118133545
6.961509704589844
7.192198753356934
7.001257419586182
7.139481544494629
6.978994846343994
6.831643581390381
6.898589611053467
6.710984230041504
6.831561088562012
6.62351131439209
7.042567253112793
6.650949478149414
7.081057548522949
6.829522609710693
6.89280891418457
7.038418292999268
6.903092384338379
6.8483195304870605
6.646515846252441
6.794129848480225
6.901247501373291
6.750321865081787
6.5575103759765625
2.3242294788360596
3.4687907695770264
1.7161881923675537
0.47401344776153564
2.116711139678955
2.965524435043335
3.377786636352539
3.7063229084014893
4.391290187835693
4.404513359069824
4.43876314163208
0.320673406124115
2.5573153495788574
1.5794481039047241
3.5291781425476074
3.928884983062744
4.8571457862854
4.521661281585693
4.351868152618408
5.183479309082031
4.146376609802246
3.544912815093994
4.025635242462158
5.209813117980957
4.209768772125244
4.1779279708862305
4.6047210693359375
2.843395471572876
1.2668213844299316
3.628202438354492
1.3152958154678345
3.8507635593414307
3.6885249614715576
0.2883059084415436
4.9568352699279785
4.08319091796875
4.5952277183532715
4.157108783721924
4.079235553741455
4.314977645874023
2.4015536308288574
2.9701266288757324
3.313671112060547
4.381978988647461
3.952110767364502
4.788172245025635
2.9716567993164062
4.444791793823242
5.019484043121338
2.512892007827759
4.054516792297363
4.736588001251221
3.0397751331329346
4.176319599151611
0.7510467171669006
4.267179489135742
3.9749441146850586
4.467097282409668
4.308691024780273
4.408423900604248
4.270888328552246
4.111531734466553
3.790803909301758
4.203014373779297
4.350693225860596
4.064479827880859
4.408322334289551
3.2401139736175537
4.02953577041626
3.0143275260925293
4.197764873504639
3.8488714694976807
3.754074811935425
3.7080233097076416
3.7454311847686768
3.541048526763916
2.877992868423462
2.4163098335266113
1.3844494819641113
0.32843896746635437
0.9593542218208313
1.934909462928772
1.1375046968460083
3.1735048294067383
2.44224214553833
3.570075273513794
0.3321841061115265
2.8567898273468018
3.0602610111236572
2.4360976219177246
2.868198871612549
2.931403636932373
1.4637099504470825
4.290862560272217
4.066201210021973
3.9974470138549805
2.523714303970337
3.5148751735687256
0.8777147531509399
4.484445095062256
2.209540367126465
4.346706867218018
4.421731472015381
4.898754119873047
4.803422927856445
2.1580893993377686
1.1407651901245117
4.501013278961182
2.859712600708008
2.8223397731781006
0.4009290039539337
4.343800067901611
3.609706163406372
4.140447616577148
4.257975101470947
1.0252264738082886
1.7582380771636963
4.332790374755859
3.7044177055358887
1.1643389463424683
3.4423694610595703
3.3664181232452393
4.300356388092041
4.4312591552734375
4.440636157989502
1.7816135883331299
2.171459913253784
2.6324379444122314
4.492547512054443
4.439718723297119
4.742000102996826
2.252734899520874
3.1353096961975098
4.507269859313965
2.049312114715576
3.687047004699707
4.539632320404053
0.8218488693237305
0.28293585777282715
3.18340802192688
1.28103768825531
1.265873908996582
3.860853910446167
4.625148296356201
3.9794206619262695
4.452139854431152
4.415838718414307
1.122343897819519
3.7565979957580566
4.146290302276611
5.078882694244385
2.21284556388855
2.212074041366577
4.845763206481934
4.0163655281066895
1.4728631973266602
4.666475296020508
4.382015705108643
2.297288417816162
3.6511025428771973
3.257948637008667
3.1977357864379883
2.8428235054016113
0.6126781702041626
0.5174099802970886
0.5738587975502014
1.5091171264648438
2.130357265472412
1.2427242994308472
1.3184531927108765
1.5651354789733887
1.3240585327148438
1.7991383075714111
1.0610132217407227
1.8327863216400146
1.1282449960708618
1.1532301902770996
4.209090232849121
1.4462350606918335
1.5236989259719849
4.270318031311035
4.4254326820373535
4.964742660522461
5.57220983505249
6.096617221832275
6.530215740203857
7.170795917510986
5.080644130706787
1.124881386756897
4.7504096031188965
5.439852237701416
6.343310832977295
7.168562412261963
5.1867356300354
1.4874333143234253
5.117140769958496
6.513946056365967
6.9731669425964355
4.937147617340088
6.8688554763793945
4.654611587524414
5.859339714050293
6.731022357940674
6.734835624694824
6.3107123374938965
4.494822025299072
5.184897422790527
4.846582889556885
5.27086067199707
5.2889723777771
5.131150722503662
5.477856636047363
5.332327842712402
4.695688247680664
4.154665470123291
2.091942310333252
2.1413655281066895
4.4363508224487305
1.1570430994033813
7.077545166015625
7.5608415603637695
6.6178083419799805
6.995405197143555
6.743271827697754
1.7198405265808105
6.564408779144287
1.7024579048156738
5.028556823730469
6.4806389808654785
6.297951698303223
6.03153133392334
6.344541072845459
1.0707948207855225
6.26621150970459
6.515507221221924
6.263045787811279
6.174163341522217
6.560272693634033
6.265630722045898
6.602761745452881
1.7873996496200562
6.529428005218506
6.624695777893066
6.609918117523193
7.375820636749268
1.6948130130767822
7.1205363273620605
6.277796268463135
6.546676158905029
6.326932907104492
6.182862758636475
6.253983020782471
5.760836601257324
6.619295120239258
6.433176040649414
6.593412399291992
6.584168910980225
6.567744731903076
7.1967668533325195
1.4451764822006226
6.341588497161865
1.4294509887695312
6.299195766448975
6.544667720794678
6.716245174407959
1.202696681022644
6.950902938842773
6.6036696434021
5.993643283843994
6.654549598693848
5.905892372131348
6.485510349273682
6.551980495452881
1.5031086206436157
6.516390323638916
6.265822887420654
5.140712738037109
6.590199947357178
6.429981708526611
6.342034339904785
6.3469648361206055
6.243389129638672
5.908896446228027
1.116732120513916
5.102834701538086
1.673539161682129
6.296411037445068
6.555924892425537
6.3987603187561035
5.761330604553223
1.9618545770645142
5.753316879272461
4.846449375152588
2.0446035861968994
3.7743990421295166
5.123608589172363
6.573594093322754
6.577874660491943
6.6089677810668945
6.637189865112305
6.177412509918213
4.386560440063477
2.4396116733551025
2.712265968322754
4.599734783172607
4.950281143188477
5.761168479919434
4.764758586883545
5.245748043060303
5.397859573364258
0.4673555791378021
1.2510703802108765
1.2475007772445679
1.8103229999542236
1.798793077468872
1.0444339513778687
0.6806284189224243
1.810767650604248
2.297264814376831
0.23830172419548035
0.9909504055976868
1.8280928134918213
1.3068959712982178
0.5311286449432373
0.34926384687423706
1.9865132570266724
0.543902575969696
1.4194046258926392
1.027937889099121
0.6908209323883057
2.2975962162017822
1.870235800743103
2.1228408813476562
2.183377981185913
2.502810478210449
2.4718167781829834
2.049318552017212
2.1166398525238037
0.9957032799720764
2.0487728118896484
1.4476916790008545
1.2259751558303833
1.4575613737106323
0.5694500207901001
1.5965806245803833
0.6554476618766785
1.6004999876022339
1.1610404253005981
1.7489780187606812
1.9795604944229126
2.158175468444824
1.7694271802902222
2.1962220668792725
2.0858988761901855
1.6124438047409058
1.2014834880828857
1.4617866277694702
0.43214482069015503
1.7999067306518555
1.8797494173049927
1.4764360189437866
1.468308448791504
1.950458288192749
1.4355063438415527
0.3777928352355957
1.4695959091186523
1.9220681190490723
1.4678080081939697
1.4177063703536987
1.8508992195129395
1.5156023502349854
0.7337661385536194
1.7300770282745361
0.5017529129981995
0.8544588088989258
0.8282105922698975
1.0980224609375
1.7594945430755615
1.8339699506759644
1.9865350723266602
1.92759370803833
1.6622250080108643
1.2845789194107056
1.5942810773849487
2.477846145629883
2.904761552810669
3.1141767501831055
3.0170953273773193
2.3089070320129395
2.0784053802490234
0.5271285772323608
1.2331081628799438
3.0947489738464355
0.626530110836029
3.552699565887451
1.321229100227356
1.9273186922073364
2.003544569015503
2.5126137733459473
2.124399185180664
3.419574022293091
1.8364275693893433
3.4482057094573975
2.8187363147735596
3.541457414627075
2.4882161617279053
2.386272668838501
2.3492414951324463
1.662208914756775
3.3038535118103027
3.25412917137146
0.7957277894020081
1.9707764387130737
1.0075815916061401
0.8990234732627869
1.1986643075942993
1.1006804704666138
1.0309782028198242
0.6288509964942932
2.035578966140747
0.47065865993499756
3.6935267448425293
1.5282546281814575
2.233452796936035
1.8516360521316528
3.0507524013519287
2.9385509490966797
2.2182109355926514
3.395040988922119
1.7193727493286133
3.3087432384490967
2.3990726470947266
2.6840600967407227
1.457162857055664
4.1946330070495605
1.3136796951293945
1.0348104238510132
2.3684747219085693
0.903078019618988
1.197458028793335
1.348594069480896
2.653726577758789
2.494035243988037
1.810212254524231
1.7267735004425049
1.562778353691101
1.8077553510665894
2.0068016052246094
1.9291720390319824
2.007356643676758
2.0855395793914795
1.0377072095870972
1.8745676279067993
2.2702038288116455
1.6200969219207764
1.334407091140747
1.4830822944641113
1.3046687841415405
2.104940176010132
2.3845067024230957
1.6693509817123413
2.083590030670166
1.2986170053482056
2.044877767562866
1.8244037628173828
2.706350088119507
1.5561937093734741
1.6200064420700073
1.9813592433929443
1.6279921531677246
2.5556013584136963
1.7020872831344604
1.5710117816925049
1.3210619688034058
2.5854430198669434
1.9085965156555176
2.250497341156006
1.7692382335662842
1.1208375692367554
2.3808746337890625
1.2098042964935303
1.199945092201233
1.414344072341919
1.0245333909988403
1.0069384574890137
4.39124059677124
1.1403735876083374
0.9636477828025818
1.0460526943206787
1.6003966331481934
1.9106522798538208
1.6531953811645508
0.9242983460426331
2.1999480724334717
6.432745933532715
0.6578783392906189
0.6097300052642822
6.481441974639893
2.052503824234009
4.698497772216797
1.4676189422607422
1.5470895767211914
4.960816860198975
4.068018913269043
0.8040991425514221
0.7681450247764587
0.9010564684867859
5.186332702636719
5.570218086242676
6.2841267585754395
0.5977151989936829
0.3466295897960663
0.5545065999031067
1.3175556659698486
0.2253473997116089
2.360442876815796
6.4871721267700195
0.46053215861320496
1.0122199058532715
2.2430460453033447
0.7820154428482056
5.541877269744873
2.5374441146850586
1.9642947912216187
1.4693151712417603
4.238489151000977
1.168092966079712
6.373105525970459
0.7296056151390076
4.656105995178223
3.891753673553467
4.214797019958496
5.784048557281494
0.8255382180213928
3.603639841079712
3.490689516067505
6.101179122924805
6.1096343994140625
3.385921001434326
0.8258239030838013
1.8577296733856201
3.5875654220581055
1.4838756322860718
1.9605984687805176
2.309525728225708
2.854240655899048
3.2848868370056152
2.5148568153381348
3.8479506969451904
2.9265928268432617
1.5368937253952026
0.7973877787590027
1.0209739208221436
1.0708526372909546
1.1834112405776978
2.7990713119506836
2.8716416358947754
1.2252508401870728
2.743882894515991
2.593527317047119
1.5636078119277954
1.1882572174072266
1.9060930013656616
1.746522068977356
1.6778720617294312
2.421546220779419
1.3618000745773315
2.0813093185424805
2.4625954627990723
1.52744722366333
2.492563247680664
1.3079895973205566
2.6686549186706543
1.8831731081008911
3.5407063961029053
0.7529833912849426
2.431880235671997
2.6023764610290527
2.5226757526397705
0.5432915687561035
0.614185631275177
2.1676859855651855
1.5392459630966187
0.28823989629745483
1.8847764730453491
6.11056661605835
5.74346399307251
1.700353980064392
4.402717113494873
3.520439863204956
0.7215446829795837
1.9431653022766113
2.6677181720733643
2.6946871280670166
2.6879000663757324
3.7863826751708984
1.5952489376068115
3.071714162826538
3.221606731414795
1.0756264925003052
0.6182110905647278
3.4085423946380615
3.156035900115967
3.233907461166382
1.9996283054351807
3.8608222007751465
1.2876298427581787
1.4668941497802734
2.9749655723571777
1.175793170928955
1.340710163116455
1.174180507659912
0.379758358001709
6.100194454193115
0.6363088488578796
2.0011520385742188
6.266690254211426
5.512935638427734
6.262923240661621
3.0501604080200195
1.2640795707702637
3.1481995582580566
2.1674797534942627
3.51739764213562
3.724029779434204
1.10507071018219
3.993072032928467
2.2922544479370117
1.4435062408447266
3.548450469970703
2.547988176345825
1.8515821695327759
1.3574230670928955
1.7713302373886108
2.5381031036376953
1.4719308614730835
4.11776876449585
0.6922692656517029
0.49882033467292786
0.8794105648994446
2.3386998176574707
6.323764324188232
2.290397882461548
6.193839073181152
2.114379405975342
0.9389320611953735
3.60756254196167
1.3513665199279785
3.6446070671081543
0.9789634943008423
3.303168773651123
3.2590675354003906
1.8293043375015259
1.2393895387649536
1.0436471700668335
1.4934049844741821
0.3818263113498688
3.4165308475494385
2.7215516567230225
2.7782797813415527
2.592338800430298
3.5417702198028564
0.9251115322113037
3.1076879501342773
1.000752329826355
3.3252668380737305
3.802482843399048
1.2163519859313965
1.0058488845825195
0.9244389533996582
2.7317068576812744
4.931244850158691
2.090468168258667
2.1774141788482666
3.3823962211608887
4.047572135925293
1.220522165298462
2.4804539680480957
2.5616133213043213
2.3347082138061523
0.7772112488746643
2.557523488998413
1.4309989213943481
2.2199065685272217
0.4857340455055237
2.4907755851745605
2.3743815422058105
3.251347780227661
5.262489318847656
3.0446860790252686
2.0538840293884277
1.7223711013793945
2.2582547664642334
2.1802759170532227
3.1100878715515137
2.0227322578430176
3.5627241134643555
1.1260275840759277
1.7822004556655884
3.1837143898010254
2.2302558422088623
4.050421714782715
6.282073974609375
1.5466982126235962
2.133183240890503
2.58939790725708
2.6737866401672363
1.2212682962417603
1.0104879140853882
1.913443684577942
1.3892520666122437
2.5534605979919434
1.1999820470809937
2.2819061279296875
1.0229735374450684
0.971007227897644
6.328957557678223
0.8260328769683838
2.692657947540283
2.511004686355591
2.017653703689575
0.6218435168266296
2.011126756668091
2.4377365112304688
1.5145070552825928
2.7896597385406494
2.188380718231201
0.6799327731132507
1.9598585367202759
1.3843379020690918
6.285676002502441
2.179213047027588
1.526821494102478
6.130655288696289
1.7723050117492676
1.6418272256851196
1.581591010093689
2.785245180130005
1.3889955282211304
3.5875515937805176
2.3534762859344482
1.5771756172180176
