9.876351576561311e-42
5.759198188781738
6.10642671585083
1.5545803308486938
1.1334857940673828
1.0636104345321655
1.1600490808486938
1.3911716938018799
1.316194772720337
1.0945584774017334
1.9114477634429932
1.28115713596344
1.2698675394058228
0.7116951942443848
1.7543973922729492
1.1720325946807861
6.723759651184082
1.0483087301254272
0.2706238627433777
1.2206082344055176
1.4982233047485352
0.8435879945755005
1.0908746719360352
1.1212745904922485
1.1809306144714355
0.9545058012008667
1.32080078125
1.1855510473251343
0.9818414449691772
1.4180012941360474
1.302659273147583
1.5113660097122192
1.0178176164627075
1.1767518520355225
1.3652712106704712
1.6331735849380493
1.5605099201202393
1.5175526142120361
0.7763938307762146
1.56643545627594
1.3306069374084473
1.4957706928253174
6.2852630615234375
6.252628803253174
1.2365310192108154
1.2904887199401855
1.5978827476501465
0.9427058696746826
1.107339859008789
1.7019407749176025
1.2568631172180176
0.4027228355407715
1.5868757963180542
0.9714676737785339
1.3009288311004639
1.331749677658081
1.3592984676361084
1.4425619840621948
1.0689438581466675
1.3813947439193726
6.41947603225708
6.55703067779541
1.5680879354476929
2.155224323272705
1.3206288814544678
1.329599380493164
0.30601766705513
2.06278395652771
1.3648008108139038
1.4804004430770874
1.1298304796218872
1.4747397899627686
1.1162583827972412
0.8660866022109985
1.3208805322647095
1.3589389324188232
0.7839292287826538
0.3075072467327118
1.3115391731262207
1.7391977310180664
1.2142767906188965
1.440447211265564
0.789483368396759
0.35270771384239197
1.7200615406036377
1.070339560508728
0.8593266606330872
1.1043529510498047
1.7826746702194214
1.0491816997528076
0.7971736788749695
1.3197486400604248
1.2204676866531372
1.8196911811828613
1.2096858024597168
1.5870405435562134
6.540650367736816
1.2488657236099243
1.034177303314209
0.9775323867797852
1.1642409563064575
1.2073692083358765
1.1066577434539795
1.1953718662261963
0.9994701147079468
1.3111144304275513
1.361141562461853
1.1365399360656738
1.3526332378387451
1.0793660879135132
1.0831143856048584
1.2647202014923096
1.129524827003479
0.9586577415466309
1.4956895112991333
1.283125400543213
1.487813949584961
1.2286832332611084
1.2560471296310425
1.268489956855774
1.2453386783599854
1.2398840188980103
1.13984215259552
1.3372632265090942
1.2571756839752197
1.1016685962677002
1.5643137693405151
1.1978411674499512
1.0305066108703613
1.4907269477844238
1.5314425230026245
1.273560643196106
1.4734728336334229
1.2773916721343994
1.2077301740646362
1.2356696128845215
1.3029758930206299
1.2624129056930542
1.2288947105407715
1.4421275854110718
1.2692962884902954
1.698822259902954
1.4836430549621582
1.4991099834442139
1.1483941078186035
1.1677701473236084
1.2769123315811157
1.0705304145812988
1.2109321355819702
0.9510970711708069
1.0078392028808594
1.2098989486694336
1.2102012634277344
1.1879749298095703
1.159755825996399
1.134697437286377
1.4748750925064087
1.225600242614746
0.9852451086044312
0.7533398866653442
0.5043099522590637
0.25213623046875
6.109781265258789
6.216350555419922
6.481023788452148
6.110777854919434
6.440738677978516
6.4724812507629395
6.206142425537109
6.57758903503418
6.546411037445068
6.644772529602051
6.560655117034912
6.662111759185791
6.678780555725098
6.4797539710998535
6.760876178741455
6.317185401916504
6.140882968902588
6.231080055236816
5.647380828857422
6.37666130065918
5.807877063751221
5.620334148406982
5.653347015380859
5.8363871574401855
5.7683610916137695
5.708464622497559
5.631526947021484
5.621654987335205
5.701113224029541
5.724459648132324
5.759045124053955
5.677300930023193
5.90583610534668
5.959418773651123
6.309991359710693
6.332029819488525
6.573209762573242
6.303099632263184
6.587036609649658
6.626800537109375
6.7208251953125
6.57274055480957
6.719054698944092
6.3582634925842285
6.265590190887451
5.821335315704346
6.217454433441162
5.6489410400390625
5.8761515617370605
6.406552791595459
6.654408931732178
6.399558067321777
5.913890838623047
6.108626365661621
6.481070518493652
6.618778228759766
5.690155506134033
5.972870826721191
5.742489814758301
6.5404510498046875
5.817478656768799
5.703171253204346
7.016324996948242
6.621570110321045
6.508385181427002
6.50181245803833
6.676183223724365
6.319349765777588
5.918176174163818
6.612400054931641
6.871917247772217
6.843070983886719
6.694007873535156
6.929498195648193
6.113179683685303
6.852429389953613
5.894711971282959
6.0131330490112305
6.043154239654541
6.757875919342041
5.921502113342285
6.794952392578125
5.964304447174072
6.790151596069336
5.820205211639404
6.803350448608398
6.292468070983887
5.980876922607422
6.743364334106445
6.698526382446289
6.604305744171143
6.067052841186523
5.939397811889648
5.8996124267578125
5.884180545806885
6.019781112670898
1.4302818775177002
2.473921298980713
0.14727766811847687
1.309071660041809
2.065215826034546
2.4058542251586914
2.718289613723755
3.0665693283081055
4.956087112426758
4.665095329284668
4.3764801025390625
0.6740686297416687
2.139185905456543
1.234055519104004
4.220985412597656
4.887085437774658
5.965867042541504
5.9018425941467285
5.851848125457764
5.986038684844971
5.816294193267822
4.606247901916504
5.24404764175415
6.063231945037842
5.8043742179870605
5.567112445831299
5.879007339477539
2.99068546295166
0.06748152524232864
2.3812735080718994
1.8327387571334839
3.4669501781463623
3.117427349090576
0.8807373046875
5.976332664489746
5.3778886795043945
5.933070659637451
5.41033935546875
5.633087635040283
5.858205795288086
1.7467066049575806
1.6290258169174194
2.710697650909424
5.355680465698242
5.583960056304932
5.990872859954834
2.829813003540039
5.82177734375
6.05982780456543
1.808533787727356
5.490878582000732
5.964332103729248
2.822523593902588
5.244444847106934
1.2319581508636475
5.718301773071289
5.0389509201049805
5.9122633934021
5.156985759735107
5.910007953643799
5.888127326965332
5.590343475341797
4.846988201141357
5.763846397399902
4.8947906494140625
5.639952182769775
4.63419246673584
3.8562638759613037
5.455281734466553
3.080289363861084
5.127758502960205
4.176182270050049
3.866279363632202
4.65568733215332
3.543531656265259
3.1123504638671875
2.433131694793701
2.063188314437866
1.293697714805603
1.0590426921844482
0.9621124863624573
0.2775499224662781
0.6671808362007141
1.657335638999939
0.7913021445274353
2.3961734771728516
0.17171233892440796
2.5375280380249023
2.4118740558624268
0.9480474591255188
2.5173442363739014
2.511740207672119
0.898369312286377
5.574267864227295
5.564336776733398
5.158148765563965
3.111079216003418
4.554635047912598
1.4969362020492554
5.361638069152832
0.7354288101196289
5.056844711303711
4.7889628410339355
5.994715213775635
6.390036582946777
1.4118578433990479
1.9116240739822388
6.018043041229248
2.115567207336426
3.1525282859802246
0.5939291715621948
5.594305515289307
4.652077674865723
5.2549052238464355
5.641317367553711
1.4660108089447021
1.0579860210418701
4.921657085418701
4.938724517822266
1.9253984689712524
5.002959728240967
2.345088243484497
5.616557598114014
5.567267417907715
5.636958122253418
1.0815138816833496
0.7039302587509155
3.243236780166626
5.46328067779541
5.656390190124512
5.57951545715332
0.6546878814697266
4.017650127410889
5.6701273918151855
0.3978564739227295
4.736827850341797
5.466820240020752
0.5396081209182739
1.0430845022201538
4.057799816131592
1.945405125617981
2.03997540473938
4.9518914222717285
5.522407531738281
4.925889492034912
5.308313846588135
5.215770721435547
1.815460205078125
4.6256608963012695
4.811485767364502
5.588635444641113
3.153355836868286
2.6628546714782715
5.312540531158447
4.707951545715332
2.2251179218292236
5.578985214233398
5.847931861877441
2.7516825199127197
2.3562448024749756
1.8298320770263672
1.6929748058319092
1.7312672138214111
1.1565660238265991
0.5254470109939575
0.40243351459503174
0.9022871851921082
0.5565962195396423
0.728357195854187
1.0932698249816895
1.2468398809432983
1.6496576070785522
1.8747481107711792
1.9590206146240234
2.371533155441284
2.0604918003082275
2.3325564861297607
5.781519412994385
2.650869131088257
1.8305399417877197
5.67267370223999
5.768411636352539
6.005708694458008
6.419891357421875
7.114475727081299
7.135696887969971
6.969640254974365
6.192965507507324
1.319285273551941
5.905331134796143
6.337721824645996
7.170523166656494
7.1874613761901855
5.540122985839844
1.6148442029953003
6.09965181350708
7.54649019241333
7.118943214416504
5.998396873474121
7.28962516784668
5.764294624328613
7.308905601501465
7.48345422744751
7.179966449737549
7.087211608886719
5.6111955642700195
6.490145683288574
5.663875579833984
5.853613376617432
6.056741237640381
6.412495136260986
6.705785751342773
6.850727081298828
6.181462287902832
5.539854049682617
2.331981658935547
2.3591256141662598
4.91243839263916
1.6710058450698853
7.236975193023682
7.364896774291992
7.078529357910156
6.728903770446777
7.204127788543701
0.20301228761672974
6.687191963195801
0.2629307806491852
5.420258522033691
6.551074028015137
6.766048908233643
7.008486270904541
6.097609043121338
1.1601229906082153
5.9758782386779785
5.956993103027344
6.65490198135376
6.819684028625488
6.589265823364258
6.970310688018799
6.1173529624938965
2.991025924682617
6.324973106384277
6.344494342803955
6.2594122886657715
7.359933853149414
1.4796937704086304
6.820189952850342
6.696850776672363
6.948012351989746
6.858646392822266
6.9373579025268555
6.124013900756836
6.953978061676025
6.068098545074463
6.783020496368408
6.652211666107178
6.434802055358887
6.359670162200928
7.357656478881836
1.7383975982666016
7.154536724090576
0.47137781977653503
6.715675354003906
6.357186317443848
6.342094898223877
1.9756779670715332
7.460047245025635
6.546209812164307
6.95343542098999
6.085356712341309
6.740049362182617
6.400421619415283
6.211578369140625
0.4904971122741699
6.374936580657959
6.988107681274414
5.997230529785156
6.2050909996032715
6.4438347816467285
6.226775169372559
6.398344993591309
6.276398658752441
6.930177688598633
1.1905046701431274
6.382110595703125
1.9585362672805786
7.070850849151611
6.150047779083252
6.083106517791748
6.780529499053955
2.5108249187469482
5.678524494171143
6.074807643890381
3.569423198699951
5.235107421875
6.328890800476074
6.248378753662109
6.471238613128662
6.575001239776611
6.716668605804443
6.652078628540039
5.501484394073486
3.932360887527466
4.00368070602417
5.852429389953613
5.829806804656982
5.741079330444336
5.067110538482666
5.422408103942871
5.461130142211914
2.0552926063537598
1.74631667137146
1.5192251205444336
2.5671546459198
3.603057384490967
1.7660722732543945
1.0596939325332642
3.496145486831665
3.262101888656616
0.6699813008308411
0.6097307801246643
3.2131946086883545
2.0348455905914307
0.3329501152038574
0.539023220539093
3.4617836475372314
0.9706053733825684
2.076188802719116
1.6581919193267822
1.1479791402816772
3.6303505897521973
2.5176384449005127
3.675753593444824
3.272592782974243
3.4186439514160156
3.4011616706848145
3.6660709381103516
3.6880171298980713
2.191251754760742
3.6787939071655273
1.595447301864624
0.9407972693443298
0.269157737493515
1.3468327522277832
2.0901148319244385
0.866451621055603
1.3425401449203491
0.7218332290649414
1.2256085872650146
1.0500785112380981
1.36661696434021
0.5444226264953613
1.3039835691452026
1.0130749940872192
1.4549537897109985
0.8890975117683411
0.8828566670417786
1.912371277809143
1.4134223461151123
0.9646103978157043
1.0831226110458374
0.6254673004150391
2.277465343475342
0.7834378480911255
0.6363259553909302
0.857424259185791
1.0668458938598633
1.0171178579330444
2.810279369354248
1.052505612373352
1.4438403844833374
0.562450110912323
0.6087615489959717
2.152989387512207
1.6834182739257812
1.1011310815811157
0.664908230304718
1.0436017513275146
1.1710251569747925
1.279914379119873
1.0766291618347168
0.40060189366340637
0.8600904941558838
0.2810080051422119
1.0876973867416382
2.8368825912475586
3.4190540313720703
3.121262550354004
0.7264344692230225
1.4048067331314087
2.175593376159668
1.6875510215759277
2.289047956466675
2.8388307094573975
2.455822706222534
3.356232166290283
3.7333126068115234
3.6826398372650146
3.6592259407043457
3.78047776222229
2.4705355167388916
2.604221820831299
2.3631412982940674
3.475639820098877
2.1532845497131348
2.739682912826538
2.0033457279205322
1.9237626791000366
1.559154987335205
1.9269343614578247
2.508202075958252
1.7054513692855835
2.2762248516082764
1.8375617265701294
1.5866390466690063
1.879669189453125
1.9552958011627197
1.9233506917953491
1.6240527629852295
2.059644937515259
1.7074167728424072
1.7915643453598022
1.6669535636901855
2.047074794769287
1.6915385723114014
2.201573133468628
2.307046890258789
0.8215885758399963
2.8109700679779053
2.2973804473876953
2.377866268157959
2.940783739089966
0.8537669777870178
2.1341991424560547
1.8605337142944336
2.485278367996216
1.711159348487854
0.751279890537262
1.9583446979522705
1.7838029861450195
1.6039808988571167
1.5278009176254272
0.614021897315979
1.8238773345947266
1.9024180173873901
1.228719711303711
1.1144567728042603
0.8576309680938721
0.5893687009811401
1.0769989490509033
0.6255398988723755
1.4889390468597412
1.5789285898208618
1.6729474067687988
0.35994333028793335
0.6065053343772888
0.3373876214027405
0.4868241250514984
1.1147199869155884
1.3844099044799805
0.6844860315322876
1.2943824529647827
1.3451248407363892
2.048180103302002
2.0886058807373047
3.277627468109131
0.9985471963882446
2.0431129932403564
1.2237056493759155
1.6009466648101807
0.9160965085029602
1.043634057044983
0.8457691073417664
1.1711583137512207
2.5494027137756348
0.4269237816333771
2.1857519149780273
0.5788727402687073
0.9215366840362549
3.6142187118530273
1.0561647415161133
1.0201447010040283
0.4824034571647644
0.5881444215774536
0.4968636631965637
5.512165069580078
1.9774818420410156
1.0944714546203613
1.165398359298706
2.267932176589966
1.9678725004196167
0.24769480526447296
1.2217658758163452
1.469564437866211
6.102688312530518
0.4307824373245239
0.29301008582115173
6.1652960777282715
0.5241497159004211
5.106507778167725
2.208613872528076
1.8905106782913208
5.286730766296387
4.798713207244873
1.4630807638168335
2.148757219314575
0.7732415199279785
5.74298095703125
5.798938274383545
5.983016014099121
1.8779282569885254
1.8001374006271362
1.6177927255630493
0.784504234790802
1.4964762926101685
1.4494118690490723
5.961812496185303
1.398278832435608
0.4313400387763977
1.633202075958252
1.3148127794265747
5.8187079429626465
1.9154287576675415
0.7810958623886108
0.31470975279808044
5.242710590362549
0.5185175538063049
5.974819183349609
0.32824650406837463
5.506451606750488
4.921234130859375
5.133998870849609
5.817019462585449
0.9675011038780212
4.549952507019043
4.431682109832764
5.9112467765808105
5.444381237030029
3.8495914936065674
2.846738815307617
1.7277734279632568
2.517962694168091
3.6296372413635254
3.6506600379943848
1.7816047668457031
2.135928153991699
2.2083311080932617
3.0483860969543457
2.294299840927124
2.2284083366394043
1.485449194908142
1.7187436819076538
1.7558598518371582
1.5184420347213745
1.792454719543457
2.363823175430298
2.930448532104492
1.3977376222610474
0.27234622836112976
2.4263980388641357
1.844232439994812
2.113145112991333
1.007122278213501
2.215005397796631
1.1259669065475464
2.747297763824463
0.9042869806289673
1.510537028312683
2.467036247253418
1.1611850261688232
2.623516321182251
0.9671385884284973
2.469228744506836
2.4121930599212646
4.312717914581299
1.1348768472671509
1.074575424194336
1.0395523309707642
0.8519556522369385
1.7440145015716553
1.6969729661941528
3.165952205657959
0.11834218353033066
1.5479862689971924
0.5814917683601379
5.929218769073486
5.942354679107666
0.915358304977417
4.952910423278809
3.9055967330932617
3.120619535446167
3.4368820190429688
3.738024950027466
1.8047553300857544
3.854623794555664
2.670145273208618
1.8179184198379517
2.094447135925293
2.7312369346618652
1.5200388431549072
1.8027026653289795
2.3324689865112305
2.078580141067505
2.0243332386016846
1.6289664506912231
0.1857905387878418
1.899594783782959
0.9795963764190674
3.6005442142486572
0.8606242537498474
1.4801722764968872
0.6508538126945496
1.8085694313049316
5.847769737243652
1.8076541423797607
0.9873339533805847
6.017820835113525
5.606937885284424
5.740156650543213
2.3922266960144043
2.5885961055755615
2.3331756591796875
3.9812283515930176
2.611818790435791
1.798654317855835
1.4389857053756714
2.338560104370117
1.1954511404037476
1.8304824829101562
2.22833514213562
1.6000524759292603
1.3693479299545288
1.6828583478927612
1.5068286657333374
2.5735394954681396
2.1197152137756348
4.516025066375732
0.6175459027290344
1.9254475831985474
1.6309926509857178
1.437152624130249
6.011854648590088
3.709618091583252
5.584684371948242
4.0010199546813965
1.8808701038360596
2.6503102779388428
2.053339719772339
2.439882516860962
1.8881146907806396
2.416551351547241
0.298698753118515
1.156615972518921
1.5911837816238403
0.9935510754585266
1.6129430532455444
0.7723447680473328
3.5142524242401123
3.4503495693206787
3.1271700859069824
1.861316204071045
2.386234998703003
1.5984854698181152
2.8305137157440186
1.8266195058822632
1.8548130989074707
2.079072952270508
0.9919989109039307
2.364388942718506
1.5473617315292358
4.027539253234863
5.439350128173828
2.2116363048553467
1.6312611103057861
0.4173493981361389
2.083770275115967
2.42779278755188
2.6444077491760254
2.5117406845092773
1.6288728713989258
1.5841506719589233
1.0705151557922363
2.3723089694976807
2.3646271228790283
0.9666346907615662
1.4726853370666504
1.667216420173645
4.689138412475586
5.700088977813721
1.8862837553024292
1.2565759420394897
2.7069289684295654
1.5862290859222412
1.2076338529586792
4.249932289123535
1.6576043367385864
0.6363970041275024
1.6914629936218262
1.5126374959945679
1.3229963779449463
1.4490522146224976
5.270160675048828
5.941609859466553
0.2994025945663452
3.221745252609253
2.1692991256713867
1.3256065845489502
0.21558421850204468
1.5292187929153442
1.604685664176941
0.9120823740959167
2.722989320755005
1.3649502992630005
1.4988757371902466
1.1008421182632446
1.2241135835647583
5.863718032836914
1.989047646522522
0.5158977508544922
1.948256015777588
0.5792528390884399
1.8951092958450317
0.21378612518310547
2.9582326412200928
1.7053444385528564
3.8314321041107178
2.3468878269195557
2.5076701641082764
0.5918403267860413
0.6414047479629517
5.728305339813232
1.806426763534546
0.30369889736175537
5.429051399230957
1.8242744207382202
2.048910617828369
1.7831699848175049
3.4878244400024414
1.2170448303222656
4.121704578399658
2.2988007068634033
1.3805726766586304
