9.876351576561311e-42
5.334229946136475
4.968579292297363
0.3846909999847412
0.4735075831413269
0.9464367032051086
2.0590450763702393
0.41945841908454895
0.30683571100234985
1.628823161125183
0.8490682244300842
1.2302788496017456
0.4192337691783905
1.0157772302627563
1.5308401584625244
0.6509567499160767
4.48667049407959
0.9510088562965393
0.5869162082672119
0.7516797780990601
0.5026341080665588
1.1100318431854248
1.213285207748413
1.0452191829681396
1.389641523361206
1.9402186870574951
0.9684240818023682
1.5461997985839844
2.334815263748169
0.5924041271209717
0.8181862831115723
1.3088058233261108
1.8543121814727783
0.8420102596282959
0.7050129771232605
1.9799799919128418
1.09303879737854
0.47827374935150146
0.378876656293869
0.968445897102356
0.8521127104759216
1.0726628303527832
4.958033561706543
4.878743648529053
1.46630859375
0.804984986782074
0.6508897542953491
1.224981665611267
1.4731725454330444
0.6599152088165283
0.8327900171279907
1.4082529544830322
0.7390829920768738
1.1618043184280396
0.6258965730667114
0.4290519952774048
1.5433964729309082
0.6684336066246033
0.5525851249694824
2.0124363899230957
4.855111598968506
4.767448902130127
0.7706447243690491
0.7759602069854736
0.5214685201644897
0.946696937084198
1.1538411378860474
0.792170524597168
1.8262358903884888
0.707457423210144
1.9714598655700684
0.8927534818649292
0.9370012879371643
1.618994951248169
1.063843011856079
0.9759638905525208
1.296605110168457
1.1557337045669556
1.535158395767212
0.06973253190517426
0.704816997051239
0.6627458333969116
0.8035361170768738
1.3058786392211914
0.2923777997493744
0.573491096496582
1.0496034622192383
1.3562493324279785
0.3240490257740021
1.3980381488800049
0.7464321851730347
1.0596596002578735
0.7490957379341125
0.06913796812295914
0.1185140311717987
1.9534947872161865
4.344947814941406
0.9376327991485596
1.8951154947280884
0.8525683283805847
1.0778491497039795
1.1389003992080688
0.8053877949714661
1.3173482418060303
1.569785475730896
0.6890659928321838
1.2946240901947021
0.6504152417182922
2.1600563526153564
1.2164198160171509
1.843092679977417
0.6397733092308044
1.0666345357894897
2.0041210651397705
1.7808150053024292
0.813129723072052
1.8882856369018555
1.513784408569336
1.5624463558197021
1.520482063293457
0.847823977470398
0.9007654786109924
1.333067536354065
0.8465501070022583
0.6875478029251099
1.0802417993545532
0.8376345038414001
1.5882998704910278
0.516441285610199
0.18783527612686157
0.1433846652507782
1.2009116411209106
0.5052087306976318
0.9786495566368103
0.19265802204608917
0.9362426400184631
0.3914819657802582
0.871747612953186
0.7848461866378784
0.7919439673423767
0.6374772191047668
0.7613038420677185
0.8489395380020142
0.8200085163116455
1.3567728996276855
1.4678008556365967
1.1063423156738281
0.22395630180835724
0.49846214056015015
0.7401078343391418
1.4723014831542969
0.3268316686153412
1.1687583923339844
1.489786148071289
1.6689118146896362
1.9389945268630981
1.3447717428207397
1.5499030351638794
0.34747809171676636
0.1606062799692154
0.3468751013278961
0.3822059631347656
4.251084327697754
4.636991500854492
4.815438270568848
4.798117160797119
4.7426862716674805
5.005638599395752
4.842062950134277
4.998841285705566
5.176193714141846
5.223601818084717
4.961760520935059
4.97941780090332
5.1674485206604
5.100587368011475
5.407925605773926
5.240092754364014
5.355059623718262
5.961258411407471
5.696324825286865
6.105508327484131
5.537024974822998
5.59614372253418
5.579134941101074
5.491949081420898
5.398245334625244
5.510512351989746
5.538556098937988
5.598649024963379
5.480295658111572
5.4742045402526855
5.371426582336426
5.500793933868408
5.434731960296631
5.081857204437256
4.517770290374756
4.81624174118042
4.945847988128662
5.0009589195251465
5.3365631103515625
4.73494815826416
5.003881454467773
5.100455284118652
5.539802551269531
5.176545143127441
5.286196708679199
5.482701301574707
6.1594061851501465
5.648875713348389
5.607497215270996
4.715877056121826
4.704835891723633
5.160496711730957
5.494191646575928
6.05694055557251
5.071221351623535
4.781481742858887
5.750258445739746
6.061374187469482
5.492527961730957
4.974102973937988
5.578372955322266
5.516322135925293
5.234464645385742
4.908832550048828
5.204793930053711
4.976510047912598
4.810553550720215
5.40709924697876
5.273375034332275
5.311422348022461
5.736906051635742
5.726670265197754
5.14333438873291
5.745805263519287
4.975257396697998
5.781649589538574
5.545263290405273
5.317013263702393
5.376191139221191
5.397752285003662
5.415144443511963
5.609635353088379
5.317131042480469
5.697551250457764
5.367112159729004
5.7718634605407715
5.300404071807861
5.582134246826172
5.661808013916016
5.864680290222168
5.788557529449463
5.675097942352295
5.705134868621826
5.636181831359863
5.451251983642578
5.272993564605713
2.49405574798584
4.897884845733643
4.842189788818359
3.202371120452881
3.8576724529266357
4.3409905433654785
3.9353785514831543
3.863353729248047
3.44823956489563
3.4760982990264893
3.5053598880767822
3.3169119358062744
4.137858867645264
3.1700503826141357
3.628878116607666
3.41571307182312
3.5972979068756104
3.891360282897949
3.7744455337524414
3.9552905559539795
4.058441162109375
0.968296229839325
3.2175850868225098
4.3026041984558105
4.127783298492432
3.584005355834961
4.37423038482666
4.522471904754639
5.089725017547607
4.506222248077393
4.078620433807373
3.949327230453491
4.15406608581543
3.8858704566955566
3.8478903770446777
3.326240062713623
3.8432390689849854
3.7493250370025635
3.7741968631744385
4.151340007781982
5.500136852264404
5.154285907745361
4.443539619445801
3.382495164871216
3.362711191177368
4.493758201599121
5.037971496582031
3.6912808418273926
4.542057991027832
5.537333011627197
3.285853147506714
4.1659016609191895
4.972076892852783
3.5405936241149902
4.051599502563477
3.5467495918273926
3.695683479309082
4.118431091308594
3.335829019546509
4.0256757736206055
4.1063408851623535
3.455136299133301
3.4089910984039307
3.609449863433838
3.456226348876953
3.617482900619507
3.787912368774414
2.819906711578369
3.438478946685791
4.4337544441223145
3.5067574977874756
3.5684654712677
3.4718635082244873
3.475632667541504
3.763385057449341
4.5562286376953125
4.809182167053223
4.244808673858643
4.159130573272705
3.5694572925567627
3.9294214248657227
4.576489448547363
3.7664384841918945
4.71073579788208
3.6918575763702393
4.879638195037842
3.420496702194214
5.310216903686523
6.390380382537842
3.3722915649414062
5.229150295257568
5.033451557159424
4.690814971923828
3.5761375427246094
3.645927906036377
1.555179238319397
3.585064172744751
2.592165946960449
4.139554023742676
3.8718574047088623
4.435051441192627
2.9060328006744385
4.678371906280518
4.5408406257629395
5.011277198791504
4.066269397735596
3.1783363819122314
5.4724650382995605
5.554079055786133
3.939244031906128
3.4247336387634277
3.3682894706726074
2.7120962142944336
1.4159266948699951
4.251707077026367
3.4024460315704346
3.024902105331421
4.343245506286621
4.527478218078613
3.664494514465332
5.488970756530762
6.552679061889648
3.8299684524536133
2.3819093704223633
4.1971611976623535
3.6012651920318604
4.355106353759766
3.6058640480041504
3.1501662731170654
3.98862361907959
4.367870807647705
4.734248161315918
1.8022348880767822
3.886791944503784
4.000356674194336
1.0643771886825562
3.7745068073272705
4.501962661743164
3.898747682571411
2.2903048992156982
3.9405741691589355
3.7385127544403076
1.4095447063446045
4.0323405265808105
2.3229429721832275
2.566826581954956
3.4752254486083984
3.532961845397949
3.3920843601226807
4.083000183105469
4.441030502319336
2.962240695953369
3.569993019104004
4.100844860076904
3.8384807109832764
3.94732403755188
4.807365417480469
5.10717248916626
3.279236316680908
4.749942779541016
4.189314842224121
3.439448595046997
2.9659640789031982
3.1109375953674316
3.8669323921203613
3.9300646781921387
3.418710708618164
4.1550188064575195
4.382877826690674
4.009014129638672
3.188596248626709
3.3881306648254395
3.39996600151062
3.872765064239502
3.2933175563812256
2.9523122310638428
3.270937442779541
4.440186023712158
3.9886012077331543
3.972390651702881
4.2943196296691895
4.14296817779541
4.560463905334473
4.907836437225342
4.13638973236084
5.09271764755249
5.76378870010376
5.456104755401611
3.206704616546631
4.573311805725098
4.5885138511657715
4.604605197906494
5.773395538330078
7.070970058441162
3.9701695442199707
4.545488357543945
4.601364612579346
5.286750793457031
4.475203514099121
5.049575328826904
4.561395645141602
4.790901184082031
4.968928813934326
5.403406620025635
5.381738185882568
4.378115653991699
5.585158348083496
4.540281772613525
4.480622291564941
4.231856346130371
4.292673587799072
4.011845111846924
4.935540199279785
6.153777599334717
5.385098934173584
5.8804144859313965
4.658507347106934
5.041557312011719
3.6195425987243652
5.544515132904053
5.847224235534668
5.694754123687744
5.893383979797363
6.477737903594971
3.791743755340576
6.116066932678223
2.9038071632385254
6.512199878692627
6.195789813995361
6.089061737060547
6.6304030418396
6.096660137176514
3.0490188598632812
6.182140350341797
5.936546802520752
5.548893928527832
5.863536357879639
5.4926557540893555
6.3754096031188965
6.128573417663574
3.357304573059082
5.857290267944336
5.797219753265381
6.1675519943237305
5.67903470993042
2.7674970626831055
6.054389953613281
6.735372543334961
6.3322601318359375
6.318033695220947
6.279962062835693
5.956411361694336
6.730597496032715
5.544917106628418
5.884786605834961
5.7939276695251465
5.5146613121032715
5.762731552124023
5.622321128845215
3.4392857551574707
7.004067897796631
2.256875991821289
6.145838737487793
5.64132022857666
6.013595104217529
3.4725937843322754
6.601895809173584
6.110177040100098
6.285650253295898
5.840735912322998
6.645438194274902
5.763351917266846
6.005133628845215
3.168900728225708
6.103267669677734
6.557188510894775
5.661698341369629
5.896986961364746
5.951764106750488
5.998010635375977
5.785443305969238
5.607025146484375
6.753420829772949
2.7639405727386475
6.489741802215576
3.2712790966033936
6.870473861694336
5.783438205718994
6.068828105926514
6.8724260330200195
2.434957504272461
5.679620265960693
6.212357044219971
3.650733232498169
4.287402153015137
7.068924903869629
5.96825647354126
5.545123100280762
5.767614841461182
6.121138095855713
6.258433818817139
4.385509967803955
3.801513910293579
3.567981719970703
6.564232349395752
6.121730327606201
5.686696529388428
5.322635173797607
5.144715785980225
5.421375274658203
3.661252021789551
2.826519012451172
2.6509251594543457
3.4588775634765625
3.966487407684326
2.75930118560791
1.4184874296188354
3.7289927005767822
2.5109331607818604
2.4400949478149414
0.8012504577636719
3.7515907287597656
3.0607755184173584
1.984594464302063
1.557155728340149
3.4699547290802
2.3201825618743896
3.4191505908966064
1.3655807971954346
1.5034714937210083
2.502081871032715
0.6537273526191711
1.8616673946380615
2.725255250930786
1.88788640499115
2.287423610687256
2.8016598224639893
1.586012840270996
0.4987991154193878
2.488685369491577
0.9305528998374939
1.496734857559204
2.032578706741333
1.5367205142974854
1.512108564376831
0.9250473380088806
1.6474529504776
1.008948564529419
1.5352789163589478
1.0629860162734985
1.7338199615478516
1.5307859182357788
1.2559067010879517
1.3710614442825317
1.2258288860321045
1.0365999937057495
1.891021728515625
1.2000993490219116
1.6119369268417358
1.0822621583938599
1.3400300741195679
1.2592473030090332
1.44791841506958
1.8971788883209229
1.2709213495254517
1.3814811706542969
1.4881280660629272
1.6358522176742554
1.8098292350769043
1.4483332633972168
1.2314809560775757
1.6022651195526123
1.0343053340911865
0.3716884255409241
1.181273102760315
1.6773371696472168
1.8683446645736694
1.7103271484375
1.874398112297058
1.5097987651824951
1.1125701665878296
1.327950119972229
0.8586087226867676
1.5511424541473389
2.8711302280426025
4.837974548339844
4.615688323974609
3.886964797973633
1.9722729921340942
1.3435509204864502
3.273261785507202
1.2780348062515259
4.5145721435546875
2.1042799949645996
4.8361077308654785
2.586081027984619
2.292208433151245
2.8834855556488037
3.145153760910034
2.313462972640991
4.392934799194336
1.7253904342651367
3.975409746170044
3.2463490962982178
2.925001382827759
2.0689473152160645
2.071716785430908
2.4619202613830566
2.0524063110351562
3.6511125564575195
2.9876949787139893
2.6801695823669434
2.4944489002227783
3.1694259643554688
3.0783400535583496
2.690444231033325
1.9958631992340088
3.09049916267395
3.8503313064575195
1.000123143196106
3.7855887413024902
4.103227615356445
2.310086488723755
1.643457293510437
1.8847182989120483
1.8257625102996826
2.266160726547241
3.311741352081299
2.340402126312256
1.6866422891616821
2.842282295227051
1.6286321878433228
3.9423835277557373
1.0044265985488892
3.0073773860931396
2.5780553817749023
0.8328608274459839
3.0752322673797607
1.8565661907196045
0.5503644943237305
0.7563766837120056
1.6161961555480957
2.072934150695801
1.3424235582351685
2.3317031860351562
1.6993943452835083
1.5210235118865967
1.7869209051132202
2.9419305324554443
2.278362512588501
1.5601131916046143
1.4541364908218384
1.0542842149734497
1.4985359907150269
1.8055046796798706
1.75330650806427
1.8545111417770386
2.103097438812256
2.779751777648926
1.7237343788146973
2.3133010864257812
2.4980273246765137
2.240220308303833
0.529392421245575
0.47333183884620667
2.227193593978882
2.8405604362487793
2.6984915733337402
3.2807178497314453
1.747979760169983
3.231096029281616
1.6778364181518555
3.0586740970611572
3.140078544616699
0.7103124856948853
2.5959644317626953
2.6526474952697754
2.419969320297241
1.724078893661499
3.658858299255371
1.6537272930145264
2.001772880554199
3.1744956970214844
2.3257036209106445
1.7859243154525757
6.057236671447754
2.097686529159546
3.365192413330078
0.7927443981170654
3.2596189975738525
2.0243422985076904
2.5545310974121094
1.0532069206237793
0.47998133301734924
6.056823253631592
1.8353652954101562
1.6461790800094604
6.069316864013672
2.5852417945861816
4.802042484283447
3.4765727519989014
2.041240930557251
5.163233280181885
4.472290992736816
1.9572087526321411
1.798433542251587
1.216917872428894
5.594205379486084
6.011337757110596
6.10427713394165
2.114633798599243
1.5468555688858032
1.5448732376098633
2.9802801609039307
1.7842257022857666
0.7701805233955383
6.0700297355651855
1.5899550914764404
2.98909854888916
0.366161048412323
3.586348056793213
6.001414775848389
0.35795488953590393
2.228609561920166
2.4895200729370117
5.329229831695557
2.065979480743408
5.967644214630127
2.5465493202209473
5.420507431030273
5.194665431976318
5.8449506759643555
5.966257572174072
3.058171033859253
5.702686786651611
5.574687480926514
6.106613636016846
5.553882598876953
4.974637985229492
3.0614542961120605
3.2122914791107178
4.652169227600098
3.0695388317108154
2.440659761428833
1.350416660308838
4.128879070281982
4.537110805511475
1.1722981929779053
3.5793721675872803
3.3483121395111084
3.0305850505828857
3.5839931964874268
2.9532887935638428
3.8225865364074707
2.141963005065918
2.430924654006958
1.7639309167861938
2.365540027618408
3.739712715148926
1.564388394355774
0.042143456637859344
1.1683977842330933
1.1323286294937134
1.5958280563354492
0.6636565327644348
2.386162042617798
2.136118173599243
2.018122673034668
2.2383289337158203
2.3179638385772705
2.5988335609436035
3.0391106605529785
0.44698143005371094
2.6732916831970215
4.248680591583252
1.218820571899414
1.2294474840164185
0.46235060691833496
1.317063570022583
2.0629098415374756
2.0477492809295654
4.1795878410339355
2.449420213699341
1.7694405317306519
2.4872775077819824
6.52946138381958
6.016399383544922
1.731757640838623
5.764823913574219
4.706326961517334
2.4342496395111084
2.081254243850708
1.5860627889633179
2.595224142074585
2.0141401290893555
3.5585741996765137
3.1730029582977295
2.715951919555664
3.5590310096740723
3.468848943710327
3.1397314071655273
3.6357805728912354
2.150899887084961
2.0923714637756348
1.271026611328125
3.4607982635498047
0.7881420850753784
2.95027756690979
1.2355413436889648
3.3693857192993164
3.146651029586792
2.0865495204925537
1.7627121210098267
5.876436233520508
1.6378332376480103
2.6281988620758057
6.5534820556640625
6.1145548820495605
5.984010696411133
4.175564289093018
1.7980639934539795
4.328178882598877
2.1821680068969727
3.75959849357605
2.9901034832000732
3.477860689163208
4.065912246704102
3.2675185203552246
2.0485098361968994
2.820646047592163
1.6438908576965332
1.571790337562561
2.5116465091705322
3.3639678955078125
1.099848985671997
2.36122727394104
4.38699197769165
1.336313009262085
1.8643043041229248
1.6694676876068115
1.599409580230713
6.375983715057373
4.443781852722168
5.748546123504639
2.1262478828430176
3.3685550689697266
3.542004108428955
1.2342764139175415
3.657466411590576
1.49644935131073
2.361442804336548
2.9980685710906982
0.9228875637054443
0.7817980647087097
3.5145905017852783
1.6264538764953613
3.7156739234924316
4.656613349914551
1.2417829036712646
1.5508815050125122
3.4650325775146484
3.251861095428467
3.749037504196167
3.286101818084717
2.0489349365234375
2.352942943572998
2.7338879108428955
1.8622350692749023
3.646535873413086
2.0789918899536133
5.087775707244873
5.89927339553833
1.7449272871017456
2.0907933712005615
3.7392117977142334
2.4759023189544678
3.5011136531829834
2.209808588027954
1.8212207555770874
2.776733160018921
1.3585988283157349
1.7945550680160522
3.8117594718933105
1.4940800666809082
1.2678520679473877
1.0335965156555176
1.9125335216522217
5.418734550476074
5.707880973815918
3.8567116260528564
0.4073110520839691
3.5762758255004883
2.325766086578369
2.729127883911133
4.720599174499512
2.8137407302856445
4.126171588897705
0.7068801522254944
2.022538423538208
0.4760686457157135
2.1215672492980957
5.418715476989746
6.304101467132568
2.4650990962982178
4.295495510101318
0.6594011783599854
1.0722990036010742
2.878086566925049
3.4131810665130615
1.1782797574996948
1.847434401512146
1.3180149793624878
1.4790030717849731
2.2408907413482666
2.441955089569092
3.729212760925293
6.044863224029541
1.9710379838943481
2.889995574951172
1.9744895696640015
2.1762421131134033
1.4149425029754639
2.141164541244507
3.217942476272583
2.931731939315796
3.88541579246521
3.5990991592407227
1.5390369892120361
1.3079913854599
2.0066189765930176
5.8408026695251465
1.8738789558410645
1.9648298025131226
5.630414962768555
2.978761672973633
2.5080294609069824
3.354337453842163
3.750441312789917
2.219224214553833
4.0988383293151855
2.8188350200653076
1.9559404850006104
