9.876351576561311e-42
1.2243188619613647
0.5348851084709167
1.2162264585494995
1.5454283952713013
1.6897404193878174
1.0855380296707153
0.9573042392730713
0.9056617021560669
1.816784381866455
0.8600592017173767
1.2903647422790527
1.102756142616272
1.7088629007339478
1.5826722383499146
0.2533416748046875
1.6472481489181519
1.0902609825134277
1.5230107307434082
0.9388529062271118
1.4517430067062378
2.0257089138031006
0.5929681658744812
0.3800283372402191
1.9749177694320679
1.8706634044647217
2.631434202194214
2.242262840270996
2.5414953231811523
2.3137266635894775
2.4226338863372803
2.011807441711426
2.3581759929656982
1.5004409551620483
2.2333590984344482
2.609976291656494
2.5178534984588623
2.5486109256744385
1.1309114694595337
2.632857322692871
2.54183030128479
2.4912164211273193
1.0104782581329346
0.726254403591156
1.2756677865982056
0.8914505243301392
0.7386425137519836
1.3560490608215332
1.5181143283843994
0.6994602084159851
1.474724531173706
1.7007619142532349
0.4239685535430908
2.254324436187744
0.5141515135765076
1.3739985227584839
2.000962972640991
2.3320529460906982
1.9449899196624756
2.494978427886963
0.4753319323062897
1.8787221908569336
1.4507075548171997
0.4369879961013794
1.0441924333572388
1.2227879762649536
1.476577877998352
0.5490678548812866
0.5691505074501038
2.1826846599578857
2.435051441192627
2.464372396469116
0.6523135900497437
1.5354589223861694
1.2500619888305664
0.6842805743217468
1.4275052547454834
1.2505217790603638
0.4631207287311554
1.9663357734680176
2.6509125232696533
2.5316991806030273
1.2255929708480835
1.8805385828018188
0.3568345010280609
1.3701826333999634
2.1858010292053223
2.264831066131592
1.2037616968154907
2.7043893337249756
1.7150542736053467
0.7080969214439392
2.0475223064422607
1.1367970705032349
2.533604145050049
1.8882917165756226
2.154107093811035
1.9472354650497437
2.7667036056518555
0.7799716591835022
0.252714067697525
1.6843154430389404
2.4952826499938965
2.5086326599121094
0.7381320595741272
1.7199633121490479
1.033942461013794
1.9706130027770996
2.770857810974121
2.436340570449829
0.8627005219459534
1.6551929712295532
1.1567542552947998
2.322861909866333
1.6294071674346924
1.388197660446167
2.580857515335083
0.5629884004592896
2.453103542327881
0.8545445799827576
1.2093274593353271
2.3263347148895264
2.270009994506836
2.2834436893463135
1.982452630996704
1.0362411737442017
2.0756444931030273
1.1021257638931274
1.712099552154541
1.618407964706421
1.7581899166107178
0.6735138297080994
1.819667935371399
2.1349081993103027
2.219252109527588
1.206106424331665
0.5960738062858582
0.8082690238952637
1.04092538356781
1.4149773120880127
1.196973204612732
1.2158857583999634
0.990607500076294
1.0008962154388428
1.032753586769104
1.1197378635406494
1.1716394424438477
0.8048768043518066
1.0656410455703735
0.8679195642471313
1.1277685165405273
1.056638479232788
1.3871694803237915
2.3571884632110596
1.812322735786438
1.5875146389007568
1.8474068641662598
1.462456464767456
1.361202597618103
1.3335329294204712
0.4003489315509796
0.6070637702941895
3.2018415927886963
1.3737261295318604
1.708370566368103
0.8405573964118958
0.8862791657447815
0.8669208288192749
1.117817997932434
1.7400503158569336
0.41777706146240234
0.7131479382514954
1.5278255939483643
0.6225315928459167
0.2588643729686737
0.6754252314567566
0.19423028826713562
0.9005984663963318
0.5063962340354919
0.7769721746444702
1.0156991481781006
0.9540389180183411
0.14557410776615143
0.5864606499671936
1.0663343667984009
0.7427288293838501
0.7272822260856628
0.4847240746021271
0.4543299674987793
0.3241746723651886
0.686795175075531
0.6438469886779785
0.8116238713264465
0.43978869915008545
0.44197601079940796
0.6618397831916809
1.5431239604949951
0.12920916080474854
1.569251298904419
0.8280196189880371
0.20268045365810394
1.567402720451355
0.5020145773887634
0.34906575083732605
0.3338626027107239
0.23585344851016998
0.5257692337036133
1.5921229124069214
1.0317884683609009
0.12404090911149979
0.37434273958206177
0.3334634304046631
1.0987764596939087
0.37016069889068604
0.8709967136383057
0.27932989597320557
0.7222982048988342
1.547040581703186
0.43267664313316345
0.24861569702625275
0.28131821751594543
1.0206985473632812
0.45907023549079895
0.6404649615287781
0.4181749224662781
1.7720235586166382
0.3451051712036133
0.6993147730827332
1.0163757801055908
0.52634197473526
0.662013590335846
0.37274959683418274
0.4154817461967468
0.40364301204681396
0.9389553070068359
0.5131880640983582
0.8638498187065125
0.6217603087425232
0.6277487874031067
1.015778660774231
1.6632177829742432
0.3445934057235718
0.4142809510231018
0.49030551314353943
0.6530113816261292
0.5635737180709839
1.0685839653015137
0.7436802387237549
0.6981234550476074
0.700955867767334
0.6050422191619873
0.6437398791313171
0.6682811379432678
0.6631042957305908
0.8185706734657288
0.6825593113899231
0.8143770098686218
0.761316180229187
3.014298439025879
2.98673152923584
1.2998532056808472
0.4648606479167938
1.390812873840332
2.8232247829437256
2.837489604949951
1.9415448904037476
2.24607253074646
2.2919223308563232
2.373863458633423
1.0903316736221313
1.505149483680725
1.1556923389434814
2.254830837249756
1.726908802986145
2.687730550765991
2.318380355834961
2.102468967437744
2.8026626110076904
2.6012778282165527
1.8780715465545654
2.256647825241089
2.5286552906036377
2.7631547451019287
1.5168306827545166
1.039664387702942
2.556709051132202
0.4218839108943939
3.009660243988037
1.7227972745895386
2.1146326065063477
2.9215102195739746
1.1014262437820435
2.652092218399048
1.4932641983032227
2.560136079788208
2.065251588821411
1.5694923400878906
2.675208806991577
1.432744026184082
2.407545566558838
2.452098846435547
1.9984906911849976
1.9092047214508057
1.3461189270019531
1.3017700910568237
1.8595986366271973
1.635798454284668
0.4815722703933716
1.8222243785858154
2.0966529846191406
1.4255698919296265
1.9871408939361572
0.9054819941520691
1.357589840888977
2.216256618499756
2.2394752502441406
1.728778600692749
2.727917194366455
2.8968565464019775
1.4782474040985107
2.1918327808380127
1.9395580291748047
1.917371153831482
1.7209045886993408
1.984817385673523
1.9274171590805054
1.4931836128234863
2.0458316802978516
0.9436604976654053
1.162472128868103
1.7566940784454346
2.2454993724823
2.428722620010376
2.296536445617676
1.9585438966751099
1.5088491439819336
0.9121208786964417
1.100986123085022
1.1891833543777466
2.017613649368286
1.3830363750457764
2.481478214263916
1.7148334980010986
2.1342012882232666
1.3696558475494385
1.5861924886703491
1.1154522895812988
1.4420393705368042
1.3302103281021118
1.1911263465881348
0.7767506241798401
1.9531203508377075
1.0525017976760864
1.5358575582504272
0.7401549816131592
0.6101211905479431
0.6156973242759705
2.265563726425171
1.583324670791626
1.2366317510604858
0.8245915770530701
1.4885637760162354
1.2150264978408813
1.7773113250732422
1.2940855026245117
1.1831876039505005
1.0183138847351074
1.55303156375885
0.9070063829421997
1.3266576528549194
0.4153895378112793
0.6428757905960083
0.7705591320991516
0.4542507529258728
1.4619920253753662
1.6412792205810547
0.9068197011947632
1.580303430557251
1.6396236419677734
1.2191083431243896
1.0740067958831787
0.9467581510543823
0.6975300312042236
2.523707151412964
1.4100230932235718
1.1770483255386353
0.7643420696258545
0.9515584707260132
0.4771731197834015
1.1773790121078491
1.2814805507659912
1.2446649074554443
0.6590763926506042
0.8322430849075317
2.067392349243164
0.5864410996437073
0.5231404304504395
0.6770738959312439
0.5407871603965759
0.691923975944519
0.46354013681411743
1.1985292434692383
0.5032336115837097
0.4575614035129547
1.8500663042068481
0.6447804570198059
0.7573009133338928
1.5747034549713135
1.7956241369247437
1.9475951194763184
0.9508615732192993
1.8451403379440308
1.7618296146392822
1.4031254053115845
1.162026286125183
1.0392801761627197
0.9655975103378296
2.6957857608795166
2.203671932220459
1.4819326400756836
0.5886485576629639
0.495719313621521
0.7538654804229736
0.8348014950752258
1.0398826599121094
1.3825424909591675
0.7041144371032715
0.6198282241821289
1.7880008220672607
2.053227663040161
2.207817554473877
1.9331306219100952
1.2189655303955078
1.1383782625198364
1.054988980293274
1.0920082330703735
1.4540692567825317
2.221581220626831
0.8410384654998779
1.875958800315857
1.0054670572280884
0.6345741748809814
0.5773231387138367
0.09673935174942017
0.7246232032775879
1.7417078018188477
2.182588577270508
1.035885214805603
0.6207895278930664
0.6338596940040588
0.6088453531265259
2.100358247756958
2.3799030780792236
0.6233919858932495
1.138272762298584
0.35227781534194946
0.454169362783432
0.23336654901504517
0.9235041737556458
1.1829016208648682
0.9921534061431885
1.0581470727920532
1.4985195398330688
0.17875033617019653
1.4919623136520386
1.0985755920410156
1.4215383529663086
0.7978870868682861
1.5230952501296997
0.8559205532073975
1.4390690326690674
1.3662739992141724
1.586937665939331
2.0195717811584473
2.286895275115967
2.6241369247436523
1.3612754344940186
0.514468789100647
1.1463946104049683
1.7961329221725464
0.7560562491416931
1.7091652154922485
2.0409181118011475
1.5490034818649292
2.4828882217407227
2.308422803878784
2.089839220046997
2.186389923095703
2.2937748432159424
0.7784059643745422
2.24251389503479
0.7706624865531921
0.1638461798429489
2.2795495986938477
2.305286169052124
2.3955283164978027
2.5694971084594727
2.026787519454956
2.337496519088745
2.9147462844848633
2.8719019889831543
2.2169535160064697
1.096420407295227
1.5433664321899414
1.0264891386032104
2.08292818069458
1.7050360441207886
2.094958543777466
2.1007304191589355
1.7547388076782227
2.624483346939087
0.8747061491012573
2.483123540878296
2.6665844917297363
3.0812828540802
2.8276100158691406
1.3960227966308594
1.4372479915618896
2.171480178833008
2.3107211589813232
2.811800718307495
3.0842983722686768
2.1333425045013428
1.3297252655029297
1.8782299757003784
1.20701265335083
2.363469123840332
1.4398540258407593
3.221935510635376
3.6085941791534424
3.0446455478668213
2.037140369415283
1.7106155157089233
1.9837836027145386
2.648517608642578
2.3741345405578613
3.7575454711914062
1.7093801498413086
2.1997933387756348
2.1880717277526855
3.0005154609680176
2.282186508178711
3.0210442543029785
2.52667498588562
2.060842514038086
2.2670390605926514
3.994941234588623
2.4365501403808594
3.0283374786376953
4.060835361480713
2.994900703430176
2.888108491897583
3.2164108753204346
2.560865879058838
2.539942741394043
2.632376194000244
3.2399957180023193
3.372563362121582
3.343285322189331
3.1128315925598145
3.2112464904785156
2.5828323364257812
2.0123586654663086
2.7238235473632812
3.5107710361480713
2.3498945236206055
3.1021780967712402
3.611734390258789
0.572457492351532
0.7495298385620117
2.3191399574279785
1.421452522277832
1.9512826204299927
3.4306747913360596
1.2742745876312256
1.782971739768982
1.932171106338501
2.27750301361084
2.7036075592041016
1.879408359527588
3.1500167846679688
1.62465238571167
2.2378451824188232
2.3889715671539307
1.9156324863433838
2.0070714950561523
2.177543878555298
2.4723384380340576
1.6920952796936035
1.9786642789840698
1.4600216150283813
2.811342477798462
2.231688976287842
2.883972644805908
2.6269614696502686
1.7534164190292358
2.196378231048584
1.4966950416564941
2.368870496749878
2.0760600566864014
2.771045207977295
2.1056408882141113
2.7610561847686768
2.918405294418335
3.0870683193206787
1.9966100454330444
3.4371111392974854
2.229071855545044
2.1497669219970703
2.5767736434936523
2.2623074054718018
2.7245304584503174
1.9744584560394287
1.781034231185913
1.9830492734909058
2.4351606369018555
2.920933961868286
3.0531580448150635
2.2000486850738525
1.7846938371658325
2.10794734954834
2.0219361782073975
2.0768439769744873
1.589345097541809
2.3442139625549316
1.484644889831543
1.9106340408325195
1.8593976497650146
1.566982626914978
1.6863727569580078
2.0094597339630127
1.7652493715286255
1.742720365524292
1.674710750579834
1.6781948804855347
1.7542238235473633
2.1100151538848877
2.0626869201660156
2.424389600753784
2.754511594772339
2.718461036682129
2.8243892192840576
3.4268791675567627
1.9270262718200684
1.6413209438323975
2.380519390106201
3.2383978366851807
3.0583014488220215
2.869209051132202
2.604126214981079
2.8346190452575684
2.5245954990386963
2.9261038303375244
2.789731740951538
2.7509632110595703
2.4095118045806885
2.5194501876831055
2.7202799320220947
2.1190309524536133
2.109773635864258
1.5340592861175537
2.16064453125
0.7033849358558655
1.8693031072616577
2.0132415294647217
1.8651584386825562
1.811087965965271
1.1238659620285034
0.6582728624343872
1.4858369827270508
1.5203611850738525
1.2285157442092896
1.4360815286636353
1.2345536947250366
1.829167127609253
0.9124878644943237
0.5185301899909973
0.9728167653083801
0.31564056873321533
1.8016047477722168
1.3760838508605957
1.8496119976043701
1.7031729221343994
2.325953722000122
1.9677094221115112
2.8078713417053223
2.8159899711608887
2.606478691101074
2.998464822769165
2.5575530529022217
1.4392069578170776
2.7479281425476074
2.659271717071533
3.5830137729644775
2.7216639518737793
1.0896700620651245
3.568937063217163
3.2503862380981445
2.5237889289855957
3.0505776405334473
2.2424979209899902
1.6717462539672852
1.7608312368392944
2.810530185699463
2.9985945224761963
2.606847047805786
1.958621621131897
1.4125354290008545
1.3712629079818726
2.415403366088867
2.658747673034668
1.396246075630188
2.3563034534454346
3.0567920207977295
2.900369644165039
2.209190845489502
1.9050742387771606
1.4457287788391113
1.894883632659912
1.7371573448181152
2.8713595867156982
1.8919546604156494
2.3321118354797363
1.1383854150772095
1.5243263244628906
1.6264684200286865
2.6842315196990967
3.4107985496520996
1.2876131534576416
2.3962202072143555
2.5946786403656006
2.4811041355133057
1.241127610206604
1.373102068901062
1.6116632223129272
1.6309293508529663
2.402519464492798
2.0641143321990967
2.117098569869995
1.8256430625915527
2.1374356746673584
2.060621976852417
2.264923334121704
1.878521203994751
1.5684444904327393
2.337122917175293
3.0765063762664795
1.9682724475860596
1.4695849418640137
2.2449004650115967
2.609238862991333
1.6040457487106323
3.5196266174316406
2.5427498817443848
2.277404546737671
2.665262460708618
1.539960503578186
2.6114470958709717
1.5597971677780151
1.0320031642913818
2.735044479370117
1.8389869928359985
1.4870332479476929
1.239164113998413
1.81023371219635
1.3834983110427856
2.0851869583129883
1.744140625
0.7393779754638672
0.9474844932556152
1.099012017250061
1.079935073852539
0.8971233367919922
0.39077228307724
1.9227849245071411
1.0205864906311035
0.6785078048706055
0.43472039699554443
0.8996581435203552
1.5810165405273438
0.41454485058784485
0.7469311952590942
0.25180673599243164
1.3153818845748901
0.6767475605010986
1.7913084030151367
0.5366883873939514
1.0742552280426025
0.8930596709251404
0.9414618611335754
1.135291337966919
0.8415743112564087
0.8092464804649353
0.8565148115158081
1.1992015838623047
0.9148996472358704
1.9616767168045044
2.6100127696990967
2.523465871810913
2.447096824645996
2.8368468284606934
2.669398307800293
1.9043247699737549
1.6153651475906372
1.0739004611968994
2.478212594985962
0.9123669266700745
1.286267638206482
0.8525179028511047
1.4464279413223267
1.1815545558929443
0.42018771171569824
0.7123550176620483
1.8979711532592773
2.605783700942993
2.824941873550415
2.6038308143615723
2.845608711242676
2.6750998497009277
3.5305681228637695
2.990666151046753
2.206526279449463
3.1323957443237305
1.255903720855713
2.716931104660034
2.9553565979003906
1.1052669286727905
2.4896152019500732
1.3391042947769165
1.34615159034729
1.6927821636199951
1.8031550645828247
2.058708667755127
3.013265609741211
1.8039138317108154
1.1196962594985962
1.363305687904358
1.920029878616333
1.3163906335830688
1.1019093990325928
0.8272558450698853
1.0575515031814575
0.23271048069000244
1.614005446434021
1.4489960670471191
0.7536200284957886
1.0775030851364136
2.144253969192505
2.6672720909118652
2.042546272277832
2.7372422218322754
1.7826075553894043
2.4924850463867188
0.9679440855979919
1.122105598449707
1.2342817783355713
1.5313389301300049
0.7496113777160645
1.204207181930542
1.2880746126174927
2.6602303981781006
2.9996767044067383
2.7345471382141113
2.0070571899414062
3.0414350032806396
2.069558620452881
1.0418564081192017
1.6068899631500244
2.10371732711792
2.5817060470581055
1.6855731010437012
3.6630053520202637
2.068941593170166
0.4864499568939209
1.0262049436569214
1.309404969215393
0.8418862819671631
2.603316068649292
2.658188819885254
2.4815495014190674
2.6642115116119385
0.9323098063468933
1.7403359413146973
1.0799105167388916
1.5582300424575806
2.603067398071289
2.8254072666168213
3.0858395099639893
3.010277032852173
1.1822314262390137
2.5122978687286377
2.529539108276367
1.2333232164382935
1.4199368953704834
2.1204147338867188
2.64178729057312
1.3100030422210693
0.8258578777313232
0.7826453447341919
0.9260501861572266
0.7568852305412292
0.770035445690155
2.207645893096924
0.9596853256225586
1.259978175163269
1.393734097480774
1.761253833770752
3.0903403759002686
3.009319305419922
1.2656182050704956
3.100677728652954
2.9695611000061035
2.149235725402832
0.42007938027381897
0.6358820199966431
2.1227481365203857
2.5235435962677
2.1280033588409424
1.470495581626892
1.8988215923309326
0.6671988368034363
1.5630137920379639
3.5181045532226562
2.996157646179199
3.172116994857788
2.744751453399658
2.1321115493774414
0.6669811606407166
0.8830879926681519
1.13998281955719
2.2025086879730225
1.855080485343933
2.4973626136779785
3.0429484844207764
1.6962507963180542
1.6076207160949707
2.3503451347351074
1.5733596086502075
3.1762843132019043
2.756936550140381
1.8730515241622925
2.033552408218384
2.393484115600586
0.3827255964279175
0.5698707699775696
1.072852611541748
1.193151593208313
2.8426718711853027
3.0059399604797363
2.2525017261505127
0.6401283144950867
0.5020576119422913
0.9672078490257263
1.4962860345840454
1.8649702072143555
2.666987657546997
2.13151216506958
0.5699009895324707
0.3878268003463745
1.2002419233322144
0.7757623195648193
3.989356279373169
2.0660898685455322
2.11788272857666
0.636577844619751
4.347050189971924
0.8190056085586548
2.709580898284912
3.666114091873169
2.559854030609131
2.6842567920684814
1.809111475944519
3.2624287605285645
3.3076422214508057
0.4636755883693695
2.564079761505127
1.0238522291183472
1.4330443143844604
1.04965078830719
2.432227611541748
1.2500535249710083
1.2355260848999023
2.1054258346557617
2.1887319087982178
1.4048794507980347
2.52368426322937
1.584565281867981
2.7741780281066895
1.2561838626861572
1.530157208442688
2.8105738162994385
1.0853663682937622
2.3818540573120117
1.7790085077285767
1.699241280555725
1.8948971033096313
1.8221324682235718
1.8747891187667847
1.5614334344863892
2.6133627891540527
