9.876351576561311e-42
1.195627212524414
0.8112776279449463
1.7263705730438232
1.4633421897888184
1.203294038772583
1.215308666229248
1.193410038948059
1.2917695045471191
0.8614890575408936
0.853173553943634
0.7152102589607239
0.7970660328865051
0.6364031434059143
0.9818698763847351
0.9739077091217041
1.4515823125839233
1.8244097232818604
0.5321118235588074
1.6557011604309082
1.1658767461776733
1.184800624847412
1.118678331375122
1.2181185483932495
1.6694823503494263
1.4183971881866455
1.0755774974822998
1.5772743225097656
2.289717197418213
1.8088270425796509
1.3519871234893799
1.4161194562911987
1.5879344940185547
1.2540135383605957
1.8581151962280273
2.1690354347229004
2.8469653129577637
2.5146915912628174
1.7612637281417847
3.131427049636841
2.2406270503997803
3.0992510318756104
1.3599588871002197
1.5438865423202515
1.1284087896347046
1.1821258068084717
0.6188666224479675
1.2930799722671509
0.9407116174697876
0.6006990671157837
0.8658570647239685
0.3168032765388489
1.3359673023223877
1.0175764560699463
0.2922072410583496
1.2638487815856934
1.7631111145019531
1.3955053091049194
1.7944416999816895
1.7953993082046509
1.476821780204773
1.8040392398834229
1.6200494766235352
0.7702897787094116
0.7374244332313538
0.947027325630188
0.7675455212593079
1.5748313665390015
0.8483806848526001
1.255231261253357
1.6755245923995972
2.82273530960083
1.2762997150421143
1.7723323106765747
1.4199891090393066
0.5308107733726501
0.6938925385475159
1.1678134202957153
0.7377697825431824
1.2095521688461304
2.627131462097168
2.5534262657165527
1.459773063659668
1.5199809074401855
1.040054440498352
0.7663631439208984
1.3744254112243652
1.275314211845398
1.3019412755966187
2.78717041015625
1.6042699813842773
0.658551037311554
0.8533113598823547
1.1924546957015991
2.356438398361206
1.179261326789856
1.5648834705352783
1.5452008247375488
2.5281319618225098
1.0518484115600586
0.8865984082221985
1.553384780883789
2.2028274536132812
2.019113063812256
0.7968035340309143
1.2912652492523193
1.3621563911437988
1.6799064874649048
2.1816442012786865
1.9042022228240967
0.45038434863090515
0.879026472568512
1.7440303564071655
1.810738444328308
0.8606583476066589
1.6186070442199707
1.8574883937835693
0.2653655409812927
1.446427822113037
0.22206391394138336
1.1283966302871704
1.3266090154647827
1.5957822799682617
1.2394317388534546
1.4655665159225464
1.234174370765686
1.3769214153289795
1.1502039432525635
1.7450807094573975
1.2850983142852783
1.2232316732406616
0.31948915123939514
1.3116986751556396
1.2510048151016235
1.1777429580688477
1.1790062189102173
1.0239830017089844
1.3414242267608643
1.0340592861175537
1.3681532144546509
1.0341906547546387
1.2879503965377808
1.5196306705474854
1.2476050853729248
1.2620654106140137
1.2922406196594238
1.3293671607971191
1.290771245956421
1.1317071914672852
1.167630910873413
0.9834959506988525
0.9748928546905518
0.8216102719306946
1.1432183980941772
1.339453935623169
1.4866763353347778
1.589529275894165
1.555971384048462
1.689013957977295
1.738100528717041
1.6117650270462036
1.593402624130249
0.5522549152374268
0.5969023108482361
0.5007381439208984
0.6704303026199341
0.39123740792274475
0.7894238829612732
0.45969295501708984
0.9299626350402832
0.6332454085350037
0.6616259813308716
0.4919130504131317
0.817724883556366
0.7152736783027649
0.5808767676353455
0.8730848431587219
0.8299962878227234
0.5954284071922302
1.1610654592514038
0.07959520816802979
1.4956226348876953
0.9663330912590027
0.3872893154621124
0.8935988545417786
1.5039141178131104
1.3649251461029053
0.8808623552322388
0.13062240183353424
0.2728857696056366
0.9557854533195496
0.2361648976802826
1.6866209506988525
0.0896221250295639
1.6492184400558472
0.6454283595085144
0.7575968503952026
0.753440260887146
0.26662778854370117
0.9135946035385132
0.8750827312469482
0.6463005542755127
0.6730862259864807
0.6062827706336975
1.053409218788147
0.4726979732513428
0.32543548941612244
0.5823254585266113
1.7155635356903076
0.40095141530036926
1.0524663925170898
0.4554559588432312
0.49950239062309265
0.4324415326118469
0.5776036381721497
1.406609058380127
0.3424586057662964
1.0220367908477783
0.43170836567878723
1.5369349718093872
0.7435876727104187
0.34926462173461914
0.5485919713973999
0.37794989347457886
0.8463254570960999
1.191827416419983
0.9291501045227051
0.2009047567844391
0.8897603750228882
0.9644094109535217
1.086757779121399
0.6724936366081238
0.8520686626434326
0.9627283811569214
0.8292346000671387
1.1105141639709473
1.6932138204574585
0.9134735465049744
0.5268678069114685
1.7709460258483887
1.626825213432312
0.6986108422279358
1.8595808744430542
0.9467805624008179
1.5190740823745728
0.8814550638198853
1.5031235218048096
1.1878317594528198
0.4073799252510071
0.6312357783317566
0.9597867131233215
1.2046804428100586
1.0759779214859009
1.032690405845642
1.3279800415039062
1.3997690677642822
1.5393706560134888
1.4503366947174072
1.0542716979980469
1.9919692277908325
0.9197457432746887
0.640413224697113
1.1299160718917847
1.3284674882888794
1.4896012544631958
1.1917760372161865
1.0372885465621948
1.2241318225860596
1.3738973140716553
0.7161184549331665
0.6479147672653198
0.8603338003158569
0.2493360936641693
0.3971027135848999
0.3416996896266937
1.0623217821121216
0.9046273231506348
1.1274681091308594
1.2810547351837158
1.1163504123687744
0.9000988602638245
0.9056164622306824
1.5587154626846313
0.9772433638572693
1.0021339654922485
0.8609749674797058
0.7207658886909485
2.5641727447509766
0.7098275423049927
1.3489524126052856
1.3320420980453491
0.7761862277984619
0.8416450619697571
0.5866780281066895
1.0395736694335938
0.677742600440979
1.1993788480758667
1.2354906797409058
0.9230474233627319
1.5587778091430664
0.8068928718566895
0.7912434339523315
1.0997071266174316
0.724175214767456
0.6716671586036682
0.9259325861930847
0.479839950799942
0.4805741310119629
0.6483844518661499
0.7791836261749268
0.4629119634628296
0.44153305888175964
0.4847056269645691
0.9805370569229126
0.4501669704914093
0.8034667372703552
1.1762657165527344
0.8936758637428284
1.190771460533142
0.7475458383560181
0.4789324402809143
0.8555970788002014
1.1443688869476318
0.5991465449333191
0.7454548478126526
0.6832985877990723
0.22517642378807068
0.3856484591960907
0.34656253457069397
0.6059390902519226
0.7414676547050476
0.36947569251060486
0.6874651908874512
0.2665671706199646
0.3133733570575714
0.6000381112098694
0.7211333513259888
0.49840274453163147
0.948108434677124
1.836141586303711
1.290108323097229
2.218886613845825
1.6337251663208008
1.8199279308319092
1.6673673391342163
0.6538938879966736
0.8799871802330017
1.9698891639709473
1.188642144203186
1.4923951625823975
1.0269938707351685
1.4930729866027832
0.5789539813995361
1.6182105541229248
1.1674001216888428
0.8358162045478821
1.1279085874557495
0.8978133797645569
0.790977418422699
1.1170201301574707
1.0904901027679443
0.9638276100158691
1.0419222116470337
0.8589354157447815
1.1687859296798706
1.1718922853469849
0.9655017852783203
0.9960167407989502
1.837941288948059
1.6656497716903687
0.6394609212875366
1.2357426881790161
0.8722960948944092
1.0446807146072388
0.3659997880458832
1.0070501565933228
1.1863223314285278
0.973285973072052
1.307035207748413
1.358633279800415
1.3236956596374512
1.5929186344146729
0.6215875148773193
0.34994786977767944
1.802927017211914
1.3851832151412964
1.0216799974441528
0.963092565536499
0.6574488878250122
1.5822159051895142
1.2577259540557861
1.1596169471740723
1.434382438659668
1.4786323308944702
0.8864296674728394
0.9140731692314148
0.8273725509643555
1.3154886960983276
0.6221146583557129
0.9548079371452332
0.8664627075195312
0.8054640293121338
0.6610400080680847
0.7046873569488525
0.9896335601806641
1.1026828289031982
1.1764109134674072
1.1419941186904907
0.7176575660705566
1.0628297328948975
1.125864028930664
0.7904395461082458
1.1238723993301392
1.0581220388412476
0.9715385437011719
1.0747599601745605
1.207070231437683
2.368271827697754
2.0454165935516357
1.671770453453064
1.348764419555664
0.9674280285835266
0.8397998213768005
0.9984139204025269
1.0283706188201904
1.1108044385910034
1.1600450277328491
0.8280693292617798
0.7669150233268738
0.9753071665763855
0.793735921382904
0.9879117608070374
1.1034578084945679
1.298529863357544
1.3340445756912231
1.258837342262268
1.3987611532211304
1.3770320415496826
0.9760801792144775
1.2729296684265137
0.7764396071434021
0.3999204635620117
0.916601836681366
1.0005309581756592
1.5639759302139282
1.1656899452209473
1.4805982112884521
0.6728153228759766
0.36685237288475037
1.0181257724761963
1.765419840812683
1.2480344772338867
1.4634758234024048
0.11160741001367569
1.0041155815124512
1.4120784997940063
0.5662528872489929
1.4436849355697632
0.5162889361381531
1.1117967367172241
1.0698602199554443
1.2604893445968628
1.1665438413619995
0.2698139250278473
1.0935126543045044
0.868014395236969
0.7692958116531372
0.43758153915405273
1.0466101169586182
0.8676801919937134
1.1150668859481812
1.0660016536712646
1.1802709102630615
1.2812505960464478
1.3732646703720093
1.432544469833374
1.083823561668396
1.5923030376434326
1.6791019439697266
1.3018864393234253
1.5198054313659668
1.5621166229248047
1.481199026107788
1.5533323287963867
1.6975451707839966
1.38987398147583
1.5385361909866333
1.5611753463745117
1.3569066524505615
1.6734999418258667
1.7004060745239258
1.6518232822418213
1.684894323348999
1.4972972869873047
1.3991453647613525
1.5132662057876587
1.582461953163147
1.5125925540924072
1.133304238319397
1.5881692171096802
1.4721379280090332
1.1026227474212646
1.5764310359954834
1.2851794958114624
1.7007088661193848
1.2983918190002441
1.4842065572738647
1.545165777206421
1.4267255067825317
1.6029525995254517
1.549928903579712
1.473966121673584
1.495062232017517
1.5917068719863892
1.6703715324401855
1.572525978088379
1.4470481872558594
1.3609057664871216
1.2845286130905151
1.6918329000473022
1.6542818546295166
1.4672913551330566
1.1803126335144043
1.4269254207611084
1.5500050783157349
1.650726556777954
1.4961633682250977
1.4220950603485107
1.6899621486663818
1.3251491785049438
1.1294872760772705
1.5176832675933838
1.666151523590088
1.5645291805267334
1.487565040588379
1.4385806322097778
1.1798007488250732
1.5479165315628052
1.580971360206604
1.6289434432983398
1.612263560295105
1.5960465669631958
1.5847196578979492
1.5636407136917114
1.4162840843200684
1.555505633354187
1.1375638246536255
1.4238756895065308
1.6576271057128906
1.4325038194656372
1.593948483467102
1.4631576538085938
1.6838332414627075
1.2721002101898193
1.6304280757904053
1.6533974409103394
1.6016656160354614
1.5719269514083862
1.4945569038391113
1.578688621520996
1.5113945007324219
1.2545912265777588
1.0275801420211792
1.1358916759490967
1.277830958366394
1.4143996238708496
1.3836880922317505
1.1854898929595947
1.9480209350585938
2.0176217555999756
2.0152463912963867
0.7981814742088318
1.6295101642608643
1.8146706819534302
1.0807125568389893
1.3361982107162476
1.3233534097671509
0.5797421336174011
1.0329163074493408
1.2084124088287354
1.7723647356033325
1.2250293493270874
0.6499817967414856
1.38897705078125
1.2219868898391724
1.9189810752868652
0.6775266528129578
0.1917763203382492
0.7439947128295898
0.11038945615291595
0.17432762682437897
1.5423482656478882
1.2338658571243286
1.3513643741607666
1.0117276906967163
0.7684032320976257
0.6329047083854675
0.4591233432292938
0.1244935393333435
0.5699583292007446
0.8395981788635254
0.2723482549190521
0.27154210209846497
0.8338378667831421
0.8404537439346313
0.6931945085525513
0.9500272870063782
0.8007038831710815
0.5626388192176819
0.8938890099525452
0.6872714757919312
1.0035009384155273
1.0178734064102173
0.4980454444885254
0.8592061996459961
0.35765817761421204
0.8759031891822815
0.9115973114967346
1.1109046936035156
0.4742938280105591
0.2489762306213379
0.7669146060943604
0.6981461048126221
0.446102499961853
0.9533562660217285
0.5914786458015442
0.12324478477239609
0.600746214389801
0.6730589270591736
0.42095860838890076
0.5925400257110596
0.19977793097496033
0.4090290367603302
0.486045777797699
0.4216126501560211
0.22105655074119568
0.6085355877876282
0.4532364010810852
0.8036139607429504
0.7533646821975708
0.557158887386322
0.8597386479377747
1.1775128841400146
0.9495835900306702
0.3236495852470398
0.32045722007751465
0.4129754304885864
1.5017495155334473
1.0203620195388794
1.306143045425415
2.1572835445404053
1.3153992891311646
2.5708465576171875
1.9539260864257812
2.1732337474823
2.0079505443573
1.9177066087722778
2.3095884323120117
1.5948506593704224
1.730507493019104
1.4521055221557617
1.9641287326812744
1.0939472913742065
2.2295827865600586
2.3352367877960205
2.0592052936553955
1.4660662412643433
1.1162246465682983
0.7135215401649475
1.398146629333496
2.1632022857666016
2.028670072555542
1.5551129579544067
2.2359373569488525
1.5967681407928467
1.89313805103302
0.8350148797035217
1.5676794052124023
1.4462321996688843
0.9839680194854736
1.8863295316696167
1.6242477893829346
1.6545418500900269
1.0132004022598267
1.4098163843154907
0.8362786173820496
1.585829734802246
1.7260392904281616
1.2725858688354492
1.73193359375
1.356053113937378
1.8410694599151611
1.8495784997940063
1.573644757270813
1.768344759941101
1.3160921335220337
1.5761783123016357
1.2592252492904663
1.570454716682434
1.9179288148880005
1.846664547920227
1.6304996013641357
1.7924882173538208
1.2783973217010498
1.5123682022094727
1.7018743753433228
1.6925333738327026
1.8183633089065552
1.7146652936935425
0.20359952747821808
1.3004436492919922
1.8352298736572266
1.8964160680770874
1.182347297668457
0.9538647532463074
1.832434892654419
1.8916009664535522
1.7709877490997314
1.932847261428833
1.9213136434555054
0.9209269881248474
1.2168391942977905
1.0780037641525269
1.3505470752716064
1.5186262130737305
1.0100550651550293
0.8899673819541931
1.04392671585083
1.7111455202102661
0.9116730093955994
0.9102544784545898
0.8978065848350525
1.373238205909729
1.2846651077270508
1.0559978485107422
1.2178077697753906
0.9581635594367981
0.9494848847389221
0.8513869047164917
0.9915054440498352
1.552403211593628
0.8873263001441956
0.9698582291603088
1.1805577278137207
1.2045339345932007
1.4571688175201416
0.7623905539512634
1.504231333732605
1.1169782876968384
1.7609388828277588
0.5527275800704956
0.9967349767684937
1.2671095132827759
0.7053222060203552
0.599280834197998
1.300827980041504
1.4282606840133667
1.1088305711746216
1.4967478513717651
0.7715311646461487
1.2440928220748901
1.3264485597610474
0.275352418422699
0.6004482507705688
0.6063647270202637
1.6608268022537231
1.7948414087295532
1.9856632947921753
0.25212082266807556
0.24700872600078583
0.48450276255607605
1.295216679573059
0.5489346981048584
0.9273472428321838
2.1216559410095215
0.916325032711029
1.3756511211395264
0.8498020172119141
1.2931911945343018
1.532153844833374
1.254244089126587
1.1864447593688965
1.2293206453323364
1.4439736604690552
1.1965410709381104
1.6264145374298096
1.1367522478103638
1.4010823965072632
1.3367830514907837
1.0248970985412598
1.3101991415023804
1.199207067489624
0.9766491651535034
0.8997561931610107
1.4488015174865723
1.7440969944000244
0.5553617477416992
1.4769607782363892
1.7041898965835571
1.955663800239563
2.1186716556549072
2.172534942626953
1.5416632890701294
1.4489426612854004
1.2196979522705078
2.3539648056030273
0.8181187510490417
1.166918158531189
0.7598224878311157
1.9606209993362427
2.045508861541748
1.3362090587615967
1.2867469787597656
1.6088260412216187
1.6885195970535278
1.9057562351226807
0.7790735363960266
1.8653539419174194
1.8730679750442505
1.2314478158950806
1.6529217958450317
1.4364756345748901
1.2611254453659058
1.7706774473190308
0.9037994146347046
0.9901946187019348
1.5690070390701294
0.7987478971481323
1.1346856355667114
1.0884273052215576
1.2821985483169556
1.0946398973464966
1.4157274961471558
0.6924228072166443
1.0517600774765015
0.8932205438613892
1.0875555276870728
0.5645846128463745
0.30127984285354614
1.3187811374664307
1.325366735458374
1.4522504806518555
1.3485640287399292
1.5747332572937012
1.5225194692611694
1.3918168544769287
0.842732846736908
0.6888858675956726
1.5616658926010132
1.939963936805725
2.2938756942749023
1.430099368095398
2.117621421813965
0.6510732769966125
1.9319528341293335
1.0347002744674683
1.1623622179031372
1.3735990524291992
1.4015568494796753
1.492447018623352
0.3634221851825714
1.9283334016799927
1.738746166229248
1.5795421600341797
0.6515427231788635
1.8440295457839966
1.519234299659729
1.0650192499160767
0.8509278297424316
1.0346169471740723
1.0879347324371338
1.401828408241272
0.47428780794143677
1.2616310119628906
1.4590556621551514
1.2144781351089478
1.425674319267273
1.038450837135315
1.7644553184509277
1.9338176250457764
2.35565185546875
0.8513839244842529
1.104023814201355
1.0510255098342896
1.2390236854553223
0.15382438898086548
1.7732508182525635
1.8810999393463135
1.8551000356674194
1.5432683229446411
1.7304686307907104
0.8884922862052917
1.2867090702056885
1.1598976850509644
1.322090983390808
0.7738041281700134
0.4238399267196655
1.15505850315094
1.1936602592468262
1.5505685806274414
1.186112403869629
1.3763422966003418
2.1791064739227295
1.4531313180923462
1.0647859573364258
1.658829689025879
1.159934639930725
1.8128708600997925
1.8640309572219849
1.5473016500473022
1.631032943725586
0.8626515865325928
1.3299574851989746
0.9146384596824646
1.2935718297958374
0.40064331889152527
2.109325408935547
1.815901756286621
1.3567866086959839
1.119283676147461
1.4264312982559204
1.4098564386367798
1.7940608263015747
1.7567567825317383
1.9568274021148682
0.774405300617218
1.4529608488082886
0.42509925365448
1.3416610956192017
1.2157455682754517
1.5452958345413208
1.4186530113220215
1.4670460224151611
1.970180630683899
1.026430606842041
1.1670795679092407
1.910784125328064
1.3541252613067627
1.6287834644317627
1.940350890159607
0.920512318611145
1.099714994430542
0.7886693477630615
0.5900202393531799
1.0263924598693848
1.3921234607696533
1.399585247039795
0.39539191126823425
1.2513763904571533
1.1449661254882812
0.6187762022018433
1.1759647130966187
1.3132328987121582
1.3868812322616577
1.4227344989776611
1.387198805809021
1.7643765211105347
0.8674175143241882
1.0754057168960571
1.3939906358718872
1.3536680936813354
0.613307535648346
1.187451958656311
1.1909397840499878
0.9765996336936951
1.0152268409729004
1.092113733291626
1.0260038375854492
1.0764535665512085
2.329371929168701
1.0612761974334717
1.589634895324707
0.8881869912147522
0.5096291899681091
1.4587910175323486
1.0761675834655762
1.4451966285705566
1.4041252136230469
1.4657833576202393
1.4022362232208252
1.466598391532898
1.1877995729446411
0.8941830992698669
1.3655532598495483
0.99510657787323
1.510425329208374
1.6808916330337524
0.9459319114685059
1.611731767654419
1.8358073234558105
1.146837830543518
1.544069766998291
1.605633020401001
1.5251318216323853
0.8913058042526245
1.4018222093582153
0.868604302406311
1.2793424129486084
1.8189220428466797
0.9151788949966431
