9.876351576561311e-42
5.177662372589111
5.304106712341309
1.2354835271835327
1.0640251636505127
1.02314293384552
0.9954549074172974
1.180054783821106
1.225836992263794
1.2554353475570679
1.5040549039840698
1.2079750299453735
1.310205101966858
1.5096856355667114
1.0104368925094604
1.2543034553527832
5.316761493682861
1.6287118196487427
1.078919529914856
1.442836046218872
1.355778455734253
1.1134384870529175
1.929884433746338
1.7042686939239502
2.46909761428833
1.1169365644454956
1.423820972442627
1.457922101020813
2.1042368412017822
1.1657228469848633
2.0747737884521484
1.155364751815796
2.196039915084839
1.95265793800354
1.8683371543884277
1.7134920358657837
1.7803610563278198
1.5908297300338745
1.019027829170227
2.0842928886413574
1.520871639251709
2.1050407886505127
5.359125137329102
5.240379810333252
1.0332398414611816
1.1794228553771973
1.2249175310134888
1.1394294500350952
1.1397521495819092
1.414528489112854
1.3574310541152954
1.6549545526504517
1.5773342847824097
1.3475213050842285
1.9952969551086426
1.3848892450332642
2.1493773460388184
2.0080888271331787
1.1007356643676758
1.9125319719314575
5.269041061401367
5.141015529632568
1.2652411460876465
1.6852504014968872
1.182198166847229
1.0091303586959839
1.2858136892318726
1.8957332372665405
1.6186835765838623
1.7100473642349243
2.1989076137542725
2.05403733253479
1.6631892919540405
1.570543885231018
1.1175720691680908
1.1399211883544922
1.0620287656784058
1.5514590740203857
1.47933030128479
2.130695343017578
2.0585577487945557
2.0112481117248535
1.5528080463409424
1.6913506984710693
1.578434705734253
1.0033724308013916
1.129930019378662
1.4286917448043823
2.0403430461883545
1.7877732515335083
1.7765209674835205
1.1458585262298584
1.514477014541626
1.8552136421203613
1.6423603296279907
1.05874764919281
5.375633716583252
1.1216208934783936
1.7831119298934937
1.2501423358917236
1.205224871635437
1.1393492221832275
1.653739094734192
1.8255465030670166
1.0565190315246582
1.2379536628723145
1.581684947013855
1.1901785135269165
2.179734468460083
1.9640183448791504
1.0507515668869019
1.3246949911117554
1.199310302734375
2.021712064743042
1.0883806943893433
1.7557146549224854
1.660820484161377
1.1533023118972778
1.9061555862426758
1.1534777879714966
1.4830644130706787
1.467860221862793
2.2146739959716797
1.5379726886749268
1.9080678224563599
1.231015682220459
1.7154104709625244
1.042404055595398
0.9757774472236633
2.0374295711517334
1.840518593788147
1.1386836767196655
1.4898951053619385
1.5347777605056763
1.5726510286331177
1.49361252784729
1.2331839799880981
1.4863413572311401
1.3304626941680908
1.7913362979888916
1.5212701559066772
1.5465198755264282
1.9339913129806519
2.1450257301330566
1.576694130897522
1.3499937057495117
1.568804383277893
1.3296760320663452
1.4558906555175781
1.3281521797180176
1.0323649644851685
1.672146201133728
1.8722686767578125
1.2946112155914307
1.0246502161026
0.7260677814483643
0.8144277930259705
1.4291746616363525
1.3931008577346802
1.0090314149856567
1.1953203678131104
1.036471962928772
4.629504203796387
5.113832950592041
5.425732612609863
5.002062797546387
5.418772220611572
5.434929847717285
5.012244701385498
5.407853603363037
5.314496994018555
5.316535472869873
5.09226655960083
5.097315788269043
5.174951076507568
5.128652095794678
5.140609264373779
4.788426876068115
4.759301662445068
5.4927849769592285
5.175528049468994
5.596734046936035
5.455196857452393
5.218659400939941
5.179487705230713
5.661354064941406
5.565114974975586
5.494980812072754
5.2483296394348145
5.299992561340332
5.454164981842041
5.259673595428467
5.5443572998046875
5.344188213348389
5.4022979736328125
5.332470417022705
5.222715377807617
5.33032751083374
5.4038801193237305
5.202651500701904
5.397528648376465
4.974460601806641
5.091235637664795
5.174503326416016
5.299638748168945
4.979284763336182
4.919641017913818
4.944985389709473
5.674576759338379
5.299947738647461
5.498189449310303
5.388139247894287
5.060941696166992
5.145070552825928
4.7994794845581055
5.618507385253906
5.188443660736084
5.172159194946289
5.173350811004639
5.7920451164245605
5.393162250518799
5.436756134033203
5.136955261230469
5.3129143714904785
5.096749782562256
5.274832248687744
5.241809844970703
5.447506427764893
5.124287128448486
5.22491455078125
5.379024505615234
5.368766784667969
5.147833824157715
5.131890773773193
5.257169246673584
5.145814418792725
5.307668685913086
5.17965030670166
5.179940223693848
5.378770351409912
5.366461277008057
5.126611709594727
5.427267551422119
5.134321212768555
5.427251815795898
5.18485164642334
5.647881031036377
5.313732624053955
5.073308944702148
5.257268905639648
5.294480800628662
5.428503036499023
5.410399436950684
5.286263465881348
5.52385950088501
5.718083381652832
5.7511444091796875
5.442315578460693
1.2824259996414185
0.8843750953674316
0.27464210987091064
0.7532288432121277
2.588346242904663
3.04840087890625
3.0274147987365723
2.770230531692505
2.876777172088623
3.0189552307128906
3.27966570854187
0.749428927898407
1.2738292217254639
0.6387022137641907
2.049546718597412
3.506678581237793
3.4858601093292236
3.4892122745513916
3.530710220336914
4.071784496307373
3.9654958248138428
0.7946524620056152
2.915175199508667
4.427090167999268
4.0383477210998535
3.8580069541931152
4.49141263961792
1.2624619007110596
0.7498785257339478
1.4971835613250732
1.7479948997497559
2.303385019302368
2.324472427368164
0.8393088579177856
3.749807357788086
4.070079326629639
3.7088046073913574
3.905409812927246
4.17031192779541
3.9797351360321045
0.5740171074867249
0.5386486649513245
2.5704705715179443
3.012315273284912
4.163964748382568
4.60066556930542
1.0132285356521606
3.396113157272339
4.74926233291626
0.5171154737472534
4.100607872009277
4.024228096008301
1.2076364755630493
3.9320027828216553
0.7802979350090027
3.432643175125122
3.3851072788238525
3.964477300643921
3.1040539741516113
3.7343039512634277
3.828835964202881
3.576794385910034
2.502469301223755
3.647087335586548
3.3198959827423096
3.882857322692871
3.676952838897705
0.6331020593643188
3.8046622276306152
1.127777338027954
3.9426259994506836
3.3341386318206787
2.7905564308166504
2.876392364501953
2.0249311923980713
1.8523001670837402
1.755489468574524
1.9459812641143799
0.896081805229187
0.812209963798523
0.7096708416938782
0.0546562522649765
0.7022177577018738
0.9172176122665405
0.16063730418682098
1.3603787422180176
0.9373955130577087
1.4490454196929932
1.0500166416168213
0.4982680082321167
1.7150216102600098
1.5851945877075195
1.0145719051361084
3.3822460174560547
4.105167865753174
1.398553729057312
1.4385533332824707
1.2008157968521118
1.865063190460205
2.1385178565979004
0.9947532415390015
1.8515528440475464
1.5535308122634888
2.1910717487335205
2.6488468647003174
2.2575008869171143
1.480600118637085
3.3808975219726562
0.5389487147331238
1.4096838235855103
1.2389529943466187
3.0459344387054443
1.6195794343948364
1.4727082252502441
4.201059341430664
1.9113972187042236
1.6922016143798828
2.485527276992798
1.879538893699646
1.975203514099121
3.361868381500244
1.0708271265029907
3.8640928268432617
1.4450149536132812
4.02567720413208
1.9685251712799072
1.1563313007354736
1.5376975536346436
1.75475013256073
3.643434762954712
3.8170278072357178
1.1354446411132812
1.172000765800476
3.1393866539001465
1.4419516324996948
1.1397449970245361
3.098691463470459
1.4768317937850952
1.9225678443908691
1.3554211854934692
2.0141026973724365
1.9727073907852173
1.3819432258605957
3.4664852619171143
1.3817263841629028
1.6899446249008179
1.8458411693572998
1.5529037714004517
1.2449103593826294
2.106435537338257
2.933351993560791
1.6447116136550903
1.6800848245620728
2.7329394817352295
1.8431134223937988
1.9442113637924194
1.7398247718811035
2.117497205734253
1.8805433511734009
1.5533623695373535
0.9611466526985168
0.4096704423427582
0.4573867917060852
1.1229941844940186
1.483933448791504
1.8133556842803955
1.3222776651382446
0.9991218447685242
1.5333185195922852
1.6434401273727417
1.4406403303146362
1.3570375442504883
2.2376761436462402
1.826781153678894
1.6785286664962769
1.5077147483825684
1.6842966079711914
2.4085521697998047
1.9164222478866577
1.596199631690979
4.3488030433654785
4.420721054077148
4.82965087890625
5.0188679695129395
4.457721710205078
5.088793754577637
5.276182174682617
4.003270626068115
0.8471968173980713
4.710566520690918
4.7927117347717285
4.846893787384033
5.001865386962891
3.8790853023529053
1.5016324520111084
4.843124866485596
4.5187249183654785
5.001097679138184
4.655744552612305
4.913934230804443
4.591620922088623
3.793452262878418
4.845921993255615
4.575146198272705
4.4950270652771
4.302312850952148
4.279392719268799
4.147861003875732
3.399068593978882
3.928790330886841
2.752098560333252
3.383269786834717
3.2737534046173096
4.119086742401123
3.693091630935669
2.7474403381347656
2.192260503768921
3.116802453994751
1.575148344039917
4.76057243347168
5.160704612731934
4.352315425872803
5.444275856018066
5.4127044677734375
0.5828580260276794
5.742291450500488
0.462583065032959
4.058876991271973
5.783712387084961
5.696934223175049
5.507241249084473
5.793408393859863
0.7750069499015808
5.943584442138672
5.891656398773193
5.7674689292907715
5.596586227416992
5.8349928855896
5.70942497253418
5.733809471130371
2.5486648082733154
5.1877827644348145
5.014987468719482
5.086226940155029
4.8648152351379395
1.1652753353118896
5.4282073974609375
4.8254313468933105
5.590378761291504
5.651337623596191
5.512148857116699
5.902398586273193
5.326187610626221
5.535187721252441
5.741498947143555
5.7054362297058105
5.218710422515869
4.874260425567627
4.563154697418213
1.3274551630020142
5.253385066986084
0.38322725892066956
5.634185314178467
4.880317687988281
4.8523759841918945
1.0683624744415283
5.184943199157715
5.6708664894104
5.389599323272705
5.618016719818115
5.727404594421387
5.075160503387451
4.8134918212890625
0.38777345418930054
5.726128578186035
5.562055587768555
3.6434378623962402
5.409961223602295
5.345887660980225
5.79051399230957
5.819797515869141
5.855559825897217
5.56891393661499
0.7083649039268494
5.208276271820068
1.538468837738037
5.493612289428711
5.770923614501953
4.833316802978516
5.278952121734619
1.4269572496414185
4.999540328979492
3.9099645614624023
2.1138243675231934
3.6380903720855713
5.627256870269775
5.502469062805176
5.6375226974487305
5.366095542907715
5.537444114685059
5.643411636352539
2.531327247619629
2.703488349914551
3.3594484329223633
4.9960222244262695
5.632909297943115
5.142475128173828
5.284703254699707
4.92539119720459
4.9809088706970215
2.0605196952819824
1.380017638206482
1.156619668006897
1.7804332971572876
3.406184673309326
1.18874192237854
2.1049184799194336
3.5076136589050293
3.875744581222534
1.4700467586517334
1.7484006881713867
2.161717176437378
2.2164318561553955
1.34450364112854
1.2103193998336792
3.860746383666992
1.7491462230682373
2.4561562538146973
2.309053659439087
1.6578227281570435
2.88446307182312
2.0122926235198975
2.1200528144836426
4.114598274230957
4.290514945983887
3.6409337520599365
2.631369113922119
2.4346349239349365
2.33341383934021
2.580824613571167
1.6297075748443604
1.2627410888671875
0.25814229249954224
1.5177870988845825
1.8852523565292358
1.9012473821640015
1.440880298614502
1.3156152963638306
1.432569146156311
1.5081429481506348
1.4795314073562622
0.9663978815078735
1.351531982421875
1.191281795501709
0.8680678606033325
1.0404372215270996
0.6174280047416687
1.6137607097625732
1.55145263671875
1.5578712224960327
1.165031909942627
1.4815962314605713
1.4542489051818848
0.9762939810752869
1.7754631042480469
1.383910894393921
1.7817479372024536
1.35468327999115
2.277190685272217
1.8703967332839966
1.4058946371078491
1.4321032762527466
1.6770695447921753
2.062382936477661
1.8209545612335205
1.426865577697754
1.034127950668335
1.546571135520935
1.829769253730774
1.5168458223342896
1.8038372993469238
1.5817217826843262
1.142324447631836
1.2842775583267212
1.546234130859375
0.8254370093345642
1.2096041440963745
0.45656585693359375
1.6022937297821045
1.534462809562683
2.594212770462036
1.5040308237075806
0.29355672001838684
0.8543849587440491
0.60450279712677
1.4406013488769531
4.600066184997559
2.9779200553894043
3.6428306102752686
4.100312232971191
0.3475835621356964
0.45881593227386475
1.0526487827301025
3.0023646354675293
0.49767839908599854
3.0868279933929443
3.027808666229248
3.219284772872925
1.5349981784820557
2.156320810317993
0.12453016638755798
1.8666170835494995
2.39367413520813
1.5517160892486572
1.4172428846359253
1.4700089693069458
0.9777746200561523
1.9913102388381958
1.7655292749404907
0.9852298498153687
1.918615460395813
1.7510015964508057
1.228938341140747
0.9660442471504211
1.190931797027588
0.3232881426811218
1.0213203430175781
1.0604456663131714
0.836284339427948
0.8246423602104187
0.7568046450614929
1.0179678201675415
1.8784536123275757
0.9165365099906921
1.0995458364486694
2.1177759170532227
0.8376327753067017
0.9784685969352722
1.0426747798919678
1.345285415649414
1.5099760293960571
1.521863341331482
1.089653491973877
1.0553529262542725
1.7928457260131836
1.0747829675674438
1.0885218381881714
1.680449366569519
0.6466801762580872
0.9261079430580139
0.15187861025333405
1.6079497337341309
1.8984352350234985
0.32157424092292786
0.5066490769386292
0.6042133569717407
0.5054360032081604
0.6194736361503601
0.6529806852340698
0.7316545248031616
0.6888715624809265
0.36795035004615784
0.66375333070755
1.6000993251800537
1.576228380203247
2.0985312461853027
1.0497593879699707
1.3916380405426025
0.9994430541992188
1.3482649326324463
0.6672892570495605
1.0368582010269165
0.9360901713371277
0.9724958539009094
2.127310037612915
0.7421321868896484
1.6368736028671265
0.6047908663749695
0.9588638544082642
3.0688812732696533
1.2905292510986328
1.7931276559829712
0.42398926615715027
1.9554105997085571
1.4020402431488037
5.40452241897583
1.0806034803390503
0.8652740120887756
0.8756152391433716
1.155243158340454
2.0873923301696777
0.5564993619918823
0.945288896560669
2.100959539413452
5.108341693878174
0.13361389935016632
0.47939667105674744
5.277143478393555
0.31827592849731445
4.72161865234375
2.0313308238983154
1.5054551362991333
4.93964147567749
4.542349815368652
1.2281501293182373
1.6157050132751465
0.7728293538093567
5.1374192237854
5.313901901245117
5.41480827331543
0.4367620646953583
0.7902446389198303
0.8971517086029053
1.3533663749694824
0.4771009385585785
1.0005778074264526
5.404382228851318
0.7458769679069519
0.9643580317497253
0.6718984246253967
1.858630657196045
5.439774990081787
1.6729886531829834
1.0551704168319702
0.585540235042572
5.336759567260742
0.7779185771942139
5.8608880043029785
0.15594661235809326
4.968913555145264
4.380174160003662
4.792208671569824
5.741611957550049
0.6430829167366028
3.7981925010681152
4.695889472961426
6.046389102935791
6.171187400817871
1.1307872533798218
1.7879314422607422
1.6860244274139404
0.5402853488922119
3.7297275066375732
3.6853697299957275
0.6092522740364075
0.9383891820907593
1.2655190229415894
4.000308513641357
1.5187891721725464
1.4965122938156128
0.8093170523643494
1.613543152809143
1.55032479763031
1.8204834461212158
1.341051697731018
1.3963117599487305
0.8401969075202942
0.9612471461296082
1.9847490787506104
1.4568424224853516
1.2555962800979614
2.1649563312530518
1.4775956869125366
1.9766377210617065
1.296086311340332
0.8905507922172546
0.37172943353652954
1.244328498840332
1.0929960012435913
0.7224231958389282
1.958422303199768
1.107967734336853
2.498161554336548
1.987490177154541
4.62424373626709
0.6978418827056885
1.507144808769226
1.7637757062911987
1.2370553016662598
1.1066135168075562
1.6477793455123901
3.7684264183044434
0.3044240176677704
0.8136983513832092
0.5259345769882202
5.627462863922119
5.485500335693359
1.0977985858917236
5.3569416999816895
0.8582993745803833
0.9533929228782654
2.3661949634552
4.641132831573486
1.4418104887008667
4.3750152587890625
1.3109973669052124
2.54469895362854
0.48213130235671997
1.0587292909622192
1.6023153066635132
1.5548120737075806
1.6470235586166382
0.31893616914749146
1.835992455482483
1.5817363262176514
0.46391910314559937
1.9410372972488403
0.7499521970748901
2.1341888904571533
0.6886877417564392
1.0069197416305542
0.9412416815757751
1.030202865600586
5.153698444366455
1.0265436172485352
0.7982168793678284
5.787474632263184
5.893251895904541
6.113852024078369
0.8555147051811218
0.06988250464200974
0.6488134264945984
4.8742756843566895
1.4836934804916382
0.4848829507827759
1.56462824344635
1.926200270652771
0.7401319742202759
0.6998013854026794
1.4656174182891846
1.5413216352462769
1.1928092241287231
1.0761098861694336
1.2246708869934082
1.9589909315109253
1.515459656715393
4.745946884155273
0.5846995115280151
1.6736727952957153
0.6686266660690308
1.2761380672454834
5.849586486816406
3.1723127365112305
6.052141189575195
5.159997940063477
2.3745932579040527
1.2345852851867676
1.2526342868804932
1.5051770210266113
0.648457407951355
1.5862377882003784
0.7363061904907227
1.2408933639526367
1.4573464393615723
0.6401365995407104
0.3675662577152252
1.44232177734375
0.45997974276542664
4.807711601257324
3.681694507598877
1.3636765480041504
1.110085368156433
1.3155626058578491
1.0979764461517334
0.7124705910682678
0.7889245748519897
1.86481511592865
0.9073296189308167
1.70829176902771
0.3448837995529175
4.08922815322876
5.486001014709473
2.7764241695404053
1.6156909465789795
1.1775864362716675
1.6109849214553833
1.8100950717926025
2.5085525512695312
3.7522764205932617
1.470221996307373
0.728022038936615
1.3910338878631592
2.1564507484436035
2.278491735458374
0.8600682616233826
0.8887225389480591
0.822702169418335
4.754750728607178
5.380630970001221
1.0402076244354248
1.6906424760818481
2.10219144821167
0.7327560782432556
0.8697362542152405
4.291806697845459
1.1053823232650757
1.9713058471679688
1.3917020559310913
1.7640820741653442
1.2166239023208618
0.8719235062599182
5.156243801116943
5.974133491516113
1.559602975845337
3.3437888622283936
2.1929380893707275
1.0630625486373901
0.77135169506073
1.658874273300171
1.4689185619354248
1.2387924194335938
4.079118251800537
1.2348543405532837
1.2878804206848145
1.324588656425476
1.9484702348709106
5.989230632781982
2.0568766593933105
0.9085471034049988
1.3407889604568481
0.4424186646938324
1.5136604309082031
0.34775450825691223
1.7480393648147583
1.3566529750823975
3.3550171852111816
1.9213178157806396
0.39003151655197144
0.3647128641605377
0.4763248562812805
5.927644729614258
0.3116414546966553
0.19641242921352386
5.993578910827637
1.6890617609024048
2.7879858016967773
1.2462992668151855
3.724102258682251
2.1830623149871826
4.286860942840576
1.5094952583312988
1.098924160003662
