9.876351576561311e-42
5.490452766418457
5.123228549957275
0.7454960942268372
1.3712702989578247
1.4229347705841064
1.80288565158844
0.6846573352813721
0.491594523191452
1.3571902513504028
0.8390857577323914
0.5738580822944641
1.1663899421691895
1.1548830270767212
1.1665563583374023
0.5708237290382385
5.583925247192383
0.35401442646980286
1.49191153049469
0.4386492669582367
0.6650906205177307
1.6253445148468018
0.6190165877342224
0.32238197326660156
0.6279697418212891
1.7142213582992554
0.7035226225852966
0.37307295203208923
0.2628803551197052
1.8190971612930298
0.4524308145046234
0.7950533628463745
0.6359462141990662
0.9395670890808105
1.2644561529159546
0.22475071251392365
0.45804283022880554
0.2905578911304474
0.8151324987411499
0.6748349070549011
0.3847722113132477
0.7871999740600586
5.007690906524658
4.9024224281311035
1.1800522804260254
0.92601078748703
0.5826573371887207
0.6848993897438049
1.2263001203536987
0.7720253467559814
0.4101191759109497
1.5493232011795044
0.5782884359359741
1.0114251375198364
0.20325379073619843
1.219770908355713
0.8933620452880859
0.38471749424934387
1.7722339630126953
0.14533162117004395
4.825327396392822
4.653770446777344
0.5933194160461426
0.6899971961975098
0.8113390803337097
1.2279869318008423
1.6992039680480957
0.5427421927452087
0.15005044639110565
0.47970637679100037
0.13144676387310028
0.4488520920276642
0.9548841118812561
0.9825065732002258
1.2539974451065063
0.4953759014606476
1.3818844556808472
1.8301633596420288
0.450177401304245
0.5368934273719788
1.0373088121414185
0.2941160202026367
0.8408957123756409
1.1456900835037231
0.5335061550140381
1.2708576917648315
1.7839751243591309
1.0458511114120483
0.45246610045433044
0.4851779341697693
1.1381953954696655
0.9877791404724121
0.121828094124794
0.5233441591262817
0.271079957485199
1.2386062145233154
5.7643632888793945
1.2149713039398193
0.2252659946680069
0.7778875827789307
0.6368657946586609
1.4728080034255981
0.36873361468315125
0.5890423655509949
1.3701214790344238
0.7551281452178955
0.3212988078594208
1.8151456117630005
0.3201602101325989
0.5824778079986572
1.688173532485962
0.5574176907539368
0.36443421244621277
0.5915659666061401
0.9745206236839294
0.49331724643707275
0.5906962752342224
1.2300825119018555
0.4595569968223572
1.1370905637741089
0.0575985424220562
0.3787190616130829
0.570479691028595
0.48715630173683167
0.3351376950740814
1.1355912685394287
0.6710415482521057
0.9748772382736206
1.4258434772491455
0.7452217936515808
0.6166731119155884
1.1774179935455322
0.8426710963249207
1.0198956727981567
1.2701202630996704
1.4508774280548096
0.33326825499534607
0.24020572006702423
0.5792439579963684
0.3992805778980255
1.192624807357788
0.2630622386932373
0.4493701159954071
0.22799842059612274
0.543087363243103
1.009047269821167
1.3966336250305176
1.0926806926727295
0.23355944454669952
1.2416722774505615
1.1185855865478516
0.8438157439231873
1.3287601470947266
1.4291157722473145
1.497007131576538
1.2596783638000488
0.49255895614624023
1.25302255153656
0.5511163473129272
0.5191822648048401
0.5079033374786377
0.8723910450935364
4.6690754890441895
5.0380144119262695
5.445545196533203
5.058915615081787
5.40488862991333
5.495431900024414
5.140605449676514
5.355658054351807
5.4538044929504395
5.154876708984375
5.600608825683594
5.299435615539551
5.1191534996032715
5.468915939331055
4.5647358894348145
5.772618293762207
5.985260009765625
5.5791730880737305
5.885993480682373
5.6627349853515625
6.219602108001709
5.70174503326416
5.515673637390137
6.122331142425537
5.98381233215332
5.760483741760254
5.458930969238281
5.475626468658447
5.283236980438232
5.455163955688477
5.4588541984558105
5.2745747566223145
5.032575607299805
5.1992597579956055
5.245323181152344
5.338102340698242
5.726747512817383
5.2801594734191895
5.573082447052002
5.4406256675720215
4.946609020233154
5.315059185028076
4.888424873352051
5.4665679931640625
5.840548515319824
6.0522379875183105
5.56413459777832
5.796575546264648
6.291534423828125
5.417796611785889
5.0353684425354
5.177858352661133
6.0944647789001465
5.881887435913086
5.231748580932617
5.394602298736572
5.971169471740723
6.080559253692627
6.127709865570068
5.37657356262207
6.279758930206299
5.3767313957214355
5.2933735847473145
5.366272926330566
5.073129177093506
5.428430080413818
4.763732433319092
5.225822925567627
5.162800312042236
5.40231466293335
4.680771827697754
4.558300971984863
4.936310291290283
4.470943450927734
5.015320301055908
4.504505157470703
6.290621757507324
4.991544246673584
4.994003772735596
4.513336658477783
4.921070098876953
4.507687091827393
4.827568054199219
4.541566371917725
5.732982635498047
4.546301364898682
5.506001949310303
6.234654903411865
4.652805805206299
5.02126407623291
5.207025527954102
6.168321132659912
6.331323623657227
6.22700309753418
5.943325996398926
4.838497638702393
0.5384691953659058
2.219902753829956
0.29477357864379883
0.7487362027168274
3.0684878826141357
3.4912009239196777
3.6671156883239746
3.660618305206299
4.280584812164307
4.2318115234375
4.172094345092773
0.870597243309021
2.68337082862854
1.3542436361312866
3.8950865268707275
3.854482412338257
4.451152324676514
4.283817768096924
4.229676246643066
4.265239715576172
4.181840896606445
3.732773780822754
3.9117608070373535
4.417523384094238
4.365466117858887
4.047850608825684
4.716060161590576
2.316856861114502
0.798031210899353
2.013261318206787
2.5573959350585938
3.9181461334228516
3.972684860229492
0.7442522644996643
4.285406589508057
3.7945446968078613
4.249366283416748
4.013364315032959
4.115213871002197
4.42238187789917
0.6721991300582886
0.5935150980949402
3.85384464263916
4.529170989990234
3.930446147918701
4.6839118003845215
1.2790732383728027
4.341041564941406
4.649738311767578
0.6917665004730225
3.8892934322357178
4.374521732330322
1.8769488334655762
3.6809909343719482
0.4657363295555115
4.270223140716553
3.7110607624053955
4.423187255859375
4.502123832702637
4.295742034912109
4.26594877243042
4.26188850402832
3.7357420921325684
4.1520280838012695
4.484330654144287
4.1367669105529785
4.470426082611084
3.693241596221924
4.163086891174316
3.95587158203125
3.869208812713623
4.235899925231934
4.143159866333008
3.864441394805908
4.104092121124268
4.175349235534668
3.2515201568603516
2.9946908950805664
1.6899998188018799
0.7492897510528564
0.2968024015426636
0.3458077907562256
0.4796561598777771
1.2655236721038818
0.7742112874984741
2.3984482288360596
0.4876227080821991
3.5635645389556885
2.5646533966064453
0.543799102306366
3.125514507293701
2.414613962173462
1.149072527885437
4.250094890594482
4.013248443603516
4.01048469543457
2.6994738578796387
1.9777499437332153
1.2309337854385376
2.6617133617401123
0.7767302393913269
1.6184566020965576
2.4754409790039062
3.9042656421661377
4.098825931549072
0.4511953294277191
0.21320416033267975
3.9593098163604736
1.8724521398544312
3.5567758083343506
1.0433868169784546
3.783536672592163
2.4871633052825928
3.1587905883789062
4.118413925170898
0.7311224937438965
0.1774425208568573
2.6728057861328125
1.959330439567566
0.15992861986160278
2.8399085998535156
2.409485340118408
4.086225509643555
3.062614679336548
3.735267162322998
0.43964657187461853
0.44092318415641785
2.931636333465576
2.7831597328186035
3.5864531993865967
3.746248960494995
0.700954020023346
3.553730010986328
3.5438947677612305
1.0121484994888306
3.7664554119110107
3.2631912231445312
0.8043148517608643
1.2524751424789429
3.3416683673858643
1.3247764110565186
0.993557870388031
2.8842103481292725
3.4791338443756104
1.9896231889724731
2.1570446491241455
2.2378718852996826
0.7096064686775208
1.2385309934616089
2.2903552055358887
3.5494890213012695
1.0001511573791504
0.9800379276275635
3.2832283973693848
1.9410922527313232
0.5816497802734375
3.2640092372894287
3.449167013168335
0.7896155714988708
2.4076032638549805
1.5969642400741577
1.1387627124786377
1.2283811569213867
2.5025100708007812
2.167327404022217
0.8670073747634888
0.6632515788078308
0.7659244537353516
1.2729991674423218
0.8115309476852417
0.1878034919500351
0.5312517285346985
0.44084450602531433
0.6833370327949524
0.4964512884616852
0.09116271883249283
0.19486351311206818
2.9369003772735596
1.567813515663147
1.215386152267456
4.256855487823486
4.69312858581543
4.981960773468018
4.978884696960449
5.034297943115234
5.409692764282227
4.436697483062744
4.032822608947754
0.4362083673477173
4.944174766540527
4.661324977874756
5.195209503173828
4.274873733520508
4.036087512969971
1.3534657955169678
5.026326656341553
4.8261332511901855
4.660149574279785
4.826849460601807
4.827633857727051
4.802706241607666
4.761046409606934
4.941214561462402
4.594551086425781
4.913308143615723
4.043495178222656
4.800454139709473
4.181783199310303
3.7098569869995117
3.8864543437957764
4.3565144538879395
4.652252674102783
4.521687984466553
4.609243392944336
3.3876633644104004
2.6780240535736084
1.755530834197998
2.3009836673736572
0.4839784801006317
4.368780136108398
4.162030220031738
4.563024520874023
4.679115295410156
4.11368989944458
0.4261558949947357
5.068167209625244
0.8686652183532715
3.6441335678100586
5.163817405700684
4.651338577270508
4.628807544708252
5.739407539367676
1.1026002168655396
5.78364372253418
6.0611958503723145
4.806214809417725
4.744497776031494
5.145919322967529
5.4195780754089355
5.177292346954346
1.7088745832443237
5.40158224105835
5.9665045738220215
6.01217794418335
4.180930137634277
0.3397183120250702
4.468208312988281
4.375770092010498
4.2358245849609375
4.345824718475342
4.520559787750244
5.471866130828857
4.8586812019348145
5.151267051696777
5.298696994781494
5.3616414070129395
4.839039325714111
5.3620147705078125
4.37041711807251
0.44187161326408386
4.264138221740723
0.2821027934551239
5.634334564208984
5.12401819229126
6.126734733581543
0.27424782514572144
4.151853561401367
5.481743812561035
4.888193130493164
5.191192150115967
5.8626708984375
5.435544013977051
5.640639781951904
0.29504525661468506
5.495820999145508
4.364448070526123
2.8543496131896973
5.04695987701416
5.909159183502197
5.422646999359131
5.280559062957764
5.204720497131348
5.398137092590332
0.631191611289978
5.168172836303711
1.116899013519287
4.372267723083496
5.133904933929443
5.38659143447876
4.4188008308410645
1.1644490957260132
5.1451945304870605
3.2598555088043213
1.1960861682891846
3.0923402309417725
5.957372665405273
4.883657455444336
5.082813262939453
5.188915729522705
5.684505939483643
6.08534574508667
1.6840999126434326
1.8450437784194946
2.6967732906341553
4.924339771270752
6.04005241394043
5.616820335388184
5.295706272125244
4.897463798522949
4.742025375366211
0.9499906301498413
0.5173582434654236
1.519121766090393
1.5669801235198975
0.8360339999198914
2.2697908878326416
1.385291576385498
1.6487284898757935
2.535921812057495
0.16416442394256592
1.6024754047393799
1.180023193359375
1.9487152099609375
0.5128669738769531
0.7097213268280029
2.04414439201355
1.4005658626556396
1.26765775680542
1.589591145515442
1.1854008436203003
5.947087287902832
2.512655735015869
4.737945079803467
2.9744973182678223
3.3998656272888184
4.086174488067627
5.720290660858154
6.002683162689209
1.2456436157226562
4.234439373016357
2.074463129043579
1.1536400318145752
1.2824842929840088
1.308333158493042
1.979066252708435
2.0215635299682617
0.8484494686126709
1.4384512901306152
1.0066015720367432
1.9276736974716187
1.4811288118362427
0.7760962843894958
1.7264432907104492
1.722464919090271
1.0893326997756958
0.7871299386024475
0.7275477647781372
1.614556908607483
0.46138298511505127
1.0058602094650269
0.9617025852203369
0.9095531105995178
2.2019660472869873
0.8917629718780518
1.6036365032196045
1.8061087131500244
1.2778666019439697
0.8244637250900269
1.4550460577011108
0.9425013065338135
1.3999804258346558
0.9742749929428101
0.2388198971748352
0.29526805877685547
1.1035939455032349
1.2552872896194458
1.0724865198135376
1.5708330869674683
1.1122291088104248
1.0520579814910889
1.047267198562622
0.20326365530490875
0.8257197141647339
0.5704312920570374
1.1291450262069702
0.35269224643707275
2.359389305114746
2.177278757095337
0.5898561477661133
0.48857706785202026
1.465221643447876
1.0483014583587646
1.6760064363479614
1.4345221519470215
2.115300178527832
1.9503694772720337
2.562619924545288
1.6706899404525757
4.454137325286865
3.3926682472229004
1.648059368133545
1.0501346588134766
1.6702605485916138
2.235137939453125
1.6112298965454102
2.172701120376587
1.6254054307937622
1.8302870988845825
1.318718433380127
1.579913854598999
2.105963945388794
0.5727024078369141
1.0494040250778198
0.9269052147865295
0.764710009098053
0.6636999249458313
0.2528657913208008
1.208640456199646
0.8894094228744507
0.3085211515426636
1.0604108572006226
2.4618513584136963
0.831708550453186
1.4951245784759521
1.1357158422470093
1.151460886001587
1.7298129796981812
1.2118339538574219
1.5585538148880005
1.390015959739685
1.8473222255706787
1.0662527084350586
1.0413074493408203
0.9314060211181641
1.7016547918319702
4.299027919769287
1.053144097328186
0.9339079856872559
2.636610746383667
1.5365326404571533
1.5267183780670166
1.0137395858764648
1.2105578184127808
1.3305635452270508
1.867550253868103
1.4769755601882935
1.555695652961731
1.880478858947754
0.8617770671844482
1.437251329421997
0.9054470658302307
1.4173667430877686
1.7787858247756958
1.1122512817382812
0.43206802010536194
1.0356783866882324
1.538118600845337
0.122796431183815
1.5524321794509888
1.2241120338439941
0.35865703225135803
2.1907243728637695
0.2778468132019043
2.0054690837860107
1.550825834274292
1.818305253982544
0.6349375247955322
1.2348850965499878
0.4189091622829437
0.6987369060516357
1.622674822807312
1.1463111639022827
0.498395711183548
0.7309852242469788
1.6142433881759644
0.5123398900032043
1.2663683891296387
0.4455540180206299
0.895789384841919
2.2745158672332764
0.49785053730010986
1.086295247077942
0.4270358681678772
0.9872351884841919
0.04644235968589783
5.552799701690674
1.3342441320419312
0.43195512890815735
0.7978390455245972
1.2766228914260864
2.0076346397399902
0.8212993144989014
0.6444779634475708
1.8728983402252197
5.4108500480651855
0.5210864543914795
0.34905388951301575
5.716995716094971
1.0399274826049805
4.346397399902344
2.026611089706421
2.3863112926483154
4.419683456420898
4.026050567626953
0.6607691645622253
1.4507678747177124
0.35262060165405273
4.508753299713135
4.7224836349487305
5.441971302032471
1.420422077178955
1.034279227256775
0.7053782343864441
1.2321223020553589
0.9723598957061768
2.3461384773254395
5.187001705169678
0.6144815683364868
0.9193969368934631
1.8288180828094482
1.6639130115509033
4.880847454071045
1.9809967279434204
1.4867303371429443
0.4549783170223236
5.182779788970947
0.4560468792915344
5.9817352294921875
0.5850147008895874
4.798013210296631
4.51170539855957
4.5226616859436035
5.090462684631348
1.5306780338287354
3.78067946434021
4.201200485229492
5.544994354248047
6.364293575286865
2.361567735671997
1.4496997594833374
0.3734881281852722
1.9585826396942139
2.411417245864868
2.536381721496582
0.8401196599006653
1.0991897583007812
1.9159601926803589
2.8690927028656006
1.879725456237793
0.8492551445960999
3.2957053184509277
0.27190709114074707
0.8769581913948059
1.0129790306091309
0.4408196806907654
1.56229567527771
1.128159761428833
1.7896429300308228
0.9958113431930542
1.1485180854797363
0.9271080493927002
3.088902473449707
1.5540013313293457
2.000737190246582
1.3423346281051636
2.006796360015869
0.9545994997024536
0.706200897693634
1.7437928915023804
0.8455062508583069
1.3667948246002197
0.43365129828453064
2.7742247581481934
1.5096650123596191
4.113873481750488
0.6515507102012634
1.5343568325042725
2.1891205310821533
1.7721012830734253
1.0350860357284546
1.237541675567627
3.5230534076690674
0.14199259877204895
0.6559366583824158
0.5306146740913391
5.0191650390625
4.879338264465332
1.4499635696411133
4.671124458312988
2.670428991317749
1.8282058238983154
1.6158422231674194
2.4509823322296143
0.09785901010036469
2.632931709289551
2.2345378398895264
1.091623067855835
2.2897801399230957
1.7111984491348267
1.3511905670166016
0.22361721098423004
2.152198553085327
1.0823723077774048
1.4843612909317017
1.369641661643982
1.9614380598068237
1.1166009902954102
0.1303144246339798
1.9269413948059082
0.31829890608787537
0.9680646657943726
1.1599786281585693
1.3793967962265015
4.998824119567871
0.6672723889350891
0.806004524230957
5.1819682121276855
5.120429515838623
6.347482204437256
1.8788659572601318
1.2202683687210083
1.3547323942184448
2.6845433712005615
1.657575249671936
1.49652898311615
1.185380458831787
2.3995234966278076
0.9466056227684021
1.8520152568817139
1.932896375656128
1.024400234222412
1.3714263439178467
1.1696183681488037
0.32139962911605835
1.3439620733261108
1.5871362686157227
4.237908840179443
0.7714865207672119
1.4259883165359497
0.6671847701072693
2.8171093463897705
5.563779830932617
3.4099764823913574
6.357437610626221
2.3553967475891113
1.3018670082092285
2.438709259033203
0.05681241303682327
2.1944446563720703
1.3249833583831787
1.5938421487808228
1.264451026916504
1.2254443168640137
0.4944725036621094
0.17601464688777924
0.6747748851776123
0.9229203462600708
2.6958720684051514
2.0113351345062256
1.7047251462936401
1.319603443145752
2.158709764480591
1.6878063678741455
1.6858524084091187
1.9026715755462646
1.7529188394546509
1.829238772392273
0.23428185284137726
0.75741046667099
1.0502910614013672
3.914421558380127
5.004310607910156
1.622556209564209
1.2844715118408203
1.2423866987228394
1.7754452228546143
1.0879346132278442
1.5348126888275146
2.1268274784088135
1.343190312385559
1.6431158781051636
1.0565474033355713
1.556695580482483
2.249591827392578
0.9449449181556702
2.7956714630126953
1.752986192703247
4.649172782897949
4.9481658935546875
1.4934731721878052
1.6063257455825806
1.3503726720809937
1.8822550773620605
1.6734322309494019
3.9397733211517334
0.5220128297805786
1.6357311010360718
0.6837517619132996
1.9094336032867432
3.0295350551605225
1.3153862953186035
4.717389106750488
5.9401774406433105
2.2115793228149414
2.5965490341186523
3.0252959728240967
2.154423952102661
3.56908917427063
1.3259512186050415
0.9812586307525635
1.8901852369308472
2.4581496715545654
0.9244517683982849
1.5255963802337646
2.8175578117370605
2.676891803741455
6.310601711273193
1.2335599660873413
0.876200258731842
1.4959923028945923
1.0574939250946045
0.2452893853187561
0.5249961614608765
1.5027865171432495
0.9648700952529907
2.734750986099243
1.3899272680282593
1.1400750875473022
0.5069290995597839
1.0715062618255615
6.309855937957764
1.140561819076538
1.402583360671997
6.39044713973999
0.2752460539340973
1.603403091430664
1.0554790496826172
3.3412692546844482
1.0024652481079102
3.7666659355163574
1.8493657112121582
0.528849184513092
