9.876351576561311e-42
5.857616424560547
5.940972328186035
1.9441131353378296
1.3701329231262207
1.9042878150939941
1.82687246799469
1.5455701351165771
2.111781597137451
1.784483790397644
2.328350067138672
0.8690441250801086
1.8855538368225098
0.5915447473526001
0.9979920387268066
0.8189050555229187
5.2432146072387695
1.2971198558807373
1.079877495765686
0.620953381061554
1.5573254823684692
1.4309359788894653
0.7362721562385559
1.177445650100708
0.49333783984184265
1.5568573474884033
1.7222869396209717
0.042637746781110764
0.9405785799026489
1.5837113857269287
1.2354493141174316
0.6282013058662415
1.1627588272094727
1.2713009119033813
1.1239644289016724
0.6636124849319458
1.4363349676132202
1.7898645401000977
1.5156724452972412
1.2470731735229492
1.6684701442718506
1.0259572267532349
5.5541090965271
5.933701038360596
2.0079002380371094
1.0942294597625732
2.184499740600586
1.3607491254806519
1.0136364698410034
0.8512090444564819
1.4577624797821045
0.8653134107589722
0.8612639307975769
1.2904385328292847
1.1119402647018433
0.8733256459236145
0.2608727514743805
0.6396356821060181
1.325264811515808
0.6719891428947449
5.7312421798706055
5.911409854888916
1.7728062868118286
1.6263606548309326
0.6556605696678162
1.2895643711090088
0.35558006167411804
0.6262078285217285
0.7437430620193481
0.5855255126953125
0.8387598395347595
1.3769757747650146
1.9894826412200928
1.7115789651870728
1.77122962474823
1.8684089183807373
1.2173402309417725
0.8320543169975281
1.1155132055282593
2.2090511322021484
1.3045157194137573
1.348246693611145
1.3157424926757812
0.9256250262260437
2.1303281784057617
1.206953525543213
1.795170545578003
1.6726365089416504
0.3857598900794983
1.0003046989440918
1.392731785774231
1.6185994148254395
1.3893545866012573
1.4096741676330566
1.2387436628341675
1.4329890012741089
4.947954177856445
0.7023350596427917
0.8065599799156189
1.6560039520263672
1.756754994392395
1.5363577604293823
0.30372801423072815
1.5869085788726807
1.9071303606033325
0.8928013443946838
1.9589288234710693
0.9720799922943115
0.835293710231781
1.548864483833313
1.1487541198730469
0.7182128429412842
1.0616412162780762
1.6230804920196533
1.0982033014297485
0.9571852087974548
0.6866735219955444
1.6837595701217651
1.0409506559371948
0.5643393993377686
1.0529948472976685
1.1053576469421387
0.7332713603973389
0.8273571729660034
1.0492115020751953
1.1764787435531616
0.9606754183769226
1.5794719457626343
0.43021947145462036
0.5414103269577026
2.0524985790252686
1.273742437362671
1.6205406188964844
1.1266714334487915
1.121366024017334
1.0535237789154053
2.0364317893981934
2.1633036136627197
2.0545599460601807
1.5896013975143433
2.03760027885437
2.057624101638794
1.801476001739502
0.3836550712585449
0.881218433380127
0.48217669129371643
1.050320029258728
0.8973398804664612
1.199778437614441
1.4666048288345337
1.37838613986969
1.5522665977478027
1.8994176387786865
2.2042694091796875
1.6746551990509033
2.6915225982666016
1.3570548295974731
1.2668204307556152
1.5986855030059814
1.3527086973190308
1.4278419017791748
1.921561598777771
5.049690246582031
5.3156514167785645
6.416867256164551
5.132351875305176
6.160116672515869
5.887540817260742
4.8481011390686035
6.269009113311768
5.41790246963501
6.079867362976074
6.991502285003662
6.832958698272705
6.682071685791016
7.189335823059082
6.776986122131348
6.784365177154541
6.681278228759766
7.1152520179748535
6.177955627441406
7.306718349456787
6.701510906219482
6.059755802154541
5.841518402099609
6.800411224365234
6.639946460723877
6.487926959991455
5.9410223960876465
6.116570472717285
6.566462516784668
5.8346405029296875
6.705201148986816
5.934035778045654
6.36079740524292
6.166798114776611
5.479124546051025
5.64488410949707
6.367423057556152
5.188442230224609
5.957294940948486
6.358015537261963
6.630167484283447
6.972006320953369
7.037068843841553
7.026183605194092
6.767960548400879
6.414056301116943
7.1006178855896
6.257115364074707
6.778377532958984
5.879486083984375
6.325510025024414
6.935675621032715
6.740039348602295
6.771543025970459
5.4377946853637695
6.185319423675537
6.416304111480713
6.514955520629883
6.55501651763916
6.311030387878418
6.721171855926514
5.99630880355835
6.234142780303955
6.374209403991699
6.718923091888428
6.200366497039795
6.255967140197754
6.642229080200195
6.5010576248168945
6.167576789855957
6.482684135437012
6.631515979766846
6.06351375579834
6.515073299407959
6.196009635925293
6.795116901397705
6.7137770652771
6.691591262817383
6.761622428894043
6.552080154418945
6.594733715057373
6.638831615447998
6.717138290405273
6.862704753875732
6.830208778381348
6.991548538208008
6.7294745445251465
6.880909442901611
7.104113578796387
7.187073230743408
7.1207685470581055
6.948028564453125
6.853190898895264
6.68408727645874
6.85031270980835
6.561465740203857
1.4610894918441772
0.8122056126594543
3.616521120071411
1.82524573802948
3.3382668495178223
4.660123825073242
3.373884677886963
3.9863977432250977
4.571387767791748
4.847466945648193
3.465758800506592
2.104440212249756
4.075151443481445
1.8767215013504028
3.257018804550171
4.447751998901367
4.4266581535339355
4.025664329528809
4.037357807159424
4.576785564422607
3.6980416774749756
2.1656856536865234
3.604384422302246
4.707626819610596
4.040400505065918
3.7185146808624268
4.434743881225586
0.4182266294956207
3.511768341064453
1.0633853673934937
2.6981875896453857
3.775298833847046
3.8683276176452637
1.5079941749572754
4.517160415649414
3.2862470149993896
3.7488045692443848
3.7807016372680664
3.363528251647949
3.9216458797454834
2.755181074142456
1.7137277126312256
3.625300645828247
4.1930694580078125
3.4063034057617188
4.614288330078125
0.5137848854064941
4.372568607330322
4.883166313171387
2.22943115234375
3.531212091445923
4.412673473358154
0.580036461353302
3.898826837539673
3.203272819519043
3.5947368144989014
4.38918924331665
4.08685827255249
5.196905612945557
3.4082303047180176
3.7786619663238525
3.7426342964172363
3.5577566623687744
3.5505497455596924
4.19822359085083
3.2636921405792236
3.1035330295562744
3.921426773071289
3.8458011150360107
3.9408516883850098
3.977540969848633
4.336580276489258
3.721782922744751
3.416558265686035
3.5715343952178955
3.634559392929077
4.792508602142334
3.89450740814209
2.187539577484131
1.714615821838379
2.7977654933929443
2.9685604572296143
2.0008583068847656
0.7671732902526855
1.3825349807739258
0.9374052286148071
2.016387939453125
3.051945924758911
3.156348943710327
1.0795183181762695
1.7520241737365723
0.38862961530685425
3.0377511978149414
3.201453685760498
3.629138469696045
1.494127869606018
0.567710816860199
0.60987788438797
2.45088267326355
3.1482481956481934
1.6286650896072388
1.924039363861084
1.5397814512252808
3.545718193054199
4.083773136138916
2.7970333099365234
1.1610465049743652
4.975529670715332
3.0200586318969727
2.266645908355713
1.6750956773757935
2.326596736907959
1.1884410381317139
0.9261948466300964
3.3288116455078125
1.5604491233825684
1.2905824184417725
1.9538850784301758
2.2013981342315674
1.4463598728179932
3.188507318496704
2.6062920093536377
3.0221991539001465
1.000941276550293
3.8145644664764404
2.051226854324341
2.285050868988037
0.5965916514396667
3.1250879764556885
3.767768144607544
3.6803102493286133
3.694060802459717
1.695586919784546
2.7403945922851562
2.009153366088867
1.222726821899414
2.9460787773132324
3.2269372940063477
3.0342319011688232
0.2882451117038727
2.7554309368133545
2.2838985919952393
1.6880590915679932
3.402484655380249
1.1031146049499512
1.6539431810379028
2.9639945030212402
1.641679048538208
0.4546501636505127
1.356268048286438
2.437164545059204
2.600956916809082
1.555558204650879
1.6267571449279785
2.164123058319092
1.235153079032898
3.489572286605835
3.2148990631103516
2.0502407550811768
0.9442909955978394
0.6124842762947083
0.9174386858940125
0.9479430913925171
1.3781583309173584
1.90413236618042
2.587731122970581
1.8286669254302979
1.2043637037277222
2.4854042530059814
1.78123140335083
1.800915002822876
1.9928652048110962
2.663390636444092
1.860459327697754
1.888397216796875
1.304713249206543
2.055741786956787
4.283308029174805
2.3607070446014404
2.3289732933044434
3.126433849334717
3.777791738510132
4.767206192016602
5.415798187255859
5.249248504638672
6.23653507232666
6.906430721282959
4.896691799163818
1.5714553594589233
4.411253452301025
5.050155162811279
6.013112545013428
6.601877689361572
5.122830390930176
3.3714358806610107
4.422929286956787
5.569761276245117
6.284193515777588
4.063772678375244
6.435437202453613
4.180233001708984
4.884991645812988
6.255743026733398
6.375911235809326
5.843626499176025
3.4725773334503174
4.67028284072876
4.067997932434082
3.621408224105835
4.2730712890625
3.5040218830108643
3.825807809829712
4.915926933288574
4.937732219696045
3.9251644611358643
3.7237439155578613
5.309438228607178
5.820129871368408
1.5794475078582764
6.5314621925354
7.2502946853637695
5.920189380645752
6.960046768188477
7.068704605102539
0.3655882477760315
7.262123107910156
0.16260427236557007
5.990569114685059
7.18011999130249
6.486853122711182
5.980715751647949
6.5925679206848145
2.7212395668029785
6.509303569793701
6.387385368347168
5.677451133728027
5.7346062660217285
5.517189025878906
5.987130165100098
7.03504753112793
4.7479329109191895
6.840094089508057
6.5036845207214355
5.738960266113281
6.875927448272705
0.9811258912086487
6.873328685760498
5.78070592880249
7.64387321472168
7.3318257331848145
6.253569602966309
6.4821391105651855
6.097643852233887
6.802705764770508
5.990431308746338
5.523022651672363
6.063567638397217
6.24306058883667
6.331590175628662
1.472612977027893
6.378626823425293
0.4138997197151184
6.018839359283447
6.013230323791504
5.888922214508057
1.8528838157653809
6.296573162078857
7.170231819152832
5.960497856140137
6.803443908691406
6.119561195373535
5.714844703674316
5.877574920654297
0.44988521933555603
7.283581733703613
6.775565147399902
6.2543463706970215
7.087998867034912
5.220013618469238
6.846624851226807
6.862151145935059
6.39697790145874
5.992704391479492
1.4674443006515503
6.458383560180664
4.606203556060791
6.3738555908203125
6.6742095947265625
5.708037376403809
6.34428071975708
3.5046510696411133
5.247992992401123
6.109157085418701
3.626819610595703
4.719958305358887
6.743533611297607
7.087958335876465
5.388219833374023
5.518360614776611
5.400796413421631
5.267388343811035
5.136556148529053
3.978039503097534
5.436288356781006
6.668127536773682
5.642020225524902
5.001577854156494
6.012723445892334
5.322574138641357
5.766439437866211
3.9961390495300293
1.5621906518936157
0.792945384979248
2.6644957065582275
0.9143726229667664
0.9662770628929138
1.512513518333435
1.5096975564956665
1.8646773099899292
1.7763128280639648
1.4932416677474976
1.4736294746398926
0.9829673171043396
1.363346815109253
1.067399024963379
1.420684814453125
1.9165730476379395
2.861100673675537
1.8577368259429932
0.925916850566864
2.2277822494506836
1.356000542640686
3.9809226989746094
1.1447827816009521
1.420349359512329
1.1199851036071777
3.6370396614074707
3.0803961753845215
3.790412187576294
4.91980504989624
1.454239845275879
1.9321177005767822
0.9692095518112183
2.3406426906585693
2.482304096221924
2.7755279541015625
1.1942743062973022
1.5371290445327759
1.193178653717041
1.0652018785476685
0.8570615649223328
1.2979851961135864
1.7643054723739624
1.453414797782898
1.7158507108688354
1.055709719657898
1.3675715923309326
1.7528096437454224
1.0352164506912231
1.5884870290756226
1.6945676803588867
1.5448633432388306
2.3294498920440674
0.3838210105895996
0.9306960701942444
0.7193160057067871
1.7272931337356567
1.8131405115127563
3.05580472946167
1.4569756984710693
1.6531249284744263
0.4310610592365265
1.4694985151290894
2.836934804916382
2.8006229400634766
2.6051278114318848
0.530725359916687
0.8731916546821594
0.9412127137184143
1.2007616758346558
1.3740700483322144
0.4014218747615814
1.0801455974578857
0.7709667086601257
1.2272077798843384
1.3703291416168213
1.137211799621582
0.6111592650413513
1.7138592004776
0.3878265917301178
2.7795655727386475
1.0491760969161987
1.434417724609375
2.5662851333618164
1.072786569595337
2.8060853481292725
2.7045013904571533
1.7134904861450195
1.4468330144882202
1.625677227973938
1.308351993560791
1.7999553680419922
0.782058596611023
2.2739810943603516
0.6573784947395325
2.6230695247650146
2.712394952774048
1.9122614860534668
2.0133190155029297
1.4510290622711182
0.489633172750473
2.3845958709716797
2.3698620796203613
1.7428580522537231
2.275944948196411
1.3738927841186523
1.8069385290145874
2.2260706424713135
2.5936503410339355
1.703012466430664
2.4886317253112793
1.7580382823944092
0.7564009428024292
1.8778338432312012
1.08760404586792
0.27226871252059937
1.29869544506073
1.6876006126403809
1.0534056425094604
0.5444070100784302
1.2539128065109253
1.591939091682434
1.6118254661560059
1.145541787147522
0.7511359453201294
0.8721964955329895
1.6008888483047485
1.027571678161621
0.19000749289989471
1.753517508506775
1.3247628211975098
0.8174119591712952
0.6875312328338623
0.5281615853309631
1.3597729206085205
2.4403624534606934
2.39048171043396
0.24535062909126282
0.08393145352602005
1.2099106311798096
0.7505643963813782
2.0717897415161133
0.6252446174621582
0.5853756666183472
0.6749202013015747
1.4992531538009644
2.1709823608398438
0.7758275270462036
0.7397626638412476
0.673110842704773
1.0366675853729248
0.5446465611457825
1.6765053272247314
1.5322215557098389
1.8721102476119995
2.868795156478882
0.638290524482727
1.8237847089767456
1.361196517944336
1.6974637508392334
0.5117331743240356
0.9803993701934814
1.2337830066680908
1.3185611963272095
3.5150156021118164
0.2675289511680603
1.6743013858795166
0.9150134921073914
0.20131433010101318
4.363664627075195
0.8947425484657288
1.485793113708496
1.28932523727417
1.5931000709533691
1.8692584037780762
6.613000869750977
1.2432162761688232
2.914262533187866
0.8914825916290283
1.6470692157745361
0.9965948462486267
0.6134719252586365
0.6843509078025818
0.728352427482605
5.989062309265137
0.6186380982398987
1.0137561559677124
5.855984687805176
0.30002450942993164
5.575596332550049
1.309861183166504
0.7361345887184143
5.9339704513549805
5.670608043670654
0.9669579267501831
1.325638771057129
1.360002875328064
4.622959136962891
4.637598991394043
4.679329872131348
1.2511565685272217
1.0630940198898315
1.0451287031173706
0.842567503452301
1.4168386459350586
0.46297502517700195
4.567837715148926
1.0509389638900757
1.0547537803649902
1.1728137731552124
1.6085206270217896
4.079802513122559
1.0609006881713867
1.1779507398605347
0.646553635597229
2.643916606903076
0.45899540185928345
4.208465576171875
0.21519982814788818
2.0154213905334473
1.3669935464859009
2.420158863067627
3.225597381591797
0.8429968953132629
2.1658785343170166
2.974229097366333
3.1751558780670166
3.0003883838653564
0.5097598433494568
2.0091357231140137
0.77752685546875
1.160976767539978
2.7679378986358643
1.3328410387039185
2.6894659996032715
0.40887153148651123
1.4919406175613403
2.3247392177581787
1.8302654027938843
1.0892552137374878
0.8090315461158752
1.3279542922973633
2.011347532272339
3.779575824737549
1.6984117031097412
2.130290985107422
0.7544603943824768
0.8098563551902771
2.4889087677001953
0.236943319439888
1.23197340965271
1.7750881910324097
0.24284327030181885
1.0471091270446777
1.100257158279419
0.9252129793167114
0.8676272630691528
2.2027876377105713
0.8337782621383667
1.9683802127838135
1.8708043098449707
1.444031000137329
2.7463603019714355
0.9811062812805176
6.419656276702881
1.068580150604248
1.051368236541748
0.7045013308525085
0.19414052367210388
1.7971564531326294
1.809000849723816
2.025007724761963
0.8398491740226746
1.3147602081298828
0.7846871018409729
3.4198548793792725
3.600736141204834
0.42731156945228577
3.5565288066864014
1.0716042518615723
3.1432268619537354
2.5671446323394775
0.9011807441711426
1.7651838064193726
0.9809113144874573
1.2412222623825073
2.7619271278381348
0.31649819016456604
1.8377039432525635
2.233123302459717
1.981504201889038
2.0904595851898193
0.4035518765449524
0.9763149619102478
1.3500467538833618
1.3550208806991577
2.271371364593506
1.1099436283111572
1.8333488702774048
1.7987897396087646
1.3789297342300415
0.15553829073905945
1.6472595930099487
6.117793560028076
1.0258992910385132
0.6893469095230103
3.795926094055176
3.673027753829956
3.759615182876587
2.231403112411499
1.6523263454437256
1.563172459602356
2.5147392749786377
2.1320815086364746
0.5507827997207642
2.2982046604156494
2.223029851913452
1.1954134702682495
1.3596454858779907
1.4657381772994995
0.7313019633293152
0.4357377588748932
2.9098567962646484
1.145544409751892
2.3334383964538574
1.4138227701187134
6.24615478515625
0.8089110255241394
1.0705174207687378
1.303062081336975
0.6774362325668335
4.127287864685059
2.261362314224243
3.900799512863159
2.8924694061279297
2.524183511734009
0.6012207865715027
2.1551334857940674
1.793617844581604
0.4773867726325989
1.2362581491470337
0.8262156844139099
0.5880576372146606
1.3913096189498901
1.3957010507583618
1.2033601999282837
1.831883192062378
0.7162806987762451
2.395639181137085
2.450040578842163
1.1826180219650269
0.2716626524925232
2.507692337036133
1.554203987121582
0.6283873319625854
0.5777171850204468
0.9322621822357178
1.730928659439087
3.37007999420166
1.3825465440750122
2.452863931655884
3.0963375568389893
2.3337035179138184
1.2839044332504272
0.7602444291114807
0.8716563582420349
3.59108567237854
2.607452869415283
2.0952913761138916
2.0310564041137695
0.5489348769187927
0.9239479899406433
2.9264488220214844
0.3429543972015381
1.4745179414749146
1.2715082168579102
0.11116436123847961
2.572714328765869
2.5130844116210938
2.5918686389923096
0.7911329865455627
1.7724199295043945
2.169778347015381
0.6846023201942444
2.384981393814087
1.5215915441513062
0.7487921118736267
1.893320083618164
0.649551272392273
0.8187925815582275
0.7907419204711914
2.8776192665100098
3.9599130153656006
2.3067948818206787
4.113434314727783
0.8270948529243469
0.4345915913581848
3.2387290000915527
1.6101402044296265
1.6281565427780151
2.1122984886169434
1.944730281829834
1.36336350440979
0.9553784132003784
3.439631223678589
3.7762670516967773
4.302701950073242
1.543446660041809
0.8910244107246399
0.6845868229866028
0.38751742243766785
1.791776418685913
0.5068551898002625
2.505070686340332
1.520058035850525
4.070786952972412
2.1431126594543457
1.9827414751052856
0.04066130518913269
1.9753750562667847
4.132427215576172
0.5157862901687622
2.234247922897339
3.924957275390625
0.4440813958644867
1.3866255283355713
1.702283501625061
5.602700710296631
1.6801767349243164
5.293483257293701
1.0559629201889038
1.26851224899292
