9.876351576561311e-42
2.3102760314941406
0.9258238673210144
1.7754851579666138
3.0445749759674072
2.271575927734375
3.0691421031951904
2.0690512657165527
1.8221515417099
1.8359135389328003
1.7305914163589478
1.546267032623291
1.1988707780838013
2.778902769088745
1.8489136695861816
0.2835131883621216
3.796128749847412
1.2532910108566284
3.6226494312286377
1.2064865827560425
2.1954290866851807
4.030429363250732
1.135270118713379
0.9193695783615112
2.7944846153259277
3.6455771923065186
4.051922798156738
3.5952565670013428
3.668907880783081
3.020745277404785
3.9359798431396484
3.57807993888855
2.864710807800293
3.2005679607391357
2.3483023643493652
4.258599758148193
3.868602991104126
3.9848058223724365
2.67875075340271
3.918471336364746
4.11478853225708
4.5084757804870605
1.451511263847351
1.7465964555740356
0.5211193561553955
1.8562813997268677
1.5073171854019165
1.2624777555465698
2.2549898624420166
1.3152713775634766
1.7260867357254028
3.395724058151245
0.18457381427288055
4.056699275970459
1.389080286026001
2.2785849571228027
3.371065378189087
3.8234570026397705
2.8731327056884766
4.185201168060303
1.4362326860427856
2.6182878017425537
1.6596465110778809
0.8085134625434875
1.6080244779586792
2.2429351806640625
4.055055618286133
0.7070008516311646
1.10312020778656
3.281984567642212
4.023581027984619
4.419916152954102
1.5743743181228638
1.9786348342895508
2.2392730712890625
1.1922550201416016
2.7585599422454834
4.0253496170043945
1.1614385843276978
2.9443063735961914
3.3988091945648193
4.13657283782959
1.6151443719863892
1.9291090965270996
0.42625847458839417
3.121332883834839
3.7708334922790527
4.017260551452637
0.8899311423301697
3.7031090259552
1.4649027585983276
2.2890214920043945
3.8879570960998535
1.1043601036071777
4.108018398284912
1.729233980178833
3.8508105278015137
3.2859861850738525
4.018912315368652
1.5501940250396729
0.6142807006835938
3.70159649848938
4.196405410766602
4.115905284881592
2.1513445377349854
1.368030071258545
1.2888907194137573
3.478476047515869
3.970255136489868
4.0858073234558105
1.5263330936431885
1.986013412475586
1.3547523021697998
4.042286396026611
1.9468244314193726
1.7320266962051392
4.127604961395264
2.2715673446655273
4.060696601867676
1.2066771984100342
2.1773483753204346
3.6630935668945312
3.9114365577697754
3.578496217727661
3.762294292449951
1.942197561264038
3.5803823471069336
1.9220473766326904
3.333430528640747
3.2657485008239746
2.8979692459106445
1.198538064956665
3.0219030380249023
3.114124059677124
3.302912712097168
2.9862136840820312
0.2042313516139984
1.0583739280700684
1.6042537689208984
1.6174064874649048
1.9180619716644287
1.041759729385376
1.118155598640442
1.2967537641525269
1.445077896118164
1.6921501159667969
2.098586082458496
2.266901731491089
3.3727996349334717
2.565016984939575
2.799208164215088
3.5213444232940674
3.670870780944824
3.740858554840088
3.5890886783599854
2.9285778999328613
3.213585615158081
2.9577884674072266
3.071434259414673
2.985715627670288
2.607980251312256
1.9669981002807617
2.627899408340454
0.6152043342590332
2.1211867332458496
0.588787853717804
1.7146663665771484
1.7343623638153076
1.801651954650879
2.1349618434906006
2.031862735748291
1.5754610300064087
1.9590249061584473
1.1282771825790405
0.853489875793457
1.9812133312225342
0.8263520002365112
1.3497505187988281
0.9984868764877319
0.1622731238603592
1.4978312253952026
0.032593950629234314
0.6654047966003418
1.0473991632461548
1.8565226793289185
0.6465047001838684
1.1803638935089111
1.01045560836792
1.0847567319869995
0.32549282908439636
0.31752943992614746
1.5443031787872314
1.0194708108901978
0.7059584856033325
1.7337418794631958
0.6750671863555908
1.478619933128357
0.4696010649204254
1.647953748703003
1.6991877555847168
2.0019726753234863
2.044198989868164
0.8982691168785095
0.8712121844291687
0.5214536190032959
0.9770711660385132
0.2486964464187622
1.8391562700271606
0.1769740730524063
0.23915408551692963
0.5972911715507507
1.1314330101013184
1.5877934694290161
0.5696631669998169
1.5600515604019165
0.17707610130310059
1.8600496053695679
1.859297275543213
0.7613912224769592
0.30168595910072327
0.5652098655700684
1.5288060903549194
0.40406131744384766
0.19889651238918304
1.5706113576889038
2.331763505935669
0.8390935659408569
1.732019305229187
1.469417691230774
0.6182867884635925
1.3560378551483154
1.7601536512374878
1.7677258253097534
1.83167564868927
1.5284947156906128
1.0700724124908447
2.0780680179595947
1.1629856824874878
0.4874321222305298
2.1145246028900146
2.1006131172180176
1.0876388549804688
1.3165874481201172
1.55534827709198
0.47031718492507935
1.0019761323928833
1.1058320999145508
0.4928078055381775
0.1811661720275879
0.5121079683303833
0.4460742175579071
0.16936001181602478
0.26994290947914124
0.3014225363731384
0.11386481672525406
0.17421136796474457
0.37246173620224
0.7373393774032593
2.743440628051758
2.7322118282318115
2.184666633605957
1.7091524600982666
1.4692360162734985
2.448441505432129
2.061445713043213
1.8719494342803955
2.093893051147461
2.093336343765259
1.782531499862671
1.6276936531066895
1.2117061614990234
1.584656834602356
1.360874056816101
1.6618906259536743
2.0580568313598633
1.8014470338821411
1.247182846069336
2.302269220352173
1.334903359413147
2.0889313220977783
2.0143351554870605
2.0869932174682617
1.4574015140533447
1.8386263847351074
1.3635454177856445
2.614243745803833
1.8897544145584106
2.1486895084381104
2.0317087173461914
1.888798713684082
2.293668031692505
1.6418638229370117
1.9859800338745117
1.4767028093338013
1.8428025245666504
1.8998621702194214
1.8270994424819946
0.7486989498138428
2.0077407360076904
2.613832950592041
1.9883404970169067
2.409794330596924
1.6110590696334839
0.7075774073600769
2.533043384552002
1.622620940208435
0.8942297697067261
2.390413761138916
1.8056528568267822
1.3208335638046265
2.6366589069366455
1.842024564743042
1.9048088788986206
1.3106625080108643
1.8222614526748657
0.7140068411827087
2.0095059871673584
1.0580558776855469
1.1156375408172607
1.0992549657821655
1.7483729124069214
1.0089328289031982
1.7806264162063599
0.8868438601493835
1.7330644130706787
1.8884267807006836
1.0668914318084717
1.4463963508605957
1.2936828136444092
1.4503623247146606
1.5573675632476807
1.644362211227417
1.755405068397522
1.3026108741760254
0.948095977306366
1.346624493598938
1.556767463684082
1.6511240005493164
1.7186837196350098
2.061067819595337
1.5727770328521729
1.6446454524993896
1.5162091255187988
1.115870714187622
1.6404967308044434
1.5125786066055298
1.5895812511444092
1.0632692575454712
2.114125967025757
2.6531741619110107
2.176041603088379
2.0192437171936035
1.6892688274383545
2.1046290397644043
2.5911455154418945
1.4329967498779297
1.276405930519104
1.34225594997406
1.7481555938720703
0.9314788579940796
1.026859998703003
0.8272104263305664
1.0545920133590698
1.5681922435760498
1.0402239561080933
0.7988801002502441
1.8287568092346191
2.0818769931793213
1.3289079666137695
1.8168705701828003
2.15030837059021
1.9484745264053345
1.7474931478500366
1.1981455087661743
2.0360090732574463
1.443147897720337
0.9628055691719055
1.2704808712005615
0.7337235808372498
2.2507286071777344
1.7095741033554077
1.8801231384277344
1.6664197444915771
1.720058560371399
1.9655252695083618
2.5529677867889404
1.5468562841415405
1.640517234802246
1.7505100965499878
2.2781381607055664
2.2820582389831543
1.5959149599075317
1.6130110025405884
2.244149923324585
1.4663926362991333
1.6213520765304565
1.438058614730835
2.5289194583892822
1.7861616611480713
1.224513053894043
2.111794948577881
1.587965488433838
1.4736719131469727
1.491111159324646
1.1088742017745972
0.737489640712738
0.8409191966056824
1.2793086767196655
1.1546000242233276
0.6239092946052551
0.7800877690315247
1.3903627395629883
0.9542647004127502
0.5186915397644043
1.1558117866516113
1.114528775215149
0.7678070068359375
1.454964518547058
1.1456034183502197
1.1977225542068481
1.3274672031402588
1.484951376914978
1.6105624437332153
1.6616994142532349
2.119915723800659
2.062765598297119
1.7594330310821533
1.6873009204864502
1.235912799835205
0.34769707918167114
0.9179768562316895
0.5268924236297607
0.8860884308815002
0.6487545371055603
0.7220786809921265
0.8532240390777588
0.6374193429946899
0.43721356987953186
2.217245101928711
2.0131900310516357
1.250748872756958
1.737839698791504
0.6556224822998047
1.4019153118133545
0.420545369386673
0.5417115092277527
0.21517007052898407
1.7873191833496094
1.4919894933700562
1.1052190065383911
0.2523576319217682
0.9318714141845703
0.2780133783817291
1.7975467443466187
0.20423690974712372
0.8916214108467102
1.9077274799346924
0.7416995167732239
2.1374919414520264
0.20629927515983582
0.45548224449157715
0.34844350814819336
0.32701265811920166
1.8479530811309814
0.3598006069660187
1.5982372760772705
1.0714044570922852
0.9850383400917053
0.20345237851142883
0.24603600800037384
0.5296937823295593
0.534105122089386
0.5573229789733887
0.38237205147743225
0.491720974445343
1.0912047624588013
1.548097848892212
0.09143228083848953
0.4645804762840271
0.62424236536026
0.1679508239030838
1.434036374092102
0.2487381249666214
0.4930500090122223
0.3552705645561218
1.1588244438171387
0.8691716194152832
1.3245619535446167
0.8755751252174377
0.62312251329422
0.990912675857544
0.3125702440738678
0.5757255554199219
1.600981593132019
1.154658317565918
1.5380970239639282
1.5419180393218994
0.8149282932281494
2.6910951137542725
1.6065632104873657
3.104163646697998
3.430022716522217
0.8470538854598999
0.6755194067955017
0.21078549325466156
1.4219220876693726
0.9252317547798157
1.252867341041565
1.1453689336776733
0.6650317907333374
0.8592636585235596
0.6186906099319458
1.4214493036270142
1.4697405099868774
1.8004627227783203
2.9087016582489014
0.8813675045967102
0.3610773980617523
1.664942979812622
0.26864662766456604
2.0333919525146484
2.6653780937194824
3.2340617179870605
0.3899381160736084
1.652631163597107
0.19859644770622253
0.5850571990013123
0.654075562953949
2.3594541549682617
2.399498224258423
2.878007411956787
0.14979009330272675
0.36355286836624146
1.5533303022384644
1.0143938064575195
0.9495169520378113
1.8456776142120361
0.6796594858169556
1.203107237815857
1.3588788509368896
1.9786875247955322
0.12033550441265106
2.1718881130218506
1.2026811838150024
1.7625349760055542
1.2137614488601685
2.245870590209961
1.0013395547866821
1.8129925727844238
1.4702565670013428
0.8567342162132263
2.155019521713257
1.8262790441513062
2.0183966159820557
0.8297364711761475
0.9878847002983093
2.079803228378296
2.22210431098938
2.080554962158203
1.3714648485183716
2.075124979019165
2.7278175354003906
3.116788625717163
1.3738772869110107
1.0949900150299072
1.3587993383407593
1.321557879447937
2.281477928161621
3.0138068199157715
2.839474678039551
3.089230537414551
1.6250265836715698
3.270559072494507
3.2945969104766846
1.3132426738739014
2.3170173168182373
2.688596725463867
1.5229216814041138
1.867629051208496
2.8805150985717773
3.2030818462371826
1.5929341316223145
1.86128568649292
3.10831356048584
1.7178670167922974
3.1685869693756104
2.2311882972717285
2.125303268432617
2.7870538234710693
2.64448881149292
2.7229042053222656
3.252885580062866
3.0168204307556152
3.006981611251831
2.4548559188842773
2.5943119525909424
1.7363667488098145
2.081803560256958
2.3613932132720947
2.334594249725342
2.680227756500244
0.6541563868522644
2.347754955291748
2.809246778488159
2.0748231410980225
1.6583547592163086
2.4209494590759277
1.85911226272583
2.2640304565429688
2.853929042816162
1.945131540298462
2.2962522506713867
2.191805839538574
3.170616388320923
1.946089506149292
1.2875792980194092
1.7727699279785156
2.7983787059783936
2.429990768432617
2.8250439167022705
2.3498194217681885
2.1753954887390137
1.5982322692871094
1.3578351736068726
2.4328184127807617
2.686302423477173
2.037652015686035
2.3199942111968994
2.487271308898926
0.9453862905502319
2.4752213954925537
1.2664177417755127
1.0317671298980713
1.0918827056884766
1.4311379194259644
1.8217641115188599
2.050185441970825
2.1879661083221436
1.9708341360092163
3.23087215423584
3.426071882247925
3.194061040878296
2.984098434448242
1.9890893697738647
2.802298069000244
2.6037721633911133
2.717939853668213
2.703568696975708
1.7213643789291382
2.3339433670043945
2.3368630409240723
1.9829223155975342
1.7809423208236694
2.6743946075439453
3.1155591011047363
2.028817653656006
2.8439362049102783
3.8247828483581543
1.4893925189971924
3.045626401901245
1.6844921112060547
2.2013275623321533
1.86122727394104
2.0674004554748535
2.339329719543457
2.9109811782836914
3.334703207015991
3.0110647678375244
2.0417277812957764
2.3971476554870605
1.9886122941970825
1.722194790840149
2.129633903503418
1.8895792961120605
2.093956470489502
1.6849987506866455
2.167672634124756
1.925480842590332
2.147331476211548
2.0535480976104736
2.115647792816162
2.3732240200042725
1.7848848104476929
2.109360456466675
2.3587090969085693
2.463688850402832
2.204040050506592
2.747267723083496
2.035036087036133
2.8056492805480957
1.435514211654663
3.023508071899414
1.743817687034607
3.129896402359009
3.347182035446167
1.5956143140792847
3.440089464187622
3.6832313537597656
3.372276544570923
1.9868236780166626
1.5831124782562256
1.5136619806289673
1.6820919513702393
3.557619333267212
3.078171968460083
1.9092111587524414
0.45054471492767334
1.4902349710464478
1.402195930480957
2.1515393257141113
1.725468397140503
1.2367980480194092
0.824616014957428
3.229910135269165
3.660811185836792
0.9222009778022766
0.5973975658416748
1.576235294342041
1.1293504238128662
0.8856738209724426
2.6126208305358887
1.689583659172058
1.598166823387146
1.5969114303588867
0.6429218053817749
1.7727266550064087
1.8769145011901855
2.142650842666626
0.9183531999588013
2.299034833908081
2.3504891395568848
2.0092694759368896
0.9852677583694458
0.6525130271911621
1.7848790884017944
1.2448335886001587
1.5731419324874878
3.5326476097106934
1.5528624057769775
1.9636512994766235
2.574155807495117
1.5168012380599976
1.1399086713790894
2.425497055053711
1.5855566263198853
3.738180637359619
3.107400417327881
3.7359530925750732
1.5016241073608398
3.349071502685547
3.4671456813812256
1.9152438640594482
3.0076534748077393
2.4601595401763916
1.6457515954971313
3.5172200202941895
2.7494235038757324
2.416416645050049
3.334226608276367
1.8960052728652954
2.0353307723999023
2.1329894065856934
1.734009861946106
1.797390103340149
1.5266931056976318
1.8286257982254028
1.7395282983779907
2.3709099292755127
1.68376886844635
1.8545689582824707
1.9518826007843018
2.6038875579833984
2.109497308731079
1.3174657821655273
1.7126665115356445
2.040935754776001
2.7542192935943604
1.5782182216644287
2.701667070388794
2.143751621246338
1.9784027338027954
2.544598340988159
2.583740234375
2.293032169342041
2.5086779594421387
2.4347949028015137
2.4307355880737305
2.6162912845611572
2.7924444675445557
2.3829667568206787
2.412339448928833
2.173299551010132
2.0706028938293457
1.7736780643463135
2.4586305618286133
2.516913890838623
2.3723902702331543
2.314929723739624
1.9145981073379517
1.1905392408370972
2.977508068084717
3.0721824169158936
3.997877597808838
1.9907251596450806
2.323573589324951
2.931002616882324
2.5726120471954346
2.9547009468078613
2.149407386779785
1.4499448537826538
1.303176999092102
1.713032841682434
1.7528326511383057
2.525529384613037
2.6016108989715576
2.5669519901275635
2.6146814823150635
2.671278715133667
3.1154332160949707
2.9838526248931885
2.251666784286499
1.7465214729309082
2.6496877670288086
1.1512738466262817
3.0888187885284424
1.8604627847671509
1.6755753755569458
1.9556832313537598
1.7637176513671875
0.5357908606529236
1.541848063468933
1.6636314392089844
2.7470505237579346
2.849790096282959
2.579502820968628
1.9813063144683838
2.493163585662842
1.5559585094451904
1.8909438848495483
2.401649236679077
2.7683966159820557
1.7553203105926514
2.6136693954467773
2.275510787963867
2.208517074584961
2.4819796085357666
1.9482381343841553
1.788870930671692
2.348810911178589
3.6985719203948975
4.5540385246276855
2.5226099491119385
3.473931312561035
2.6341962814331055
2.0156033039093018
2.5722241401672363
2.8107025623321533
1.414503574371338
1.9508956670761108
2.0237157344818115
2.0427610874176025
2.436295986175537
3.0323173999786377
1.8348462581634521
2.6870553493499756
1.2387545108795166
0.8231648206710815
1.418172001838684
1.7112678289413452
2.1483285427093506
1.8774690628051758
2.274732828140259
1.3806324005126953
2.525662899017334
2.2101519107818604
2.2928524017333984
2.437408447265625
2.3026070594787598
2.1252830028533936
1.496277093887329
4.538926124572754
2.845423698425293
2.4467456340789795
2.1666131019592285
2.0481228828430176
2.368469715118408
2.3604884147644043
2.071209669113159
2.410761833190918
1.4576160907745361
1.4270071983337402
1.8863434791564941
1.2183783054351807
1.8195847272872925
2.2137701511383057
1.8560651540756226
1.8889700174331665
1.827416181564331
2.1807501316070557
2.265746593475342
2.564880132675171
2.4256937503814697
4.209909915924072
2.5433881282806396
2.75093412399292
1.817700743675232
2.4895308017730713
3.0618391036987305
2.369046688079834
1.6361719369888306
2.6630311012268066
3.870941162109375
2.887044668197632
1.8291354179382324
2.7892024517059326
2.882333755493164
4.851287841796875
4.508945465087891
2.886279582977295
2.7583529949188232
1.5407084226608276
2.164640426635742
3.1117515563964844
1.9892473220825195
2.0018577575683594
3.285386323928833
0.9142094850540161
1.8999943733215332
2.8665943145751953
2.5263683795928955
3.8832478523254395
3.4972636699676514
2.286729335784912
1.7943246364593506
1.1194489002227783
1.8221731185913086
3.9472804069519043
3.3590688705444336
3.402977705001831
1.7433794736862183
2.3771204948425293
2.2662250995635986
1.080151915550232
1.3207175731658936
1.7193825244903564
2.5897672176361084
2.3227596282958984
2.929924964904785
2.0734269618988037
3.508920192718506
1.4732290506362915
2.395556926727295
2.4885129928588867
2.8313050270080566
2.111208438873291
3.590033769607544
1.7476317882537842
1.6957075595855713
2.007843017578125
2.2500147819519043
2.2793333530426025
2.8755829334259033
3.5826869010925293
2.354458808898926
2.2825989723205566
2.8636531829833984
2.324021577835083
1.5634199380874634
2.875187397003174
3.8053388595581055
3.80039119720459
1.8766520023345947
2.643136501312256
2.187286853790283
2.2830207347869873
1.9000767469406128
1.283244013786316
1.7599648237228394
1.4026992321014404
1.6684186458587646
1.2999515533447266
1.7144300937652588
1.8584002256393433
3.6720194816589355
1.9755597114562988
1.9200233221054077
1.0415936708450317
3.327385902404785
2.3851892948150635
0.9435928463935852
2.4626688957214355
2.387396812438965
1.51198148727417
2.8475122451782227
1.812839150428772
3.228062629699707
1.9436898231506348
2.783198118209839
0.9661255478858948
2.1967968940734863
