9.876351576561311e-42
8.635973930358887
8.228070259094238
1.675215244293213
1.4858238697052002
0.7571085691452026
1.1321289539337158
1.6655771732330322
0.7322555780410767
2.196160316467285
0.9569592475891113
1.53318452835083
0.5797798037528992
2.293698787689209
2.155881404876709
1.4245567321777344
5.615976333618164
1.3939262628555298
2.0180764198303223
1.4033154249191284
1.3881559371948242
1.5416210889816284
0.9561826586723328
0.44551002979278564
1.2937242984771729
1.300400972366333
1.6971757411956787
0.9470909237861633
1.1237777471542358
1.5446985960006714
1.104447841644287
1.42398202419281
1.2828961610794067
1.4780280590057373
0.6729283332824707
0.41323432326316833
0.47074094414711
0.45463764667510986
1.6885579824447632
0.3280087113380432
0.7571125030517578
0.8427903652191162
8.362242698669434
7.932819843292236
0.9042415022850037
2.086871385574341
0.7737681269645691
1.6142226457595825
2.286026954650879
1.4283146858215332
1.2707445621490479
2.164304733276367
1.3466734886169434
1.8166574239730835
1.24819016456604
1.4439353942871094
0.7405841946601868
1.1146620512008667
1.5140935182571411
0.4896491467952728
8.075898170471191
7.597280025482178
1.565880537033081
1.0659312009811401
1.6125115156173706
2.26400089263916
1.9593812227249146
1.1007719039916992
1.321052074432373
1.1798261404037476
0.8112571835517883
0.6944442391395569
2.6599342823028564
2.3476145267486572
1.3535430431365967
1.0375553369522095
2.294557809829712
1.9170018434524536
1.5115522146224976
1.3208858966827393
0.41924262046813965
0.6838677525520325
2.32285737991333
2.2967193126678467
0.49708911776542664
2.2534210681915283
1.418226957321167
1.4632986783981323
0.8249172568321228
0.5999033451080322
2.3390886783599854
1.3434491157531738
1.984087586402893
0.9443619251251221
0.614345908164978
1.9932911396026611
5.247303485870361
1.3182810544967651
0.6597957015037537
1.905381202697754
1.480176568031311
1.4297895431518555
0.8012569546699524
1.0031278133392334
1.253440022468567
1.4986406564712524
1.0605340003967285
1.4969736337661743
0.9158963561058044
0.561007559299469
1.2023948431015015
1.6194809675216675
1.0517983436584473
0.4982691705226898
1.9361088275909424
1.387640357017517
0.7059440016746521
1.2376484870910645
1.051505208015442
1.3403379917144775
1.4519673585891724
1.4685763120651245
0.7463288307189941
1.2194018363952637
0.8413804173469543
1.9700853824615479
1.3398762941360474
2.207097291946411
1.1803480386734009
1.4007467031478882
0.9384710788726807
0.6045764684677124
0.615267813205719
1.1994109153747559
1.563179612159729
1.377603530883789
0.8957149982452393
0.5608039498329163
0.9653729200363159
1.3957293033599854
1.2101863622665405
1.3887957334518433
1.377394199371338
1.0050967931747437
0.2384043037891388
0.7961929440498352
1.5690160989761353
1.9434009790420532
1.4674433469772339
2.297102212905884
2.3946373462677
1.7272201776504517
1.9687919616699219
1.9461052417755127
1.5485728979110718
1.4570056200027466
1.3226161003112793
1.7315775156021118
1.6350663900375366
1.7175136804580688
1.306809663772583
1.35135817527771
5.305177688598633
6.164975166320801
6.68700647354126
6.361733436584473
6.674948692321777
6.995402812957764
6.359268665313721
6.953588485717773
6.8611531257629395
7.216595649719238
7.672726631164551
7.607663154602051
7.748201370239258
7.908156871795654
7.585076808929443
8.067649841308594
8.263598442077637
7.579285621643066
8.097380638122559
7.632162094116211
8.09748363494873
8.107882499694824
8.378149032592773
8.089763641357422
8.058151245117188
8.119355201721191
8.210627555847168
8.103007316589355
8.109195709228516
8.49581241607666
8.133709907531738
8.114373207092285
7.549289226531982
7.990130424499512
6.106497764587402
6.527180194854736
6.5852131843566895
6.555572032928467
7.305074214935303
7.060049533843994
7.521936416625977
7.905551433563232
7.708920478820801
8.006324768066406
8.211320877075195
8.103584289550781
7.270692825317383
8.081832885742188
8.123623847961426
6.636287689208984
7.087756633758545
7.910041332244873
8.12783432006836
7.530442237854004
6.509677410125732
6.736393451690674
8.09737777709961
7.717255592346191
8.053808212280273
7.007839202880859
8.149943351745605
8.30861759185791
7.246006965637207
6.779537677764893
7.830860614776611
7.024275302886963
7.059711456298828
7.873368263244629
7.8355607986450195
7.30743408203125
7.637704372406006
7.571771621704102
7.036527156829834
7.695681095123291
7.696208477020264
7.706270694732666
8.221484184265137
7.33514928817749
7.256017684936523
7.560196399688721
7.506595611572266
7.575076580047607
7.618334770202637
7.703908920288086
8.072928428649902
7.842728614807129
8.03471851348877
8.297015190124512
7.7296462059021
7.831770420074463
7.842303276062012
8.095781326293945
8.104730606079102
8.043107986450195
8.074485778808594
7.727304458618164
2.420600175857544
1.845462441444397
3.139406442642212
1.8789210319519043
4.318202018737793
5.064700603485107
4.893651008605957
4.651536464691162
3.956667423248291
4.259164333343506
4.8650360107421875
2.0829710960388184
3.7697227001190186
1.9236745834350586
4.0532917976379395
4.258052349090576
4.444548606872559
4.8730645179748535
4.956936836242676
4.992037296295166
4.938448905944824
3.764160633087158
3.9536325931549072
5.379379749298096
5.0189409255981445
4.434345245361328
5.569700717926025
1.6672766208648682
2.9074807167053223
1.6471346616744995
3.6878902912139893
4.694243907928467
5.192847728729248
2.072357177734375
4.747103691101074
4.617509365081787
4.850213527679443
4.432784080505371
4.536621570587158
5.110234260559082
2.9173994064331055
3.221472978591919
5.447660446166992
4.255498886108398
4.431155681610107
5.80998420715332
1.9212281703948975
4.88770866394043
6.050912380218506
3.1032180786132812
4.380586624145508
5.20998477935791
1.9976590871810913
4.602031230926514
2.566023111343384
5.010451316833496
4.150265693664551
5.120163440704346
4.258040904998779
5.041976451873779
5.071162700653076
4.87829065322876
3.7475945949554443
4.936933994293213
4.482166290283203
4.785002708435059
5.015797138214111
3.9643752574920654
4.757848262786865
5.134539604187012
4.685776710510254
4.341766357421875
4.204407691955566
4.016940593719482
4.9836273193359375
5.726010322570801
4.817299842834473
4.337164402008057
2.485250473022461
1.9276496171951294
2.4642040729522705
2.719292640686035
2.322873592376709
1.9563696384429932
1.6709355115890503
1.5164823532104492
2.2742087841033936
4.97943639755249
4.390202045440674
1.6470143795013428
4.109233379364014
3.211568832397461
3.06331467628479
4.428994178771973
4.459099292755127
4.295055866241455
3.4407830238342285
3.324232578277588
2.071096420288086
5.2443695068359375
2.3275606632232666
3.645348072052002
5.261111259460449
6.108648777008057
6.179749965667725
2.1450865268707275
1.647910714149475
5.9056572914123535
3.3361458778381348
4.142541408538818
2.181788206100464
4.589117527008057
3.719024181365967
4.161108493804932
4.976346969604492
1.5590693950653076
1.5367025136947632
5.799336910247803
4.645167350769043
2.091970443725586
5.187597751617432
4.290805339813232
4.639945030212402
4.504360675811768
5.191269397735596
1.4840023517608643
2.515122652053833
3.4559288024902344
4.730893135070801
5.034917831420898
5.4707932472229
2.5923783779144287
3.924259901046753
5.061733722686768
1.9737213850021362
4.413170337677002
5.32242488861084
2.5476467609405518
2.2613444328308105
4.075849533081055
2.32698130607605
1.749438762664795
3.847088098526001
5.315001487731934
3.4010214805603027
4.029827117919922
4.670078754425049
2.0191168785095215
3.0901010036468506
5.0744524002075195
5.791677474975586
2.683866500854492
2.9362404346466064
5.742758750915527
4.398031234741211
2.5929996967315674
6.126077175140381
6.080864906311035
2.850041151046753
1.4653470516204834
1.2677584886550903
1.3490428924560547
1.6513092517852783
1.2282251119613647
1.7629590034484863
2.117917060852051
1.778049111366272
1.8733950853347778
2.2558982372283936
2.0253748893737793
1.4733576774597168
1.8197234869003296
1.7026618719100952
2.129601240158081
2.352217674255371
1.608532190322876
2.0402109622955322
5.055523872375488
3.208364248275757
3.0467872619628906
5.172438621520996
5.355130195617676
6.244528293609619
6.224062442779541
5.385078430175781
6.905251502990723
7.906714916229248
6.232034206390381
1.643575668334961
6.076860427856445
6.130737781524658
6.059677600860596
7.926501750946045
7.185148239135742
3.158762216567993
6.2786545753479
5.905892848968506
7.57309103012085
6.1952290534973145
7.20194673538208
5.857063293457031
5.654535293579102
6.6907854080200195
7.0720534324646
6.616379737854004
5.388748645782471
6.4857258796691895
5.766571998596191
6.007526874542236
6.096732139587402
5.792937755584717
5.290804862976074
5.934675216674805
6.6225433349609375
5.678477764129639
5.342811107635498
4.36571741104126
5.154130935668945
1.799163579940796
7.531614303588867
7.825920581817627
7.0565104484558105
7.8326897621154785
7.491912841796875
0.7771039009094238
7.796729564666748
0.8895289301872253
7.047173023223877
7.332924842834473
6.834529876708984
7.414988040924072
7.37387752532959
1.946040153503418
7.6320319175720215
7.691977024078369
6.292723178863525
6.506704330444336
6.235888957977295
6.813871383666992
7.126019477844238
3.358492851257324
6.505259037017822
6.457383632659912
5.674057483673096
7.570735454559326
1.3092375993728638
7.888627529144287
7.84039831161499
7.350669860839844
7.19920539855957
6.955366134643555
7.255134582519531
7.58353328704834
7.528589725494385
6.42898416519165
6.212265968322754
6.270270824432373
6.050365447998047
7.308065414428711
1.7092608213424683
8.056404113769531
0.8233410716056824
6.654714107513428
6.003069877624512
5.901917934417725
1.8884196281433105
7.767539978027344
7.772626876831055
6.9648118019104
7.317664623260498
7.020389080047607
5.999693870544434
5.788906097412109
0.5537022352218628
7.229578971862793
7.257992267608643
5.828805446624756
6.922082901000977
6.138436317443848
7.017626762390137
6.772298336029053
6.774121284484863
7.126421928405762
1.483812928199768
6.921745777130127
3.126091480255127
7.740140914916992
7.051139831542969
5.2616167068481445
7.694367408752441
2.6448891162872314
4.117485046386719
6.289657115936279
3.238136053085327
4.732876300811768
6.990461826324463
6.749794960021973
6.32996940612793
6.196085453033447
6.285178184509277
6.711446762084961
3.9876883029937744
3.692371129989624
4.214230537414551
6.59075927734375
6.344659805297852
4.650125980377197
4.222194671630859
3.30702543258667
4.102555274963379
0.5688958764076233
1.2624735832214355
1.0138121843338013
2.1934661865234375
4.309100151062012
0.3331480920314789
2.4652814865112305
5.401471138000488
5.52675724029541
1.2493540048599243
1.3359042406082153
2.7359635829925537
2.7567195892333984
1.760145664215088
0.9524331092834473
5.622223854064941
2.939159870147705
2.2013838291168213
3.2008309364318848
1.9304161071777344
6.887567520141602
3.298448085784912
6.096512317657471
5.64534330368042
6.027179718017578
6.4810709953308105
7.12579345703125
7.064260959625244
4.023248672485352
6.382746696472168
1.8037365674972534
1.5241904258728027
0.8436020612716675
1.301826000213623
2.5714762210845947
2.2434754371643066
0.7909566164016724
1.853964924812317
2.0582430362701416
1.4850558042526245
0.6073476076126099
1.2990139722824097
0.9374839663505554
1.1875156164169312
0.984340488910675
0.5530399680137634
0.41782018542289734
2.0919888019561768
1.7339472770690918
1.6253286600112915
0.8004462122917175
0.7173224687576294
2.611057758331299
1.409988522529602
1.1197166442871094
0.889137327671051
1.6044930219650269
0.7195574641227722
4.239321231842041
1.5139344930648804
1.3691927194595337
2.0463149547576904
1.0621076822280884
3.28936767578125
1.679305911064148
1.3372639417648315
1.8091620206832886
0.6342774033546448
0.4946737289428711
1.522000789642334
2.0816152095794678
0.45301902294158936
0.7178674936294556
0.40748727321624756
2.0170071125030518
1.9238618612289429
1.7749602794647217
1.9012266397476196
2.4142086505889893
2.7195661067962646
5.91067361831665
3.7393507957458496
2.4569687843322754
4.096380710601807
1.94167959690094
4.305967807769775
2.823857545852661
2.590313196182251
2.3153436183929443
2.231261730194092
1.9016855955123901
2.953359603881836
1.4363080263137817
5.551980972290039
1.3988442420959473
5.042040824890137
1.9829862117767334
2.4954850673675537
1.109498381614685
2.228902578353882
1.1163170337677002
1.7731086015701294
3.572112560272217
1.6620591878890991
2.0184755325317383
2.4743804931640625
2.2197930812835693
3.2601754665374756
2.135314464569092
1.712581753730774
2.89138126373291
1.5209293365478516
1.438464641571045
1.4454660415649414
1.3304919004440308
1.3449444770812988
1.8845467567443848
1.4720849990844727
1.716365098953247
1.4318184852600098
1.7094444036483765
1.7563984394073486
1.8691502809524536
1.6524766683578491
1.747605323791504
4.575451374053955
1.310403823852539
0.9369043111801147
1.8251672983169556
1.4931014776229858
0.7604491710662842
1.3318393230438232
1.378185510635376
1.6167054176330566
1.9711205959320068
2.0338027477264404
1.4586074352264404
1.1229523420333862
1.2373137474060059
1.23218834400177
1.024113416671753
0.6608197093009949
1.9961947202682495
1.2374509572982788
1.0226600170135498
1.2082602977752686
1.7268952131271362
0.9437527656555176
1.5000953674316406
1.1687803268432617
1.4618231058120728
1.707187533378601
1.8232333660125732
1.538744568824768
1.7037632465362549
1.277181625366211
1.835884690284729
1.0853042602539062
0.36468812823295593
0.7661752700805664
2.0598196983337402
2.3368277549743652
0.9121156334877014
1.196364164352417
1.1053920984268188
1.575430989265442
0.7943521738052368
1.6578567028045654
0.8156717419624329
4.212209701538086
0.736720860004425
0.549997091293335
1.1894950866699219
0.25135791301727295
0.3732623755931854
6.163123607635498
1.1259230375289917
2.1594715118408203
0.7729890942573547
2.405977487564087
1.3009101152420044
1.0208662748336792
0.5234098434448242
1.557991862297058
5.469857692718506
0.7337141633033752
0.7410262227058411
5.349531650543213
0.9727144837379456
3.0411720275878906
2.5837743282318115
0.35082027316093445
4.2575249671936035
3.169620990753174
0.5613068342208862
0.8067254424095154
0.7308315634727478
4.663443565368652
5.002683162689209
4.564029693603516
0.9869663715362549
0.9893121123313904
0.8919345736503601
1.3010677099227905
0.9340749979019165
0.895663321018219
4.418665885925293
0.7492949366569519
1.0213587284088135
0.6854608058929443
1.7370433807373047
4.7620649337768555
1.0451494455337524
1.0169862508773804
0.952542245388031
4.470858573913574
0.6901646852493286
4.8082356452941895
1.1299824714660645
4.341039657592773
4.229660511016846
4.638086795806885
4.793127059936523
1.3176127672195435
4.333645820617676
4.545276165008545
5.08801794052124
5.229644298553467
1.9136050939559937
3.658424139022827
3.358140707015991
1.9806394577026367
2.0853207111358643
3.0401718616485596
1.9121322631835938
2.2964117527008057
1.9467697143554688
4.199816703796387
1.6758339405059814
2.8330326080322266
0.8811347484588623
1.5975960493087769
2.923386335372925
2.619584560394287
2.214604139328003
1.5927990674972534
1.6915138959884644
1.5098744630813599
1.6894049644470215
1.3480461835861206
1.3516204357147217
4.4129815101623535
0.8839098215103149
2.096926212310791
1.183896780014038
1.4147549867630005
1.5721204280853271
2.143369436264038
1.512133240699768
1.6718275547027588
0.7279168367385864
2.1631226539611816
1.3204021453857422
1.5480060577392578
3.348167657852173
0.6120719909667969
1.5145376920700073
1.599103569984436
1.6811168193817139
0.8020181059837341
0.7816383838653564
3.178065776824951
0.5318881273269653
0.8026369214057922
0.6341735124588013
4.943671703338623
4.61557149887085
0.6613945364952087
4.7285590171813965
1.6689043045043945
4.6130547523498535
1.9203521013259888
3.195350170135498
3.160062789916992
3.267756223678589
1.412311315536499
1.9849377870559692
1.002347707748413
3.1721625328063965
3.127078056335449
1.9418392181396484
0.7845877408981323
1.3196431398391724
1.1286898851394653
0.6532977819442749
2.1279852390289307
2.081674575805664
1.5647538900375366
1.3797446489334106
1.682574987411499
0.9872950911521912
0.9402797818183899
0.5395427942276001
5.017923355102539
0.8243011236190796
1.0662474632263184
5.058304309844971
4.807158946990967
5.293146133422852
1.9560225009918213
3.9656453132629395
2.3988358974456787
2.5994131565093994
2.0423529148101807
1.189081072807312
2.5042459964752197
1.1155452728271484
1.4414397478103638
2.1071975231170654
1.845632791519165
1.1301754713058472
1.7529494762420654
2.1732864379882812
0.4258216321468353
0.8969634175300598
1.0801403522491455
2.5974161624908447
0.710564136505127
0.8192964196205139
0.5426651835441589
0.981028139591217
4.985520839691162
3.5561814308166504
5.150956630706787
2.4095265865325928
1.6970291137695312
2.080556869506836
1.3226323127746582
0.9994807243347168
1.763794183731079
1.646619439125061
1.4591281414031982
0.7617006301879883
1.200706124305725
1.9641380310058594
0.310759574174881
1.6167192459106445
2.0739970207214355
3.320765972137451
2.6565775871276855
1.9039795398712158
1.0876057147979736
2.144559860229492
0.7387621998786926
1.5388836860656738
1.2447361946105957
1.727656602859497
1.2848488092422485
3.387669801712036
0.6845594048500061
3.621523141860962
4.776902675628662
2.061354160308838
2.048111915588379
1.5930737257003784
1.645753264427185
2.970698833465576
1.0575531721115112
2.3682382106781006
2.0518271923065186
1.5677465200424194
1.495039939880371
3.418668270111084
1.4891592264175415
0.7667848467826843
0.5305099487304688
0.9364930987358093
4.119071960449219
4.528066158294678
2.332564353942871
1.5886075496673584
3.3211934566497803
0.6464752554893494
1.0424249172210693
3.7147936820983887
2.1246981620788574
2.112908363342285
1.8002432584762573
1.7973871231079102
0.7964144349098206
1.0902658700942993
4.615499496459961
5.163355350494385
3.3781540393829346
3.930163621902466
1.5060021877288818
1.0255494117736816
4.554538726806641
2.3399882316589355
1.8668712377548218
3.6829638481140137
2.7319998741149902
2.0996809005737305
1.223403811454773
5.147587776184082
6.146413803100586
5.064656734466553
4.938871383666992
1.0544395446777344
1.4440548419952393
1.3166428804397583
3.602998733520508
1.1499565839767456
0.8759676814079285
1.1100902557373047
3.045579671859741
0.9295170307159424
4.218925952911377
1.04662024974823
1.5280989408493042
5.005671977996826
1.30476713180542
1.5155352354049683
5.289968967437744
2.8147268295288086
2.1171562671661377
0.9000881314277649
2.4235031604766846
0.8233107328414917
2.6137583255767822
1.805548071861267
0.905982494354248
