9.876351576561311e-42
0.06592955440282822
0.18019525706768036
0.7427681684494019
0.5560508370399475
0.8303799629211426
0.31573212146759033
0.8396934270858765
0.3375239074230194
0.5286810994148254
0.5256062150001526
0.8138151168823242
0.8618589043617249
0.3823308050632477
0.6168651580810547
0.9960880279541016
1.6290158033370972
1.5210515260696411
1.3847229480743408
0.9318929314613342
1.932658314704895
1.583704948425293
0.2711218297481537
0.6669116616249084
0.7119902968406677
1.674548864364624
1.680601954460144
1.2355149984359741
1.2779732942581177
1.1568421125411987
2.2932052612304688
1.4435399770736694
1.0964218378067017
2.123197078704834
1.4273171424865723
2.338989734649658
2.1254537105560303
2.2163405418395996
1.0574793815612793
2.0404789447784424
2.221116781234741
2.0562586784362793
0.4172634482383728
0.22771085798740387
0.7610130310058594
0.6050022840499878
0.42069223523139954
0.6437700390815735
0.17775894701480865
0.22332584857940674
0.8420266509056091
1.3967742919921875
1.2568905353546143
1.6618605852127075
0.6099709868431091
1.9252804517745972
0.7850144505500793
2.2158215045928955
1.378707766532898
2.287230968475342
0.3186694383621216
0.5319596529006958
0.27186182141304016
0.6015245914459229
0.5678254961967468
0.40684282779693604
1.3290646076202393
0.9948698878288269
0.2924037575721741
2.0489628314971924
2.224482297897339
2.0517678260803223
0.5949775576591492
0.3080909848213196
0.35832440853118896
0.5353638529777527
1.1149111986160278
1.3346937894821167
0.6469545364379883
2.0599496364593506
1.6486777067184448
2.1207053661346436
0.41756200790405273
0.4243849515914917
1.0548503398895264
1.2272144556045532
1.426326870918274
1.5796799659729004
1.0364893674850464
1.9357188940048218
0.35764095187187195
0.7368351221084595
1.6093649864196777
1.632529377937317
2.141730785369873
0.6865329146385193
1.2857270240783691
1.4905202388763428
2.2484843730926514
0.6062753796577454
0.672656238079071
1.3339465856552124
2.1197099685668945
2.1772379875183105
0.28181853890419006
0.8074849247932434
0.4869968593120575
1.4019016027450562
1.8025380373001099
2.130108594894409
0.7351514101028442
0.8567744493484497
1.2747324705123901
2.1042234897613525
0.9082868695259094
0.8957290053367615
2.113879442214966
0.6944442987442017
2.2725558280944824
0.6894394755363464
0.734305739402771
1.8374067544937134
2.1927173137664795
2.150885581970215
2.1953015327453613
0.65967857837677
2.1922614574432373
0.3370206654071808
1.1524193286895752
2.141632318496704
2.1325387954711914
0.5899419188499451
2.1060547828674316
2.0524182319641113
1.9513498544692993
1.7703789472579956
0.7952248454093933
0.635502815246582
0.8653032183647156
0.9393640160560608
0.9946625828742981
0.9857064485549927
1.1057300567626953
0.4837603271007538
0.12133694440126419
0.49967053532600403
0.7666804790496826
0.8048925399780273
1.7811214923858643
1.1007112264633179
1.1396788358688354
1.5529874563217163
1.4505194425582886
1.6715232133865356
1.5233179330825806
1.3409777879714966
1.2305259704589844
0.9122199416160583
0.9462773203849792
1.0338457822799683
0.7739811539649963
0.9409981369972229
1.2507131099700928
0.3414134681224823
1.245130181312561
0.5522051453590393
0.6228670477867126
0.570054292678833
0.435024619102478
0.5147724151611328
0.6097765564918518
0.35270562767982483
0.5345869660377502
0.5321541428565979
0.5678730607032776
0.15741156041622162
0.657878041267395
0.23466356098651886
0.30545181035995483
0.5995000600814819
0.21757102012634277
0.4815347492694855
0.7622484564781189
0.46963635087013245
0.45575207471847534
0.28546860814094543
0.5474398732185364
0.9112601280212402
0.6579881906509399
0.49919548630714417
1.166286587715149
0.6404176950454712
1.0027577877044678
1.1354191303253174
0.9496699571609497
0.3590114116668701
0.5287993550300598
0.18719148635864258
1.32473886013031
0.7122491598129272
0.4939110577106476
0.7130988240242004
0.860230028629303
0.7084257006645203
0.6444001793861389
0.4539455771446228
0.06983296573162079
0.5674143433570862
0.31573331356048584
0.10217296332120895
0.6231370568275452
0.03173556923866272
0.3733265995979309
0.5067873001098633
0.25327908992767334
0.4054347276687622
0.4568640887737274
0.906298816204071
0.1816624253988266
0.05106465891003609
0.7253900766372681
0.5503439903259277
0.1642310917377472
0.4169102609157562
0.4618280529975891
0.4048329293727875
0.44816669821739197
0.3640870451927185
0.5811912417411804
0.5928351283073425
0.7673575282096863
0.6203005313873291
0.5051398277282715
0.3925524353981018
0.5483104586601257
0.5698567628860474
0.40657761693000793
0.7428845763206482
0.7555189728736877
0.5287647247314453
0.5452299118041992
0.636965811252594
0.9995596408843994
0.4880548417568207
1.3875881433486938
0.7419285774230957
0.9260748624801636
0.6554361581802368
0.5957927703857422
0.692373514175415
0.7245822548866272
0.7001482248306274
0.6753321886062622
0.6166598200798035
0.6615952849388123
0.4118809401988983
0.862026035785675
1.6601988077163696
2.754702568054199
2.99772047996521
1.2311292886734009
0.12748420238494873
0.4362371265888214
0.48323678970336914
0.5501593947410583
0.8972353935241699
1.5300514698028564
1.6757806539535522
1.3980097770690918
1.386474847793579
0.5728349685668945
0.9030150771141052
0.962395966053009
0.6441629528999329
1.4035766124725342
1.0043262243270874
0.7574253082275391
1.2550498247146606
1.0382217168807983
0.7274613976478577
0.5491349697113037
0.5508466958999634
0.7824651598930359
0.36595234274864197
0.9110457301139832
1.8740582466125488
0.41298356652259827
2.837616205215454
0.5483587384223938
0.9644435048103333
1.013069748878479
0.6303356289863586
1.5340960025787354
0.6803789138793945
0.7245539426803589
0.6849205493927002
0.2359641045331955
0.8571685552597046
0.8396872282028198
1.9141194820404053
0.6960226893424988
1.308976173400879
0.49308231472969055
0.2831181585788727
1.2473464012145996
1.0109951496124268
0.3147316575050354
0.8833603858947754
0.30303627252578735
0.4269576966762543
1.3510416746139526
0.6943811774253845
0.7173681855201721
0.808700680732727
0.9313754439353943
0.6757954359054565
1.334067940711975
0.7730875015258789
0.8425962328910828
0.6895578503608704
0.7671083211898804
0.702068567276001
0.9772251844406128
0.8936470746994019
0.810519278049469
0.8485189080238342
0.6404933929443359
0.9216558337211609
0.5363076329231262
0.8343601226806641
0.8181153535842896
0.9539525508880615
0.7953872084617615
0.8603947758674622
0.7704482078552246
0.37849974632263184
0.18223722279071808
0.41248252987861633
0.6862324476242065
1.603683590888977
1.446875810623169
2.2759933471679688
2.1549015045166016
3.324134111404419
2.6044139862060547
1.0744585990905762
1.3281937837600708
3.2172834873199463
1.423696517944336
2.0490689277648926
3.156219244003296
0.5742614269256592
0.1737859696149826
0.6962184906005859
1.9163297414779663
2.0061697959899902
2.992617607116699
1.5456856489181519
1.9285091161727905
1.5034549236297607
1.9039970636367798
0.8842267990112305
0.7368687987327576
0.3955557942390442
0.9966780543327332
0.9512684941291809
1.6166895627975464
1.1369926929473877
3.5558621883392334
0.6508303284645081
1.7823817729949951
0.26381444931030273
0.2613142430782318
2.2947113513946533
0.9744729399681091
1.7302638292312622
1.585476040840149
0.5547510385513306
0.8536472320556641
1.957646369934082
0.5237847566604614
0.5622513294219971
0.6658290028572083
0.6963343024253845
3.0400824546813965
1.1704992055892944
0.23056113719940186
0.779522180557251
0.740957498550415
3.161775588989258
0.8761535882949829
0.4285884201526642
3.602146625518799
0.6300260424613953
1.8191006183624268
3.449218273162842
3.3179643154144287
0.8321132659912109
3.0671751499176025
2.6433205604553223
0.5124375224113464
1.7239973545074463
1.2935374975204468
0.7709298729896545
1.5410106182098389
1.9880627393722534
1.7141103744506836
1.278220772743225
1.7774657011032104
0.9394784569740295
1.406889796257019
2.0562615394592285
0.7873186469078064
0.6483718156814575
1.6925837993621826
1.3622283935546875
1.456419825553894
3.113297462463379
2.905069589614868
3.334595203399658
3.4300718307495117
3.374896287918091
3.1977574825286865
3.0789966583251953
2.8633525371551514
2.5736629962921143
2.838258981704712
1.9669994115829468
1.0828529596328735
1.0168688297271729
0.3619120419025421
0.24458466470241547
1.0921210050582886
1.079526424407959
0.9476591348648071
0.9817289113998413
0.7169560790061951
0.2734110951423645
0.4625953733921051
0.5700657963752747
0.6237250566482544
0.47150179743766785
1.1126068830490112
0.43016794323921204
0.5624197721481323
0.3847183287143707
0.28544557094573975
0.5596584677696228
0.6385486125946045
0.8061167597770691
0.534316897392273
0.6240643262863159
0.4980977773666382
0.28295624256134033
1.3422889709472656
0.4381811320781708
0.1733323186635971
0.6454652547836304
0.4567715525627136
1.28028404712677
1.235474944114685
0.8334647417068481
0.9016888737678528
0.5227351784706116
0.8692952990531921
0.0791635811328888
0.9589548110961914
0.7327631115913391
0.5169883370399475
1.102237343788147
0.7761300802230835
1.02640700340271
0.8652082085609436
0.41606926918029785
0.4801902174949646
0.6776831746101379
0.5440881252288818
0.549476146697998
0.6707344651222229
0.560854434967041
0.6707009673118591
1.1096484661102295
0.5824609994888306
1.089853048324585
0.4526495039463043
0.8466439843177795
1.3217040300369263
1.325348973274231
0.7321625351905823
0.3367271423339844
0.9901422262191772
0.5190873742103577
0.6554854512214661
0.8222458958625793
0.8488510251045227
0.8693159222602844
0.5899572968482971
0.9450737237930298
1.106934666633606
0.18779011070728302
0.717246949672699
1.4633163213729858
0.6328536868095398
0.7173823118209839
0.7294607162475586
0.49833354353904724
1.0792595148086548
1.4815254211425781
1.1518913507461548
0.6871286034584045
0.5171516537666321
1.603440284729004
0.808182954788208
0.6287747621536255
0.5259963870048523
1.0078659057617188
0.7517130970954895
0.7222790718078613
0.7645812034606934
0.4611757695674896
0.7791204452514648
1.1200706958770752
1.1313549280166626
0.5422611832618713
1.0387707948684692
0.8926638960838318
0.7500693202018738
1.234312891960144
0.9967931509017944
1.2472293376922607
1.3186696767807007
0.26300859451293945
0.9118843078613281
1.3426597118377686
0.6414569020271301
1.0255881547927856
1.3163702487945557
0.7377552390098572
1.1103291511535645
0.7787668704986572
0.3677051365375519
0.6822941899299622
0.9858587980270386
0.737062931060791
0.951237142086029
0.896877110004425
1.4275853633880615
0.8857901096343994
0.7554373145103455
1.5477724075317383
0.8276870250701904
0.8898886442184448
0.2656584084033966
1.1079713106155396
0.7206399440765381
0.46770229935646057
0.9790174961090088
1.0538699626922607
1.1784125566482544
0.9214279651641846
0.512408435344696
1.0095592737197876
1.0721988677978516
1.0725125074386597
1.3214378356933594
1.2217538356781006
1.4443148374557495
1.4041208028793335
1.6297354698181152
1.4647856950759888
1.3700529336929321
1.5080993175506592
1.33002507686615
1.3945246934890747
1.3503806591033936
1.0991153717041016
0.9773781299591064
1.2784819602966309
1.1315524578094482
1.409156322479248
1.3085811138153076
1.6304720640182495
1.375510334968567
1.2183852195739746
1.2196595668792725
1.3557785749435425
1.1784477233886719
1.0036289691925049
1.107539176940918
1.1078343391418457
1.1399816274642944
1.2539587020874023
1.265241265296936
1.3061503171920776
1.44540274143219
1.3380666971206665
1.410875916481018
1.224829077720642
1.078284502029419
0.5947319269180298
0.47588270902633667
0.47587093710899353
0.9763656258583069
0.5138406157493591
0.3237719237804413
0.832078218460083
0.2188495546579361
0.8586059212684631
1.040051817893982
0.661898136138916
1.0075818300247192
0.735179603099823
0.5043506622314453
1.0443557500839233
0.4018484354019165
0.6832016110420227
0.48873284459114075
0.32175058126449585
0.6335530281066895
0.8516266345977783
0.8577046990394592
0.639731228351593
0.2732897102832794
0.6524689197540283
0.9744647741317749
0.7061147093772888
0.8759639263153076
0.8981621861457825
0.7111759781837463
0.15846961736679077
0.6540510058403015
1.0185303688049316
1.0263465642929077
0.7241087555885315
0.5652647018432617
0.3754144012928009
0.55234295129776
0.8286134600639343
0.5135212540626526
0.3589622974395752
0.2840338349342346
0.37088099122047424
2.7928645610809326
1.2796921730041504
1.498026967048645
1.8842806816101074
2.674814462661743
4.066943645477295
4.404062271118164
4.459977149963379
4.175525665283203
4.365179061889648
3.8484058380126953
4.248177528381348
4.053754806518555
3.844735622406006
3.180436849594116
3.5755341053009033
3.466611385345459
3.878002166748047
3.378040313720703
1.7818934917449951
3.3630006313323975
1.7521039247512817
1.8436652421951294
1.7110837697982788
2.8949854373931885
3.449662208557129
3.315373420715332
2.1459157466888428
1.6945620775222778
2.005537271499634
1.2841696739196777
1.9682447910308838
1.529109239578247
1.6268720626831055
1.372354507446289
1.5689833164215088
1.2750204801559448
1.2886674404144287
1.2035778760910034
1.3632850646972656
1.1179550886154175
0.9562128782272339
1.2010858058929443
0.2550308406352997
1.1613391637802124
1.3079426288604736
0.7284917235374451
1.2967935800552368
1.0980401039123535
1.1524567604064941
1.1422576904296875
1.4667719602584839
1.0902389287948608
0.5157594680786133
1.5364030599594116
1.512646198272705
1.2292033433914185
1.1997442245483398
1.2095288038253784
1.1104906797409058
1.065503478050232
1.3899534940719604
0.9875781536102295
1.0514333248138428
0.4254453182220459
0.9518166184425354
0.7100561261177063
0.8606492877006531
1.2472965717315674
1.1682496070861816
0.6899333000183105
0.9323462247848511
1.1477378606796265
0.9254626035690308
0.2637874484062195
1.4289494752883911
1.1343847513198853
0.5006110668182373
1.2500842809677124
1.2471222877502441
0.9474732279777527
1.1210782527923584
0.9634525775909424
1.1311825513839722
0.873115599155426
0.6551230549812317
0.6221943497657776
1.0313471555709839
0.9173750281333923
0.8076000213623047
0.7133880257606506
0.2893873453140259
1.2984766960144043
1.090831995010376
0.9095279574394226
1.157840609550476
0.8927048444747925
1.0394248962402344
1.3008265495300293
0.9734458923339844
0.9927442073822021
1.0386992692947388
0.9344158172607422
1.2021794319152832
0.3387223780155182
1.2194249629974365
1.1062276363372803
1.4362558126449585
0.993769645690918
1.2353816032409668
1.4083021879196167
1.2305688858032227
1.2309972047805786
1.4247279167175293
1.602107286453247
1.265042781829834
1.1909106969833374
1.1915404796600342
1.2008270025253296
1.1227577924728394
1.1159164905548096
1.1755397319793701
1.0603972673416138
1.1760996580123901
1.45463228225708
1.586832046508789
1.2163676023483276
1.127669334411621
1.1400535106658936
1.1206233501434326
0.9865742921829224
0.8870759010314941
1.0534048080444336
0.8671175241470337
1.005370020866394
0.60551917552948
1.1362919807434082
0.7000752091407776
0.31513920426368713
0.8970123529434204
0.8187127709388733
0.7755845785140991
0.8168069124221802
1.0682841539382935
0.7524970173835754
0.6224380135536194
0.5295298099517822
0.42887237668037415
0.6505782008171082
0.7675067782402039
0.6013426184654236
0.6571584939956665
0.8507058620452881
0.9414726495742798
1.6785598993301392
4.3634934425354
4.415581703186035
3.5728321075439453
4.252835273742676
3.914250135421753
3.361088514328003
3.4509496688842773
3.5176610946655273
1.8798456192016602
3.471905469894409
2.4938082695007324
3.148932695388794
1.7734540700912476
1.7989475727081299
1.3514095544815063
1.187859296798706
1.4158191680908203
1.3264758586883545
1.1481744050979614
0.10090787708759308
1.2680389881134033
1.0960729122161865
1.573631763458252
1.0388226509094238
1.124934196472168
0.9551770091056824
1.339672327041626
0.9715785384178162
1.1226648092269897
1.4151535034179688
1.084910273551941
1.3072175979614258
0.9256613850593567
0.6221868395805359
1.2094287872314453
1.1901907920837402
0.949519157409668
1.2010706663131714
1.3930000066757202
1.3832663297653198
1.2381798028945923
1.1254101991653442
1.0540459156036377
0.9785292148590088
0.9258816838264465
0.8832512497901917
0.6349976658821106
0.6172979474067688
0.6130890250205994
0.08004655689001083
1.6998708248138428
4.124823093414307
3.898040294647217
2.491208553314209
3.5570061206817627
2.2420010566711426
3.0838654041290283
1.6318680047988892
2.478198528289795
1.8017946481704712
1.3673269748687744
1.3747179508209229
1.690406084060669
0.6840000748634338
1.3168405294418335
1.0580439567565918
0.9058167338371277
1.351881742477417
1.1457628011703491
0.9493610262870789
1.2809829711914062
0.9029146432876587
1.0924253463745117
0.9079167246818542
1.4298095703125
1.2605061531066895
0.8971328139305115
0.5849615931510925
0.5832071900367737
0.8076997995376587
2.2654097080230713
4.05984354019165
4.119174480438232
3.771955966949463
2.7802248001098633
2.2373902797698975
1.1834042072296143
1.4991475343704224
0.45064064860343933
1.3390733003616333
1.3168604373931885
1.2474037408828735
0.6520096659660339
0.976962685585022
0.798904299736023
1.1197032928466797
1.014838457107544
1.3325906991958618
1.0849761962890625
1.1099964380264282
0.6374346017837524
0.6585233211517334
0.6740641593933105
0.609031617641449
0.751524031162262
3.803407907485962
1.5906800031661987
2.0200154781341553
1.6341995000839233
1.840938687324524
1.183680772781372
1.429511547088623
1.061814546585083
1.0128895044326782
1.210634469985962
1.2776912450790405
0.4643542170524597
0.8329921960830688
1.9558300971984863
2.9041357040405273
3.177164077758789
3.6265809535980225
1.8607991933822632
1.3883310556411743
1.728551983833313
1.2283154726028442
0.920174241065979
1.3763427734375
0.9693565964698792
1.0563006401062012
1.0135791301727295
0.7847917675971985
0.6006953716278076
2.729606866836548
3.467400550842285
0.5580361485481262
1.3019731044769287
1.215922236442566
0.9838961958885193
2.144876003265381
3.210752248764038
1.4694486856460571
1.145422101020813
1.1914029121398926
0.7499093413352966
1.254747748374939
0.9993432760238647
0.8241869807243347
0.8296152353286743
0.6162929534912109
2.34088134765625
1.1159274578094482
1.1208884716033936
1.1622017621994019
0.9575517177581787
1.1177371740341187
2.350682258605957
0.8300759792327881
1.4514659643173218
1.1264457702636719
0.8939382433891296
1.0621613264083862
0.8870584964752197
0.6525357961654663
3.1965112686157227
1.0984759330749512
0.5733680725097656
0.9442452192306519
4.182751178741455
1.2916431427001953
0.8643988370895386
3.936305522918701
1.8336818218231201
1.2692009210586548
0.9515565037727356
4.600773334503174
4.738319396972656
0.7340314388275146
4.506453037261963
0.8632153272628784
1.2283333539962769
0.4620371460914612
4.448977947235107
0.6274906992912292
1.0886473655700684
0.9367550015449524
1.193664789199829
1.2600741386413574
4.1513800621032715
0.8448212742805481
1.1013975143432617
1.0993621349334717
0.023259341716766357
0.8449444770812988
0.8846946358680725
4.189596176147461
1.8728306293487549
1.1334564685821533
1.2773339748382568
1.1956807374954224
1.1877655982971191
0.8998076915740967
1.1236436367034912
