9.876351576561311e-42
6.890468597412109
6.41217565536499
0.09816227853298187
0.3084057569503784
0.2800135910511017
0.11484657227993011
0.5666797161102295
0.656001091003418
0.33457452058792114
0.705810546875
0.4123295247554779
0.3018750250339508
0.5281184911727905
0.6132836937904358
1.3027929067611694
5.806326389312744
1.4323360919952393
0.7086403965950012
2.2054922580718994
1.697135329246521
1.0169479846954346
1.8918683528900146
2.166806936264038
1.3970744609832764
0.9066101312637329
1.3106330633163452
2.1023056507110596
1.0455315113067627
0.09915348887443542
1.6627177000045776
1.119545817375183
0.8411526083946228
1.711627721786499
0.4072645306587219
1.531216025352478
0.7720203399658203
0.7592618465423584
0.615151584148407
1.1388150453567505
1.0270024538040161
1.8368480205535889
6.48523473739624
6.108528137207031
0.23815801739692688
0.36058688163757324
0.8216090202331543
0.029786981642246246
0.5712639689445496
0.8448112607002258
0.2510443329811096
0.5705148577690125
1.1770575046539307
1.3082647323608398
2.130518913269043
1.590345025062561
1.756760597229004
1.4962279796600342
0.2828355133533478
1.8412491083145142
6.248541355133057
6.03528356552124
0.3923606276512146
0.4610326886177063
1.1793209314346313
0.8807369470596313
0.5032634735107422
0.9706366062164307
2.004626989364624
2.041208028793335
1.8984665870666504
1.2969608306884766
0.49655184149742126
0.48847633600234985
0.06583734601736069
0.7694732546806335
0.8102303147315979
0.42405909299850464
1.6659367084503174
2.004558801651001
0.5734748244285583
0.8609166145324707
0.39034390449523926
0.37908563017845154
0.23382559418678284
1.0230706930160522
0.5385267734527588
1.22135591506958
1.9404202699661255
0.7362855672836304
0.17255134880542755
0.313720166683197
1.3078539371490479
1.8542238473892212
0.9205194115638733
0.31463882327079773
5.972591400146484
0.9615672826766968
0.9206515550613403
0.13824374973773956
1.2416808605194092
0.1843584179878235
1.1793920993804932
1.3263118267059326
0.11521441489458084
0.45332834124565125
1.446561574935913
0.24464631080627441
1.239179015159607
1.7933837175369263
0.07370854169130325
0.28654050827026367
1.282335877418518
2.098766326904297
0.6139762997627258
2.02962327003479
1.6227526664733887
0.17471125721931458
1.6779119968414307
0.4137515425682068
0.3753432035446167
2.276157855987549
1.50558340549469
2.1510398387908936
0.9429001808166504
0.4429258704185486
1.4500287771224976
0.8078333139419556
0.31507810950279236
1.4464292526245117
2.0195648670196533
0.5530260801315308
1.990236520767212
1.8756605386734009
1.6447170972824097
1.6501209735870361
0.3206244111061096
0.6225351095199585
0.5327741503715515
1.9081745147705078
0.48300057649612427
1.8549638986587524
1.4059429168701172
1.205019474029541
1.1448415517807007
1.135414958000183
1.166409969329834
0.5095188617706299
1.421804666519165
0.5320067405700684
0.8954858779907227
0.9470299482345581
0.6654141545295715
1.1816608905792236
1.1151399612426758
0.8791095018386841
0.8241360783576965
1.1526262760162354
0.7563710808753967
0.6582338213920593
0.769648551940918
0.7660710215568542
5.587313652038574
6.094494342803955
6.415480136871338
6.070359706878662
6.33408260345459
6.361575126647949
6.1377644538879395
6.5423431396484375
6.392098903656006
6.6905975341796875
6.886209011077881
6.879190921783447
6.995383262634277
6.9641337394714355
7.306394577026367
7.378360748291016
7.6155619621276855
7.7780890464782715
7.087680816650391
7.749065399169922
7.571375846862793
6.599891185760498
6.677745342254639
7.467258453369141
7.3866167068481445
7.059966564178467
6.617364883422852
6.592824935913086
6.803704738616943
6.717498302459717
7.06605863571167
6.615070343017578
6.182950973510742
6.391854763031006
6.049570560455322
6.160294055938721
6.620275020599365
6.193515777587891
6.578524589538574
6.720097064971924
6.958107948303223
6.949295997619629
7.3235554695129395
7.263408660888672
7.485809803009033
7.751298427581787
7.5815582275390625
6.858327865600586
7.64368200302124
6.193126678466797
6.796361923217773
7.142292022705078
7.875123023986816
7.6764044761657715
6.370429039001465
6.766565322875977
7.470695495605469
7.753928184509277
7.468089580535889
6.514708995819092
7.755181312561035
6.627184867858887
6.7868523597717285
6.832686424255371
7.049891471862793
6.465863227844238
6.917830944061279
7.319579124450684
6.201909065246582
6.646139621734619
6.749631881713867
7.028038501739502
6.943418502807617
6.865241050720215
6.0457234382629395
7.177942752838135
7.794625759124756
5.8934221267700195
6.050262451171875
7.260681629180908
6.432676315307617
7.204792022705078
6.802572250366211
7.366210460662842
7.39396858215332
7.503323078155518
7.387382984161377
7.789013385772705
7.47778844833374
7.496403217315674
7.375707626342773
7.716556072235107
7.700525760650635
7.555794715881348
7.444969177246094
7.168989658355713
0.5971994996070862
1.437027096748352
1.6463810205459595
0.7408414483070374
3.829897403717041
5.275508880615234
5.362954139709473
5.287764549255371
5.270548343658447
5.184682369232178
5.079032897949219
0.8958190083503723
3.492844581604004
0.6813225150108337
4.005702018737793
4.365874290466309
5.049469947814941
5.067774772644043
4.997312068939209
5.206199645996094
5.026484489440918
3.5653188228607178
4.149570465087891
5.482809066772461
5.044849872589111
4.444911479949951
5.521188259124756
1.6502346992492676
1.1646504402160645
1.886707067489624
2.4428727626800537
4.830002784729004
5.001554489135742
0.5525157451629639
5.122815132141113
4.493690013885498
5.119751453399658
4.338271617889404
4.753486156463623
5.14984655380249
1.4668689966201782
1.611037254333496
5.084424018859863
5.194333076477051
4.549068927764893
5.644318580627441
1.3339489698410034
5.083672523498535
5.846404552459717
1.2965855598449707
4.367995262145996
5.3228678703308105
1.5021684169769287
4.443478107452393
1.4829500913619995
5.059438705444336
4.276500225067139
5.230496883392334
5.149234294891357
5.139857292175293
5.113575458526611
5.052131175994873
3.9938912391662598
4.903822422027588
5.054865837097168
4.826492786407471
4.929708957672119
2.9994852542877197
4.873600482940674
3.220496416091919
4.4978766441345215
4.654934883117676
4.529209613800049
4.211656093597412
4.276378154754639
4.544944763183594
4.506312847137451
4.067815780639648
1.3380731344223022
0.5767053365707397
1.5470075607299805
1.7022197246551514
1.4715827703475952
1.703511118888855
1.997423768043518
1.903207540512085
0.9477679133415222
2.6413445472717285
1.929329514503479
1.3316259384155273
1.0862678289413452
1.2457282543182373
0.7073971033096313
4.386894226074219
4.577048301696777
3.9634130001068115
2.1496059894561768
2.3583104610443115
0.7104313373565674
4.039004325866699
1.7944889068603516
3.204116106033325
3.2680726051330566
5.0211100578308105
5.26183557510376
0.9600362777709961
0.7649263143539429
5.115110397338867
1.3923429250717163
2.0569257736206055
0.7887778878211975
4.4613142013549805
2.2774953842163086
3.6588799953460693
5.0800700187683105
1.1368982791900635
1.4347654581069946
3.964017152786255
2.6005072593688965
0.35323357582092285
3.592118740081787
0.17374840378761292
4.75759220123291
4.220392227172852
5.076615810394287
1.0946950912475586
0.5886350870132446
2.0388574600219727
3.971334457397461
4.915813446044922
4.688178062438965
0.43576306104660034
2.9575612545013428
4.668793201446533
0.04407636821269989
3.6801517009735107
4.543072700500488
0.36956843733787537
0.19367864727973938
2.9805748462677
0.31612464785575867
0.38435181975364685
2.934858798980713
4.571974754333496
2.8751814365386963
3.6726458072662354
3.627332925796509
0.3404049575328827
2.287062168121338
3.4513132572174072
4.652070045471191
1.8328303098678589
1.1580487489700317
4.459275722503662
3.0849852561950684
0.693263828754425
4.21691370010376
4.168704509735107
1.2929738759994507
2.067277431488037
2.230255126953125
1.9262597560882568
1.460126280784607
0.7117036581039429
0.7109101414680481
0.21568679809570312
0.5226074457168579
0.9606876373291016
0.9056566953659058
1.566225528717041
1.105308175086975
0.2185588777065277
0.47710466384887695
0.3128622770309448
0.6582896113395691
0.5164493322372437
0.11534522473812103
3.7603962421417236
1.9755405187606812
1.4009276628494263
5.328235626220703
5.496748447418213
5.982163906097412
6.364459991455078
6.59092903137207
6.827517986297607
7.207785129547119
4.701905250549316
0.6142026782035828
5.876227855682373
6.330538749694824
6.658097743988037
5.816680431365967
4.892572402954102
1.4010242223739624
6.141813278198242
6.528271198272705
6.529029369354248
6.018577575683594
6.637124538421631
5.677514553070068
6.459723949432373
6.7645792961120605
5.746869087219238
6.067655563354492
5.217357158660889
5.8598246574401855
5.001070499420166
4.919477939605713
5.5110087394714355
5.7176432609558105
6.279443264007568
6.214136123657227
5.6997504234313965
4.1022844314575195
3.0462915897369385
2.233759641647339
4.032483100891113
0.9833520650863647
5.620025157928467
6.5925517082214355
5.389587879180908
7.636832237243652
7.163962364196777
0.6795775294303894
7.853074073791504
0.6585115790367126
4.871479034423828
7.384272575378418
7.228703498840332
7.042089939117432
7.62648868560791
0.5003287196159363
7.819374084472656
7.708709239959717
7.043881893157959
7.143958568572998
7.8778886795043945
7.493722438812256
8.012688636779785
2.8243911266326904
7.827493190765381
7.419623851776123
7.805988788604736
5.558762550354004
0.8200040459632874
7.704288005828857
5.800443649291992
7.867099285125732
7.651818752288818
7.33230447769165
7.627851486206055
6.796778202056885
7.692904472351074
7.217184543609619
8.272236824035645
8.060355186462402
7.7218122482299805
5.3915581703186035
0.959043025970459
6.126884460449219
0.8015135526657104
7.66580057144165
8.014389038085938
7.5953145027160645
0.883927583694458
6.370372295379639
7.707475185394287
7.177910327911377
7.884170055389404
7.875699043273926
8.170701026916504
7.825154781341553
0.3805285096168518
7.440107822418213
7.350184440612793
4.769722938537598
7.970984935760498
8.257002830505371
7.405447959899902
7.167801856994629
7.305745601654053
7.5405144691467285
0.5729390382766724
7.0084614753723145
1.6484990119934082
6.801362037658691
7.998563766479492
8.129480361938477
6.4881391525268555
1.8184926509857178
7.5422539710998535
5.2588210105896
2.3456368446350098
4.273266792297363
7.674768447875977
8.017836570739746
8.251346588134766
8.38328742980957
8.541019439697266
8.240839004516602
4.011837005615234
3.2256417274475098
3.7957091331481934
6.5606465339660645
7.575523853302002
7.410841941833496
6.8861775398254395
6.783369541168213
6.9093918800354
1.554787039756775
0.7626196146011353
0.9096966981887817
1.6644777059555054
2.936619997024536
1.2205404043197632
1.2674003839492798
3.3015241622924805
2.806933879852295
0.9600852727890015
0.48920145630836487
2.019519805908203
1.6626133918762207
0.8001651763916016
0.9200917482376099
3.4871432781219482
1.0572304725646973
2.1077287197113037
1.1059234142303467
1.2397385835647583
1.8476642370224
0.935883641242981
1.3306758403778076
3.5517590045928955
2.5875208377838135
1.999003291130066
1.6002185344696045
1.780215859413147
0.5067582726478577
1.2140717506408691
0.3183916509151459
0.5821691155433655
0.7236763834953308
0.7074534296989441
0.8325022459030151
0.8779420256614685
0.9109651446342468
0.6681142449378967
0.6956343650817871
0.19708861410617828
1.104729175567627
0.3568445146083832
0.49567192792892456
0.5757395625114441
1.0319373607635498
0.7270834445953369
1.081908106803894
0.5115032196044922
1.0191200971603394
0.24676397442817688
0.40778157114982605
0.4992939829826355
0.46664515137672424
0.6062135100364685
0.8027204871177673
0.4500499963760376
0.7665616273880005
1.2046440839767456
0.17327186465263367
0.7049822807312012
0.43265125155448914
1.1080174446105957
0.5491394996643066
0.290004700422287
0.6105542182922363
0.7779966592788696
0.8923428058624268
0.27509063482284546
0.7862016558647156
1.1869301795959473
0.6227512359619141
0.38767486810684204
0.26280927658081055
0.25403282046318054
0.5608562231063843
1.0224467515945435
1.7881298065185547
1.3241095542907715
0.9232935905456543
1.1190496683120728
0.47203904390335083
1.0264999866485596
0.5077183842658997
0.6442044377326965
1.2879219055175781
0.9131662845611572
0.8853693008422852
1.0181719064712524
1.8504530191421509
1.1942992210388184
0.3879351317882538
0.7047848701477051
2.132373571395874
1.4250428676605225
1.8159128427505493
0.9510413408279419
1.0916125774383545
0.9863141775131226
1.0054270029067993
0.8514735698699951
1.6597850322723389
1.587308406829834
0.9518145322799683
0.47305354475975037
0.09356244653463364
0.48246273398399353
1.2231477499008179
1.3572871685028076
0.409737765789032
0.957266092300415
0.9849889874458313
2.160369634628296
0.8680479526519775
1.022167444229126
0.9823569655418396
1.1993358135223389
1.4622694253921509
1.252556324005127
1.4896347522735596
0.8995038270950317
1.5825852155685425
0.9179100394248962
1.64938485622406
0.5684353709220886
1.732289433479309
1.1584855318069458
1.070051670074463
0.9349955916404724
1.387356162071228
1.0397253036499023
0.43401962518692017
1.269262671470642
1.583003282546997
1.8803362846374512
2.075761556625366
0.3828788101673126
0.39242011308670044
1.7992342710494995
1.0012551546096802
1.7600171566009521
1.126781702041626
0.6294161677360535
1.498774528503418
0.9946882724761963
0.8949292898178101
0.4008810222148895
0.5362729430198669
0.9320803284645081
1.0431299209594727
1.3352077007293701
1.295827865600586
1.1547620296478271
0.9889944791793823
1.3382010459899902
1.0031853914260864
1.3318548202514648
0.6038969159126282
1.112320065498352
0.7820890545845032
0.9074420928955078
1.6230980157852173
0.4378426671028137
0.8046869039535522
0.691152036190033
1.8500694036483765
1.104463815689087
0.9113250374794006
0.7852849364280701
0.7961148023605347
3.4265170097351074
0.9589942693710327
1.1069109439849854
0.7150366902351379
1.2469456195831299
0.9804486036300659
6.823392868041992
0.6242980360984802
0.2928909957408905
0.06861569732427597
0.696998655796051
1.5129857063293457
0.7427407503128052
0.5854526162147522
1.7494149208068848
7.913735866546631
0.7081564664840698
0.4695926308631897
7.6740007400512695
0.7670109272003174
6.304100036621094
2.0015337467193604
1.2308638095855713
6.324246406555176
5.986387252807617
0.9298535585403442
0.9255985617637634
0.35390323400497437
6.595172882080078
6.862203598022461
6.802164554595947
0.563133180141449
0.713388204574585
0.886559247970581
1.671129584312439
0.42645972967147827
1.5538567304611206
6.3047194480896
0.5319039225578308
0.8561055064201355
1.4717882871627808
2.2648744583129883
6.042449474334717
1.7701573371887207
1.1705687046051025
0.8536354899406433
5.905574321746826
0.6599753499031067
6.241225242614746
0.16714411973953247
6.349942207336426
6.49642276763916
6.065206527709961
5.963902950286865
0.8619480729103088
5.701211929321289
5.87011194229126
6.341346740722656
6.709938049316406
1.9262970685958862
0.6115003228187561
1.0583205223083496
1.043857216835022
1.0450721979141235
0.8688927292823792
0.908966600894928
0.38305625319480896
1.4253474473953247
0.4581802487373352
1.6441298723220825
0.24469372630119324
1.3974404335021973
0.7180454134941101
0.9361706376075745
0.9334962368011475
0.9487406015396118
0.8236059546470642
1.1472452878952026
1.0134429931640625
1.377811312675476
1.0927029848098755
0.5933981537818909
0.9275299906730652
1.2757104635238647
1.743368148803711
0.41172173619270325
0.9293432235717773
0.9914933443069458
0.36942583322525024
1.4306583404541016
0.996911346912384
1.3647704124450684
0.5984976887702942
2.002072334289551
0.43920451402664185
5.155831336975098
0.5388514995574951
1.5022839307785034
1.5579875707626343
1.2319669723510742
1.0003937482833862
1.137507438659668
5.417749404907227
0.4370853006839752
0.42239922285079956
0.7271731495857239
6.025346279144287
5.891749382019043
1.3219397068023682
6.191465377807617
1.8544245958328247
0.8975534439086914
0.5941557288169861
0.10588822513818741
1.1828092336654663
0.14300666749477386
1.8198856115341187
1.003747820854187
2.265139102935791
0.7157440781593323
1.211993932723999
1.1414892673492432
0.8900514841079712
1.298225998878479
1.3570293188095093
0.3297358453273773
2.175093173980713
0.7339823246002197
1.2667567729949951
1.66089928150177
1.1453840732574463
0.6929861307144165
0.5515474081039429
0.7448992133140564
7.366894245147705
0.7297354936599731
0.42722877860069275
6.112281322479248
6.251914024353027
6.419654846191406
0.9799367785453796
0.8860829472541809
0.1986779123544693
0.8535444736480713
1.1535120010375977
1.7357810735702515
0.8361970782279968
1.5247302055358887
1.3163225650787354
1.363137125968933
1.9291073083877563
0.9625338315963745
2.1609342098236084
1.1188671588897705
0.7299877405166626
1.5407018661499023
1.0969491004943848
5.785575866699219
0.5076317191123962
1.041263461112976
0.4338913559913635
1.549515962600708
6.1980109214782715
4.544241905212402
6.685268402099609
0.9285345673561096
1.1733839511871338
2.0239131450653076
0.8370481133460999
1.7512575387954712
1.2047266960144043
1.6092857122421265
1.666378140449524
0.7745153903961182
0.5973529815673828
0.9354426860809326
0.4374464452266693
1.409316897392273
1.7439582347869873
0.20843461155891418
0.3772026002407074
0.9879916906356812
2.2317581176757812
1.2699437141418457
0.7678426504135132
1.522336721420288
1.4954547882080078
1.6447679996490479
0.5992826223373413
1.032744288444519
0.5325806736946106
5.1041154861450195
6.163480758666992
0.920559287071228
1.2118937969207764
1.5456141233444214
1.6019558906555176
1.6814039945602417
1.2333016395568848
1.0637850761413574
0.7829660773277283
1.4061279296875
1.5052947998046875
2.456366777420044
1.1336402893066406
0.644316554069519
1.9595918655395508
1.3179634809494019
5.739668369293213
6.034364223480225
0.7070137858390808
1.0608196258544922
2.0699045658111572
1.513917088508606
0.8347418904304504
5.692432880401611
0.403756707906723
2.0615627765655518
0.8504247665405273
1.905938982963562
2.081263780593872
0.7769020795822144
6.51764440536499
6.278420448303223
1.1502606868743896
3.130286455154419
2.0342190265655518
1.3318599462509155
1.406245470046997
1.4594310522079468
0.5232685208320618
1.088529348373413
0.7375043034553528
0.5290963053703308
1.6969091892242432
1.0502259731292725
1.0497640371322632
6.241492748260498
0.7845051884651184
1.165013313293457
1.5995676517486572
1.7805837392807007
1.4002333879470825
1.0528336763381958
0.9374769330024719
0.9942112565040588
3.0897512435913086
1.1832383871078491
1.0260697603225708
0.66914302110672
0.6248996257781982
6.610182285308838
0.7910497784614563
0.8106260895729065
6.853242874145508
1.1177314519882202
0.9146202802658081
0.6834678053855896
4.056141376495361
1.1965020895004272
5.548200607299805
1.056767463684082
0.7131481766700745
