9.876351576561311e-42
6.712961673736572
6.600272178649902
1.238843321800232
0.9202567934989929
0.9730085134506226
0.9356576204299927
1.3387720584869385
1.3052350282669067
0.706436812877655
1.227240800857544
1.259775996208191
1.2280460596084595
0.8183388710021973
0.9637143611907959
0.844822108745575
5.105475902557373
1.1840952634811401
1.4098495244979858
1.0212112665176392
1.2766234874725342
1.0229260921478271
1.1003623008728027
0.9806665182113647
1.2113845348358154
1.1051138639450073
1.505380630493164
0.9274373650550842
1.6202311515808105
1.5622305870056152
0.9456192851066589
1.4008735418319702
1.5667929649353027
0.8630751967430115
1.3135069608688354
1.2462338209152222
1.2964251041412354
1.340781807899475
1.1437188386917114
1.1688345670700073
1.264955997467041
1.2160078287124634
6.614891529083252
6.471187591552734
0.9394307732582092
0.9081940054893494
0.9669057726860046
0.8506032228469849
0.8624997735023499
0.7662025094032288
1.3879064321517944
1.098681926727295
1.0081526041030884
1.282863974571228
1.689212679862976
1.3067816495895386
1.0751651525497437
0.9038928747177124
1.4000563621520996
1.1718482971191406
6.477461814880371
6.341846942901611
1.4961819648742676
1.3127400875091553
0.48305752873420715
0.9762120842933655
1.3697826862335205
1.4909086227416992
1.428589105606079
0.9250773191452026
1.1153316497802734
1.2301456928253174
0.4458668529987335
0.17065007984638214
0.9825671315193176
0.8961993455886841
1.0339213609695435
1.2707204818725586
0.8582168221473694
0.8520299196243286
1.4460512399673462
1.31644868850708
0.45004281401634216
0.28293976187705994
1.0109001398086548
1.009497046470642
1.0534306764602661
1.3046282529830933
1.0228155851364136
1.561399221420288
0.6392631530761719
1.1583093404769897
1.5425872802734375
1.3074389696121216
1.2750152349472046
0.8551437854766846
4.757017135620117
1.339048147201538
1.6167608499526978
0.8451058864593506
0.8258343935012817
1.3500314950942993
1.2430428266525269
1.3900978565216064
0.9257219433784485
1.203865647315979
0.9008981585502625
1.387398362159729
1.365565299987793
1.5159918069839478
0.9367018342018127
1.3799527883529663
1.0677592754364014
1.5347578525543213
1.1447665691375732
1.0744413137435913
1.0284448862075806
1.051780104637146
0.9812555313110352
1.2791022062301636
1.5588282346725464
0.9603434801101685
1.0032273530960083
1.0003204345703125
0.754481315612793
1.3544520139694214
0.7727644443511963
1.1646479368209839
1.282538890838623
0.8297445774078369
0.9357669353485107
1.192487120628357
1.1264104843139648
1.124886393547058
1.3307299613952637
1.6816602945327759
0.9419865608215332
0.9553465247154236
1.058726191520691
1.0026664733886719
1.4009283781051636
0.8895952105522156
1.2709243297576904
1.3825992345809937
1.0958181619644165
1.1795604228973389
1.5688436031341553
1.5624306201934814
1.827125906944275
1.3963639736175537
1.2027138471603394
1.8402844667434692
1.8291372060775757
1.5784920454025269
1.3898704051971436
1.2912062406539917
1.314424753189087
1.3156979084014893
1.1966874599456787
1.1677582263946533
1.1525076627731323
1.277109146118164
2.9509501457214355
2.7849855422973633
4.4214558601379395
2.3680849075317383
3.8436696529388428
2.9851114749908447
2.4294075965881348
4.64264440536499
2.6332876682281494
4.382139205932617
5.327224254608154
5.368702411651611
5.390758037567139
5.342610836029053
5.131108283996582
5.280855655670166
5.27120304107666
5.582638263702393
5.429642677307129
5.386950492858887
5.568356513977051
5.705214500427246
6.165903568267822
5.744808197021484
5.739224433898926
5.7682366371154785
6.03831148147583
5.91152286529541
6.012920379638672
6.520212650299072
5.95098876953125
6.211183547973633
6.3433003425598145
6.5685014724731445
3.290346145629883
2.839927911758423
5.361419200897217
2.486630439758301
3.259272575378418
5.424659729003906
5.346584796905518
5.372969150543213
5.222468852996826
5.338475704193115
5.368239879608154
5.076554775238037
5.507595539093018
5.62514591217041
5.601159572601318
3.2868289947509766
5.48516321182251
5.396208763122559
5.11852502822876
5.592517375946045
2.5656301975250244
5.563429832458496
5.372251987457275
5.67119836807251
5.539862632751465
4.081424236297607
5.405039310455322
6.331420421600342
2.997969627380371
5.392704963684082
5.39518404006958
3.4987354278564453
5.4756245613098145
5.450425624847412
6.481356620788574
3.7762410640716553
3.873735189437866
4.440337657928467
5.037429332733154
4.088405609130859
6.449665069580078
4.463532447814941
5.458071231842041
6.315748691558838
6.2742204666137695
5.121282577514648
6.2916460037231445
4.759879112243652
6.229814052581787
4.892360210418701
5.909938812255859
4.62167501449585
5.409415245056152
5.539034843444824
4.944593906402588
5.13693380355835
5.3605756759643555
5.620640277862549
5.6389546394348145
5.7420654296875
5.887716770172119
6.170852184295654
0.5750774145126343
0.6613043546676636
0.548050045967102
1.1860212087631226
0.9735304117202759
1.0947730541229248
1.2462399005889893
1.4605616331100464
2.1147964000701904
2.190915822982788
2.3295516967773438
1.0984781980514526
0.8059223890304565
1.1439027786254883
2.0310251712799072
2.7483296394348145
2.544072151184082
2.018332004547119
2.1828200817108154
2.2349610328674316
2.646178722381592
2.5362441539764404
3.0614120960235596
2.406482458114624
2.372683525085449
2.8806965351104736
2.198784589767456
0.9028231501579285
0.5322683453559875
0.768527090549469
1.0060428380966187
1.5426629781723022
1.3521124124526978
1.1300956010818481
2.3152976036071777
3.0072975158691406
1.8209680318832397
3.2291698455810547
2.6551101207733154
2.1284377574920654
0.18528780341148376
0.4217672646045685
1.1303571462631226
2.2884249687194824
2.9955174922943115
2.1916682720184326
0.4393629729747772
2.1879377365112305
2.2550549507141113
0.08334506303071976
3.0795154571533203
1.8552093505859375
0.5600325465202332
3.123845338821411
1.2578965425491333
2.322874069213867
2.8995096683502197
1.9097243547439575
2.3747782707214355
2.065915107727051
2.390305995941162
2.601016044616699
2.709254264831543
2.4375016689300537
2.4840474128723145
2.7073183059692383
2.608689546585083
1.7768237590789795
2.8510971069335938
0.9969522953033447
3.0314688682556152
2.3141231536865234
1.8766757249832153
2.499483823776245
1.4748777151107788
1.2174813747406006
0.8572347164154053
0.8831297755241394
1.0332789421081543
1.1692620515823364
1.259609341621399
0.5318669676780701
1.2200231552124023
0.4702683389186859
0.4007839858531952
0.60060054063797
0.9490228891372681
0.5860597491264343
0.6222630739212036
0.40114086866378784
0.5706965327262878
0.6009424924850464
0.861446738243103
3.0443708896636963
2.781911611557007
2.7910056114196777
1.3279656171798706
1.8918581008911133
1.1737818717956543
1.9661365747451782
0.19764861464500427
1.8100839853286743
2.233245372772217
2.709233522415161
2.8079946041107178
0.4213885962963104
0.7295218110084534
2.2888264656066895
0.7432149648666382
1.1690984964370728
0.5930274724960327
2.374250650405884
2.1808717250823975
2.354560375213623
2.3485302925109863
1.1819136142730713
0.49645471572875977
1.8842982053756714
2.177105188369751
0.6538834571838379
1.744753122329712
0.5696391463279724
2.341409683227539
2.491185426712036
2.3680520057678223
0.049515027552843094
1.4566729068756104
1.387467384338379
2.100433588027954
2.319016456604004
2.4622962474823
1.2819623947143555
2.057478189468384
2.243927001953125
1.420241355895996
2.5169646739959717
2.2635722160339355
0.8427692651748657
0.7634079456329346
2.0532617568969727
1.1362789869308472
1.469340443611145
2.281378746032715
2.394789695739746
1.9254664182662964
2.064826011657715
1.8723275661468506
1.1032023429870605
1.6887274980545044
1.6775904893875122
2.6172592639923096
0.9846604466438293
1.0833569765090942
2.4290363788604736
1.615593671798706
0.7509936094284058
2.5965003967285156
2.57564115524292
1.1912524700164795
0.6752062439918518
0.46177229285240173
0.08564327657222748
0.27170294523239136
0.24000845849514008
0.853713870048523
0.5103335976600647
0.046871017664670944
0.025033321231603622
0.6052335500717163
0.8592666387557983
0.5909416079521179
0.6936519742012024
0.5443494319915771
0.5546311736106873
0.9601527452468872
0.693614661693573
0.7081131935119629
2.487992286682129
0.9234588146209717
0.6794148683547974
2.340650796890259
2.2218470573425293
2.3471055030822754
2.5519256591796875
2.617647171020508
2.6847405433654785
4.143180847167969
1.9201099872589111
0.5728896856307983
2.3711986541748047
2.6234683990478516
2.5638396739959717
3.2848739624023438
1.7712624073028564
0.6834417581558228
2.4612410068511963
2.5894150733947754
3.1952033042907715
2.5018162727355957
2.909942626953125
2.3652231693267822
2.787416934967041
2.6588687896728516
2.5865285396575928
2.3290560245513916
2.3600122928619385
2.183182954788208
2.5119876861572266
2.750969409942627
2.7220420837402344
2.822197437286377
2.748997926712036
2.7954275608062744
2.1908605098724365
1.8237601518630981
0.8053152561187744
0.9288084506988525
1.7249552011489868
0.6140567660331726
2.8805580139160156
3.334043264389038
2.291738986968994
4.759070873260498
3.404038906097412
0.08545930683612823
4.783539772033691
0.08192680776119232
1.8237119913101196
4.9060258865356445
4.179000377655029
3.3094985485076904
5.490670204162598
0.6957554221153259
5.640678405761719
5.743382453918457
4.297489166259766
3.874708890914917
4.728846073150635
3.848573684692383
5.660765647888184
1.5254160165786743
5.686489582061768
5.682028770446777
4.917724609375
2.950913906097412
0.3984130620956421
4.353091716766357
2.4418082237243652
3.8897244930267334
4.066264629364014
3.748506546020508
5.378457069396973
3.0340704917907715
5.992547512054443
4.300137996673584
4.493128299713135
5.197527885437012
5.1996989250183105
2.573486328125
0.4063018560409546
2.686192274093628
0.28003519773483276
3.987532377243042
4.9136528968811035
5.079329013824463
0.5919783711433411
2.918260097503662
5.137353897094727
3.450636863708496
5.865598201751709
3.452611207962036
4.347580432891846
4.690671443939209
0.26264896988868713
5.234488010406494
3.6187145709991455
2.17439866065979
5.771219730377197
3.7812435626983643
5.311097621917725
4.970149993896484
5.118499279022217
3.401582717895508
0.5417994856834412
2.7976672649383545
0.9492769241333008
3.149634838104248
5.455977916717529
4.306687831878662
2.8493194580078125
1.2544358968734741
3.195535659790039
2.2066397666931152
1.5995869636535645
2.1515069007873535
2.7023682594299316
5.544376373291016
4.904646873474121
4.73120641708374
4.265492916107178
3.675598382949829
2.038245439529419
1.6969757080078125
1.7564538717269897
2.477464437484741
2.367617130279541
2.7722339630126953
1.8893080949783325
2.3917276859283447
2.8430850505828857
1.0659605264663696
1.4204537868499756
1.6749703884124756
1.2945691347122192
1.0464223623275757
1.9172143936157227
0.5923797488212585
1.1281112432479858
0.9116775989532471
0.7707076668739319
0.7026094794273376
1.1626191139221191
1.122514247894287
0.9363952279090881
0.2974521517753601
0.931437075138092
0.37429115176200867
1.2042856216430664
0.8505189418792725
0.6385852098464966
1.178688883781433
1.42242431640625
1.666224479675293
0.6118533611297607
0.8495579361915588
0.7253362536430359
1.8447413444519043
1.5575861930847168
1.8566193580627441
1.800689697265625
1.075774073600769
1.2719860076904297
1.2922000885009766
1.0814063549041748
1.34666907787323
0.605002224445343
1.1529730558395386
0.9557977318763733
0.9801820516586304
0.7167686820030212
0.07645483314990997
0.8407179713249207
0.31920889019966125
0.22729431092739105
0.4421054422855377
0.520660400390625
0.4935728907585144
0.5912129282951355
0.9629387259483337
0.6072743535041809
0.2634056806564331
0.7223787903785706
1.5327163934707642
0.4854382872581482
0.9609137177467346
0.6358305215835571
0.2878165543079376
0.5447610020637512
1.2650115489959717
0.328176885843277
0.6685186624526978
0.9503633975982666
0.35877761244773865
1.0849732160568237
1.6750760078430176
1.1711773872375488
0.6732122898101807
0.2664925456047058
0.3861449658870697
0.2839784026145935
0.5449467301368713
0.643822968006134
0.4918370544910431
0.9373078942298889
1.4502651691436768
0.3230915367603302
1.0161693096160889
0.8642487525939941
1.721967101097107
1.962255597114563
0.9827287793159485
1.9456737041473389
0.29901930689811707
1.5807298421859741
0.4825121760368347
2.649958848953247
3.8246939182281494
3.01347017288208
3.0081727504730225
3.515627145767212
0.5595499873161316
1.5919996500015259
0.5379433631896973
2.8453242778778076
0.7102605700492859
2.072493314743042
1.7701783180236816
1.729649305343628
1.0544016361236572
1.3421152830123901
0.9430311918258667
1.1590543985366821
1.7840592861175537
1.1931698322296143
0.795737087726593
0.9788628816604614
0.5595453381538391
0.9990776777267456
1.0595591068267822
0.4091179668903351
1.4050756692886353
1.662970781326294
1.2101900577545166
0.3989219665527344
0.948007345199585
1.5264053344726562
1.6028172969818115
1.3401484489440918
1.9864482879638672
1.111425757408142
1.9681646823883057
1.533015489578247
0.1498597115278244
0.9548211693763733
1.6240862607955933
1.7094440460205078
1.5933837890625
0.23820194602012634
2.1213762760162354
2.1068990230560303
1.263944149017334
0.9058295488357544
0.9553477168083191
1.2599955797195435
1.2203255891799927
1.332194209098816
1.1566081047058105
0.6120450496673584
0.4160190224647522
0.969261884689331
0.7885725498199463
1.5884439945220947
0.6458840370178223
1.1675026416778564
0.2317379117012024
1.2110083103179932
1.3228466510772705
0.30072030425071716
0.7304027080535889
1.296451449394226
0.3030625581741333
0.7126491665840149
1.511478304862976
1.2145196199417114
0.992612898349762
1.2189196348190308
1.1025007963180542
1.2771950960159302
1.2682733535766602
1.4479674100875854
0.2147335410118103
0.9974254369735718
1.159009337425232
1.109034538269043
0.7368922233581543
0.8106321096420288
0.6871398091316223
0.9962513446807861
0.925605297088623
1.6418123245239258
1.0317726135253906
0.5209590196609497
0.6965340971946716
0.6115925908088684
0.5589219927787781
1.9883815050125122
0.34975185990333557
0.789095401763916
0.3522152304649353
0.267094224691391
0.6903939247131348
0.18056327104568481
0.45250290632247925
0.9461193680763245
4.458448886871338
0.753114640712738
0.8344926834106445
4.7307844161987305
0.22311218082904816
2.0284295082092285
0.03731464967131615
1.0419933795928955
2.433652400970459
1.6747130155563354
0.37790510058403015
0.48656541109085083
0.7890072464942932
2.708085060119629
3.385711669921875
4.4924421310424805
0.7897443771362305
0.4934287369251251
0.3147697150707245
0.25019416213035583
0.6214494705200195
1.389404535293579
4.761181831359863
0.7639471888542175
0.19003455340862274
1.3658268451690674
0.5604411363601685
4.106531620025635
1.4258798360824585
0.7279870510101318
0.3414904475212097
3.5125210285186768
0.16164810955524445
4.568264961242676
0.2500275671482086
4.1333088874816895
3.578261137008667
3.830515146255493
4.533927917480469
0.7008295059204102
3.3984875679016113
3.1382062435150146
4.528745174407959
4.511246204376221
1.1317448616027832
1.9593981504440308
0.7748062014579773
0.5696222186088562
3.3713326454162598
3.3750672340393066
1.175134301185608
0.22089575231075287
0.952531099319458
2.7223024368286133
1.4864201545715332
1.168352723121643
0.3720000386238098
1.172738790512085
0.9729639887809753
0.8945131897926331
1.1364034414291382
1.1779919862747192
1.8071622848510742
1.8849492073059082
0.5504950284957886
1.085645079612732
0.9753265976905823
2.3785781860351562
0.5751916766166687
0.9946271777153015
0.7794920206069946
1.3390729427337646
1.4944806098937988
1.0172115564346313
1.4618377685546875
1.3873670101165771
0.8705587387084961
1.1956905126571655
0.6000159382820129
0.5502373576164246
1.0426132678985596
0.5630605220794678
1.056679129600525
1.1771631240844727
0.8708838820457458
0.25506794452667236
0.0779283419251442
0.8108626008033752
0.28405091166496277
0.49973079562187195
0.3877195417881012
4.707946300506592
4.56529426574707
0.6449670791625977
3.639746904373169
0.9853301048278809
1.9794796705245972
3.1122665405273438
3.512528896331787
0.12080685794353485
3.4662368297576904
1.7632545232772827
1.5478110313415527
1.374101996421814
1.815261721611023
0.5868875980377197
1.1129199266433716
1.3995381593704224
1.3065266609191895
1.2329851388931274
1.067845344543457
0.9093181490898132
2.3052589893341064
0.5583626627922058
1.3193193674087524
1.1763802766799927
1.092590570449829
0.9283843636512756
0.2613135278224945
3.658216953277588
0.5882983207702637
0.668219804763794
4.7081618309021
4.232204914093018
4.54109525680542
0.5934816598892212
1.325336217880249
0.41798263788223267
3.9986393451690674
1.585505723953247
1.5002939701080322
0.8640806674957275
2.057906150817871
0.79813551902771
1.4029829502105713
1.7959067821502686
0.849388599395752
0.9931173920631409
0.9786016941070557
1.2710423469543457
0.8024926781654358
0.45561835169792175
1.5228033065795898
0.5747199654579163
0.2196744680404663
0.9767605662345886
1.143283486366272
4.633777141571045
2.415396213531494
4.495426177978516
4.0681657791137695
1.6251325607299805
2.213031530380249
0.6004155874252319
1.740990161895752
1.6238257884979248
1.582869291305542
0.5127539038658142
0.6987714171409607
1.6768027544021606
1.0764883756637573
1.1745675802230835
0.5628580451011658
0.9300950765609741
3.46047306060791
3.1621477603912354
0.5909000039100647
1.7361857891082764
0.9453400373458862
1.4927464723587036
1.7621856927871704
1.6769535541534424
1.6691573858261108
1.411848545074463
1.4405579566955566
0.9640931487083435
2.220109462738037
4.165653705596924
2.077622175216675
0.5883947610855103
0.8740201592445374
1.6844635009765625
1.4516456127166748
0.7232856154441833
2.4244656562805176
1.001382827758789
2.2528254985809326
0.8932828307151794
1.4284864664077759
0.5215981006622314
0.44337648153305054
1.6009637117385864
1.3615593910217285
2.7584688663482666
4.4018144607543945
0.5215772986412048
0.5220154523849487
1.2318789958953857
1.2322289943695068
0.9320480823516846
1.8897818326950073
0.6058787703514099
0.36082151532173157
1.640857458114624
0.9615549445152283
1.3998733758926392
1.1823734045028687
2.7091262340545654
4.601419448852539
2.0688841342926025
1.3205300569534302
0.5340093374252319
0.9628748893737793
2.592174768447876
0.5893919467926025
0.8632662892341614
1.917789101600647
2.6020607948303223
1.4553303718566895
1.300366997718811
2.124159574508667
1.2121518850326538
4.54213809967041
1.9312547445297241
0.2222786545753479
1.5918910503387451
0.5874713063240051
1.826897144317627
0.3623783588409424
1.1454540491104126
1.2960455417633057
0.7211375832557678
0.9394264817237854
1.2764743566513062
0.6833407878875732
1.3704990148544312
4.485504627227783
1.0373740196228027
1.3897297382354736
4.477298259735107
0.8363556861877441
2.0327115058898926
1.071019172668457
0.6509125232696533
1.0802335739135742
1.2606436014175415
1.217777967453003
1.4168885946273804
