9.876351576561311e-42
6.540646553039551
6.319580078125
1.636517882347107
1.7797962427139282
1.8885269165039062
2.238292694091797
2.43546199798584
2.5024023056030273
2.7943115234375
2.430018424987793
3.076115369796753
2.7221570014953613
2.6933999061584473
2.763146162033081
2.7069835662841797
5.3283371925354
2.4818036556243896
2.832390308380127
2.4609384536743164
2.2688612937927246
3.0347137451171875
3.5682406425476074
3.358408212661743
3.508455753326416
2.4741268157958984
2.2950081825256348
2.8391449451446533
3.251389741897583
2.8550150394439697
2.122062921524048
2.4450275897979736
3.475585699081421
2.226447343826294
3.3285727500915527
2.4459176063537598
3.1623682975769043
2.7895286083221436
2.427657127380371
3.561281681060791
2.5492355823516846
3.3747026920318604
6.14626407623291
6.307621955871582
1.9442057609558105
1.7145813703536987
2.8142051696777344
2.4687154293060303
2.772427797317505
2.4455201625823975
2.9260661602020264
2.6842265129089355
2.4720680713653564
2.908674478530884
2.9910390377044678
2.189232110977173
3.5682952404022217
2.1080195903778076
2.7209854125976562
2.4369020462036133
6.106791973114014
6.026329517364502
2.166116952896118
2.435380220413208
2.6750781536102295
2.5248148441314697
2.653416395187378
2.483222007751465
2.517699718475342
2.2385971546173096
2.367783308029175
3.3349411487579346
2.0796821117401123
2.2222163677215576
2.1343791484832764
2.9429750442504883
2.7009124755859375
2.404743194580078
3.0926990509033203
2.5752432346343994
3.222025156021118
3.1906850337982178
2.1288092136383057
2.2791359424591064
2.97029709815979
2.4342422485351562
2.902540922164917
2.3481719493865967
2.5654313564300537
2.9374849796295166
2.1056087017059326
2.594231367111206
2.6241073608398438
2.285428047180176
2.942913293838501
2.9597244262695312
5.421804428100586
2.4449007511138916
2.6573479175567627
1.9902323484420776
3.012579917907715
2.8337645530700684
2.849231243133545
2.621741533279419
2.1274211406707764
3.0617177486419678
2.7924437522888184
2.720405340194702
2.89563250541687
2.555248260498047
2.6103568077087402
2.8948557376861572
2.606877326965332
2.5478708744049072
2.705503225326538
2.320054531097412
2.6886074542999268
2.6052563190460205
2.435481071472168
2.9399783611297607
2.8320834636688232
2.447801351547241
2.1857211589813232
2.265427589416504
2.2388672828674316
2.4118711948394775
2.189579725265503
2.3533284664154053
2.6503758430480957
2.289332389831543
2.396822929382324
2.56632661819458
2.1127419471740723
2.020143508911133
2.221754789352417
2.4909822940826416
3.142512321472168
3.293337106704712
3.179492473602295
2.347696542739868
2.739506244659424
2.5172500610351562
2.458073377609253
2.925961494445801
2.9363203048706055
2.76682186126709
2.4919872283935547
2.4570705890655518
2.6813690662384033
2.1822891235351562
2.143751382827759
2.502279043197632
2.2324326038360596
2.3448612689971924
2.537431240081787
2.599682569503784
2.4601354598999023
2.360889196395874
2.3457114696502686
2.316864013671875
2.195845127105713
2.3065237998962402
5.108882427215576
5.497262001037598
6.075275897979736
5.587278842926025
6.04025411605835
6.23015832901001
5.836169719696045
6.2143144607543945
6.3463335037231445
6.349033355712891
6.720331192016602
6.646553993225098
6.64406156539917
6.743859767913818
6.611342906951904
6.647851943969727
6.675588130950928
6.605408191680908
7.008650302886963
6.601323127746582
6.960254669189453
7.048219680786133
6.955444812774658
6.914280414581299
6.932198524475098
7.0065717697143555
7.03992223739624
6.996462345123291
6.933376312255859
6.716320037841797
6.919531345367432
6.915464878082275
6.7405595779418945
6.427629470825195
5.601564407348633
5.937878608703613
6.223739147186279
6.048289775848389
6.3522725105285645
6.340378761291504
6.58831262588501
6.7042083740234375
6.527145862579346
6.628157615661621
6.616442680358887
6.665289402008057
6.508652687072754
7.043855667114258
6.921658992767334
6.006547927856445
6.303680419921875
6.580538749694824
6.719791412353516
6.597416877746582
6.277629852294922
6.336302280426025
6.992592811584473
6.575741291046143
7.004373550415039
6.220720291137695
7.035205364227295
6.842324256896973
6.421968460083008
6.362560272216797
6.498040199279785
6.233547687530518
6.343955039978027
6.477149963378906
6.527393341064453
6.37190580368042
6.432896137237549
6.425884246826172
6.415997505187988
6.40944766998291
6.41994047164917
6.447484970092773
6.967289924621582
6.587060451507568
6.646297931671143
6.458846092224121
6.784110069274902
6.428314208984375
6.7972283363342285
6.514289379119873
6.872875690460205
6.485883712768555
6.546128749847412
6.8715128898620605
6.530196189880371
6.425884246826172
6.424557209014893
6.755044937133789
6.875066757202148
6.861726760864258
6.8752055168151855
6.811765670776367
2.64988112449646
3.0417680740356445
1.1283437013626099
0.4773341119289398
4.075453758239746
4.457643508911133
3.9601690769195557
3.718933582305908
3.8321495056152344
3.7251434326171875
3.5979902744293213
0.4468560516834259
3.285706043243408
0.9034725427627563
3.7721428871154785
3.860278844833374
4.592738628387451
4.575165271759033
4.437537670135498
4.867702960968018
4.5197224617004395
4.0313873291015625
4.340467929840088
5.01774787902832
4.505836009979248
4.505260467529297
4.791290283203125
1.9642095565795898
0.8255382776260376
2.0568037033081055
3.1521644592285156
3.5676136016845703
3.7269668579101562
0.1360429972410202
4.855473518371582
4.101246356964111
4.629758834838867
4.405529022216797
4.549568176269531
4.539198875427246
0.7029381394386292
0.929256021976471
3.950779914855957
3.9009482860565186
4.370121002197266
4.9692559242248535
0.5800325274467468
4.38234806060791
5.176939010620117
0.7835540175437927
4.323374271392822
4.794905662536621
0.4449518322944641
4.127861499786377
1.356804370880127
4.247711658477783
4.064286231994629
4.646118640899658
3.806647539138794
4.601300239562988
4.562211513519287
4.230819225311279
3.9791688919067383
4.324462413787842
3.721557855606079
4.363796710968018
3.6459405422210693
3.4503173828125
4.093934535980225
3.6186602115631104
3.9839046001434326
3.4043824672698975
3.47762131690979
3.803245782852173
3.500422477722168
3.7993009090423584
4.013492584228516
3.8208084106445312
1.7249057292938232
0.29191112518310547
1.178598403930664
1.2054804563522339
0.7655141949653625
1.5359042882919312
1.070225477218628
2.837937593460083
2.3791985511779785
3.508500576019287
3.226365327835083
1.6012756824493408
2.881791114807129
2.3656327724456787
1.069887638092041
4.512835502624512
4.524693489074707
4.679806232452393
2.886066198348999
4.220017433166504
0.24421364068984985
4.845980167388916
1.3693206310272217
4.668593883514404
4.28826379776001
5.686313152313232
6.062979221343994
0.7680081725120544
0.5180991888046265
5.688457489013672
2.4679934978485107
3.137451410293579
3.3099942207336426
4.757430553436279
4.053462982177734
5.082304000854492
4.806101322174072
0.2112244963645935
1.2329027652740479
4.916014671325684
3.3923585414886475
0.8486434817314148
4.417122840881348
3.0406014919281006
4.803239822387695
4.820526599884033
4.817146301269531
1.2267060279846191
1.358847975730896
2.7441046237945557
4.896880149841309
4.861988544464111
4.9738688468933105
0.8812917470932007
3.4561007022857666
4.888211250305176
2.671369791030884
4.593849182128906
4.937169551849365
1.889589786529541
0.7563247680664062
3.7799227237701416
1.1227593421936035
0.6957257986068726
4.743849277496338
4.9247212409973145
4.595025062561035
4.844325542449951
4.719500541687012
0.8875035047531128
4.044045448303223
4.354287624359131
5.139578819274902
2.764043092727661
1.7572616338729858
5.127075672149658
3.857895612716675
1.296296238899231
5.117942810058594
5.252677917480469
1.6271677017211914
2.3672614097595215
1.8230681419372559
1.550046682357788
2.2255234718322754
3.912212371826172
3.513155937194824
0.6931625604629517
0.8472485542297363
0.7400333881378174
0.6996446847915649
0.8970701694488525
0.5410491228103638
0.7537834048271179
0.8661818504333496
1.3320294618606567
0.9427481889724731
0.29350244998931885
0.3559373617172241
4.251741409301758
2.7132503986358643
1.5694853067398071
4.6969194412231445
4.65822696685791
5.436680793762207
6.109792232513428
6.136017799377441
6.504699230194092
6.447299480438232
5.274277210235596
0.93243807554245
5.305149555206299
5.864846706390381
6.3696370124816895
6.345146656036377
5.02327299118042
1.4291750192642212
5.687414169311523
6.318824291229248
6.4283013343811035
5.546070098876953
6.490192890167236
5.146152496337891
6.1688714027404785
6.579572677612305
6.449648380279541
6.49852991104126
4.834041595458984
6.269880294799805
5.13254976272583
5.175323486328125
5.33775520324707
6.022799015045166
6.1222429275512695
6.491711616516113
6.196271896362305
4.838530540466309
2.91314697265625
2.292184591293335
3.423919439315796
0.43315455317497253
6.3900322914123535
6.341160297393799
6.166839122772217
6.417870998382568
6.249536991119385
0.7364552617073059
6.228089332580566
1.0551152229309082
4.922079563140869
6.100405216217041
5.576718807220459
5.64844274520874
6.368270397186279
0.6908023357391357
6.3589701652526855
6.5608696937561035
5.576483726501465
5.608757972717285
5.801494598388672
6.414100170135498
6.108173847198486
2.5238749980926514
6.704172134399414
6.900308132171631
6.889868259429932
6.26626443862915
0.5205522775650024
6.4225945472717285
6.250176906585693
6.140110015869141
5.63291072845459
5.5468974113464355
6.059608459472656
5.670658111572266
6.633821487426758
6.101172924041748
6.028227806091309
5.932039260864258
6.922305107116699
6.309124946594238
0.4062727987766266
5.851110935211182
0.41872602701187134
6.527037620544434
6.686574935913086
6.972536563873291
0.38565534353256226
6.3397932052612305
6.3983235359191895
5.7735981941223145
6.375300884246826
6.801911354064941
6.432862281799316
7.262268543243408
0.41156119108200073
6.502715587615967
5.759870529174805
4.0845441818237305
6.386305332183838
6.347862243652344
6.198592185974121
6.15022611618042
5.793820381164551
6.478679180145264
0.3977132737636566
6.0859599113464355
1.416183352470398
5.892179489135742
5.91813850402832
7.061580657958984
5.486330986022949
0.9802614450454712
5.851486682891846
4.164285182952881
1.8360737562179565
4.093418121337891
6.525277614593506
6.066303253173828
5.766477584838867
5.960332870483398
6.25637149810791
6.742419719696045
2.749772071838379
2.8260416984558105
3.6524178981781006
5.672893524169922
6.384230136871338
5.761260032653809
5.776290416717529
5.172654151916504
5.068962574005127
1.4379318952560425
0.9759901165962219
1.5303475856781006
1.727465033531189
1.634543538093567
2.123836040496826
1.2505767345428467
1.8172142505645752
0.7333196401596069
0.1829940378665924
1.3493068218231201
1.7754920721054077
1.6354750394821167
0.7926772832870483
0.5535578727722168
1.4995211362838745
1.169543981552124
1.3716046810150146
0.4883280396461487
0.3966323733329773
1.7199095487594604
1.1186497211456299
1.093064546585083
1.0622855424880981
0.3043578267097473
1.7810438871383667
1.85816490650177
1.7050827741622925
1.9438024759292603
1.529211163520813
1.3160535097122192
1.4150742292404175
0.18560773134231567
2.1812586784362793
1.495260238647461
1.1370959281921387
0.9699205756187439
0.666821300983429
1.4313865900039673
0.7132415175437927
0.41694390773773193
1.5020967721939087
0.5657449960708618
0.5626866817474365
0.6705426573753357
0.5509111285209656
1.2009943723678589
1.9827282428741455
1.2884900569915771
1.5788427591323853
0.7674975991249084
0.7849428057670593
1.0713118314743042
0.3737640380859375
1.2016862630844116
0.7673138976097107
0.8903141021728516
1.0041604042053223
2.6921401023864746
1.1502976417541504
0.9056442379951477
1.0821481943130493
1.4509165287017822
2.282241106033325
2.2101235389709473
2.048980236053467
0.7613000869750977
0.4853922426700592
0.4945138692855835
0.9421062469482422
1.3991475105285645
1.3987908363342285
0.534313440322876
1.2243618965148926
1.8825469017028809
0.8804614543914795
1.8565618991851807
2.7626190185546875
2.157463312149048
1.4928314685821533
2.2839839458465576
1.6423933506011963
3.2251815795898438
0.1706826537847519
3.1382572650909424
1.8349636793136597
2.7560489177703857
2.256923198699951
2.7634763717651367
3.489368200302124
2.9342474937438965
1.313722014427185
2.132345199584961
2.5984036922454834
1.9470793008804321
2.2569820880889893
2.5687320232391357
2.5961480140686035
2.731959581375122
3.1906473636627197
2.4883346557617188
3.429539680480957
2.321763277053833
3.697744607925415
3.359987258911133
3.295111656188965
3.40382981300354
1.7627081871032715
1.6813048124313354
0.6432663798332214
1.0430619716644287
2.892526626586914
0.9058634638786316
1.0105215311050415
0.7797097563743591
1.486842393875122
2.1675333976745605
2.636874198913574
2.17976450920105
2.0189478397369385
2.5478134155273438
2.052445411682129
0.5606324076652527
2.143799304962158
2.8637375831604004
2.8075854778289795
2.2062718868255615
0.7362052202224731
2.8574347496032715
2.4775052070617676
1.485353946685791
1.3951563835144043
1.8122073411941528
2.1099109649658203
2.20995831489563
1.0091774463653564
1.2324138879776
1.6321204900741577
1.4642540216445923
1.811997413635254
1.2387653589248657
1.8883641958236694
1.8604638576507568
1.4067482948303223
0.9695304036140442
0.2328113466501236
0.8233703970909119
0.7196389436721802
1.904215931892395
1.6253541707992554
1.359169602394104
2.292940855026245
0.7595444321632385
1.3454471826553345
1.2607330083847046
1.721774935722351
0.15795837342739105
1.2619900703430176
0.6394438743591309
1.0808769464492798
2.635309934616089
1.6024291515350342
0.824608325958252
0.7532947063446045
2.2958500385284424
0.6479396224021912
1.0997401475906372
0.8049157857894897
0.6123023629188538
3.044818878173828
0.6939842700958252
0.7454984188079834
0.667847216129303
0.8846519589424133
0.730922281742096
5.904928684234619
0.7533491849899292
1.143941044807434
0.5651293396949768
0.21149933338165283
2.065159559249878
2.578671932220459
0.5650333762168884
2.444981813430786
7.035743713378906
0.5846418738365173
0.6995003819465637
6.412480354309082
3.2301976680755615
4.4201765060424805
0.7026131749153137
0.9678295850753784
4.317507743835449
3.7536139488220215
0.5801476836204529
1.4216065406799316
0.9784354567527771
3.602796792984009
3.9547832012176514
5.259217739105225
1.9933205842971802
1.5681759119033813
1.082342505455017
2.0611777305603027
1.7819187641143799
2.009578227996826
5.348001956939697
1.2449073791503906
2.171405076980591
0.8178225159645081
1.8055325746536255
4.26339054107666
1.7812278270721436
2.78187894821167
2.0510988235473633
4.067969799041748
1.3200770616531372
5.0357279777526855
0.8292648792266846
5.083946704864502
5.004593849182129
5.369823932647705
5.353586673736572
2.5134928226470947
4.969638347625732
5.400456428527832
5.344432830810547
5.187964916229248
1.8727976083755493
0.2895776629447937
2.147007942199707
2.9660756587982178
2.73555850982666
2.516974687576294
0.32962411642074585
3.038750171661377
3.3369345664978027
3.427616596221924
2.7738263607025146
3.6140878200531006
3.9207680225372314
3.9452250003814697
3.4459619522094727
1.4210560321807861
0.5488527417182922
2.5065343379974365
1.9134364128112793
1.198205828666687
2.02982497215271
2.4642293453216553
1.8453593254089355
2.737258195877075
1.622204303741455
1.9667774438858032
1.0104128122329712
1.8517732620239258
0.7220510244369507
0.6082466840744019
2.0835347175598145
1.3151936531066895
1.4741698503494263
0.3316006660461426
2.65150785446167
1.1978901624679565
4.204931259155273
0.5149146914482117
2.678643226623535
2.0365822315216064
2.5868852138519287
0.5253496170043945
0.24449102580547333
2.995624303817749
2.402099132537842
1.5585675239562988
3.3133397102355957
4.990707874298096
4.674931049346924
2.243966817855835
5.609655857086182
2.553558826446533
1.0491424798965454
2.1445462703704834
3.7170140743255615
2.168612241744995
3.6040866374969482
3.0228774547576904
2.781970739364624
2.1254656314849854
4.021196365356445
2.5460474491119385
1.7367066144943237
2.5328116416931152
1.5774831771850586
2.508894443511963
1.611690640449524
2.515591859817505
1.9532215595245361
0.9155109524726868
2.155280351638794
0.25946441292762756
0.7665347456932068
0.7338774800300598
0.500983476638794
5.676717281341553
0.7457693219184875
3.761958122253418
5.179718494415283
5.492770671844482
5.299122333526611
3.0669021606445312
1.242787480354309
3.0102415084838867
3.814619302749634
3.4518651962280273
1.2872140407562256
3.0202581882476807
3.0397677421569824
2.3366174697875977
1.3214833736419678
2.8413312435150146
1.0411348342895508
2.5856552124023438
0.720373272895813
0.6406881213188171
1.7596169710159302
1.1714341640472412
4.55914831161499
0.527331531047821
0.6919408440589905
1.4160735607147217
3.5006585121154785
5.127264976501465
4.17106294631958
5.215094566345215
3.876662254333496
3.2005462646484375
3.358893394470215
1.126029372215271
2.439133644104004
2.1924450397491455
2.8029768466949463
1.324313998222351
1.208432674407959
1.1077913045883179
0.5118165612220764
1.3156018257141113
1.0464571714401245
2.8322739601135254
3.68137526512146
2.2319905757904053
2.7042953968048096
2.176457166671753
4.080137729644775
2.1107425689697266
2.0882186889648438
2.457077741622925
2.669894218444824
0.8019574880599976
0.8516242504119873
1.7498143911361694
3.26391863822937
5.664005756378174
1.4098989963531494
1.941760778427124
2.8200936317443848
2.4068727493286133
1.2462350130081177
1.722808837890625
2.513287305831909
2.8704581260681152
2.582742691040039
1.744495153427124
2.078439712524414
2.0594499111175537
0.5099908709526062
0.8949199914932251
2.077777624130249
3.608280897140503
5.1428751945495605
3.385315418243408
1.2335693836212158
1.1740686893463135
0.09635045379400253
4.023930072784424
3.5171737670898438
3.2832303047180176
1.97965669631958
1.7533948421478271
2.0456347465515137
1.8900971412658691
2.8563232421875
3.693349599838257
5.3548903465271
2.9520065784454346
2.3571414947509766
3.022576332092285
2.825119972229004
3.7250542640686035
3.4088492393493652
1.1647822856903076
2.5986123085021973
3.4592487812042236
0.8782129883766174
1.8629547357559204
3.400731325149536
3.902379035949707
5.24399995803833
2.21610951423645
0.6800408959388733
1.999581217765808
1.5103703737258911
0.9075098037719727
0.9517235159873962
1.3757133483886719
0.9851369857788086
2.251100778579712
1.3408052921295166
0.7750731110572815
0.822895348072052
0.49134424328804016
5.182667255401611
1.3947268724441528
0.8813563585281372
5.107300758361816
1.818289041519165
2.555124044418335
0.9265141487121582
2.769554376602173
0.9346383213996887
3.5332114696502686
1.9187524318695068
1.175816297531128
