9.876351576561311e-42
6.498518943786621
6.412174701690674
4.279139995574951
3.949629306793213
3.979552984237671
3.8223187923431396
3.6141364574432373
3.8559165000915527
3.5575411319732666
3.1825098991394043
3.0057919025421143
2.445310592651367
3.6008238792419434
3.4573168754577637
2.700683832168579
6.141463756561279
2.3618922233581543
3.136314630508423
2.3749353885650635
2.0286765098571777
2.370375156402588
3.098353385925293
2.8208718299865723
2.8390650749206543
2.1408774852752686
1.905430793762207
2.4333133697509766
2.5578970909118652
2.055328369140625
2.2532196044921875
1.642484188079834
2.501960039138794
1.9164113998413086
2.163703680038452
2.060614585876465
1.85439133644104
1.8300188779830933
1.481299877166748
1.931870698928833
1.899459958076477
1.8131701946258545
6.296930313110352
6.430727481842041
4.101126670837402
3.927170991897583
3.1252522468566895
3.4774997234344482
3.5286033153533936
2.8886399269104004
2.555922746658325
3.17606258392334
2.582880973815918
2.285625457763672
2.9181458950042725
1.9882298707962036
2.709092378616333
2.1230456829071045
1.839486837387085
2.130286931991577
6.3295817375183105
6.364755630493164
3.950861692428589
2.7307889461517334
3.0492286682128906
3.260936737060547
2.928215742111206
2.4681103229522705
2.743192434310913
2.072239637374878
2.2002899646759033
1.7617716789245605
4.179582595825195
4.036302089691162
3.8802523612976074
3.0692219734191895
3.315535068511963
2.645582437515259
2.93658447265625
1.968679666519165
2.200787305831909
1.711378812789917
3.929248809814453
3.774982213973999
2.6804120540618896
3.054217576980591
2.3334741592407227
2.023210287094116
2.064180850982666
2.253037214279175
3.6977272033691406
3.447080373764038
2.2015063762664795
2.06960391998291
1.7068686485290527
3.460057497024536
6.168304920196533
1.7966327667236328
2.2694034576416016
3.801231861114502
2.7855746746063232
2.1484298706054688
1.7308685779571533
1.9579037427902222
3.7666852474212646
3.197153091430664
2.475708246231079
2.0170035362243652
2.406399726867676
2.0170459747314453
3.4525277614593506
2.873598098754883
2.421812057495117
1.934312343597412
3.303895950317383
2.2402305603027344
2.2977213859558105
3.4297566413879395
2.3404152393341064
2.7950069904327393
2.4588470458984375
2.3000712394714355
2.135169506072998
2.1692161560058594
1.9379312992095947
3.01639461517334
1.9375752210617065
3.1386492252349854
1.7671191692352295
1.886508822441101
1.9859243631362915
2.7705397605895996
2.008446216583252
1.9465371370315552
1.8990259170532227
2.0371971130371094
2.5435688495635986
2.382704973220825
2.348663330078125
2.148758888244629
2.321174144744873
2.100581169128418
2.2866404056549072
2.177438497543335
2.1417934894561768
2.1593239307403564
2.1988813877105713
2.6375319957733154
2.051185369491577
2.8699848651885986
2.9620261192321777
2.0434958934783936
2.0573437213897705
1.8725484609603882
1.6569387912750244
1.510481357574463
1.5081729888916016
1.2346433401107788
1.4353967905044556
1.4582411050796509
1.4461170434951782
1.533616542816162
5.558032989501953
5.736592769622803
6.087318420410156
5.621562480926514
6.047605991363525
6.141208648681641
5.858340263366699
6.154912948608398
6.377203941345215
6.245513439178467
6.173861026763916
6.189507484436035
6.279942989349365
6.243860721588135
6.378726482391357
6.27196741104126
6.323399543762207
6.630643367767334
6.5456366539001465
6.715620517730713
6.572325706481934
6.6371870040893555
6.659836292266846
6.685113906860352
6.6986403465271
6.7045135498046875
6.677024841308594
6.695158958435059
6.780310153961182
6.594882011413574
6.8079729080200195
6.722593784332275
6.8102803230285645
6.527642250061035
5.841546058654785
5.898717403411865
6.070219039916992
5.973308563232422
6.332103729248047
6.066615104675293
6.220176696777344
6.262619495391846
6.44938850402832
6.293548107147217
6.346443176269531
6.347815990447998
6.760252475738525
6.616482257843018
6.577139854431152
5.994205951690674
6.092276573181152
6.31530237197876
6.317502498626709
6.68408203125
6.358129501342773
6.068543910980225
6.499570846557617
6.702618598937988
6.572153091430664
6.185997009277344
6.475847244262695
6.693207263946533
6.761375904083252
6.099280834197998
6.357024192810059
6.1690592765808105
6.122114658355713
6.386432647705078
6.643017768859863
6.297367572784424
6.515275478363037
6.425718784332275
6.205296039581299
6.557851791381836
6.525476932525635
6.491556167602539
6.480751991271973
6.676764488220215
6.760528087615967
6.316061973571777
6.861618518829346
6.366700649261475
6.902603626251221
6.437678337097168
6.811614513397217
6.541199207305908
6.366491794586182
6.498633861541748
6.488444805145264
6.580942153930664
6.532623291015625
6.517161846160889
6.592385768890381
6.6791605949401855
6.792511463165283
6.942678451538086
0.7739079594612122
0.7213086485862732
0.9483793377876282
0.34062641859054565
2.9986684322357178
3.66614031791687
3.9468753337860107
4.133874893188477
4.244907379150391
4.176645278930664
4.111747741699219
0.7442182898521423
3.2041661739349365
1.6244667768478394
3.538726806640625
3.9003021717071533
4.839512348175049
4.8354926109313965
4.7638726234436035
5.308262825012207
4.725287914276123
3.5781843662261963
4.054908275604248
5.451033592224121
4.723241329193115
4.395120143890381
5.124073505401611
1.9222978353500366
0.5572625398635864
1.4041117429733276
2.2500953674316406
4.169244289398193
4.122634410858154
0.6979623436927795
5.060434818267822
4.256606578826904
5.014031887054443
4.202780246734619
4.494270324707031
4.85297155380249
2.017059803009033
1.9726847410202026
3.8766350746154785
4.39101505279541
4.433979034423828
5.314209461212158
2.532332181930542
4.6978020668029785
5.468258857727051
2.0073204040527344
4.318490505218506
5.168799877166748
2.478238105773926
4.147286415100098
0.1330915242433548
4.595740795135498
3.944078207015991
4.993913173675537
4.299858570098877
4.918690204620361
4.840847969055176
4.45298433303833
3.746584415435791
4.653801918029785
4.2352519035339355
4.505078315734863
4.176610469818115
3.3984532356262207
4.323631763458252
3.4922914505004883
4.156627178192139
3.8618369102478027
3.913658857345581
3.6476845741271973
4.038625717163086
3.98714542388916
3.5978782176971436
3.110787868499756
1.708876609802246
0.4836858808994293
0.1993975192308426
0.9182067513465881
0.15597623586654663
1.480515718460083
0.7223039865493774
0.7287175059318542
0.5105974674224854
3.5542349815368652
3.6407668590545654
0.27481427788734436
3.3795690536499023
3.2059268951416016
1.4496787786483765
4.379222393035889
4.411640644073486
4.120705604553223
3.0553343296051025
3.6900649070739746
1.9239115715026855
4.50153112411499
0.9434150457382202
4.202609062194824
4.436692237854004
5.763223171234131
6.288656234741211
0.42378735542297363
1.0479052066802979
5.825151443481445
3.2031757831573486
3.328585147857666
0.33325883746147156
4.534702301025391
3.864720106124878
4.26944637298584
4.555393695831299
1.6674833297729492
0.8106750249862671
4.220585823059082
4.390403747558594
1.3695834875106812
4.595908164978027
3.4567697048187256
4.547971248626709
4.511926174163818
4.707700729370117
0.5323237180709839
0.8017529249191284
3.168224573135376
4.504317283630371
4.668208599090576
4.963011741638184
0.9958528280258179
3.2947421073913574
4.693307399749756
0.7893012762069702
3.809872627258301
4.649378776550293
0.8988492488861084
1.5967462062835693
3.367008924484253
2.1520843505859375
2.2662038803100586
4.067239761352539
4.781296253204346
4.003972053527832
4.38639497756958
4.339571475982666
1.6227953433990479
3.742933750152588
4.030854225158691
5.187716960906982
2.262467384338379
2.3280653953552246
4.80727481842041
3.897230386734009
1.729072093963623
5.21785306930542
5.537321090698242
2.4322125911712646
0.9104145169258118
1.2258013486862183
0.6218229532241821
0.7471315860748291
0.826898992061615
1.0150870084762573
0.9968969225883484
0.7191997766494751
0.7625081539154053
1.3669880628585815
1.4387474060058594
0.7209641337394714
0.8774891495704651
0.8317063450813293
1.2147153615951538
1.9985878467559814
1.0140702724456787
1.1480679512023926
5.6352128982543945
2.2169182300567627
1.5479227304458618
4.6326446533203125
4.9363789558410645
5.432983875274658
6.313429832458496
7.041959285736084
6.920623302459717
6.634044647216797
5.754623889923096
0.879426896572113
5.246821880340576
6.166876792907715
7.014443397521973
6.780089378356934
5.364323616027832
1.4481333494186401
5.677689552307129
7.319084167480469
6.7888946533203125
5.500942230224609
6.981263637542725
5.082551002502441
7.249526023864746
7.1968607902526855
6.779930114746094
6.700315952301025
4.807929515838623
6.208169460296631
5.143845081329346
5.5371904373168945
5.779896259307861
6.3105854988098145
6.64442253112793
6.770692825317383
5.955831050872803
5.1183762550354
2.1636836528778076
2.2266108989715576
4.822701454162598
0.8690679669380188
6.827920913696289
6.912731647491455
6.6194024085998535
6.598058223724365
7.077206134796143
1.0064101219177246
6.880230903625488
1.2301247119903564
5.350000858306885
6.948343276977539
7.141510486602783
7.070174217224121
6.796658515930176
0.7054712176322937
6.817502498626709
6.79988956451416
7.230250358581543
7.2483906745910645
7.3874735832214355
7.571628570556641
7.075416564941406
2.825876474380493
7.229050159454346
7.177610874176025
7.091132640838623
6.90479850769043
0.1510714292526245
6.644932746887207
6.468501567840576
6.984146595001221
7.0608673095703125
7.160592079162598
6.925835609436035
7.002543926239014
6.978751182556152
7.483448028564453
7.471526622772217
7.354654788970947
7.2878546714782715
6.89749002456665
0.37814921140670776
6.903247833251953
0.9300809502601624
7.4542236328125
7.332285404205322
7.197525501251221
1.072523593902588
7.1722002029418945
6.810086727142334
7.190457344055176
7.0044169425964355
7.393773555755615
7.366296768188477
7.183262825012207
0.792201042175293
6.851659774780273
7.069585800170898
5.78090238571167
7.116372108459473
7.405643463134766
6.890843868255615
6.987030029296875
7.03458833694458
7.370473861694336
0.939025342464447
6.6927032470703125
1.7085469961166382
6.981978416442871
7.149683952331543
7.173648834228516
6.66094970703125
2.3216350078582764
6.784715175628662
5.785696029663086
3.1607918739318848
5.107461929321289
6.9576334953308105
7.1801347732543945
7.359147071838379
7.456550121307373
7.561347007751465
7.431153774261475
5.240982532501221
3.5781006813049316
4.0841193199157715
6.334357261657715
6.616186141967773
6.901136875152588
6.151600360870361
6.560478687286377
6.5186357498168945
0.36166298389434814
0.6661617755889893
0.7524963021278381
1.015703797340393
1.029766321182251
1.023043155670166
0.47521090507507324
1.0587230920791626
1.5166919231414795
0.6591336727142334
1.1787279844284058
1.0647656917572021
0.5990986227989197
0.2659805119037628
1.1822177171707153
1.217484712600708
0.3416667878627777
0.3996129333972931
0.950076162815094
0.8807278871536255
1.423579454421997
1.1959092617034912
1.0107691287994385
1.4514755010604858
1.7983837127685547
1.792299747467041
0.9267535209655762
1.1109391450881958
0.5521756410598755
0.946373701095581
0.9747723340988159
1.4730523824691772
0.7108215093612671
1.5536737442016602
1.321890950202942
1.5987038612365723
0.6063475012779236
0.9943972229957581
0.5119811296463013
0.4331868290901184
1.0770373344421387
0.3282735347747803
0.6073305010795593
1.0953835248947144
1.2338796854019165
1.472382664680481
1.588722586631775
1.5342744588851929
0.8450089693069458
0.14977394044399261
0.14896224439144135
1.165797233581543
1.079439401626587
1.2296383380889893
1.6404000520706177
0.5223005414009094
1.2648217678070068
1.3001552820205688
1.4250538349151611
1.2320908308029175
0.8321847915649414
1.6176437139511108
0.18873482942581177
1.1128956079483032
1.0477797985076904
1.4957307577133179
1.2932344675064087
0.7247206568717957
0.9716454744338989
1.2448025941848755
0.6111055612564087
0.3609483242034912
1.1975597143173218
0.6639800071716309
1.6508980989456177
2.586419105529785
2.412426233291626
1.5160411596298218
2.249051094055176
2.551084518432617
0.8287460803985596
2.444105386734009
0.4532225430011749
1.414636492729187
0.2984987199306488
1.3068335056304932
0.6562491655349731
1.983481764793396
1.98012113571167
1.3354675769805908
1.590941309928894
1.9570891857147217
0.8350169062614441
1.9357578754425049
0.816638171672821
2.229222536087036
1.9875106811523438
1.8413113355636597
1.6974036693572998
0.6658754348754883
1.2319532632827759
1.6001847982406616
2.1773009300231934
1.647162914276123
1.5612958669662476
1.2999211549758911
1.2953171730041504
1.0033448934555054
1.4656673669815063
0.592908501625061
1.17732834815979
0.5401688814163208
0.7710902094841003
0.43379685282707214
0.760059654712677
0.9015522599220276
0.8364570140838623
1.359902262687683
1.5724034309387207
0.9198353290557861
1.595738410949707
1.1063616275787354
0.6113784909248352
0.44354090094566345
1.7173038721084595
1.1445696353912354
1.0503700971603394
0.5717673897743225
1.2193286418914795
1.0881599187850952
0.3688582479953766
1.054721474647522
1.0149474143981934
1.835742473602295
1.7312963008880615
0.21476836502552032
0.5403825640678406
0.657387375831604
1.561976432800293
1.4960309267044067
1.4111220836639404
1.0694704055786133
0.6927883625030518
1.5122202634811401
1.3723580837249756
0.3036653995513916
0.4417117238044739
0.9734182953834534
1.6747212409973145
1.6578456163406372
1.4311497211456299
1.7193267345428467
0.13640840351581573
1.1509188413619995
0.6803116202354431
1.1866687536239624
0.3663012981414795
0.6809810996055603
0.30013182759284973
0.5031250715255737
1.7839689254760742
0.6074627041816711
0.2040577083826065
0.1773386001586914
1.5252361297607422
0.7647261023521423
0.9327765703201294
0.7096220254898071
0.41154155135154724
3.755540370941162
0.5516256093978882
1.038765788078308
0.3947558104991913
1.1329978704452515
0.9606443047523499
6.214205265045166
0.7034083008766174
1.0370349884033203
1.1722099781036377
2.9870798587799072
0.8380833864212036
0.38996750116348267
1.4788440465927124
0.956005334854126
7.06038236618042
0.9310492873191833
0.5063732266426086
6.966854572296143
0.7959104776382446
6.183704853057861
3.1867499351501465
0.5566884875297546
6.201836585998535
5.7080583572387695
0.7684808969497681
0.7302147746086121
0.17627175152301788
6.575522422790527
6.6280412673950195
6.704779148101807
0.10100265592336655
0.2569843828678131
0.4214860498905182
1.216107964515686
0.25548824667930603
1.0920790433883667
6.626153469085693
0.3137522041797638
0.8114874958992004
1.0332145690917969
1.7374316453933716
6.743946552276611
1.2801096439361572
1.2989962100982666
1.0200444459915161
6.055932521820068
1.337719202041626
6.444412708282471
1.019089937210083
6.586307048797607
5.883612632751465
6.390242576599121
6.9278106689453125
1.4087539911270142
5.691737651824951
5.862788200378418
7.117798328399658
6.704235553741455
2.905306577682495
0.7204091548919678
1.5761038064956665
1.2464512586593628
0.8313109874725342
1.3639521598815918
2.2201781272888184
1.1660494804382324
0.6964309811592102
1.8998972177505493
0.6878855228424072
0.7702895402908325
1.1269707679748535
1.5786064863204956
1.1054439544677734
1.4883406162261963
1.0258088111877441
0.4353516399860382
1.4436289072036743
1.0201107263565063
0.9941595792770386
0.9748415946960449
0.4981305003166199
0.8504422307014465
0.6352000832557678
1.2075773477554321
0.21946606040000916
1.3400968313217163
0.1761573851108551
0.30236971378326416
1.4764726161956787
1.0656416416168213
1.0454646348953247
0.04295004904270172
1.406356930732727
0.9107139706611633
5.227559566497803
1.387082815170288
1.0431272983551025
0.8221495151519775
1.0825484991073608
0.8583418130874634
0.9553233981132507
3.7393946647644043
0.5864956378936768
0.2417110651731491
0.8757230639457703
6.629734992980957
6.755799770355225
1.7111815214157104
6.384880542755127
2.291109561920166
1.3055336475372314
1.2923781871795654
1.5669292211532593
1.8250123262405396
1.6672139167785645
1.0252405405044556
1.8123785257339478
1.3713825941085815
0.9407104849815369
1.3604817390441895
1.2755850553512573
0.4973694086074829
0.8441228866577148
1.4039970636367798
0.41244587302207947
1.4149805307388306
0.8422496318817139
1.0276987552642822
1.4449653625488281
0.35289108753204346
0.36495399475097656
0.37334299087524414
0.8062393665313721
6.886752605438232
0.9377853274345398
0.9119228720664978
6.7819013595581055
6.949160575866699
6.695785045623779
0.5440104007720947
2.031628370285034
1.5055822134017944
0.8497956991195679
0.6371486186981201
1.0957127809524536
1.6794506311416626
1.0089389085769653
0.7175776362419128
0.9694024324417114
1.7158185243606567
0.9455546736717224
1.641803503036499
1.2692058086395264
0.07508544623851776
1.2584508657455444
0.7502838969230652
5.6358466148376465
1.202080488204956
0.8823763728141785
0.15950487554073334
1.337194561958313
6.605889797210693
4.41838264465332
6.556264877319336
0.8179218173027039
1.6333892345428467
1.4460080862045288
0.8737951517105103
0.8419544100761414
1.2738393545150757
1.4872019290924072
1.1046829223632812
0.6366926431655884
0.9589020609855652
0.37683162093162537
0.4849206209182739
1.1558303833007812
1.9814971685409546
1.3919364213943481
1.3998265266418457
1.1584287881851196
1.1188337802886963
1.1693476438522339
0.7706987857818604
1.0942037105560303
1.651515007019043
1.8412264585494995
0.7244811654090881
1.827905297279358
0.13743805885314941
4.715197563171387
6.671363830566406
1.8099944591522217
1.7618614435195923
1.2789101600646973
1.7914819717407227
2.099203586578369
1.1599770784378052
1.5996804237365723
1.1517269611358643
1.7043585777282715
1.0246353149414062
2.327702522277832
1.1288082599639893
0.8778343796730042
0.980438768863678
1.2537034749984741
5.448251247406006
6.755791664123535
0.24805153906345367
0.2294415980577469
2.8247504234313965
0.5283734798431396
1.122078537940979
4.939676284790039
1.0953541994094849
1.0200433731079102
0.9781060814857483
1.2076961994171143
0.956666111946106
1.2069905996322632
6.076931953430176
6.725020408630371
2.5285627841949463
3.425265312194824
1.4529973268508911
1.0144293308258057
3.0766489505767822
1.2451786994934082
0.198770672082901
2.4635801315307617
1.6749893426895142
0.4648853540420532
1.6447770595550537
2.690746307373047
2.1700851917266846
6.532725811004639
2.3454508781433105
0.8120616674423218
1.7248610258102417
1.25222647190094
2.700554847717285
1.1130849123001099
0.9288563132286072
0.44429218769073486
4.58899450302124
0.858648955821991
2.020495653152466
1.4819458723068237
0.4030294418334961
6.413655757904053
1.4386247396469116
0.5155905485153198
6.417506694793701
2.121757745742798
1.9086542129516602
0.5167052149772644
4.516174793243408
0.6894190907478333
5.229973793029785
1.5255582332611084
0.6520310044288635
