9.876351576561311e-42
5.392935276031494
5.220407962799072
0.7199451327323914
0.2595348358154297
0.2432490885257721
0.7776082158088684
1.282087802886963
0.9635691046714783
0.8432590961456299
0.545415997505188
0.28788959980010986
1.1816325187683105
0.36903202533721924
0.4473557770252228
1.2657524347305298
4.4360575675964355
1.1441515684127808
1.2232664823532104
1.647796392440796
1.1439036130905151
1.4661136865615845
1.395747423171997
0.6666943430900574
1.153023600578308
1.3018170595169067
1.6056976318359375
0.22645358741283417
1.0649287700653076
1.2185739278793335
1.0078083276748657
1.4189656972885132
1.2094297409057617
1.1145352125167847
0.9906840920448303
1.184963583946228
0.9324737191200256
0.963196873664856
1.1133933067321777
0.9509539604187012
1.049770474433899
1.097644329071045
5.241188049316406
5.233973026275635
0.5788315534591675
0.8993379473686218
0.9944137930870056
0.3114469349384308
0.4001988470554352
0.7051490545272827
0.9819682836532593
0.975209653377533
1.2040631771087646
1.5101919174194336
1.606466293334961
1.1949659585952759
1.1397700309753418
1.0312217473983765
1.246924877166748
0.8765208125114441
5.249874114990234
5.26068639755249
0.668151319026947
0.5051058530807495
0.9999373555183411
0.33415937423706055
1.2023699283599854
1.2433855533599854
1.5973209142684937
1.0044974088668823
0.5236461162567139
1.1496554613113403
1.000815749168396
0.5146392583847046
0.6850517392158508
0.4764900505542755
0.4411957561969757
1.3515164852142334
1.3958250284194946
1.0110406875610352
1.3130574226379395
1.056222677230835
0.5365936160087585
0.19015684723854065
0.9413078427314758
0.7806625366210938
1.4196557998657227
1.5689492225646973
0.9533616304397583
1.1959378719329834
0.34219124913215637
1.04156494140625
1.510454773902893
0.96468585729599
1.0507229566574097
0.9405346512794495
4.06997013092041
1.2862228155136108
1.0997291803359985
0.07337258756160736
1.5320875644683838
1.3056148290634155
1.045500636100769
1.0056995153427124
0.45811590552330017
0.8736677169799805
1.3839877843856812
1.1975849866867065
1.1786060333251953
0.7538507580757141
0.744792103767395
0.5451636910438538
1.461784839630127
0.44661203026771545
0.42307204008102417
1.2027149200439453
0.8639410734176636
0.8001483678817749
0.46942421793937683
0.44823727011680603
1.1203492879867554
1.2532694339752197
0.7274568676948547
1.053093433380127
1.1884839534759521
0.8130131363868713
1.4300562143325806
0.24252493679523468
1.1584972143173218
1.263675570487976
0.8872190713882446
1.0300203561782837
0.8738636374473572
1.1511026620864868
0.962992787361145
1.2323359251022339
0.9086423516273499
1.1714081764221191
1.420146107673645
1.0531771183013916
1.2072206735610962
1.2656309604644775
0.919927179813385
1.371530294418335
1.3099489212036133
1.561897873878479
1.2754660844802856
0.9813465476036072
1.1339489221572876
0.8437009453773499
0.6035967469215393
1.2394778728485107
1.3259183168411255
1.3371672630310059
1.4865381717681885
1.344606876373291
1.2603302001953125
1.420322060585022
1.2880836725234985
1.1685311794281006
1.3170528411865234
1.3130238056182861
4.536726474761963
4.4986252784729
4.982544898986816
4.289740562438965
4.847549915313721
4.649942398071289
4.293064594268799
5.110787868499756
4.653962135314941
5.120120048522949
5.363166809082031
5.358770370483398
5.193192481994629
5.193911552429199
5.0596137046813965
5.062138080596924
4.954458713531494
4.923917293548584
5.3026227951049805
4.586403846740723
4.758495330810547
5.2139573097229
5.28715181350708
4.877474308013916
4.576783657073975
4.70021390914917
5.186161994934082
5.028132438659668
4.833943843841553
5.236959457397461
4.753767967224121
5.022173881530762
4.859780311584473
5.192735195159912
4.576883316040039
4.63444709777832
5.277990341186523
4.546331405639648
4.780372142791748
5.405279159545898
5.23103666305542
5.244859218597412
4.959136009216309
4.940069198608398
4.935049057006836
5.1176371574401855
5.257754325866699
4.999563694000244
4.977953910827637
4.692315101623535
5.243490219116211
4.81284236907959
5.0678510665893555
5.447996139526367
4.63210916519165
5.334096431732178
5.040399551391602
5.601568698883057
4.557164669036865
4.977290630340576
4.763583660125732
5.113670825958252
4.18303108215332
5.290389060974121
4.76171350479126
4.821527481079102
5.081794738769531
4.6539788246154785
5.05079984664917
4.995728492736816
4.987575531005859
5.183863162994385
5.143477916717529
5.066216468811035
5.18780517578125
5.203157901763916
4.835130214691162
4.92719841003418
4.860857009887695
5.12539005279541
4.874109745025635
5.197098731994629
4.871932506561279
5.196530342102051
4.769252777099609
5.247194766998291
4.795797824859619
4.948641777038574
5.123812675476074
4.940664291381836
4.715151309967041
5.020776271820068
5.185547351837158
5.135880947113037
5.071766376495361
4.958354473114014
2.6383821964263916
2.0298352241516113
2.966465711593628
1.9351881742477417
4.684963703155518
5.2145233154296875
4.684240818023682
4.229952335357666
4.3644700050354
4.356992721557617
4.641283988952637
2.2059860229492188
3.3985631465911865
1.9193816184997559
3.1997287273406982
3.4984328746795654
4.344727516174316
4.338408470153809
4.180543899536133
4.373965263366699
3.8110320568084717
2.4188385009765625
2.791578769683838
4.549495697021484
3.6252291202545166
3.1381442546844482
3.6230854988098145
1.5016387701034546
2.7490711212158203
1.6091139316558838
3.6694014072418213
3.9156925678253174
4.462923526763916
2.351996421813965
4.381132125854492
3.70739483833313
4.156097888946533
3.16870379447937
3.57167387008667
3.7355942726135254
2.86668062210083
2.798701763153076
4.891851425170898
4.2967658042907715
3.526470899581909
3.894963026046753
1.6784216165542603
4.332011699676514
4.165462493896484
2.8778233528137207
3.3417863845825195
4.18951940536499
1.614197850227356
3.686945676803589
2.656839609146118
4.147078990936279
3.3520991802215576
4.027879238128662
4.156347751617432
4.014793872833252
3.9024336338043213
3.9212591648101807
2.9675912857055664
3.975557565689087
4.210043430328369
3.8307836055755615
4.519304275512695
3.055447578430176
3.859940767288208
4.401965141296387
3.8550338745117188
3.780078411102295
3.4353444576263428
3.2547638416290283
3.8659965991973877
4.682048320770264
4.460005283355713
4.02110481262207
2.3758139610290527
2.136962652206421
2.6276612281799316
2.661151885986328
2.4912140369415283
2.072704315185547
2.027920961380005
1.5543993711471558
2.469477891921997
4.764441013336182
4.566394329071045
1.6910388469696045
4.375982761383057
3.0741610527038574
2.9203765392303467
2.804096221923828
3.400725841522217
2.838987350463867
2.3541524410247803
2.664536952972412
1.8093409538269043
4.051163673400879
1.831444501876831
2.6893227100372314
3.7966418266296387
3.52720308303833
3.587590456008911
2.470062017440796
1.9142651557922363
4.179998874664307
3.432865858078003
3.8172123432159424
2.606520414352417
3.1313328742980957
3.3417627811431885
3.2467868328094482
3.4311320781707764
1.7257146835327148
1.8758666515350342
4.044643878936768
3.4554624557495117
1.925899863243103
3.7747244834899902
4.495973110198975
3.09114933013916
3.7042510509490967
3.4342730045318604
1.4993298053741455
2.642958641052246
2.5888822078704834
3.7592437267303467
3.2836477756500244
3.620734453201294
2.5274226665496826
2.378762722015381
3.416311025619507
2.2372236251831055
2.9991836547851562
3.4024388790130615
2.807661771774292
1.5380388498306274
2.649416208267212
1.7911615371704102
1.8298850059509277
3.0637543201446533
3.4321420192718506
2.5309090614318848
3.100240707397461
3.7864432334899902
1.919356346130371
2.403247117996216
4.017480373382568
3.750237226486206
2.521033525466919
2.404031991958618
3.7061283588409424
3.9028899669647217
2.2467200756073
3.9891090393066406
3.814157485961914
2.3358638286590576
1.5158075094223022
1.7938406467437744
1.3258918523788452
1.9289544820785522
2.1400201320648193
2.522937297821045
1.6683582067489624
2.0007200241088867
1.3016390800476074
1.6824896335601807
1.8720495700836182
1.885239839553833
1.7516592741012573
1.9877488613128662
2.239849805831909
2.1098341941833496
1.830798864364624
2.1148552894592285
3.4158506393432617
2.734708786010742
2.768256187438965
3.4525036811828613
3.3629932403564453
4.027169704437256
4.383328914642334
3.6400134563446045
3.9753754138946533
5.307238578796387
4.15927791595459
1.8863325119018555
3.853440761566162
3.7203497886657715
3.9083282947540283
4.770169258117676
4.394913673400879
2.813533067703247
3.8971548080444336
3.982271671295166
4.063038349151611
3.7234585285186768
3.7713441848754883
3.7053070068359375
3.8649399280548096
3.886540412902832
3.56404447555542
3.883225202560425
3.5895867347717285
4.594861030578613
3.670788526535034
3.7194793224334717
3.4118881225585938
3.156735897064209
2.974529504776001
3.5941567420959473
4.785594940185547
3.978177309036255
3.9525887966156006
3.03338360786438
3.6162211894989014
2.10416841506958
3.8787097930908203
5.1477460861206055
3.991806983947754
5.275008678436279
5.302220344543457
1.0485820770263672
4.355679035186768
0.9686079025268555
4.734452247619629
3.99314022064209
3.4373269081115723
5.031120300292969
5.642624378204346
2.117748498916626
5.6564154624938965
5.422295570373535
3.3149514198303223
3.4656057357788086
4.095701217651367
4.792049407958984
5.283666133880615
2.723235845565796
5.114147663116455
4.955721855163574
3.741450071334839
4.8273138999938965
1.585433840751648
5.356233596801758
5.462403774261475
5.008360862731934
4.092146396636963
3.951131820678711
5.5517497062683105
5.2156291007995605
5.357170581817627
4.260481834411621
4.063671588897705
4.134703159332275
4.320884704589844
4.22630500793457
2.0813968181610107
6.047489166259766
0.7234838604927063
4.620970726013184
4.077332019805908
3.7814321517944336
1.9979928731918335
5.53092098236084
4.304746627807617
4.330426216125488
5.393792629241943
5.373935222625732
4.069582462310791
3.7832558155059814
0.6792553067207336
4.54834508895874
4.949702739715576
4.2109599113464355
5.327147483825684
4.273708343505859
5.296142578125
4.283300876617432
5.037954807281494
5.345159530639648
1.7323180437088013
5.827309608459473
2.2835469245910645
5.728401184082031
4.808899402618408
4.157048225402832
5.609046459197998
2.1887526512145996
3.8819007873535156
4.596432685852051
2.4775521755218506
3.7865235805511475
6.0165863037109375
5.045910835266113
4.037594795227051
4.064687252044678
4.311767578125
4.863286018371582
2.994706869125366
2.814896821975708
3.3853278160095215
5.819365978240967
5.027746677398682
4.103367805480957
4.245631694793701
3.6146323680877686
3.3886051177978516
3.372972249984741
2.4520504474639893
1.638319492340088
1.4653297662734985
2.4612205028533936
1.5045220851898193
0.6981803178787231
0.8849769830703735
2.6334633827209473
1.6359877586364746
1.9448158740997314
1.7372561693191528
0.9495527744293213
1.2008179426193237
1.3607001304626465
1.5894967317581177
1.6485743522644043
2.0683400630950928
2.9275310039520264
1.9084736108779907
4.642746448516846
3.2118284702301025
3.441788911819458
3.130749464035034
4.108076095581055
3.480559825897217
4.0826735496521
4.076353549957275
2.332812786102295
3.7384631633758545
2.4232590198516846
1.7014062404632568
1.289914608001709
1.2990347146987915
0.9682939052581787
1.079592227935791
0.4922627806663513
0.9624878764152527
1.9294010400772095
1.1865534782409668
1.6146740913391113
1.308464527130127
1.1570873260498047
1.0313867330551147
0.8321870565414429
0.6040596961975098
0.9224473237991333
1.9054367542266846
1.583739995956421
1.193640112876892
0.8919496536254883
0.6814958453178406
1.9465144872665405
0.9931144714355469
1.2373929023742676
0.8818351030349731
1.4025592803955078
0.9591392874717712
2.926604747772217
1.29488205909729
1.080809473991394
1.4494738578796387
1.0070159435272217
2.2991368770599365
2.092099189758301
0.23330484330654144
0.8543401956558228
0.359113872051239
1.0888164043426514
2.1896450519561768
0.9929870367050171
0.5660662055015564
0.07488618791103363
0.37292519211769104
2.2439217567443848
1.7810118198394775
1.439723014831543
1.794935941696167
2.4649429321289062
2.615513801574707
6.734062671661377
3.741870641708374
2.7237026691436768
4.4687275886535645
2.132753849029541
5.710540771484375
1.8378700017929077
2.9063539505004883
3.651646137237549
3.391798973083496
2.2692341804504395
3.8676555156707764
1.4683384895324707
4.755151748657227
1.5493972301483154
3.5673460960388184
2.918970823287964
2.845505714416504
2.0648412704467773
2.4151737689971924
2.1078927516937256
1.5988647937774658
2.5363245010375977
3.08781361579895
2.002047538757324
1.6963239908218384
2.573779582977295
1.4932637214660645
1.6321958303451538
0.3595081865787506
2.778834342956543
1.3227980136871338
2.021247148513794
1.6937274932861328
1.924420952796936
0.8358561992645264
1.2212355136871338
1.0224132537841797
1.2886873483657837
2.4323384761810303
1.1134145259857178
1.360513687133789
1.5776418447494507
2.7580153942108154
1.11941659450531
0.9791021347045898
2.945122718811035
0.9329694509506226
1.6203054189682007
1.5755847692489624
2.2930870056152344
1.7181905508041382
1.2912334203720093
1.1350069046020508
1.538468599319458
2.1745123863220215
2.305845022201538
1.4558693170547485
1.1723994016647339
1.1058002710342407
0.8629738688468933
1.825987458229065
2.3479156494140625
1.5171830654144287
0.2236841320991516
1.3583956956863403
1.6615804433822632
0.657270073890686
1.040617823600769
1.4882285594940186
0.5237264037132263
0.5262284874916077
1.152969479560852
1.7916709184646606
2.274371862411499
0.5848288536071777
2.001420736312866
1.7536183595657349
0.3606594204902649
1.56533682346344
0.41606900095939636
1.525213360786438
1.2764524221420288
1.5886859893798828
1.5512981414794922
1.4115803241729736
1.2276544570922852
1.18524968624115
0.5928463339805603
3.3783891201019287
1.0238103866577148
1.3229620456695557
1.1466063261032104
0.9839098453521729
0.6856716871261597
5.1717000007629395
1.1360583305358887
1.804120659828186
0.5590025186538696
1.9643090963363647
1.0559451580047607
0.9334343075752258
0.8179932832717896
0.749228835105896
3.7885375022888184
0.9017326831817627
0.6353303790092468
3.7559990882873535
0.5611511468887329
3.1148834228515625
2.206449270248413
0.967607319355011
2.9405171871185303
2.7702224254608154
0.7358158826828003
0.495106041431427
0.400272399187088
3.2524325847625732
3.361011028289795
3.4913408756256104
1.0169435739517212
0.8230609893798828
0.9140112996101379
1.3251012563705444
1.095495581626892
0.22050157189369202
3.644969940185547
0.7520447373390198
1.0352140665054321
0.5194512605667114
1.4928593635559082
3.5649466514587402
0.6488705277442932
0.3355424106121063
0.37396401166915894
3.5366599559783936
0.7898135185241699
4.411130428314209
0.9634895324707031
3.5761051177978516
3.3997251987457275
3.568166732788086
4.03371000289917
0.8655888438224792
3.421560049057007
3.37134051322937
4.039542198181152
4.310240745544434
1.4640967845916748
4.580158710479736
3.5660574436187744
2.144005060195923
6.498402118682861
2.5401740074157715
4.676003456115723
2.472018241882324
2.0830798149108887
4.756849765777588
1.7383859157562256
2.8752732276916504
2.2851293087005615
2.9833641052246094
1.9897575378417969
1.757182240486145
0.8767977356910706
1.4259819984436035
1.35660719871521
2.224865198135376
1.6632877588272095
1.9328521490097046
2.9160327911376953
2.3390512466430664
1.755906581878662
2.1039628982543945
2.1340248584747314
2.06977915763855
1.710049033164978
3.074737310409546
2.294226884841919
0.7160665988922119
0.536378026008606
2.070197582244873
1.5243643522262573
2.26131010055542
3.4715285301208496
0.9469783902168274
0.8184719085693359
1.0903815031051636
0.8002403974533081
0.7596226334571838
0.883054792881012
2.56199312210083
0.46252238750457764
1.1961305141448975
0.15992021560668945
3.9606223106384277
3.8257930278778076
0.4373696744441986
3.493649482727051
1.4967416524887085
5.301097869873047
4.767446517944336
3.83721661567688
3.4734432697296143
4.396245956420898
2.0855748653411865
2.9010913372039795
2.122706413269043
3.420907497406006
3.58194899559021
1.8943328857421875
1.9430246353149414
0.8176946640014648
2.417558193206787
2.356802463531494
1.196229100227356
2.380467653274536
1.1561803817749023
0.39342793822288513
1.6933945417404175
1.2680039405822754
0.4415132701396942
0.6689098477363586
3.7286016941070557
0.6068035364151001
0.6136359572410583
4.364923477172852
3.778618335723877
4.381320953369141
1.9553649425506592
4.249335289001465
2.795638084411621
2.141641855239868
2.183635711669922
1.426889181137085
2.664123773574829
1.5383448600769043
1.3998219966888428
2.8163468837738037
1.8791532516479492
2.1979827880859375
1.115285038948059
1.9867607355117798
0.669518232345581
1.071040391921997
0.9484708309173584
3.551417350769043
0.9196485280990601
0.8381783366203308
1.041850209236145
0.45065754652023315
4.435409069061279
2.349031686782837
4.408639907836914
2.5161306858062744
2.3419406414031982
2.4685990810394287
1.548315167427063
1.5611292123794556
3.260568141937256
2.053856134414673
0.7865110635757446
1.9012207984924316
2.0855326652526855
1.847580075263977
0.536056637763977
1.3522748947143555
1.7536355257034302
2.6635138988494873
0.43325385451316833
1.8417567014694214
1.6678855419158936
4.456447124481201
1.4331684112548828
3.0914804935455322
0.9621279239654541
2.183283805847168
0.846467137336731
2.628859519958496
1.0241981744766235
2.4148478507995605
3.790998697280884
1.00148344039917
2.8298230171203613
1.1540261507034302
1.5817148685455322
2.464656114578247
1.4038782119750977
2.869295120239258
1.7807252407073975
2.519916296005249
1.3356326818466187
2.874668836593628
2.235748291015625
0.5420859456062317
0.677612841129303
0.7676973938941956
2.899256706237793
3.8761484622955322
2.446446657180786
2.2771315574645996
3.0375912189483643
0.9972550868988037
0.6207916736602783
2.3977913856506348
1.8461518287658691
1.4388270378112793
2.1351633071899414
1.7007709741592407
0.7110740542411804
0.7133217453956604
3.113741874694824
4.43512487411499
3.840097665786743
3.769813060760498
1.836764931678772
0.4500153958797455
5.352190017700195
5.103761672973633
2.780163288116455
3.931806802749634
4.2821364402771
1.9605013132095337
1.4725106954574585
5.686088562011719
6.785689830780029
4.43621301651001
5.065789699554443
0.7169579863548279
2.1516780853271484
0.9166162014007568
4.022892475128174
0.7653557062149048
0.9676607847213745
1.6681581735610962
2.897995948791504
0.9841177463531494
4.482361316680908
0.8490481972694397
1.201133131980896
4.444917678833008
1.5095548629760742
1.7789357900619507
4.498449802398682
3.4191370010375977
0.8641409873962402
1.1690329313278198
2.7992067337036133
1.7702442407608032
3.198834180831909
1.3619070053100586
1.7103371620178223
