9.876351576561311e-42
5.7628960609436035
5.90190315246582
3.154801368713379
2.7002756595611572
2.7699952125549316
2.4443702697753906
2.850801706314087
3.4750571250915527
2.586686849594116
3.066868305206299
2.525695562362671
2.4909889698028564
2.7368271350860596
3.095341444015503
3.1566898822784424
5.040073394775391
2.701768636703491
2.713848114013672
2.792141914367676
2.8293728828430176
2.7161710262298584
2.512390375137329
2.6902143955230713
2.1397011280059814
2.871164321899414
3.016075611114502
2.5815889835357666
1.9801220893859863
3.176393747329712
2.3942508697509766
2.9258830547332764
2.1206066608428955
2.7113466262817383
2.4309067726135254
1.7691839933395386
2.3920738697052
2.2247352600097656
3.330047607421875
2.6342122554779053
2.0619492530822754
2.743420362472534
5.972304821014404
5.982047080993652
2.8374693393707275
2.630747079849243
2.8366808891296387
2.057246208190918
2.9114878177642822
3.030766487121582
2.678522825241089
2.644472360610962
2.7385454177856445
2.912189483642578
3.796994686126709
2.897905111312866
2.0732734203338623
2.4056806564331055
3.257174253463745
1.990916132926941
6.038222312927246
6.105663299560547
2.9504053592681885
2.396569013595581
3.6684391498565674
3.293780565261841
2.688836097717285
2.320664405822754
3.5556156635284424
2.4881508350372314
2.2257649898529053
2.4877700805664062
2.5523462295532227
2.3761258125305176
2.467475414276123
2.6333625316619873
3.000110149383545
2.7730929851531982
3.9878506660461426
2.7046003341674805
2.2746779918670654
2.2287847995758057
2.3737730979919434
2.17163348197937
2.2629072666168213
3.475512742996216
2.775749921798706
2.9386038780212402
2.717289924621582
2.105668544769287
2.1368753910064697
2.183568239212036
3.1259171962738037
2.7621638774871826
1.977155327796936
2.6658270359039307
4.2820143699646
3.0006508827209473
1.95750093460083
2.4001457691192627
3.4709067344665527
3.0314364433288574
1.9577434062957764
2.0699656009674072
2.422478199005127
2.577284812927246
2.979783773422241
3.1326515674591064
1.8668158054351807
2.0778493881225586
2.036328077316284
2.8537209033966064
2.851696491241455
2.150285482406616
3.0453484058380127
2.5929040908813477
2.043752908706665
2.015200138092041
2.3235561847686768
2.474857807159424
2.9112377166748047
2.5743913650512695
2.291882038116455
2.478131055831909
2.416882276535034
3.1915221214294434
2.637960433959961
3.2388601303100586
3.2214419841766357
2.742882251739502
2.7290990352630615
2.479544162750244
2.7550394535064697
2.7888665199279785
2.9081220626831055
3.007716655731201
2.290088415145874
2.4529457092285156
2.5921053886413574
2.5306780338287354
2.7528276443481445
2.6057920455932617
2.482022762298584
2.496638536453247
2.735684871673584
2.8843917846679688
3.0048294067382812
3.260240316390991
2.9962475299835205
3.3692750930786133
3.4158966541290283
2.90852952003479
2.8698930740356445
2.9060845375061035
2.860895872116089
2.8793671131134033
2.9326844215393066
2.934394359588623
3.092848062515259
3.2103750705718994
3.1458446979522705
3.1926705837249756
4.750256538391113
4.318810939788818
4.484997749328613
3.951880693435669
4.311042308807373
3.8839797973632812
3.738161087036133
4.502904891967773
3.578456163406372
4.21466588973999
6.200514316558838
6.028041839599609
5.86723518371582
6.292506217956543
5.159736156463623
6.294675350189209
6.133281230926514
5.806273937225342
5.750089168548584
5.535810470581055
5.847204208374023
5.719012260437012
5.6647210121154785
5.797727584838867
5.750545978546143
5.7204813957214355
5.679408550262451
5.694375038146973
5.687415599822998
5.728790760040283
5.70165491104126
5.687187194824219
5.720104217529297
5.837203502655029
4.43430233001709
4.086791038513184
5.151954650878906
3.7545719146728516
3.7418479919433594
6.075182914733887
5.745818614959717
6.100531101226807
5.389556884765625
6.214926242828369
6.16352653503418
5.857095718383789
5.664024829864502
5.738956928253174
5.887609958648682
4.1887664794921875
5.744648456573486
6.135501384735107
5.993309020996094
5.754171371459961
3.5688931941986084
5.648534297943115
5.767688274383545
5.8128981590271
5.787927627563477
4.175492763519287
5.898594856262207
5.695330619812012
3.498499870300293
5.245900630950928
5.946046829223633
4.001753330230713
5.390110492706299
5.97953462600708
5.789506912231445
3.907353401184082
3.8440945148468018
4.113644599914551
4.537717342376709
3.9658942222595215
5.9225287437438965
4.36446475982666
5.956613540649414
5.78323221206665
5.738290309906006
4.953787803649902
5.699192047119141
4.532978057861328
5.705298900604248
4.764659404754639
5.725472450256348
4.5381903648376465
6.070944786071777
5.939563274383545
4.94807243347168
5.230050086975098
5.580700397491455
5.924066066741943
5.867794036865234
5.831131458282471
5.759060382843018
5.722005367279053
3.8481597900390625
4.457428932189941
4.826453685760498
4.725462913513184
4.859356880187988
5.802161693572998
5.980108261108398
6.127614498138428
4.841275215148926
5.0410261154174805
5.258005142211914
4.466088771820068
5.890195846557617
4.323521137237549
5.589469909667969
5.397708415985107
4.599024772644043
4.4378862380981445
4.464641571044922
4.640303611755371
4.534627437591553
5.780246734619141
5.428682327270508
4.618924140930176
4.332420349121094
4.862725257873535
4.158939838409424
4.736900329589844
4.941457748413086
4.802162170410156
4.548719882965088
6.292494297027588
6.33975887298584
4.395618915557861
4.654477596282959
5.024190425872803
4.340391635894775
5.22161865234375
4.5215983390808105
4.277449607849121
4.977717399597168
4.951387405395508
6.213331699371338
4.758852481842041
4.778566837310791
4.169885158538818
4.915599822998047
4.4915642738342285
4.199289321899414
5.014807224273682
4.999085426330566
4.376593589782715
4.952877521514893
5.270170211791992
4.759446620941162
4.53696870803833
5.412694931030273
4.265024185180664
4.852756500244141
4.360177516937256
4.440115451812744
4.647243499755859
5.558982849121094
4.534755229949951
5.078040599822998
4.644567489624023
5.326810836791992
5.852132320404053
4.792226791381836
5.7969136238098145
5.332189559936523
5.564563274383545
5.8602614402771
5.463479042053223
6.249159812927246
6.299190044403076
6.400122165679932
5.509535312652588
4.215543270111084
4.529881954193115
4.653010845184326
4.776707649230957
4.547191143035889
4.950951099395752
4.748123645782471
4.617032527923584
4.8997602462768555
5.97199821472168
6.341733455657959
5.047127723693848
5.9193806648254395
5.877991676330566
5.310035228729248
5.080894470214844
4.653228282928467
5.332313537597656
5.719083786010742
5.416309356689453
5.107920169830322
5.148656368255615
5.334643840789795
4.978174686431885
4.635676383972168
3.7157797813415527
3.4732019901275635
5.398514747619629
4.732023239135742
3.551062822341919
5.954439163208008
5.844526767730713
4.9887189865112305
4.707607746124268
5.291549205780029
4.937595844268799
4.440151691436768
5.079501152038574
4.997313499450684
5.233895301818848
4.311992168426514
4.7766032218933105
3.9898881912231445
6.170259952545166
4.5816874504089355
4.935423851013184
4.473147869110107
5.13769006729126
4.769516944885254
5.89140510559082
4.96066951751709
4.660188674926758
4.303042888641357
4.8955864906311035
5.922332763671875
4.841249942779541
4.811969757080078
5.480617046356201
4.825236797332764
5.061722755432129
5.193422794342041
5.660891532897949
4.921778678894043
5.015088081359863
5.2334089279174805
4.589509963989258
5.035375595092773
4.992250442504883
5.061794757843018
5.047937393188477
5.058361530303955
5.391669273376465
4.319596290588379
4.597539901733398
4.663662433624268
4.717133522033691
5.197023391723633
4.843457221984863
3.9869635105133057
3.7394049167633057
4.5417399406433105
4.773869514465332
4.896602153778076
4.907906532287598
5.2080583572387695
5.089000701904297
5.037062644958496
5.398519039154053
5.444919109344482
5.544060707092285
5.346091270446777
5.172269821166992
4.832181930541992
4.6643266677856445
5.26663875579834
5.0254058837890625
4.626059055328369
4.680742263793945
4.51409387588501
3.4577603340148926
3.76560115814209
4.111512184143066
4.319559574127197
4.148303508758545
3.975769519805908
3.586949110031128
3.479491710662842
3.479580879211426
4.222709655761719
3.9340522289276123
4.534686088562012
3.999765634536743
3.661879301071167
3.476539373397827
3.7502970695495605
4.072032451629639
4.149457931518555
3.7974395751953125
3.5303430557250977
3.5031113624572754
3.8569276332855225
3.464865207672119
4.060545444488525
3.5095322132110596
3.5081796646118164
3.5999653339385986
3.660820484161377
4.2791876792907715
3.6508259773254395
4.069224834442139
4.002192497253418
3.8638103008270264
3.536414861679077
3.5101635456085205
3.4837305545806885
3.61537766456604
3.96907377243042
3.9115753173828125
4.2516608238220215
4.472510814666748
4.721595764160156
3.5992987155914307
3.8547050952911377
3.7705583572387695
4.738936901092529
4.443894863128662
4.131446361541748
4.863400459289551
4.566403865814209
4.349794387817383
5.001797199249268
4.698237895965576
4.95291805267334
5.6320319175720215
4.630279064178467
5.761122226715088
5.770324230194092
4.787893772125244
4.791715621948242
5.3795928955078125
5.597399711608887
5.642787456512451
4.836094856262207
5.628360271453857
5.524932861328125
4.875124454498291
3.784097194671631
4.783400058746338
4.313296794891357
4.36313533782959
4.331509113311768
4.614072322845459
4.829751014709473
5.536077976226807
5.339353084564209
5.733173847198486
5.452671527862549
5.312793254852295
5.445594310760498
5.37534236907959
3.7154335975646973
4.594630241394043
4.849801063537598
4.80204439163208
5.294797897338867
5.27164888381958
5.104166507720947
4.158775329589844
4.559781074523926
5.1940436363220215
5.099213600158691
5.717531204223633
5.3464579582214355
5.082418441772461
4.967129707336426
4.418269634246826
5.367525577545166
4.551252841949463
4.871259689331055
5.672840118408203
4.914029121398926
5.45459508895874
5.154230117797852
5.313826084136963
5.731045246124268
4.283941745758057
5.6018877029418945
4.617806434631348
4.696155071258545
5.569192886352539
4.8307785987854
5.0054755210876465
4.693902015686035
4.0709052085876465
5.271902561187744
4.833596706390381
5.451714038848877
5.176586151123047
5.588953018188477
5.405389308929443
5.339206218719482
5.249224662780762
5.155256271362305
5.157430171966553
4.9571380615234375
4.891735076904297
5.136163711547852
4.66053581237793
4.0470991134643555
3.6584575176239014
3.575578212738037
3.787623405456543
2.1533195972442627
1.2448883056640625
0.6849051117897034
3.1936938762664795
3.0954558849334717
0.16450315713882446
2.736293315887451
3.1014404296875
2.6442668437957764
1.9129657745361328
1.896591305732727
3.158609390258789
1.6190900802612305
2.262491464614868
1.6797946691513062
2.8879549503326416
2.509784698486328
2.3087499141693115
2.034937858581543
1.7979875802993774
2.4686367511749268
2.2519381046295166
2.795931100845337
2.551870346069336
2.515852928161621
2.372084379196167
2.5945255756378174
2.576524496078491
1.8107987642288208
2.7832281589508057
2.0516281127929688
1.67896568775177
1.3474113941192627
2.6359286308288574
3.0056447982788086
2.1216518878936768
1.3756626844406128
1.8450719118118286
1.3476606607437134
1.108190894126892
1.4670709371566772
1.514682650566101
1.1664049625396729
0.40264779329299927
1.1168177127838135
1.722184181213379
1.3805667161941528
3.015254020690918
1.5445717573165894
1.3303645849227905
0.7838639616966248
1.7638905048370361
2.58160662651062
1.8793787956237793
2.588287115097046
1.6783263683319092
0.9534451365470886
1.4113541841506958
3.4571683406829834
1.3802844285964966
1.4485489130020142
2.662693738937378
1.4283933639526367
2.685110330581665
2.09006404876709
2.145623207092285
2.316990375518799
1.5228519439697266
1.5178393125534058
1.7377734184265137
1.5374144315719604
1.5265275239944458
1.809207797050476
1.6286042928695679
4.055994033813477
4.8833699226379395
4.762221336364746
4.495247840881348
3.5597426891326904
3.290907859802246
2.2018730640411377
2.9269065856933594
4.004133224487305
2.0192503929138184
4.319331645965576
1.7487082481384277
2.6519742012023926
3.1843364238739014
2.811753749847412
2.9115970134735107
3.901043653488159
1.8157299757003784
4.673147201538086
2.3471498489379883
4.961324691772461
2.10843825340271
1.787047266960144
1.519666314125061
1.3207261562347412
3.5524039268493652
5.370163440704346
0.7543919086456299
1.7732335329055786
1.1455999612808228
0.6194661855697632
1.1664738655090332
1.454086184501648
1.8752110004425049
0.6429826021194458
1.7693272829055786
0.7828429937362671
5.004918575286865
0.46735453605651855
2.012334108352661
1.1205248832702637
4.01984167098999
3.692052125930786
5.390079498291016
3.7738442420959473
1.8212895393371582
4.3304443359375
2.721870183944702
5.2336835861206055
1.78597092628479
5.428133487701416
0.8317654132843018
1.3868049383163452
4.556935787200928
0.2846792936325073
0.8241291046142578
1.5989084243774414
3.4461052417755127
3.7978458404541016
3.7878823280334473
3.396510124206543
1.686077356338501
2.002272367477417
2.880258560180664
3.6905202865600586
3.4253060817718506
3.326040506362915
1.6585016250610352
2.4673850536346436
2.879971981048584
4.758028984069824
1.819983720779419
1.6301629543304443
4.7475175857543945
4.395704746246338
2.908553123474121
4.900801658630371
4.583714485168457
1.5273323059082031
2.5632524490356445
2.4102423191070557
3.9354522228240967
5.054285049438477
3.1006040573120117
2.203305244445801
1.232781171798706
5.293463706970215
1.3068608045578003
2.1966211795806885
2.4630205631256104
4.401515483856201
5.1771769523620605
3.964003801345825
5.219439506530762
2.3586413860321045
4.751916408538818
2.5407419204711914
2.7315733432769775
5.049299716949463
2.4850590229034424
2.309194564819336
4.677194595336914
3.8346643447875977
4.3587141036987305
1.8307127952575684
3.2896995544433594
4.565220355987549
4.564270496368408
1.6270415782928467
5.04251766204834
4.724838733673096
1.016916036605835
0.8006001710891724
4.6478424072265625
4.528652667999268
3.2392566204071045
2.6972837448120117
3.9575188159942627
3.623732089996338
3.1362435817718506
0.7599372267723083
1.9881093502044678
0.18463969230651855
3.8664114475250244
3.960585594177246
4.1295084953308105
2.6647422313690186
1.4115437269210815
0.8658270835876465
3.386544942855835
2.1168839931488037
4.5408034324646
3.9539129734039307
1.0590423345565796
3.3353068828582764
4.392988204956055
3.0345187187194824
4.103757858276367
4.366024971008301
3.8578898906707764
3.540095329284668
4.479392051696777
4.0372090339660645
2.639218807220459
3.9640657901763916
3.757689952850342
3.8833186626434326
3.6681582927703857
2.7285168170928955
4.410984992980957
3.79970645904541
3.3452937602996826
2.0798351764678955
1.1621918678283691
4.787688255310059
2.0383667945861816
3.317673921585083
4.181636810302734
1.9729410409927368
2.9523167610168457
1.6616923809051514
3.068427085876465
3.8036744594573975
2.233222246170044
4.448624610900879
3.208873987197876
5.151823043823242
1.1051907539367676
1.2487825155258179
1.1175652742385864
0.7312533855438232
3.280068874359131
3.2402119636535645
0.27774670720100403
5.627652645111084
2.843291759490967
1.9396291971206665
0.8604012727737427
2.7242746353149414
2.8160643577575684
2.0511083602905273
3.1545462608337402
1.4626027345657349
1.5499792098999023
2.8801839351654053
1.3188958168029785
3.9151861667633057
5.010714054107666
4.7437520027160645
4.044159889221191
3.5550765991210938
1.5061882734298706
5.3603515625
5.260492324829102
5.130540370941162
1.1289336681365967
1.1755244731903076
2.749501943588257
3.7544777393341064
1.6220427751541138
3.9720799922943115
3.8047471046447754
4.144035816192627
4.200840473175049
2.908855438232422
4.5658392906188965
1.8611524105072021
1.6890662908554077
2.4299683570861816
2.2284698486328125
2.6043992042541504
4.822363376617432
1.3026180267333984
5.1764326095581055
4.088073253631592
0.9344636797904968
0.7153739333152771
3.872929334640503
4.327040195465088
3.106623649597168
2.0707530975341797
5.681554317474365
1.325562596321106
5.076443672180176
4.2442193031311035
5.00435209274292
2.698213577270508
2.167868137359619
2.4163687229156494
4.3387274742126465
0.5230037569999695
4.282365798950195
2.8077096939086914
2.420685052871704
1.7576450109481812
4.322152614593506
1.9541997909545898
3.7851853370666504
2.6938071250915527
4.160615921020508
5.793770790100098
0.5184354186058044
4.871995449066162
4.819934368133545
1.045364260673523
4.063068866729736
3.018115520477295
3.861254930496216
4.825145721435547
2.5075950622558594
4.157543659210205
3.9121243953704834
3.0973143577575684
1.369266152381897
1.4423691034317017
2.645045280456543
4.168156623840332
2.686129331588745
4.284931182861328
1.68107271194458
2.4075210094451904
1.0724467039108276
4.839986324310303
1.539735198020935
4.623999118804932
1.3326027393341064
3.4069972038269043
5.073214054107666
2.589740753173828
1.0436269044876099
4.810893535614014
3.4636082649230957
3.1559414863586426
4.554676055908203
2.021756172180176
1.7357863187789917
2.6857733726501465
5.063710689544678
0.9467892646789551
3.7185704708099365
0.6650795936584473
4.807024002075195
3.838221549987793
1.303666591644287
4.792457103729248
3.2144243717193604
4.1024956703186035
3.2122881412506104
1.4955222606658936
1.761514663696289
5.5814409255981445
4.724966526031494
4.805999279022217
4.333641529083252
1.6230717897415161
2.3184311389923096
0.9080850481987
3.6057231426239014
4.770710468292236
4.5539045333862305
1.1182900667190552
4.573393821716309
4.460616111755371
4.549067974090576
3.4142446517944336
4.189522743225098
2.1254992485046387
4.573864936828613
4.255841255187988
4.260476112365723
3.50408673286438
1.956514835357666
5.769876003265381
1.1507726907730103
3.0979151725769043
4.731191158294678
4.508387088775635
4.1181511878967285
2.2944576740264893
3.4538516998291016
4.537320613861084
5.065007209777832
4.550537109375
3.0781219005584717
0.5327823758125305
1.9725223779678345
3.190213203430176
1.892622709274292
1.3325904607772827
2.9180099964141846
2.8312273025512695
2.5576870441436768
2.261725902557373
2.586064577102661
4.4978346824646
2.7278995513916016
3.96108078956604
2.65372371673584
3.8681223392486572
3.631664752960205
2.8181965351104736
3.659062623977661
3.5555505752563477
2.1160948276519775
3.0946426391601562
1.449253797531128
2.221787691116333
3.0305428504943848
1.3806930780410767
1.66660475730896
3.0851540565490723
1.2985831499099731
2.9211363792419434
2.9528613090515137
2.812422037124634
2.726438283920288
3.795711040496826
1.1844267845153809
