9.876351576561311e-42
6.761739253997803
6.663601875305176
1.0005649328231812
1.721716284751892
0.8351998329162598
0.9374255537986755
1.018635869026184
0.9498997926712036
0.7827839851379395
1.2723071575164795
0.7952952980995178
1.1945767402648926
1.112898588180542
0.5064345598220825
1.1281819343566895
7.164272785186768
1.271620512008667
1.2830294370651245
1.6144709587097168
0.5343098640441895
0.24536605179309845
0.8995804190635681
0.8802515268325806
1.1054304838180542
0.4312753677368164
0.8194870948791504
1.1577343940734863
1.382094144821167
0.6444606781005859
1.3923817873001099
0.32425034046173096
2.1111385822296143
0.7760639190673828
2.1008355617523193
1.2249038219451904
1.4037067890167236
1.6290206909179688
0.7987375259399414
1.4821717739105225
1.7307478189468384
1.4631755352020264
6.59768009185791
6.587654113769531
0.9799121022224426
2.220996618270874
1.1175998449325562
0.9541529417037964
0.814181387424469
0.9249932765960693
0.8952630758285522
1.414995789527893
0.6190168261528015
0.786723256111145
0.8982503414154053
0.6932238340377808
0.8496644496917725
0.9295231699943542
0.9830787777900696
0.9426568150520325
6.542137622833252
6.476944446563721
0.7744662165641785
0.9237545132637024
1.1035075187683105
0.9086822271347046
1.0665899515151978
0.5731399655342102
0.9369918704032898
0.7692263722419739
0.8700942993164062
1.0036303997039795
2.520392656326294
1.6078808307647705
1.511812448501587
0.8406912684440613
1.1365216970443726
0.8088788986206055
0.346921443939209
0.23781880736351013
2.1814560890197754
0.6074435114860535
0.3476361036300659
0.718705415725708
0.6827681660652161
1.0846343040466309
0.6086522936820984
0.7995001673698425
0.9570393562316895
2.0626914501190186
0.49645084142684937
1.4367575645446777
0.6968146562576294
0.8721534609794617
1.3685345649719238
0.51109379529953
7.4715046882629395
0.5517736673355103
1.6358301639556885
1.3193566799163818
1.3305776119232178
0.5443595051765442
1.7106081247329712
1.4334594011306763
1.1140124797821045
0.9113666415214539
0.69646817445755
0.284054160118103
1.2410829067230225
1.4124404191970825
1.1476441621780396
0.766770601272583
1.0778355598449707
0.8932777643203735
0.25865665078163147
0.5625306367874146
1.0999337434768677
1.4405304193496704
1.1709932088851929
1.2433594465255737
0.9646449089050293
1.3629800081253052
1.1823045015335083
0.8403682112693787
0.6931688189506531
0.9681693911552429
0.3329204022884369
0.7465759515762329
1.2758386135101318
0.1694636344909668
0.7303981184959412
1.4658045768737793
0.957582414150238
0.23768502473831177
0.8986201882362366
0.6705195903778076
1.2714836597442627
0.9212392568588257
0.8244147300720215
0.6594960689544678
0.8124352693557739
0.7490376830101013
0.8788365721702576
0.5581116080284119
0.8454039096832275
0.9502052068710327
1.2067816257476807
0.9272456765174866
0.8626745939254761
1.029231309890747
0.9088026285171509
0.3748881220817566
0.5305041074752808
0.7786765694618225
1.0199390649795532
0.9469748139381409
0.4049150049686432
0.6652454733848572
0.6616528630256653
0.983488142490387
1.251645565032959
1.286865234375
5.044356822967529
4.903156280517578
6.3169264793396
4.884222030639648
6.081717014312744
5.8028388023376465
4.655891418457031
6.508699893951416
5.2029595375061035
6.624267101287842
7.570126056671143
7.520480155944824
7.6398491859436035
8.07830810546875
7.6166839599609375
7.901867866516113
7.762496471405029
7.898307800292969
7.04071044921875
7.901208400726318
7.491673469543457
6.716418743133545
6.74688196182251
7.432790279388428
7.267130374908447
7.055328845977783
6.817859172821045
6.774749279022217
6.886514663696289
6.642504692077637
7.084654331207275
6.915065765380859
7.031835079193115
6.773104190826416
5.131319046020508
5.363865852355957
6.783811092376709
4.99397087097168
6.065960884094238
7.423717975616455
7.569853782653809
7.827270984649658
7.573369979858398
8.048001289367676
7.908492565155029
7.387521266937256
7.773873329162598
6.956579208374023
7.610128402709961
5.628070831298828
7.101304054260254
8.05212116241455
7.562707424163818
7.821430206298828
4.987231731414795
7.082905292510986
7.2365875244140625
7.433660984039307
7.295075416564941
6.459654808044434
7.343522548675537
6.783281326293945
5.715176105499268
7.227906703948975
7.822402477264404
6.272261142730713
6.980170726776123
7.8554816246032715
6.974364757537842
6.492469310760498
6.667037010192871
6.93620491027832
6.788965702056885
6.608331203460693
6.756093978881836
7.143629550933838
7.534704208374023
7.02415657043457
7.094677925109863
7.089003562927246
7.174152851104736
6.997518062591553
7.3215837478637695
7.501903533935547
7.343883514404297
7.4412336349487305
7.9241509437561035
7.630375385284424
7.587717533111572
7.573995590209961
7.8027520179748535
7.68536901473999
7.53284215927124
7.37799072265625
7.40112829208374
7.3717498779296875
2.4176406860351562
1.7269529104232788
3.3575994968414307
1.657020092010498
2.6463704109191895
3.69680118560791
3.486729145050049
5.040863990783691
5.992003440856934
4.410314559936523
3.9296250343322754
1.8578228950500488
3.2742412090301514
1.6220176219940186
4.276620864868164
4.127270698547363
4.749418258666992
3.809636116027832
3.6898624897003174
4.576117038726807
1.875733733177185
2.937711477279663
4.912710189819336
4.9161295890808105
2.690141201019287
3.517025947570801
3.899419069290161
0.9410765767097473
3.6112475395202637
1.4621886014938354
1.8824511766433716
4.799725532531738
4.711791515350342
1.932380199432373
4.462612628936768
2.6210570335388184
3.3047852516174316
3.658778429031372
2.7236039638519287
3.0859036445617676
2.8751180171966553
2.3762707710266113
3.794283151626587
5.964524269104004
3.162982940673828
4.196017742156982
1.1916263103485107
6.262432098388672
4.214064121246338
2.5860753059387207
2.8512792587280273
3.9531972408294678
1.4469553232192993
2.936551332473755
3.0121099948883057
5.179147720336914
4.751412391662598
3.467278003692627
4.791831016540527
2.5574631690979004
2.011174440383911
3.5678985118865967
5.149076461791992
3.236499309539795
3.522216796875
2.736280679702759
3.432814121246338
3.460726737976074
3.176788568496704
3.698660373687744
3.2759859561920166
4.6330037117004395
4.568479061126709
4.274292469024658
4.9306745529174805
4.341684341430664
3.684329032897949
2.8574728965759277
1.6864994764328003
1.9658153057098389
3.084705352783203
2.7195801734924316
2.6136040687561035
1.1979840993881226
1.7691081762313843
1.4014900922775269
1.9616670608520508
2.7543563842773438
2.620579957962036
0.9328440427780151
1.2286618947982788
0.4739129841327667
2.2700181007385254
3.5826337337493896
3.326909065246582
1.2126188278198242
0.5749358534812927
1.1357837915420532
2.582895278930664
2.2551896572113037
1.570198655128479
1.835390329360962
2.1430256366729736
2.81860089302063
2.8636844158172607
2.6983468532562256
1.4390045404434204
3.8665897846221924
2.2032859325408936
1.7804642915725708
1.4031987190246582
2.6664299964904785
0.6708782315254211
3.4534106254577637
3.620882749557495
2.268953800201416
1.5266247987747192
2.162968397140503
1.5917965173721313
1.8639030456542969
3.1819283962249756
1.5858912467956543
3.4995381832122803
2.8298823833465576
3.6842169761657715
1.4579437971115112
2.6288583278656006
0.6482608914375305
1.970644474029541
3.787468433380127
2.9512524604797363
3.8338265419006348
1.5841035842895508
3.358445405960083
2.1700897216796875
1.8397377729415894
2.046311378479004
2.921855926513672
2.986405372619629
1.15818190574646
2.514248847961426
2.026099920272827
1.6575559377670288
2.327054977416992
2.759779214859009
2.8390629291534424
2.3803305625915527
1.9758063554763794
0.8025448322296143
1.0510815382003784
1.5731496810913086
2.690995931625366
1.5114569664001465
2.32409930229187
1.9721020460128784
1.235238790512085
2.580594539642334
1.8448392152786255
1.9336585998535156
1.0891348123550415
1.5421478748321533
1.6357316970825195
0.43745967745780945
0.3835972845554352
1.7354161739349365
2.6862475872039795
1.5313003063201904
1.4468034505844116
2.479445457458496
2.349438190460205
1.6872491836547852
1.4150017499923706
2.5227115154266357
1.4751372337341309
2.303629159927368
1.1830353736877441
1.652769684791565
3.190049648284912
2.1742796897888184
2.4739484786987305
3.2319118976593018
3.155803918838501
4.393062591552734
4.947526931762695
4.965813159942627
5.7973246574401855
6.982571601867676
5.05166482925415
1.3547810316085815
4.052628040313721
4.870326995849609
5.716769695281982
6.329217910766602
4.879388332366943
3.4374682903289795
4.201512336730957
5.265525817871094
5.951228141784668
3.8072662353515625
5.947425842285156
3.699704885482788
4.16364049911499
5.905907154083252
6.138059139251709
5.690480709075928
3.2701473236083984
4.311233997344971
3.4179139137268066
2.872274875640869
3.978322982788086
2.8196935653686523
3.1231632232666016
3.7276508808135986
4.231142997741699
4.147367477416992
4.0077738761901855
5.129909515380859
5.150475025177002
2.0058999061584473
6.313839912414551
6.772671222686768
5.547813415527344
7.285340309143066
6.916545867919922
0.714307963848114
7.767314434051514
0.71968674659729
5.272913932800293
7.770658493041992
7.600389003753662
6.655957221984863
7.49222469329834
2.2965714931488037
7.325445652008057
7.259892463684082
7.412916660308838
6.848674774169922
6.742860794067383
6.38258171081543
7.43446159362793
3.965846061706543
7.6257524490356445
7.315898418426514
7.189541339874268
6.536801815032959
0.7890708446502686
7.080954074859619
5.103825569152832
7.5356974601745605
7.793358325958252
7.03769588470459
7.108151435852051
6.450255870819092
7.280527591705322
6.666208267211914
6.547771453857422
7.192718982696533
7.372376441955566
5.989389419555664
0.971185564994812
5.726242542266846
0.6936672925949097
6.550562381744385
7.262791156768799
7.397494792938232
1.5630812644958496
5.923544406890869
7.853189945220947
6.460273265838623
7.261934280395508
6.744791507720947
6.985437393188477
7.447742938995361
0.3061954081058502
7.67595911026001
7.276240825653076
5.53074312210083
7.671170234680176
6.727236270904541
7.442152500152588
7.6284990310668945
7.097344875335693
6.673284530639648
1.330694556236267
7.013639450073242
4.064105987548828
6.457345962524414
7.274171352386475
7.1154704093933105
6.534114360809326
2.9631502628326416
6.689337730407715
6.14696741104126
3.3249683380126953
5.216202259063721
7.645739555358887
7.671000003814697
6.74731969833374
6.769186496734619
6.520942211151123
6.735264301300049
5.019018173217773
3.8086676597595215
4.9972004890441895
6.82031774520874
7.797457695007324
6.500560760498047
7.227207183837891
6.828951835632324
6.9016828536987305
2.9837605953216553
0.8978943824768066
1.678859829902649
2.6686573028564453
2.0804176330566406
2.2480595111846924
4.112565040588379
1.73305344581604
1.804911494255066
0.26479703187942505
1.4785375595092773
3.022315740585327
4.880259990692139
3.1190669536590576
0.4252089262008667
0.498741090297699
2.1537134647369385
3.0572142601013184
0.45478591322898865
0.7825289368629456
3.6439785957336426
1.3926537036895752
4.5337934494018555
3.9498372077941895
1.424368977546692
4.599035263061523
4.040069103240967
3.7321150302886963
3.8247714042663574
4.932109355926514
1.4950697422027588
1.5597565174102783
1.4645328521728516
2.6289451122283936
2.381732702255249
1.8935645818710327
1.9168428182601929
0.6100146174430847
1.1251754760742188
1.3258600234985352
0.8593419790267944
1.8819444179534912
1.7484949827194214
1.556625485420227
1.1494003534317017
0.38006797432899475
0.5575444102287292
2.079711437225342
1.940289855003357
1.5078120231628418
0.6947184205055237
0.8470292091369629
2.2633376121520996
1.595204472541809
0.6260344386100769
0.3931235373020172
2.733038902282715
1.0445483922958374
3.022312641143799
2.019794225692749
1.4519990682601929
1.1919437646865845
1.7611706256866455
2.4034550189971924
2.7521555423736572
2.384953737258911
1.5397197008132935
1.8057820796966553
1.5184367895126343
1.9839969873428345
1.5821977853775024
1.344531774520874
0.6550398468971252
1.0280553102493286
2.5351288318634033
1.2293490171432495
0.4552808701992035
1.5622408390045166
4.057429790496826
3.372785806655884
4.115361213684082
5.323629379272461
3.013503313064575
2.761125326156616
2.1929214000701904
5.949657440185547
4.789709091186523
3.009489059448242
1.6177458763122559
4.156876087188721
2.0078792572021484
4.302388668060303
1.3997955322265625
2.1548736095428467
0.8861223459243774
1.2934870719909668
4.055210590362549
4.7955546379089355
1.526617169380188
2.836455821990967
0.15893380343914032
1.9356979131698608
0.8321914672851562
1.3766789436340332
2.5388588905334473
2.03056001663208
2.7268126010894775
1.4598138332366943
1.0737929344177246
0.7016651630401611
1.375876784324646
2.058800458908081
0.6498894095420837
1.7275432348251343
0.9093242883682251
1.2562390565872192
1.409307837486267
0.47534170746803284
1.670302152633667
2.8950188159942627
1.6646900177001953
1.0568182468414307
2.0845181941986084
2.6398534774780273
1.513538122177124
5.629298210144043
1.778786540031433
0.9581003189086914
1.361220121383667
2.855750799179077
0.5936486124992371
2.038027286529541
1.1737719774246216
0.45111286640167236
1.8904008865356445
3.225789785385132
3.0392608642578125
2.1689467430114746
1.507094383239746
1.275658369064331
0.5136226415634155
2.7492167949676514
2.9808712005615234
1.0774019956588745
0.8204983472824097
1.005967378616333
2.689971446990967
0.2020089328289032
0.8649017214775085
1.2450332641601562
0.841035783290863
0.35762253403663635
1.3305844068527222
1.3025611639022827
2.2168402671813965
3.8103785514831543
1.3921562433242798
2.118666887283325
1.07393217086792
1.8229848146438599
0.5908759832382202
0.5679609179496765
1.9040645360946655
1.0888385772705078
1.895384430885315
0.7363204956054688
1.218459963798523
0.3331218361854553
0.8198302388191223
4.5283308029174805
0.9405126571655273
1.3962126970291138
0.7607710957527161
1.6218764781951904
1.2262840270996094
7.645284652709961
1.7367515563964844
2.2246315479278564
0.5885335803031921
1.6977137327194214
2.2864267826080322
1.1224771738052368
0.8049966096878052
2.257603645324707
7.135974884033203
0.889117956161499
0.9736197590827942
7.154103755950928
1.0089792013168335
6.830891132354736
2.747497320175171
2.52972412109375
6.613226890563965
6.405458450317383
1.3741602897644043
0.9322882890701294
1.1528574228286743
6.414641380310059
6.907685279846191
6.815478324890137
1.3208105564117432
1.0817999839782715
0.8299893736839294
1.7413787841796875
1.3747283220291138
1.9441108703613281
6.791895866394043
1.2802499532699585
0.9331138730049133
1.965093731880188
2.824777364730835
6.744412899017334
1.6460789442062378
0.6895409226417542
0.6204653382301331
5.455390930175781
0.24560187757015228
6.633539199829102
1.0671314001083374
4.380813121795654
3.7956533432006836
4.33111572265625
5.25518798828125
1.4599034786224365
4.004547119140625
4.277809143066406
5.826287746429443
5.982109546661377
0.2583003342151642
2.585297107696533
3.9512784481048584
1.9620254039764404
4.256333351135254
4.382946491241455
3.667548656463623
3.651848316192627
2.678149938583374
2.752286434173584
2.0663397312164307
3.279557466506958
0.4909774363040924
4.112701416015625
3.8055264949798584
1.7119215726852417
0.5865551829338074
2.592468738555908
1.0479779243469238
1.6666558980941772
0.5940582752227783
2.0871400833129883
1.7247225046157837
2.849745273590088
1.6108191013336182
2.2731053829193115
1.7744325399398804
0.9455879330635071
1.4741674661636353
2.5490312576293945
1.6992756128311157
0.45088350772857666
2.197859048843384
1.2204835414886475
2.5949795246124268
2.3558359146118164
7.156476974487305
0.7548896670341492
1.4897277355194092
2.387737989425659
0.9721459746360779
1.119136095046997
1.737764596939087
4.606454849243164
1.1276376247406006
0.9390564560890198
0.7984509468078613
6.806087493896484
7.03770112991333
0.867260754108429
3.9751195907592773
1.6551483869552612
4.430999755859375
5.000889301300049
4.677093982696533
3.950366735458374
3.310779571533203
1.3589375019073486
3.1975438594818115
0.693018913269043
3.5136711597442627
2.0844953060150146
1.1631877422332764
2.895871639251709
0.7788086533546448
3.377807378768921
2.5098648071289062
1.2091686725616455
3.3757357597351074
0.19619303941726685
3.2048721313476562
1.3402849435806274
0.3034173548221588
0.4957088530063629
1.450354814529419
7.134011745452881
1.3325425386428833
0.9206454157829285
6.79805326461792
4.546365261077881
6.272747039794922
2.9216582775115967
4.992703437805176
3.6152632236480713
5.545566558837891
2.924832582473755
0.6489685773849487
2.351478338241577
2.8596043586730957
1.2922852039337158
1.2209745645523071
1.956809163093567
2.1228203773498535
0.6559783816337585
2.0025782585144043
1.3303836584091187
1.5193016529083252
2.211937189102173
7.361478805541992
0.744996190071106
0.9517034888267517
1.6586276292800903
1.0415483713150024
6.663334846496582
2.8736555576324463
6.235833168029785
5.064272403717041
2.0185797214508057
1.5272473096847534
0.8445258736610413
2.102783679962158
2.1214866638183594
2.415607452392578
1.124842643737793
1.625863790512085
2.218404769897461
1.342184066772461
1.265548586845398
2.3843836784362793
1.5721596479415894
4.225064277648926
2.3064472675323486
2.864792585372925
1.0094821453094482
3.077881097793579
2.0893023014068604
1.378320574760437
1.339473843574524
2.5513722896575928
2.7190566062927246
2.1097006797790527
1.0984641313552856
4.64288854598999
4.154438018798828
4.306286811828613
2.7537529468536377
0.5305252075195312
2.0096511840820312
3.0529720783233643
2.057248830795288
4.199384689331055
1.9823917150497437
1.470592975616455
1.730008602142334
3.5054972171783447
2.7351558208465576
0.7319821119308472
1.6345340013504028
1.3838919401168823
5.096714496612549
5.153314590454102
3.35184907913208
3.105647325515747
2.3446292877197266
2.0373194217681885
0.7421513199806213
5.055512428283691
1.8625710010528564
1.4228184223175049
1.4170209169387817
1.1876553297042847
1.8390711545944214
1.1871057748794556
5.492624282836914
6.657167911529541
4.382762908935547
4.718133449554443
2.612358808517456
0.8217315077781677
5.757404327392578
2.2418696880340576
3.465747833251953
6.16554594039917
4.475554943084717
1.7324186563491821
1.5095033645629883
7.720454692840576
6.503538608551025
6.342779636383057
7.119808197021484
0.5355212092399597
2.1051790714263916
0.671238899230957
3.3974571228027344
0.2565801441669464
3.0974934101104736
1.6405603885650635
4.626644134521484
2.7367279529571533
4.127087116241455
0.23729760944843292
3.0199389457702637
6.396591663360596
1.1116498708724976
0.49018394947052
6.4749884605407715
3.981574296951294
4.104584217071533
0.9380097985267639
6.6940765380859375
0.4141159653663635
6.668522834777832
1.0770775079727173
1.3553675413131714
