9.876351576561311e-42
4.940657615661621
4.073135852813721
4.603641986846924
4.149606704711914
4.302683353424072
4.318787574768066
4.442821979522705
4.685788631439209
3.808588981628418
4.1242218017578125
3.909695863723755
3.7125465869903564
3.487321138381958
3.7427961826324463
3.6530795097351074
3.182469129562378
3.4582831859588623
2.733804225921631
3.255402088165283
3.0833356380462646
2.124389886856079
3.3093912601470947
3.3095250129699707
3.3235859870910645
1.9154863357543945
2.0958406925201416
3.2308902740478516
3.404447078704834
1.5398465394973755
3.0683655738830566
1.837642788887024
3.2087459564208984
2.764021873474121
2.900218963623047
3.0583784580230713
3.1906979084014893
3.112271547317505
1.2546939849853516
3.3331494331359863
3.0360536575317383
3.3430826663970947
4.233246326446533
3.5471115112304688
4.4096879959106445
3.9976489543914795
4.089208126068115
4.168154716491699
3.607142448425293
3.7998812198638916
3.728574275970459
2.9163687229156494
3.6081438064575195
2.2409980297088623
3.3373782634735107
3.0067567825317383
3.2617101669311523
2.985779047012329
1.5126999616622925
3.029428482055664
3.659639358520508
3.0858678817749023
4.529176235198975
3.7395780086517334
3.86008620262146
3.4013142585754395
2.5569677352905273
3.5638129711151123
3.3675804138183594
3.018571138381958
3.000661611557007
3.235311269760132
3.846946954727173
3.799745559692383
4.395755290985107
4.055929660797119
3.2461917400360107
2.383882761001587
3.5304462909698486
2.930471181869507
2.8925940990448
3.1386258602142334
3.8765196800231934
3.832563877105713
3.706342935562134
3.0598132610321045
1.8691989183425903
1.9982603788375854
3.1333529949188232
3.155991315841675
3.9272446632385254
4.276885986328125
2.3735764026641846
3.1603899002075195
3.005653142929077
3.9344193935394287
3.5721256732940674
1.7792147397994995
3.3278980255126953
4.103875160217285
3.63163423538208
1.5121634006500244
2.9211556911468506
2.877391815185547
4.242191314697266
3.9174022674560547
3.4055769443511963
1.6329638957977295
3.2961299419403076
2.718700647354126
4.206717014312744
3.7318084239959717
3.4392249584198
2.6884593963623047
3.7376091480255127
3.184269666671753
3.1624746322631836
4.245702266693115
3.1369643211364746
3.903031826019287
3.6069648265838623
3.165764570236206
2.930941581726074
3.085742473602295
2.760887861251831
3.519177198410034
2.8150665760040283
3.4591665267944336
1.5554784536361694
2.754258394241333
2.952913284301758
3.9310030937194824
2.975741147994995
2.8870737552642822
2.7435710430145264
3.016688585281372
3.6844327449798584
3.508052110671997
3.543623447418213
3.137852430343628
3.599829912185669
3.1160380840301514
3.429384231567383
3.375718593597412
3.350008726119995
3.402933359146118
3.4815762042999268
3.393601179122925
2.953386068344116
3.299006938934326
3.178717851638794
2.8087992668151855
2.664689779281616
2.2221131324768066
1.9376342296600342
1.6928740739822388
1.6133166551589966
1.366079330444336
1.2751442193984985
1.2630704641342163
1.2702314853668213
1.26902437210083
3.92829966545105
3.287546396255493
3.3962743282318115
2.6521646976470947
3.338862180709839
2.9367754459381104
2.276552438735962
3.2304489612579346
2.5084426403045654
3.2138142585754395
2.927835464477539
2.958753824234009
2.9850425720214844
2.8888351917266846
3.126924514770508
3.046854019165039
3.2828400135040283
2.9702095985412598
4.205544471740723
2.8043601512908936
3.685070514678955
4.346739768981934
4.654977798461914
3.677804470062256
3.8272087574005127
3.970889091491699
4.457043647766113
4.2627644538879395
3.9952590465545654
4.7049970626831055
3.884566307067871
4.298785209655762
3.6244313716888428
3.9305272102355957
3.4544517993927
3.0870370864868164
3.2783701419830322
2.5063931941986084
2.9272780418395996
2.9763665199279785
3.0233640670776367
2.923967123031616
2.888948440551758
2.9910671710968018
3.1118977069854736
3.8209805488586426
2.9009816646575928
4.165807723999023
3.5266411304473877
3.2429375648498535
3.063976764678955
2.9419517517089844
3.638336181640625
3.0131778717041016
2.299376964569092
3.022429943084717
4.000219821929932
3.072439193725586
3.8301446437835693
3.2254278659820557
3.6742424964904785
4.477778434753418
2.979029893875122
3.129265069961548
2.919450283050537
3.1007330417633057
3.1518945693969727
2.9971253871917725
3.8184797763824463
3.1138834953308105
3.2350451946258545
3.347257137298584
3.318192958831787
3.368933916091919
3.4504361152648926
3.2702105045318604
3.5173261165618896
3.319951295852661
3.256314754486084
3.2183384895324707
3.550452709197998
3.2744503021240234
3.4593112468719482
3.203578233718872
3.7564589977264404
2.9140374660491943
3.0514090061187744
3.3352060317993164
2.8836114406585693
2.7375152111053467
2.8318610191345215
3.155724287033081
3.327716827392578
3.5111918449401855
3.6087262630462646
3.371616840362549
0.7352856993675232
0.6944776177406311
2.173835515975952
1.7618340253829956
2.4549663066864014
3.582893133163452
4.183757305145264
4.701024055480957
4.362790107727051
4.21999979019165
4.082857131958008
0.9382601976394653
3.1114277839660645
0.9097554683685303
4.047797679901123
3.8263535499572754
4.652368545532227
4.387450695037842
4.3772292137146
4.253552436828613
3.9714465141296387
3.8080575466156006
3.7212536334991455
3.863604784011841
3.4982357025146484
3.205522298812866
2.621253490447998
1.3464998006820679
2.0703346729278564
1.4948650598526
1.3271533250808716
4.841741561889648
4.754396438598633
1.105183720588684
4.441336154937744
3.5805578231811523
4.157059669494629
3.439438819885254
3.1371121406555176
3.56020188331604
2.065598964691162
2.2985074520111084
4.212405204772949
4.4755988121032715
3.4064207077026367
2.7753169536590576
1.9112517833709717
4.618169784545898
2.945971727371216
2.308238983154297
3.3696484565734863
3.7148923873901367
2.0619192123413086
3.5396790504455566
2.0402419567108154
4.482858657836914
3.7312166690826416
3.6282808780670166
4.307535171508789
4.142432689666748
4.138160228729248
4.229495525360107
3.968346118927002
4.224656105041504
4.165415287017822
3.934685468673706
4.031538486480713
3.747715950012207
4.002732276916504
3.8749871253967285
3.757849931716919
4.142095565795898
4.403469085693359
3.967231035232544
4.717931270599365
4.605441093444824
3.611593723297119
2.9490787982940674
0.9993698000907898
1.392993688583374
1.8727388381958008
2.0089240074157715
1.6367517709732056
1.7665379047393799
1.5229088068008423
0.8421640992164612
0.61402827501297
3.411555051803589
3.0541188716888428
1.011246919631958
2.896507740020752
2.392894983291626
1.111530065536499
3.4362616539001465
3.0350115299224854
3.899393320083618
2.7892746925354004
3.0002784729003906
1.1388791799545288
2.4365296363830566
0.5348010063171387
3.1773860454559326
1.9654040336608887
2.096947193145752
2.3799631595611572
1.8814358711242676
1.6408013105392456
2.2522268295288086
2.61631441116333
3.397768020629883
0.3729088306427002
2.611644983291626
3.268558979034424
3.381467580795288
2.3133857250213623
1.096275806427002
0.9008352160453796
2.225851058959961
2.3878719806671143
2.0055248737335205
2.105989933013916
2.535036325454712
2.423004627227783
3.3535568714141846
1.8301479816436768
1.6839138269424438
0.5801205039024353
2.942934513092041
2.8711769580841064
1.9602750539779663
1.6886236667633057
0.7629068493843079
3.4289355278015137
2.2134017944335938
0.5675362348556519
3.7424533367156982
1.8531177043914795
0.8267039656639099
1.0972999334335327
3.3500335216522217
1.5378272533416748
1.4154671430587769
3.4116125106811523
1.7095307111740112
3.124318838119507
3.250948905944824
2.7721683979034424
1.4248827695846558
2.961238384246826
2.495152235031128
1.7625442743301392
2.6634364128112793
2.010011672973633
1.7814198732376099
2.6671102046966553
2.0463359355926514
2.1224520206451416
2.375185012817383
2.042573928833008
1.1480376720428467
1.4410456418991089
0.9478768706321716
0.6471633315086365
0.22799748182296753
0.6733495593070984
0.773456871509552
0.7345447540283203
0.4962886571884155
0.7636870741844177
0.8446870446205139
1.2391425371170044
1.684614658355713
2.1540961265563965
2.091305732727051
2.014045000076294
1.6277961730957031
1.6079217195510864
2.207728385925293
1.4320542812347412
0.8988109230995178
2.296508312225342
2.467813730239868
2.42073130607605
2.100379228591919
2.501530408859253
2.8027923107147217
3.0077595710754395
2.3875980377197266
0.7080204486846924
2.188922882080078
1.926395058631897
2.643908739089966
3.09289813041687
1.8861445188522339
0.7847933769226074
2.0531413555145264
2.780876874923706
3.2343673706054688
1.8303786516189575
3.093682289123535
2.0332272052764893
2.5633344650268555
2.9248106479644775
2.90529727935791
2.721459150314331
1.8343579769134521
2.3915517330169678
1.6900198459625244
1.7549140453338623
1.7528183460235596
2.105215549468994
2.2313685417175293
2.4660890102386475
2.282090902328491
2.218264102935791
1.0575956106185913
0.9246362447738647
1.535610556602478
1.5955933332443237
3.059861898422241
2.909653902053833
2.727138042449951
2.6628034114837646
2.3385684490203857
0.8056084513664246
2.472074508666992
0.7880855202674866
1.6948705911636353
2.5297982692718506
2.323317766189575
2.1188206672668457
2.926486015319824
0.5180044174194336
2.9936585426330566
3.2168521881103516
2.347538471221924
2.2341463565826416
2.2893660068511963
2.045029878616333
2.8767731189727783
0.9476984739303589
2.5684657096862793
2.5922186374664307
2.593348264694214
2.895390510559082
1.3887064456939697
2.6610801219940186
2.1361567974090576
2.337573528289795
2.28117036819458
2.2230746746063232
2.820176839828491
2.0218944549560547
3.153041124343872
2.1542630195617676
1.9803006649017334
2.228358268737793
2.3273680210113525
2.8854923248291016
1.446365475654602
2.0764384269714355
0.6465376019477844
1.8475843667984009
2.1437013149261475
2.5356006622314453
1.3798261880874634
2.3399717807769775
2.6227610111236572
2.135145425796509
3.0256824493408203
1.751856803894043
1.850183129310608
2.3244333267211914
0.7183858752250671
2.7196192741394043
2.2101879119873047
1.7385153770446777
2.797283411026001
1.557712435722351
2.789280891418457
2.6165335178375244
2.6573777198791504
1.9485580921173096
0.6776685118675232
1.7009414434432983
0.7091430425643921
2.1410036087036133
2.72849702835083
2.116861581802368
1.9794533252716064
0.8959835767745972
1.798081398010254
1.6852830648422241
1.123732328414917
1.5208152532577515
1.456909418106079
2.6368985176086426
2.226992607116699
1.9499717950820923
1.672568440437317
1.5514471530914307
1.5603985786437988
1.2152824401855469
1.136488676071167
1.4031257629394531
1.3844860792160034
1.4659427404403687
1.2794064283370972
1.4287207126617432
1.8238487243652344
2.2500743865966797
2.1578707695007324
2.1332056522369385
2.221330165863037
3.047433853149414
2.214430332183838
1.597830057144165
2.916292428970337
2.373380422592163
0.9234421253204346
1.4986248016357422
2.699434280395508
2.269296169281006
1.1409918069839478
0.7788258194923401
2.7662036418914795
1.5178345441818237
2.3818891048431396
1.0905189514160156
0.8382050395011902
2.3544209003448486
1.500504970550537
2.6990010738372803
2.499871253967285
2.3811748027801514
2.3805134296417236
2.824439525604248
2.696300983428955
1.7130368947982788
2.7682948112487793
1.4799374341964722
1.2202560901641846
1.2478246688842773
0.8972030878067017
1.647106647491455
0.8813230991363525
1.2091331481933594
1.1034436225891113
1.004742980003357
1.1110416650772095
1.4330343008041382
0.7263395190238953
1.390750765800476
1.0733647346496582
0.40618592500686646
0.763522744178772
0.5678383111953735
1.2093908786773682
1.0990580320358276
0.9217306971549988
0.33419591188430786
0.5781499743461609
1.8240028619766235
1.3043392896652222
1.0215431451797485
1.1573530435562134
0.8402121067047119
0.46558383107185364
1.7075777053833008
0.6305528879165649
0.3111177384853363
1.2093478441238403
0.676689088344574
1.4144595861434937
1.189200758934021
1.058358073234558
1.258642315864563
1.3180848360061646
1.338578224182129
1.2310235500335693
0.9457070827484131
0.5043566823005676
0.4979093372821808
0.3353968560695648
1.8472379446029663
1.7670389413833618
1.4770991802215576
0.7584277391433716
1.7336057424545288
1.7711058855056763
1.8505922555923462
1.8367846012115479
0.4570600092411041
1.6079374551773071
0.3694511950016022
1.955489158630371
2.282362461090088
2.6211600303649902
2.669156551361084
2.5150222778320312
0.7125179171562195
2.3947248458862305
0.7350262403488159
2.4527199268341064
0.5396990180015564
1.5730266571044922
1.2983694076538086
1.4323126077651978
1.8752952814102173
0.7422904968261719
0.2841746211051941
1.7784913778305054
1.3072681427001953
1.3324419260025024
1.9102994203567505
1.3717377185821533
1.9700554609298706
1.4600300788879395
1.9128650426864624
1.8297158479690552
2.0506138801574707
0.4912724792957306
2.0627846717834473
1.7558517456054688
1.958791971206665
0.3096400797367096
0.5571731328964233
1.10350501537323
0.2963927686214447
2.0462310314178467
0.5875768661499023
0.8762484192848206
1.3600515127182007
1.6728930473327637
0.48885950446128845
2.386212110519409
1.9606436491012573
0.9976730942726135
2.3426296710968018
1.6770422458648682
1.2085130214691162
0.2522214651107788
0.028522320091724396
0.35082727670669556
0.6001205444335938
1.0706393718719482
0.8745109438896179
0.421579509973526
0.8550603985786438
0.6241627335548401
0.6887217164039612
1.2324111461639404
0.9871722459793091
0.7696903944015503
0.8545294404029846
0.9277452826499939
1.0660030841827393
0.6846185326576233
1.0907375812530518
0.7293905019760132
0.8532761335372925
1.087014079093933
1.0824347734451294
1.3323453664779663
1.487437129020691
0.8448151350021362
0.574525773525238
1.2124453783035278
1.5293986797332764
1.169317603111267
0.8509384989738464
0.9457915425300598
0.9620110392570496
0.9283442497253418
0.7450008392333984
0.8217930197715759
0.529245138168335
0.8452389240264893
0.582784116268158
1.014905571937561
0.6214717030525208
0.4563094675540924
0.6333943605422974
0.5425371527671814
0.4864903688430786
1.3398692607879639
0.4297596216201782
0.5856072306632996
0.4156108796596527
0.667429506778717
0.26257961988449097
0.735575795173645
0.7378088235855103
0.8972823023796082
2.384627103805542
0.6073273420333862
0.369759202003479
2.6530635356903076
0.8668530583381653
1.4121791124343872
0.6124431490898132
0.6066279411315918
1.8800948858261108
1.4563663005828857
1.0169203281402588
0.6864091753959656
0.6515741944313049
2.5776023864746094
2.7389309406280518
3.0511066913604736
0.7499111294746399
0.32348161935806274
0.304538369178772
0.46772608160972595
0.9716430902481079
0.9175840020179749
3.3105838298797607
0.7602269053459167
0.38946473598480225
0.9045315980911255
0.9293743371963501
3.169827938079834
0.8072811365127563
0.27098730206489563
0.04534652829170227
2.9169654846191406
0.16715247929096222
4.144547939300537
0.38164836168289185
3.3416190147399902
2.9510273933410645
3.2447404861450195
4.027533054351807
0.7545728087425232
2.882833957672119
2.902200698852539
4.433048725128174
4.679643154144287
1.6114583015441895
1.6094281673431396
1.2382229566574097
0.3901299238204956
1.9871183633804321
2.44153094291687
2.5493674278259277
1.2766667604446411
0.5254190564155579
1.6656677722930908
0.25727829337120056
1.0782580375671387
0.3971860110759735
1.3332204818725586
1.3848448991775513
1.7780470848083496
2.0120370388031006
1.053542971611023
0.3724142014980316
2.0622754096984863
1.3626036643981934
0.6788809299468994
1.6250144243240356
2.053302526473999
0.4714447259902954
1.1140426397323608
0.8481568694114685
0.9240777492523193
1.1153414249420166
1.1687780618667603
0.8979225158691406
1.1075111627578735
0.615215003490448
0.6709418892860413
0.9295821189880371
0.1859881579875946
1.142264723777771
0.6310591697692871
1.3617373704910278
1.286512851715088
1.3103384971618652
0.9331870079040527
1.286902666091919
1.5700256824493408
0.2660626769065857
0.9776381254196167
0.2998645603656769
3.5396625995635986
3.4415576457977295
0.051562633365392685
3.425753593444824
0.8009249567985535
1.737790822982788
2.0963587760925293
2.0659751892089844
2.06152606010437
2.1112115383148193
0.26036739349365234
1.3471344709396362
0.6691812872886658
1.0022053718566895
1.6059068441390991
2.054168224334717
1.1566969156265259
0.3627810776233673
0.5786861777305603
0.9417511224746704
0.9109244346618652
1.5788792371749878
0.647537350654602
0.7573547959327698
0.522062361240387
0.8946413397789001
0.5269970893859863
0.5697041749954224
2.2380640506744385
0.6328864693641663
0.511631965637207
4.052030086517334
4.055253982543945
4.621651649475098
0.7818913459777832
2.272799491882324
0.8813338279724121
2.3690977096557617
0.6408323645591736
0.6034303903579712
1.8144237995147705
0.7643054723739624
0.931357741355896
2.053781032562256
0.22680315375328064
0.3922874331474304
0.5060955286026001
0.6094335913658142
1.4686003923416138
0.6509672999382019
0.364292711019516
1.1448981761932373
0.48468440771102905
1.0680407285690308
1.111101508140564
0.5522249341011047
4.108638286590576
2.1361303329467773
4.497170925140381
2.2444212436676025
1.4989588260650635
0.6683475375175476
1.9523903131484985
0.8728955388069153
2.1413416862487793
0.14180956780910492
0.8529344201087952
0.5273468494415283
1.3564565181732178
0.3871892988681793
1.1001638174057007
0.7215108275413513
0.900515079498291
2.076422691345215
2.168471097946167
1.3140515089035034
0.713909387588501
1.504408836364746
1.2356528043746948
2.1749796867370605
0.5088582634925842
0.2196546494960785
1.2417935132980347
0.8906623125076294
1.1343632936477661
2.2094271183013916
3.6077792644500732
1.976340413093567
1.9590946435928345
0.9770749807357788
0.23270979523658752
0.8324769735336304
0.6150548458099365
1.798307180404663
1.3999416828155518
2.305082321166992
0.12700232863426208
0.7777464389801025
0.5683583617210388
0.16165710985660553
1.1654598712921143
0.7412949204444885
2.557177782058716
3.6120119094848633
0.6526779532432556
0.8647950887680054
0.8655507564544678
1.1600600481033325
0.5322597622871399
2.184075355529785
1.580741047859192
1.3335307836532593
1.4628938436508179
0.5181328654289246
1.238059401512146
0.7036917805671692
2.7059760093688965
4.349740505218506
1.932860255241394
0.956685483455658
1.0996425151824951
0.9871616363525391
2.164623737335205
1.7368967533111572
1.3203465938568115
1.8811235427856445
1.6851210594177246
1.2190145254135132
0.7896618843078613
2.028696298599243
2.01115345954895
4.38666296005249
1.9026541709899902
0.8560859560966492
0.9286361336708069
0.7051233649253845
2.0505969524383545
0.7978900671005249
0.9390570521354675
1.340519905090332
1.0524429082870483
0.6990718245506287
2.020573377609253
0.7166098952293396
1.178008794784546
4.31401252746582
0.8386640548706055
1.1941523551940918
4.376389980316162
1.5861660242080688
1.5989853143692017
0.840319812297821
0.8878539800643921
0.6413700580596924
1.0874083042144775
1.03049635887146
1.132686734199524
