9.876351576561311e-42
7.0434956550598145
7.113084316253662
1.409348964691162
1.5880528688430786
1.5622379779815674
1.453754186630249
1.4670289754867554
1.5062874555587769
1.2130361795425415
0.934989869594574
0.843368411064148
0.4076293110847473
0.9189954400062561
1.1328301429748535
0.21802684664726257
7.228677749633789
0.3454945981502533
1.3106613159179688
0.7881168127059937
1.1267493963241577
0.6154224276542664
1.3652863502502441
1.233484148979187
1.1209880113601685
0.46175432205200195
0.5673858523368835
0.8452959656715393
0.9341782331466675
0.31150105595588684
0.7644004821777344
0.6000928282737732
0.9496651291847229
0.8873283863067627
1.014705777168274
1.0323816537857056
0.7064049243927002
0.5719529986381531
0.7803261280059814
0.9341587424278259
0.5269442796707153
1.1345933675765991
7.170195579528809
7.124086856842041
1.4489860534667969
1.6608703136444092
0.6393629908561707
1.4450671672821045
1.0202561616897583
0.5083562135696411
0.3589547872543335
1.1063880920410156
0.2620609402656555
0.5756310224533081
1.3192298412322998
1.269412636756897
1.1525884866714478
0.8328337669372559
0.46177130937576294
0.9589188098907471
7.170145511627197
7.170931339263916
1.5004075765609741
0.510374128818512
0.6227256059646606
0.9572548866271973
1.169170618057251
0.4294664263725281
1.0997251272201538
0.7841474413871765
0.9447976350784302
0.9239100217819214
1.5198601484298706
1.3290895223617554
1.4082045555114746
0.4346694052219391
1.0378471612930298
1.0399702787399292
0.9377201199531555
0.9309608340263367
0.8648030161857605
0.703889012336731
1.555048942565918
1.5509729385375977
0.1802804172039032
0.8300331830978394
0.5007760524749756
0.5131983160972595
1.0257279872894287
0.771379292011261
1.8429585695266724
1.4835408926010132
0.5479412078857422
1.04379403591156
0.5183024406433105
1.2536510229110718
7.31704044342041
0.4951297342777252
0.770598828792572
1.5885356664657593
0.34064897894859314
0.2972906529903412
0.52689129114151
0.7459256052970886
1.501518964767456
1.0897135734558105
0.48785701394081116
0.34483611583709717
0.9772452116012573
0.9656562805175781
1.4815176725387573
0.49271711707115173
0.14962264895439148
0.9422628283500671
0.9606064558029175
0.6087663769721985
0.9147132635116577
1.5201712846755981
0.8385921716690063
0.5932825207710266
0.5555917620658875
0.6425790190696716
0.8779814839363098
0.6540629267692566
0.9031468033790588
0.5624979734420776
0.7802071571350098
0.7485761046409607
0.5028417706489563
0.7424858212471008
0.9923909902572632
0.48869067430496216
1.0696039199829102
1.1266010999679565
1.145328164100647
0.8419213891029358
0.33053773641586304
0.5961318612098694
0.6508972644805908
0.6893846988677979
0.6684785485267639
0.8427385687828064
0.5273581147193909
0.8034338355064392
0.9808859825134277
0.9814385771751404
0.9434196352958679
0.6210209131240845
0.7855638265609741
0.5595543384552002
0.6437367796897888
0.9132167100906372
0.9675488471984863
0.7384718656539917
0.694981038570404
0.7677131295204163
0.6784031391143799
1.250676155090332
0.7880887389183044
0.7354631423950195
0.5710582137107849
0.7590203881263733
4.606274604797363
5.125128746032715
5.496262073516846
5.241738796234131
5.469354629516602
5.63194465637207
5.394594669342041
5.75304651260376
5.695230484008789
5.944097995758057
6.548692226409912
6.5371222496032715
6.691753387451172
6.699899673461914
6.67698860168457
6.881481170654297
6.939342498779297
7.108068466186523
6.959261894226074
7.106025695800781
7.006066799163818
6.964533805847168
7.020020961761475
7.034231662750244
6.983007907867432
6.955718040466309
6.988705635070801
6.95802116394043
6.952769756317139
7.026395797729492
6.964055061340332
6.979700088500977
6.96920108795166
7.063297271728516
5.188403606414795
5.4196271896362305
5.651915073394775
5.490710735321045
5.814761638641357
6.202414512634277
6.521944999694824
6.690260887145996
6.8364949226379395
6.842304706573486
6.983092308044434
6.9438796043396
7.103458404541016
6.949865341186523
7.047032356262207
5.462748050689697
6.173445701599121
6.804741859436035
6.912686824798584
7.110721588134766
5.630371570587158
5.997929096221924
6.944620132446289
7.09820556640625
6.962345123291016
5.682525634765625
6.976873397827148
7.009189128875732
6.38014030456543
5.91099214553833
6.812962055206299
5.650599479675293
6.136540412902832
6.910177707672119
7.033836841583252
5.876807689666748
6.358464241027832
6.378520488739014
6.011285781860352
6.567561626434326
7.078339099884033
6.609913349151611
7.007663726806641
6.991076946258545
6.970325946807861
6.47347354888916
6.935035228729248
6.425646781921387
6.941712856292725
6.656576156616211
6.997035503387451
6.801868915557861
6.946260452270508
7.053269863128662
6.810887336730957
6.985544681549072
6.983119487762451
7.102386951446533
7.081325054168701
7.075408458709717
7.0516815185546875
6.962047100067139
3.2051291465759277
2.8392343521118164
2.375087261199951
2.6504762172698975
3.1576051712036133
3.4437131881713867
3.362067937850952
3.1762301921844482
2.687258243560791
2.847034215927124
3.027186632156372
2.19329833984375
3.462045431137085
2.360515594482422
2.7513110637664795
3.0218703746795654
3.394512414932251
3.680591583251953
3.720717191696167
4.105312347412109
4.029446125030518
3.037662982940674
3.1276683807373047
4.5207390785217285
4.1565165519714355
3.6559391021728516
4.755363464355469
2.068882465362549
2.391145944595337
2.3881120681762695
2.841144323348999
2.9927072525024414
3.1306354999542236
2.2457637786865234
3.740065336227417
3.373875856399536
3.963397741317749
3.3027284145355225
3.8830833435058594
4.195115566253662
2.1388864517211914
2.1127207279205322
3.3883161544799805
2.805933713912964
3.7881805896759033
4.910211563110352
2.0181469917297363
3.396894931793213
4.984734535217285
1.9869967699050903
3.544654130935669
4.346004009246826
1.8843590021133423
3.2459774017333984
2.5864884853363037
3.3737099170684814
3.051525354385376
4.253021240234375
2.831571340560913
3.9845340251922607
4.048721790313721
3.294123411178589
2.8584001064300537
3.698542833328247
2.972852945327759
3.604951858520508
3.1336116790771484
2.951326608657837
3.236639976501465
2.986926317214966
3.22857928276062
2.910428762435913
2.889920711517334
2.8155367374420166
2.9045944213867188
3.0709149837493896
3.74737286567688
3.2596895694732666
2.3202338218688965
2.4122629165649414
2.3966217041015625
2.3066954612731934
2.1830246448516846
2.312483787536621
2.1153154373168945
2.512301206588745
2.144181966781616
3.628805637359619
4.144258499145508
1.7615810632705688
3.7703449726104736
3.993746042251587
2.2896132469177246
3.577103853225708
3.7388694286346436
3.3953678607940674
3.34675669670105
4.411197185516357
2.2415530681610107
4.478699207305908
1.53679621219635
4.621613502502441
4.595542907714844
5.53876256942749
6.054985046386719
1.4362215995788574
1.995047688484192
5.903332710266113
3.823136806488037
3.2083981037139893
1.8870853185653687
3.975572347640991
3.9912142753601074
4.15745735168457
4.212461948394775
2.097506523132324
1.3033595085144043
4.480961799621582
4.7513813972473145
1.9491788148880005
5.401312828063965
4.222285747528076
4.0622406005859375
4.198237419128418
4.447258949279785
1.5987170934677124
2.2876479625701904
3.48925518989563
4.413151741027832
4.380835056304932
4.686051845550537
2.4176931381225586
3.210005044937134
4.334478855133057
2.1230416297912598
3.3298842906951904
4.5127973556518555
1.7870513200759888
2.009936809539795
3.2537930011749268
2.3595473766326904
2.576584577560425
4.1388678550720215
4.591907978057861
4.4600067138671875
4.553112983703613
4.515872001647949
2.248116970062256
4.467872142791748
4.439996719360352
4.928596496582031
3.0532350540161133
2.8141279220581055
4.74506950378418
4.343411445617676
2.294668674468994
5.199770450592041
5.56123161315918
2.9416017532348633
2.4860637187957764
2.3147993087768555
1.8809165954589844
1.49502694606781
1.6638176441192627
1.5268746614456177
1.681480050086975
1.3834782838821411
1.4464185237884521
1.778828740119934
1.8814760446548462
1.3879492282867432
1.6715564727783203
2.0186140537261963
1.975288987159729
2.5247721672058105
2.0680696964263916
2.2665388584136963
5.543828964233398
2.9300625324249268
2.6334095001220703
4.349655628204346
4.601518154144287
5.114958763122559
5.566356658935547
6.473901748657227
6.438531875610352
6.8417463302612305
6.518739700317383
1.9651398658752441
4.989102363586426
5.492985248565674
6.470302581787109
6.9318742752075195
6.250797748565674
2.4604270458221436
5.274096965789795
6.98002815246582
6.620635509490967
5.154874324798584
6.741367340087891
4.807425022125244
6.923778057098389
6.89060640335083
6.950595855712891
6.8963518142700195
4.520859718322754
6.4347100257873535
4.8077712059021
5.119909286499023
5.269829273223877
5.878900051116943
6.143553733825684
6.488511085510254
6.163994312286377
5.914887428283691
3.198852777481079
3.257976531982422
5.772827625274658
1.7491477727890015
6.9807305335998535
7.202035427093506
7.1779704093933105
6.946038246154785
7.336905479431152
1.0618505477905273
7.08252477645874
1.1892518997192383
6.262967109680176
7.084475517272949
7.047746658325195
7.178747177124023
7.052685260772705
1.6505608558654785
7.070948123931885
7.080358505249023
7.019824504852295
7.0921950340271
7.000391006469727
7.5459489822387695
7.018572807312012
4.406584739685059
7.236267566680908
7.1846489906311035
7.2207560539245605
7.274848937988281
1.4536839723587036
6.948864936828613
7.091157913208008
7.082443714141846
7.086073875427246
7.131841659545898
7.007855415344238
7.23472785949707
7.033354759216309
7.233409881591797
7.218018054962158
7.264273643493652
7.273049831390381
7.3481125831604
1.6968612670898438
7.4611406326293945
1.188999056816101
7.434446334838867
7.293633937835693
7.269845008850098
2.093116283416748
7.595217704772949
7.102689266204834
7.201898097991943
7.0548601150512695
7.714221954345703
7.351789474487305
7.24654483795166
1.2337406873703003
7.094575881958008
7.128241062164307
6.620542526245117
7.1448259353637695
7.435889720916748
7.007213592529297
7.000276565551758
6.944372177124023
7.626274585723877
1.9697505235671997
7.471423625946045
2.741997241973877
7.28886604309082
6.982166767120361
7.2423601150512695
7.106677055358887
3.3750834465026855
7.013461112976074
6.749314785003662
4.690664291381836
6.288228511810303
7.955352306365967
7.129200458526611
7.162736892700195
7.3589653968811035
7.468873500823975
7.681450366973877
6.222752094268799
5.042076587677002
5.659036636352539
7.466482639312744
7.624793529510498
7.212514877319336
6.95176362991333
6.98001766204834
6.875579357147217
1.2557735443115234
1.5505565404891968
1.6689298152923584
1.06596839427948
1.3666913509368896
2.120100975036621
1.1382936239242554
1.2835661172866821
1.8240394592285156
1.6241151094436646
1.491575002670288
1.0312286615371704
1.3379513025283813
1.0958681106567383
1.3795980215072632
1.398794412612915
1.2962796688079834
1.1615561246871948
1.7259799242019653
1.606871247291565
1.4270999431610107
1.5749608278274536
2.4978322982788086
1.6561440229415894
2.053826332092285
2.014704465866089
2.890989065170288
2.306893825531006
2.8034560680389404
2.8787484169006348
1.4830114841461182
2.593435287475586
2.391388416290283
2.5842645168304443
0.5471308827400208
0.9332850575447083
2.0348010063171387
1.322137713432312
1.6904293298721313
1.3980743885040283
2.00187349319458
1.5040383338928223
1.7891925573349
1.874412178993225
1.7921347618103027
1.629685878753662
1.9175301790237427
2.089937686920166
1.9052445888519287
1.3325873613357544
1.3685239553451538
1.5102959871292114
1.0748984813690186
2.0578978061676025
1.9357985258102417
1.5588271617889404
1.909920334815979
1.7511056661605835
2.037747621536255
1.8501863479614258
1.141074776649475
2.310965061187744
1.1092190742492676
2.4831390380859375
2.8274364471435547
2.5888192653656006
2.2463672161102295
1.7730019092559814
1.892284870147705
2.013326644897461
1.641502022743225
1.3362594842910767
1.555451512336731
1.568278431892395
2.9262211322784424
2.1629457473754883
2.0737452507019043
2.3087809085845947
3.565145969390869
4.0249409675598145
3.835169792175293
4.774975776672363
3.3567707538604736
3.5428361892700195
2.839726448059082
2.1846978664398193
2.9064180850982666
3.003511428833008
1.4856717586517334
2.7069685459136963
2.6909966468811035
2.649540662765503
2.1769213676452637
0.5811924934387207
1.799377679824829
1.0027137994766235
1.8980400562286377
1.9408612251281738
2.592494487762451
2.854909658432007
1.235900640487671
1.8651154041290283
0.9313880205154419
0.8566722273826599
3.1028599739074707
1.1116383075714111
3.6279425621032715
0.62082439661026
2.6593856811523438
2.841391086578369
2.360550880432129
1.9744495153427124
2.0101301670074463
2.84881591796875
2.456533193588257
1.1248682737350464
1.5507545471191406
1.016954779624939
0.8713429570198059
3.4960834980010986
0.786837100982666
1.624566912651062
1.1727758646011353
2.749237060546875
1.6627036333084106
1.8369009494781494
2.940365791320801
0.7759503126144409
2.634819507598877
2.753070831298828
2.2286672592163086
1.6410601139068604
1.5836538076400757
1.346207618713379
1.3341611623764038
2.162924289703369
2.024512767791748
1.7848403453826904
1.1582086086273193
0.9561026096343994
0.847736656665802
2.6824491024017334
1.872442603111267
1.4197317361831665
1.1282081604003906
2.0832345485687256
2.2226402759552
1.0502063035964966
1.6625828742980957
1.0282713174819946
1.0019255876541138
1.637128233909607
2.1256604194641113
1.4206881523132324
1.7195773124694824
1.715671181678772
1.290518045425415
1.3421281576156616
1.7927933931350708
2.040266990661621
1.356046199798584
1.4849318265914917
1.5465291738510132
1.3407083749771118
2.3761186599731445
1.3472065925598145
2.1713216304779053
1.3506910800933838
1.117363691329956
5.459341526031494
1.0068751573562622
1.0608081817626953
1.665377140045166
0.7967916131019592
0.8986955285072327
7.544910907745361
1.8610235452651978
3.027411699295044
1.5591046810150146
4.613438129425049
2.5560178756713867
1.897420048713684
1.5037422180175781
2.5330188274383545
7.1553144454956055
0.9518787860870361
0.7639491558074951
7.188884258270264
1.755669116973877
6.777374744415283
4.545440196990967
2.3860177993774414
6.84379768371582
6.623433589935303
0.6149322986602783
1.011626958847046
0.19226713478565216
7.386254787445068
7.34476900100708
7.421809673309326
1.5106562376022339
0.6184331178665161
0.6205945014953613
2.460759162902832
0.8897172808647156
2.309067964553833
7.539506435394287
0.22145996987819672
1.9103161096572876
2.3303771018981934
3.0468854904174805
7.563358306884766
2.4461722373962402
1.1089624166488647
0.9639520049095154
7.084643363952637
1.2168941497802734
7.856675148010254
1.4878629446029663
7.291673183441162
6.758934020996094
7.009185791015625
7.585919380187988
2.515241861343384
6.4140520095825195
6.490004062652588
7.798305511474609
7.965290069580078
2.084561824798584
2.2856152057647705
3.7237448692321777
2.7209255695343018
1.2567371129989624
3.047001361846924
3.331238031387329
2.773982048034668
2.6638431549072266
1.5538451671600342
2.51283597946167
3.2052483558654785
1.4472306966781616
0.943153977394104
0.7521814703941345
2.0254693031311035
2.658515453338623
2.3944318294525146
1.1606619358062744
2.150399923324585
1.184801697731018
1.7581485509872437
2.623058795928955
2.903186559677124
1.765497088432312
1.6818677186965942
2.030409574508667
2.0321900844573975
2.1785430908203125
2.1908111572265625
1.6726036071777344
1.768681526184082
1.9293537139892578
1.5535109043121338
2.345521926879883
2.20341157913208
6.6664934158325195
1.30790376663208
2.4194488525390625
2.801826000213623
2.3037853240966797
0.5197231769561768
0.7393972277641296
5.254749774932861
1.6681413650512695
0.7836337685585022
1.328196406364441
7.632987022399902
7.658480644226074
1.335067629814148
6.930480480194092
2.256728410720825
2.812995195388794
1.5983304977416992
1.7068636417388916
3.0316855907440186
2.0732266902923584
2.0235941410064697
1.3871954679489136
1.5731041431427002
2.735485792160034
1.301510214805603
3.1925175189971924
2.7241458892822266
0.8479434251785278
2.117424964904785
2.1062581539154053
1.3517076969146729
2.9772651195526123
0.7349334955215454
2.026301860809326
1.9700056314468384
1.2062534093856812
1.300004005432129
0.6637673377990723
7.042454242706299
0.812900185585022
1.8025915622711182
7.770143985748291
7.4757795333862305
7.933903217315674
2.5194497108459473
3.0221855640411377
3.273813009262085
2.8246233463287354
2.8724281787872314
1.5274142026901245
2.432865619659424
2.5255610942840576
0.9409089684486389
2.816406011581421
1.3551453351974487
1.7671695947647095
1.0895041227340698
2.3610658645629883
1.6470752954483032
2.1528027057647705
2.1550025939941406
6.450071334838867
1.0399500131607056
0.7047740817070007
1.358939528465271
1.8932877779006958
7.824711322784424
5.7072224617004395
7.916405200958252
2.1146795749664307
0.9976625442504883
2.0628976821899414
3.3819923400878906
2.4823198318481445
3.3755977153778076
1.4937571287155151
0.9102675318717957
1.7508121728897095
2.398348808288574
1.9347388744354248
1.8618370294570923
2.3657515048980713
2.219238519668579
0.6464055776596069
0.5255293250083923
2.7629756927490234
2.1014528274536133
0.07841045409440994
2.977332592010498
2.725216865539551
1.3330484628677368
1.933966875076294
2.437739372253418
3.2172324657440186
1.5990331172943115
5.997640132904053
7.266051292419434
1.4219391345977783
2.7991340160369873
1.3361940383911133
1.7992345094680786
3.6582415103912354
2.5088469982147217
0.9428889155387878
2.7610485553741455
3.258734941482544
1.611574411392212
3.979707956314087
2.3059701919555664
0.5754984617233276
2.5293564796447754
2.3001062870025635
6.6871538162231445
7.458913326263428
2.583972930908203
2.0636966228485107
4.6276445388793945
2.452470064163208
1.8687516450881958
6.217368125915527
3.0220329761505127
1.3483211994171143
2.4136533737182617
1.7119451761245728
2.5802390575408936
2.089812994003296
7.187399864196777
7.863974571228027
4.277513027191162
5.216464042663574
2.297996997833252
2.1008718013763428
5.457963943481445
1.3203063011169434
1.9544340372085571
4.524569034576416
1.2168450355529785
2.2548351287841797
1.009621024131775
5.485275745391846
5.120543003082275
7.907071590423584
5.525726318359375
0.6108831763267517
1.1829482316970825
0.8113702535629272
4.0935258865356445
0.7225657105445862
1.4053897857666016
1.4499174356460571
6.376547336578369
1.5739864110946655
3.4031333923339844
1.0010833740234375
2.3466432094573975
7.869385719299316
1.7028687000274658
2.2771177291870117
7.8984880447387695
3.655683755874634
1.6006066799163818
1.1546316146850586
5.807928085327148
1.0435181856155396
6.095503330230713
2.002295970916748
1.902072787284851
