9.876351576561311e-42
3.854710817337036
3.52837872505188
3.244128704071045
2.7376644611358643
2.8499104976654053
2.966273784637451
3.65830659866333
3.7451233863830566
2.7311179637908936
3.2506377696990967
3.119981050491333
3.163797616958618
2.631312131881714
2.6535897254943848
2.8116049766540527
4.377420425415039
2.469787359237671
1.9959508180618286
0.5896504521369934
1.761254906654358
0.6117799282073975
0.7900881171226501
0.5504698753356934
1.3713901042938232
0.7687408924102783
0.826361894607544
0.6124684810638428
1.8537323474884033
0.9845813512802124
0.974225640296936
0.44074776768684387
1.8801060914993286
0.04262620210647583
1.3343291282653809
1.3401973247528076
1.5503865480422974
1.4568655490875244
0.8926988840103149
1.6284855604171753
1.17498779296875
1.41671621799469
3.2967703342437744
3.5935873985290527
2.91768217086792
2.540872573852539
3.31921648979187
2.8472728729248047
2.6348459720611572
3.0456438064575195
3.1167309284210205
1.5654211044311523
2.747563600540161
0.8921056389808655
0.8891907334327698
1.7389479875564575
1.0450137853622437
1.1752649545669556
1.02642023563385
1.3471970558166504
3.357316017150879
3.438230276107788
3.582559585571289
2.951846122741699
3.1747446060180664
2.5489165782928467
1.3507663011550903
2.7301111221313477
1.211552381515503
1.1817898750305176
1.3507527112960815
1.4151651859283447
2.055722236633301
2.066784381866455
3.192370891571045
3.158440113067627
2.468214988708496
1.0569902658462524
2.295872211456299
1.0321853160858154
1.5575422048568726
1.3590257167816162
2.4055991172790527
2.2638275623321533
3.0215227603912354
2.4246253967285156
0.7243556380271912
0.2830043137073517
1.8005644083023071
1.6563646793365479
2.479316473007202
3.426518440246582
1.3976874351501465
1.8618680238723755
1.094225287437439
2.736318588256836
4.741082668304443
0.22582241892814636
1.653716802597046
2.7224695682525635
2.8962504863739014
0.686490535736084
1.1332601308822632
1.310945749282837
2.8695597648620605
2.93884539604187
2.308917284011841
0.938078761100769
1.6181002855300903
1.5438605546951294
2.9587907791137695
3.0183444023132324
2.505112409591675
1.580191969871521
2.7209811210632324
1.160260796546936
1.07503342628479
3.1636805534362793
1.0052462816238403
3.3125569820404053
2.9651918411254883
0.6983762979507446
1.1541105508804321
0.982450544834137
1.3753639459609985
2.8266429901123047
1.0313236713409424
2.6296188831329346
0.7547348737716675
0.32995590567588806
1.0344771146774292
3.4685990810394287
1.1088639497756958
1.1257271766662598
1.3708508014678955
2.1383678913116455
2.832998275756836
2.5658559799194336
2.5663626194000244
1.5861639976501465
2.8772318363189697
1.7898805141448975
2.4634199142456055
2.587444543838501
2.43979811668396
2.4795162677764893
2.76041316986084
2.862121105194092
2.380180835723877
2.72232723236084
2.5309250354766846
2.367971658706665
2.22768497467041
1.6347947120666504
1.1414287090301514
0.5431725382804871
0.2266920506954193
1.056350827217102
0.6371171474456787
0.4803773760795593
0.4037567377090454
0.7912839651107788
4.163601398468018
5.273085117340088
5.682136535644531
5.606163501739502
5.724613666534424
6.135599613189697
5.627345561981201
5.997062683105469
6.184425354003906
6.450534343719482
6.310758113861084
6.687285900115967
6.774805545806885
6.011935234069824
7.305337905883789
5.8458662033081055
5.777431488037109
6.3638715744018555
5.304142475128174
6.617532730102539
5.173254013061523
4.930762767791748
4.483471393585205
5.005668640136719
4.945468902587891
4.981056213378906
4.663843631744385
4.8626389503479
4.830556392669678
4.217720031738281
4.791942596435547
4.730320453643799
4.635973930358887
3.7961301803588867
5.2452616691589355
5.757225036621094
5.780620574951172
5.870231628417969
6.4708662033081055
6.420600414276123
6.9860520362854
6.348248481750488
7.100275039672852
5.958704471588135
5.949511528015137
5.4501118659973145
6.180990695953369
5.116286754608154
5.368061542510986
5.745741844177246
6.586671352386475
6.136954307556152
5.500790119171143
6.113315582275391
5.7982683181762695
6.276663303375244
5.397153854370117
5.939059257507324
5.144089698791504
6.029232501983643
5.3698272705078125
4.516906261444092
6.862396717071533
6.242496490478516
6.536919116973877
6.089740753173828
6.666430950164795
6.215835094451904
4.085206031799316
6.456830024719238
7.036866664886475
7.117796421051025
6.587431907653809
7.263741970062256
3.855119466781616
7.324169635772705
5.529852867126465
4.364670753479004
4.601186275482178
7.264848232269287
4.792909145355225
7.214128494262695
4.725451946258545
7.365167140960693
4.775400161743164
7.396270751953125
6.049890995025635
5.758676528930664
7.207614898681641
7.145702362060547
6.915853500366211
5.995154857635498
5.67120885848999
5.249882221221924
4.888698577880859
4.6121344566345215
0.9940083026885986
0.9980975985527039
1.887170433998108
0.6905012130737305
2.4431087970733643
3.558809995651245
3.723931312561035
3.668431043624878
3.066423177719116
3.283418655395508
3.520048141479492
1.014207363128662
2.101384401321411
0.6128861904144287
3.603220224380493
3.783127546310425
2.9029898643493652
3.04691481590271
3.100085496902466
3.82942795753479
3.9838788509368896
3.7197797298431396
4.339553356170654
4.257261753082275
4.387159824371338
4.887617588043213
5.257359504699707
2.01619815826416
1.1927071809768677
1.6055816411972046
1.508484125137329
3.5362613201141357
3.6810784339904785
0.720616340637207
3.300907611846924
3.9941887855529785
3.766677141189575
4.695022106170654
4.66274356842041
4.312808036804199
1.3957929611206055
2.0635929107666016
3.6533515453338623
3.070951461791992
4.271912097930908
5.284916400909424
2.065354347229004
2.912029504776001
5.313377857208252
1.6366465091705322
4.468694686889648
4.280276298522949
2.528904914855957
4.257701396942139
1.286134123802185
3.170276403427124
4.1292948722839355
4.327604293823242
3.171152353286743
3.771056890487671
3.85091495513916
3.558591604232788
3.9977402687072754
3.2750403881073
3.3212146759033203
3.627987861633301
3.5930697917938232
2.987400531768799
3.6041409969329834
2.3600070476531982
3.7970144748687744
3.4143707752227783
3.463209390640259
3.745115280151367
3.5373380184173584
3.6670429706573486
2.75903582572937
2.664119005203247
0.8000616431236267
0.6919661164283752
1.4337178468704224
1.696075201034546
1.4811590909957886
1.3200820684432983
1.833253026008606
1.4932429790496826
0.30147784948349
1.4629693031311035
0.8317033648490906
1.1262656450271606
1.717495083808899
1.8517524003982544
0.8631697297096252
4.896857738494873
4.79426383972168
3.9384262561798096
2.1290061473846436
1.9025874137878418
0.11876644939184189
4.532683849334717
0.5280843377113342
2.7493090629577637
3.6179699897766113
4.466697692871094
4.471975326538086
0.830705463886261
0.5978842973709106
4.3065338134765625
0.33497917652130127
2.170253276824951
1.4508525133132935
5.0380425453186035
2.0828142166137695
3.6247496604919434
5.14493989944458
0.4790971577167511
0.5246561169624329
4.994938373565674
2.078623056411743
0.39959606528282166
2.7928740978240967
1.7826366424560547
5.137927532196045
4.499846458435059
5.329840183258057
0.6012005805969238
1.9673669338226318
2.2668590545654297
4.27967643737793
5.2378926277160645
5.575539588928223
1.9026861190795898
2.918767213821411
5.217711448669434
2.2843410968780518
3.53721284866333
5.314454078674316
2.084398031234741
0.32495179772377014
2.6994853019714355
0.4229896366596222
0.20019926130771637
2.7768399715423584
5.465235233306885
2.4704713821411133
3.5033440589904785
3.7653403282165527
0.2149079442024231
1.6160532236099243
4.061192512512207
5.664807319641113
1.4582043886184692
1.0526950359344482
5.625268459320068
3.283198595046997
0.5632371306419373
3.9234538078308105
3.5569751262664795
0.9103358387947083
1.9804531335830688
1.8046903610229492
1.8435077667236328
0.9698826670646667
1.326308250427246
1.7380982637405396
0.9040086269378662
0.49374231696128845
0.5977063179016113
0.1418721079826355
0.3075830042362213
0.46409881114959717
0.28131210803985596
0.5619137287139893
0.5906506180763245
0.37613141536712646
0.5602158308029175
0.6179723143577576
3.002720355987549
1.6433557271957397
1.0691118240356445
5.169795989990234
5.275835037231445
5.528495788574219
5.383702754974365
5.695847034454346
6.635801792144775
7.509570121765137
4.480523109436035
0.5291663408279419
5.482827663421631
5.053828716278076
6.117390155792236
7.406756401062012
4.266565799713135
1.031182885169983
5.44809627532959
5.970185279846191
7.131904125213623
5.396285533905029
6.8647141456604
5.471731185913086
5.453833103179932
6.478245258331299
6.544805526733398
6.170742511749268
5.426930904388428
5.346222877502441
5.61762809753418
5.522465705871582
5.18302059173584
4.866220951080322
5.139585494995117
5.203571796417236
4.926020622253418
3.550438404083252
2.425894260406494
1.7623188495635986
2.6422300338745117
0.8014392852783203
6.975069522857666
7.248508930206299
5.800993919372559
7.2951741218566895
6.61328125
0.2631392478942871
7.204875946044922
0.30741041898727417
4.2377495765686035
6.561183929443359
6.261562347412109
5.878030776977539
6.012186050415039
0.4272952675819397
5.793253421783447
5.5017194747924805
5.891629219055176
5.961764812469482
5.474951267242432
5.607681751251221
4.685152530670166
1.1465340852737427
4.0544891357421875
4.065363883972168
4.053504943847656
6.8868842124938965
0.5995208621025085
7.466399669647217
5.756314277648926
6.993433952331543
6.622437953948975
6.172523021697998
5.83586311340332
5.361640930175781
4.53135871887207
5.630712509155273
5.513034343719482
4.770567893981934
4.271700382232666
6.33700704574585
0.8980085849761963
5.621643543243408
0.6308087706565857
5.600420951843262
4.648437976837158
4.115432262420654
0.9068432450294495
6.182556629180908
6.969084739685059
5.874710559844971
4.561478614807129
5.387555122375488
4.976485252380371
4.1738152503967285
0.30481570959091187
6.270503520965576
6.372522354125977
3.2617619037628174
4.175861358642578
5.167547225952148
5.985962867736816
5.964627265930176
5.782762050628662
5.32509183883667
0.5165360569953918
4.042213439941406
1.0058635473251343
6.081127643585205
4.966013431549072
4.392003059387207
5.360103607177734
0.4241245687007904
4.011982440948486
3.307664155960083
0.8232238292694092
2.1562633514404297
4.103600025177002
4.378924369812012
5.190807819366455
5.196808338165283
5.4799089431762695
5.467021465301514
1.672163963317871
1.298671007156372
1.7065660953521729
3.1155059337615967
4.087911605834961
4.306905746459961
3.6053097248077393
3.544387102127075
3.475235939025879
0.6508098244667053
1.185320496559143
1.2966378927230835
1.2631982564926147
1.1874182224273682
2.1127376556396484
1.2327826023101807
1.364369511604309
1.0658217668533325
0.9128309488296509
1.3322019577026367
1.082642674446106
0.948358952999115
0.29793304204940796
1.1679966449737549
1.2947036027908325
0.3818657398223877
1.274184226989746
0.5700133442878723
1.019197940826416
2.443739652633667
1.5395714044570923
2.6972827911376953
1.0354163646697998
0.818575382232666
0.7684797048568726
3.0317604541778564
2.789330005645752
2.3552086353302
2.978351354598999
1.5309263467788696
1.3622301816940308
0.708230197429657
1.8069586753845215
1.5145288705825806
0.6957166790962219
0.9749947190284729
0.9193813800811768
0.5204317569732666
0.850445568561554
1.5181785821914673
0.44906675815582275
0.7289657592773438
1.3660460710525513
0.33314451575279236
0.5354877710342407
0.6577228903770447
1.7603522539138794
0.7636166214942932
0.337435245513916
0.5634496212005615
0.3766207695007324
1.6824779510498047
0.14414261281490326
1.2883225679397583
0.985083281993866
1.2770754098892212
0.4811972677707672
2.7417330741882324
0.9228127002716064
0.38609442114830017
1.0031569004058838
0.30949825048446655
2.398871898651123
1.8614563941955566
1.6287165880203247
0.769239604473114
0.6260764002799988
1.096848964691162
1.087751030921936
0.5401338934898376
0.43096426129341125
0.24960382282733917
0.5022248029708862
0.8810415267944336
1.2068520784378052
2.2138712406158447
1.2154598236083984
1.3210117816925049
1.389821171760559
1.1563301086425781
1.248838186264038
0.3128645718097687
0.364398717880249
0.6563308238983154
0.8144639134407043
2.4993174076080322
1.4979298114776611
2.0132925510406494
3.0267813205718994
0.11085230857133865
0.4127765893936157
1.8163467645645142
3.3478846549987793
1.65840482711792
2.7468082904815674
2.595571994781494
2.7759552001953125
1.533831238746643
0.8674202561378479
1.4716531038284302
1.7167555093765259
2.6915717124938965
1.9753081798553467
2.05082106590271
1.6119515895843506
1.858445167541504
1.9066277742385864
1.4445375204086304
1.3011900186538696
1.6500296592712402
2.6636962890625
1.2057092189788818
1.5229899883270264
1.3059821128845215
0.9130505919456482
1.25728440284729
0.664404034614563
1.2902019023895264
1.3142595291137695
1.4556041955947876
0.7133396863937378
0.6364557147026062
0.8726755976676941
1.6541416645050049
2.1461894512176514
0.9562426805496216
0.5591750741004944
2.049309492111206
0.8754429221153259
0.9037801027297974
1.19309663772583
1.2534308433532715
1.0465772151947021
1.6551812887191772
0.20440229773521423
0.6421810388565063
1.3305835723876953
0.5862281322479248
1.162375569343567
0.7101728320121765
1.4618984460830688
1.2267979383468628
0.9504401683807373
0.7033082842826843
0.7186853289604187
0.641852617263794
0.6569040417671204
0.827642023563385
1.0771484375
0.7718598246574402
1.45018470287323
0.7048040628433228
1.1630395650863647
0.9049692749977112
1.460696816444397
0.5061008334159851
0.9975400567054749
0.3446568548679352
0.7880013585090637
1.418389916419983
0.2503821551799774
0.6433614492416382
0.41254618763923645
2.1120004653930664
0.5792820453643799
1.2869879007339478
0.779967725276947
0.2776602804660797
1.3907697200775146
0.3641734719276428
0.4625704288482666
0.2388942390680313
0.5148918628692627
0.5278528332710266
3.148864507675171
0.5367735624313354
0.47558507323265076
0.3883066177368164
0.8642881512641907
1.4169225692749023
1.0128175020217896
0.720552921295166
1.686903953552246
4.088405609130859
1.161002278327942
0.9027020931243896
3.9140384197235107
1.3343701362609863
2.860910654067993
0.3765915334224701
0.7917584180831909
3.035202980041504
2.422800064086914
0.6909550428390503
0.8416181802749634
0.9009595513343811
2.947591543197632
3.501779317855835
4.087244987487793
1.780476450920105
1.2235028743743896
0.5677148103713989
1.5404894351959229
1.3077919483184814
1.4033334255218506
4.474676132202148
0.8017808794975281
1.7058919668197632
0.8839918971061707
1.1925389766693115
3.69771409034729
1.4233558177947998
1.5976498126983643
1.3913078308105469
3.311434507369995
1.2206172943115234
5.082479953765869
1.7288424968719482
3.4961671829223633
3.5860726833343506
3.334839344024658
4.09073543548584
1.4586718082427979
3.454505681991577
3.612548351287842
5.309134006500244
5.343188285827637
2.3068461418151855
0.8632925152778625
1.2806906700134277
0.5551421642303467
1.682359218597412
2.430497884750366
1.243335247039795
1.0155813694000244
1.3326988220214844
2.866861581802368
1.3125078678131104
0.6774645447731018
0.2587469816207886
1.8476312160491943
1.9915454387664795
1.4540125131607056
1.6626811027526855
0.5803959965705872
0.9175233840942383
1.6950348615646362
0.642072319984436
1.0389026403427124
0.5569510459899902
1.4610073566436768
0.9929757118225098
1.4839283227920532
0.45761120319366455
1.5791542530059814
1.0498677492141724
0.0805753692984581
1.520363688468933
0.19519616663455963
1.3181240558624268
0.17746387422084808
2.20569109916687
0.7537211775779724
1.6188898086547852
0.7872765064239502
1.8502849340438843
1.28420889377594
1.7326809167861938
0.9121992588043213
0.22851599752902985
1.9454127550125122
1.540893793106079
0.9694473147392273
1.5739448070526123
4.303619861602783
3.9027044773101807
1.3299860954284668
4.1534647941589355
1.9097862243652344
0.5730722546577454
1.2858688831329346
3.008918046951294
1.6451964378356934
3.1605355739593506
1.6469876766204834
2.7467727661132812
1.6616419553756714
0.6870734095573425
2.4487998485565186
1.6134402751922607
1.203987717628479
0.9328104853630066
1.1956732273101807
0.515853226184845
1.1314650774002075
1.526134729385376
0.6420295834541321
1.8177162408828735
0.37464913725852966
0.5167853236198425
0.05865556746721268
0.6131068468093872
3.887497901916504
0.8437867760658264
1.0015777349472046
4.625275611877441
4.83958101272583
5.287940502166748
0.2961128056049347
0.17346422374248505
0.3719928562641144
2.9846465587615967
0.6120023131370544
1.4092872142791748
2.1425070762634277
2.2074174880981445
0.9785712361335754
2.0363526344299316
2.040431499481201
1.0402816534042358
1.1112608909606934
0.27306869626045227
0.628207266330719
1.6720919609069824
0.9876996278762817
2.5923168659210205
0.9061098098754883
0.3783215582370758
1.0085557699203491
1.826316237449646
4.933123588562012
3.1734402179718018
5.376550674438477
2.7959682941436768
2.404301404953003
1.2613513469696045
1.4269593954086304
1.6036808490753174
1.714184284210205
1.713686227798462
0.6601587533950806
0.7177425622940063
1.2886662483215332
0.5212017893791199
1.1065092086791992
0.9377015233039856
1.7319144010543823
2.6964938640594482
2.2339513301849365
1.6008564233779907
1.8292099237442017
2.7642431259155273
0.7587737441062927
2.3021700382232666
1.357688546180725
1.5173308849334717
1.0301603078842163
0.539745032787323
1.469682216644287
2.6075446605682373
3.771811008453369
2.2349092960357666
1.8505722284317017
0.9674105644226074
1.5152894258499146
0.7220858931541443
1.630873680114746
2.673860549926758
1.3497488498687744
1.4927878379821777
1.286057472229004
1.094260811805725
1.1800899505615234
0.6739301085472107
0.9041052460670471
1.3305021524429321
3.0460405349731445
3.6587517261505127
0.5095219016075134
0.8479658961296082
0.692646324634552
0.7508948445320129
1.1930328607559204
2.500791311264038
1.2979869842529297
0.8416033387184143
1.1617722511291504
1.4191515445709229
1.5811493396759033
1.3534871339797974
3.050801992416382
5.141181945800781
1.5447930097579956
0.9770079255104065
1.9550169706344604
1.681628704071045
1.6468873023986816
2.8163247108459473
0.5784586668014526
1.3766950368881226
2.6041440963745117
0.9227091670036316
1.3486075401306152
1.2080719470977783
0.9351356625556946
5.224071979522705
1.0184147357940674
0.4092475175857544
1.3771919012069702
0.6204757690429688
1.4395244121551514
0.2987305819988251
1.190732717514038
0.8395001292228699
0.2672373354434967
0.9581048488616943
0.3860504925251007
0.44911980628967285
0.5770853161811829
5.424066066741943
1.0007972717285156
0.7639710903167725
5.3153510093688965
1.2817918062210083
2.2958741188049316
0.7432351112365723
1.182418704032898
0.2225872129201889
2.0484015941619873
1.3733410835266113
0.4985339343547821
