9.876351576561311e-42
4.831509590148926
4.729650020599365
1.733845591545105
1.4390311241149902
1.749443769454956
1.9422880411148071
1.5143890380859375
1.4961211681365967
1.7321642637252808
1.4844659566879272
1.5859450101852417
1.364446997642517
1.620711326599121
1.9235118627548218
1.3194818496704102
3.158032178878784
1.5120984315872192
1.9165380001068115
1.2007371187210083
1.226015329360962
1.3626904487609863
1.0148597955703735
0.9658246040344238
1.698784351348877
1.08182954788208
1.1621146202087402
1.0455960035324097
1.334639549255371
1.3041677474975586
1.452394723892212
1.1026508808135986
1.5785313844680786
1.3366706371307373
2.1709065437316895
1.2061232328414917
2.030958414077759
1.864079236984253
1.6596205234527588
2.119203805923462
1.6419051885604858
1.877767562866211
4.718443870544434
4.770574569702148
1.8701529502868652
0.9556264877319336
1.5472385883331299
1.8581291437149048
1.8367491960525513
1.2541375160217285
1.5329554080963135
1.7565499544143677
1.2132978439331055
1.2052881717681885
1.1841026544570923
1.2856991291046143
1.1944215297698975
1.2486803531646729
1.4507116079330444
1.2282733917236328
4.667643070220947
4.59586763381958
1.643192172050476
1.265586256980896
1.283591389656067
2.0058963298797607
1.847883939743042
1.1540627479553223
1.1755942106246948
0.9809101223945618
1.2501140832901
1.7402207851409912
0.9536495804786682
1.26117742061615
1.703165888786316
1.5045042037963867
1.937050700187683
1.8050546646118164
1.1719205379486084
1.434801459312439
1.9741325378417969
1.6293766498565674
1.1326875686645508
1.36919367313385
1.2896479368209839
2.0893681049346924
1.46848464012146
1.2438933849334717
1.3880581855773926
1.6167283058166504
1.397587776184082
1.5648937225341797
1.0476409196853638
1.2256826162338257
1.3720601797103882
1.8359017372131348
2.7019073963165283
1.3036260604858398
1.3197388648986816
1.624945044517517
1.1040990352630615
1.2502665519714355
1.4268689155578613
1.5594784021377563
1.8916072845458984
1.6799571514129639
1.4475183486938477
1.2175050973892212
1.2109586000442505
1.3267834186553955
1.911134123802185
1.758575201034546
1.1712422370910645
1.223151683807373
1.898424506187439
1.165954351425171
1.2451303005218506
1.667490839958191
1.2145819664001465
1.4664056301116943
1.5338480472564697
1.1729590892791748
1.392683982849121
0.9953973293304443
1.1766889095306396
2.0719330310821533
1.296421766281128
2.019522190093994
1.5986995697021484
1.2819288969039917
1.3637067079544067
1.331508994102478
1.4175288677215576
1.563353180885315
1.4309680461883545
1.1938968896865845
1.5087275505065918
1.3899589776992798
1.4680988788604736
1.184537410736084
1.3276450634002686
1.4334828853607178
1.4525701999664307
1.4644731283187866
1.309147834777832
1.1769675016403198
1.128771185874939
1.7036535739898682
1.3115451335906982
1.936056137084961
2.0815889835357666
1.349516749382019
1.2155537605285645
0.9109736680984497
0.9771688580513
1.1283034086227417
1.2231651544570923
1.5865005254745483
1.5557821989059448
1.5877537727355957
1.612283706665039
1.5357273817062378
3.652862071990967
3.8909597396850586
4.067356586456299
3.9704864025115967
4.0970869064331055
4.4484453201293945
4.260312557220459
4.199625492095947
4.866188049316406
4.437670707702637
4.449524879455566
4.355816841125488
4.527771949768066
4.581265449523926
4.930729866027832
4.721803665161133
4.860535621643066
5.265815734863281
4.870097637176514
5.409084796905518
4.929823398590088
4.9650397300720215
4.832141399383545
4.966262340545654
4.960509777069092
5.058010578155518
4.912517070770264
5.067145824432373
5.15948486328125
4.752403259277344
5.13290548324585
4.847316265106201
4.616558074951172
4.67339563369751
3.9405670166015625
4.1790900230407715
4.151895046234131
4.3947272300720215
4.707414150238037
4.169775009155273
4.357157230377197
4.531583786010742
5.024975776672363
4.640811443328857
4.803280830383301
4.854979038238525
5.483859062194824
4.971269130706787
4.96693754196167
4.166438102722168
4.044047832489014
4.598089694976807
4.900489330291748
5.3992414474487305
4.851084232330322
4.11685037612915
4.935449600219727
5.411205768585205
4.957590579986572
4.2395920753479
4.97812032699585
4.754772186279297
5.13615608215332
4.196295738220215
4.646631240844727
4.3268842697143555
4.149632453918457
4.811474800109863
4.721675872802734
4.567352771759033
5.082009792327881
5.153775215148926
4.366698265075684
5.418842315673828
4.775678634643555
5.420958518981934
4.897951126098633
4.718652725219727
4.574081897735596
4.883090972900391
4.581875324249268
5.086606502532959
4.641223430633545
5.292588710784912
5.019998550415039
5.48028039932251
4.771066665649414
4.853192329406738
5.247025012969971
5.270974159240723
5.12688684463501
4.980166912078857
5.0677032470703125
5.0444016456604
5.056820392608643
4.78108549118042
1.1173847913742065
0.12049116939306259
0.3701207637786865
0.5600988864898682
2.1322052478790283
2.5085904598236084
2.7315807342529297
2.65779447555542
3.186584949493408
3.1860382556915283
3.156432628631592
0.6529825925827026
1.329119086265564
0.9186655879020691
1.4767383337020874
2.323622465133667
3.9375953674316406
3.6617841720581055
3.5347821712493896
3.7829647064208984
3.483206033706665
1.5562305450439453
2.1895196437835693
3.6371684074401855
3.4620535373687744
2.577479600906372
3.764925003051758
0.9497758150100708
0.20267264544963837
1.1901566982269287
1.5475455522537231
2.2085297107696533
2.457942247390747
0.9626582264900208
3.9382238388061523
2.989337205886841
3.5928471088409424
2.438314437866211
3.1292724609375
3.508986711502075
0.3330566883087158
0.9644052982330322
2.542046070098877
3.1501145362854004
3.0368094444274902
3.833817481994629
0.9320763945579529
3.636698007583618
3.8568687438964844
0.5470450520515442
2.7406704425811768
3.6350693702697754
1.254411220550537
2.561326026916504
0.7067044377326965
3.4456655979156494
2.3105764389038086
3.575888156890869
3.1276187896728516
3.5358808040618896
3.5176877975463867
3.3144421577453613
1.8327661752700806
3.411644458770752
3.131459951400757
3.345329999923706
3.1051366329193115
1.0368380546569824
3.2076170444488525
1.1626026630401611
2.615720272064209
2.158611536026001
1.9582815170288086
1.9019567966461182
2.012087821960449
2.0853750705718994
1.6500182151794434
1.8077473640441895
1.2468714714050293
0.8031380772590637
0.8283372521400452
0.2700425088405609
0.8707072138786316
1.006589651107788
0.10728950053453445
0.9177489280700684
0.3979024887084961
0.8901373147964478
1.242872953414917
0.28666773438453674
0.5176963210105896
0.34749162197113037
0.5330765843391418
2.4406371116638184
2.8226475715637207
2.06353759765625
1.0282504558563232
1.5995100736618042
0.4070283770561218
3.1598477363586426
0.36728110909461975
2.4326372146606445
3.750375270843506
4.473692417144775
5.106564044952393
1.6130075454711914
0.7668783664703369
5.511351585388184
1.334197759628296
0.7764277458190918
0.4422685205936432
2.6322743892669678
1.521966576576233
2.330458641052246
3.339343309402466
0.3850844204425812
0.4722638726234436
3.8485004901885986
2.283423900604248
1.0632630586624146
4.700170040130615
0.9708861708641052
3.0026581287384033
2.375319004058838
3.4117226600646973
0.43439939618110657
1.4296631813049316
0.79756098985672
2.659456253051758
3.1912615299224854
3.7047605514526367
1.6933752298355103
1.3071790933609009
2.9967970848083496
1.863903522491455
1.7931252717971802
3.2983434200286865
1.651631236076355
0.4794416129589081
1.5282623767852783
0.47620072960853577
0.5553537011146545
1.839387059211731
3.4799306392669678
1.9679704904556274
2.4230034351348877
2.949284315109253
0.7906715273857117
1.6851787567138672
3.6443581581115723
4.09393310546875
2.2106502056121826
1.869125485420227
3.9376590251922607
3.3833675384521484
1.4225682020187378
3.761098623275757
4.055050849914551
1.4702816009521484
1.3023289442062378
0.7545071840286255
0.308570921421051
0.9050588011741638
1.0375052690505981
1.9820208549499512
0.779405951499939
0.40725699067115784
0.42075836658477783
0.38460060954093933
0.40650126338005066
0.5705134868621826
1.0131293535232544
0.5548983216285706
1.3729438781738281
1.2819335460662842
0.8934654593467712
1.2267009019851685
4.0863189697265625
2.5539472103118896
1.870896816253662
3.5224857330322266
3.6518783569335938
3.913914442062378
4.802872657775879
5.366679668426514
5.321468830108643
5.607875347137451
6.030129909515381
0.920188307762146
3.9240431785583496
4.72029447555542
5.356632232666016
5.542510509490967
4.845544815063477
1.8654876947402954
4.162986755371094
5.654080390930176
5.370512008666992
4.139454364776611
5.456578254699707
3.8779115676879883
5.89195442199707
5.593651294708252
5.675431251525879
5.984405517578125
3.604896068572998
6.327427864074707
3.9356157779693604
4.287155628204346
4.401862621307373
5.020809650421143
5.3773393630981445
5.795093059539795
6.24428129196167
5.408860683441162
3.464754343032837
3.1311850547790527
3.9191412925720215
0.818545937538147
5.533148288726807
5.720959186553955
5.736800193786621
5.414956569671631
5.871439456939697
0.7406107187271118
5.561557769775391
0.8810436129570007
5.084558010101318
5.574063777923584
5.56484317779541
5.750997543334961
5.569352626800537
1.1163896322250366
5.4316511154174805
5.239819526672363
5.55405330657959
5.484837532043457
5.824796199798584
6.068837642669678
5.36384916305542
2.0272791385650635
5.19070291519165
5.137938022613525
4.859408378601074
5.432465553283691
0.8369255661964417
5.63135290145874
5.477346420288086
5.916014194488525
5.7181291580200195
5.5845818519592285
5.629928112030029
5.516376495361328
5.151018142700195
6.117366313934326
6.06771183013916
5.50120735168457
5.173678874969482
5.448886871337891
1.1891223192214966
5.910980224609375
0.7354950904846191
6.477964878082275
5.637735366821289
4.973565101623535
0.9912332892417908
5.714295864105225
5.438348770141602
5.484071254730225
5.270407199859619
6.348816394805908
5.852904319763184
5.2501068115234375
0.7880921363830566
5.546319484710693
5.8960161209106445
4.4037766456604
5.2531633377075195
5.9810051918029785
5.653278350830078
5.6343092918396
5.749587535858154
5.932304859161377
0.7582874298095703
5.503620147705078
2.22857928276062
5.989851474761963
5.3642578125
5.559505939483643
5.7075581550598145
1.4172216653823853
4.910029888153076
4.489342212677002
1.7342143058776855
3.326695680618286
5.9805073738098145
5.292779445648193
5.668692111968994
5.926467418670654
6.347621917724609
6.658740043640137
2.9781124591827393
2.3117504119873047
2.9234325885772705
5.150064468383789
5.83398962020874
4.945957660675049
4.73956298828125
4.462769508361816
4.549291133880615
0.3941144347190857
1.1347724199295044
1.0886225700378418
1.4719581604003906
1.7011449337005615
1.022836446762085
1.6069462299346924
1.300437331199646
1.3409926891326904
0.6683208346366882
1.5447927713394165
1.526567816734314
1.4860776662826538
1.1602100133895874
0.7868508696556091
1.415500521659851
0.44450584053993225
0.8487940430641174
0.32366397976875305
0.5058848261833191
0.46830734610557556
0.6126409769058228
1.4440178871154785
2.526181697845459
2.0428669452667236
1.8968865871429443
2.2783124446868896
1.2201279401779175
2.1591060161590576
2.3132872581481934
1.26715087890625
1.0921859741210938
0.5412325859069824
1.636098027229309
1.2340384721755981
1.2227129936218262
1.0156420469284058
1.3894869089126587
0.5417585968971252
0.8906621932983398
1.1177030801773071
0.6784334182739258
0.8396055698394775
1.2665714025497437
0.875016987323761
0.19996923208236694
0.4418305456638336
1.4687294960021973
0.7716443538665771
0.5689727663993835
0.26781126856803894
0.1986188292503357
1.329761266708374
1.2661242485046387
1.18845796585083
1.298316240310669
0.8761288523674011
0.5450302958488464
2.0090789794921875
0.38865941762924194
0.8340055346488953
1.3587089776992798
0.40542131662368774
1.9543700218200684
1.58590829372406
1.5619665384292603
1.386365532875061
1.0904191732406616
0.9085617065429688
0.9388754963874817
0.49604588747024536
0.5030938982963562
0.1832723170518875
0.29744407534599304
1.1745517253875732
0.47087544202804565
0.8952526450157166
0.4022540748119354
1.3003188371658325
1.3983103036880493
3.7536611557006836
1.9235442876815796
0.8878995776176453
2.1653332710266113
0.2787480652332306
3.491201162338257
1.6340924501419067
2.4909656047821045
1.9282292127609253
2.8523831367492676
0.6181149482727051
2.180732250213623
0.09431730955839157
1.7065776586532593
0.8213191032409668
0.2826962471008301
0.8742392063140869
1.818755865097046
1.7342056035995483
1.3883103132247925
0.632283091545105
1.857279658317566
0.8165351748466492
2.2337663173675537
1.7051552534103394
2.13348388671875
1.232103705406189
1.6948779821395874
1.2610247135162354
1.447488784790039
1.7930784225463867
0.7457224726676941
1.516775131225586
1.4914519786834717
1.6687390804290771
0.18106447160243988
0.3553237318992615
0.2482878565788269
0.21551169455051422
1.7562618255615234
0.30210667848587036
0.46105360984802246
1.1426879167556763
1.6960980892181396
0.5447607040405273
0.9715790748596191
1.651120662689209
0.6006981134414673
1.9783763885498047
1.234858751296997
1.006060004234314
0.7101380228996277
0.4310227930545807
0.5674174427986145
1.0161422491073608
1.0945817232131958
1.1601853370666504
0.5176630616188049
0.044831059873104095
0.6350100636482239
0.21816542744636536
1.0749582052230835
0.11155305057764053
0.23569762706756592
0.781286358833313
1.1000443696975708
0.9101994633674622
0.7047914862632751
0.23821206390857697
0.29376500844955444
0.7053916454315186
0.37485557794570923
0.8567094802856445
0.6445716023445129
0.7350671291351318
0.8766314387321472
1.1000880002975464
0.18434947729110718
0.29072609543800354
0.8696593046188354
0.3548983633518219
0.2760365307331085
0.7190696597099304
0.5937121510505676
0.7131901383399963
0.7210501432418823
0.9003919363021851
0.45410385727882385
0.5887101292610168
2.6105599403381348
0.6310399770736694
0.6205865740776062
0.27851659059524536
0.8769623637199402
0.6199052333831787
5.424221038818359
0.881573498249054
0.6167796850204468
0.025552866980433464
1.2738617658615112
0.2504725158214569
0.381500244140625
0.30382081866264343
0.3000226616859436
5.114383697509766
0.5552949905395508
0.4825042188167572
4.861146450042725
0.6975882649421692
4.095851421356201
2.1668453216552734
0.1823900043964386
4.190486907958984
3.8130178451538086
0.7775342464447021
0.6489872336387634
0.6234216094017029
3.9561610221862793
4.307333469390869
4.355840682983398
0.4377155601978302
0.5756129026412964
0.5279803276062012
1.9452837705612183
0.49970704317092896
0.1677248626947403
3.813737630844116
0.481283962726593
1.2927030324935913
0.5973330140113831
1.8532557487487793
3.9942500591278076
0.41680455207824707
0.3822546899318695
0.0716267004609108
3.8809330463409424
0.3442439138889313
3.214979410171509
0.42683058977127075
3.160667657852173
2.9559409618377686
3.279869794845581
3.167759418487549
0.7838590145111084
3.0526561737060547
3.2836599349975586
3.38326358795166
3.704760789871216
0.7110133767127991
1.7258155345916748
1.6747182607650757
0.37804609537124634
2.595162868499756
2.6823415756225586
2.2011349201202393
1.4349254369735718
1.1267324686050415
0.6171888113021851
0.9432236552238464
1.905919075012207
1.330452799797058
3.324028730392456
2.284653902053833
0.9846202731132507
1.4171890020370483
1.169219732284546
0.16452643275260925
1.294222354888916
0.6082484722137451
0.8085654973983765
1.2089715003967285
2.112136125564575
0.6553719639778137
0.4856710433959961
0.9259800314903259
0.7405666708946228
0.7463862299919128
1.2096420526504517
0.6729658246040344
0.4589482545852661
0.6904606223106384
0.8860276937484741
0.8067046999931335
0.9822460412979126
3.8723220825195312
0.49645233154296875
0.37424781918525696
0.1285795271396637
0.18669493496418
0.7841655015945435
0.6696880459785461
3.5649664402008057
0.5803583860397339
0.57236248254776
0.3062209486961365
3.3760855197906494
3.5782954692840576
0.21987667679786682
3.4003803730010986
0.43680256605148315
3.1027610301971436
2.0416462421417236
0.7845044136047363
1.8656221628189087
1.2690222263336182
0.630119800567627
0.24593356251716614
0.3392687737941742
1.8799068927764893
2.190777540206909
1.4576243162155151
1.1405785083770752
0.2423848807811737
1.0767394304275513
0.8621581792831421
0.4225175380706787
1.3975138664245605
0.8394456505775452
0.6864442825317383
1.0322719812393188
0.3368430733680725
0.5236364006996155
0.3867495656013489
4.969374179840088
0.6216067671775818
0.253974050283432
3.243438243865967
3.3275156021118164
3.4974207878112793
1.3825331926345825
2.9255902767181396
1.2240464687347412
1.8222562074661255
1.6403762102127075
0.08719344437122345
1.8972325325012207
0.22632546722888947
0.2893778085708618
1.542539358139038
0.7191668748855591
1.0547921657562256
0.6053661704063416
1.1720229387283325
0.18162429332733154
0.8388729095458984
0.46814990043640137
3.844874143600464
0.5992200374603271
0.6028795838356018
0.24034617841243744
0.710263192653656
3.2754573822021484
2.4868931770324707
3.570648670196533
0.4994696378707886
0.5083082318305969
1.1551768779754639
1.2166615724563599
0.6748045682907104
2.1706583499908447
0.7912746667861938
0.3993518352508545
0.9559172987937927
0.9067097306251526
0.7669500708580017
0.8522441387176514
1.4700349569320679
0.6106725931167603
0.34007805585861206
1.8732870817184448
1.4702508449554443
0.33720389008522034
2.576411008834839
1.1571764945983887
2.1742866039276123
0.309744268655777
1.075577974319458
0.6066886186599731
1.3176709413528442
0.5712150931358337
3.270763874053955
3.337393283843994
2.8486814498901367
1.58733332157135
0.47547316551208496
0.7342545390129089
1.400116205215454
1.1666127443313599
2.8159377574920654
1.4470956325531006
1.9708892107009888
0.35151371359825134
1.8585273027420044
0.93319171667099
0.6244326233863831
0.38662874698638916
0.2665274739265442
3.64674973487854
3.1948766708374023
1.1232552528381348
0.7282751202583313
1.5226199626922607
0.7727773785591125
0.36774128675460815
3.351533889770508
1.6660147905349731
0.85107421875
1.4077388048171997
0.5097697973251343
0.2232847809791565
0.13313408195972443
3.8530802726745605
3.376619577407837
2.281527042388916
2.752464532852173
0.7150954008102417
0.20359207689762115
3.401444911956787
2.1491901874542236
0.8455237746238708
2.173246383666992
0.8282610177993774
1.006405234336853
0.5872527956962585
3.3260104656219482
4.48168420791626
3.347752809524536
2.615771770477295
0.5399553775787354
0.5107455849647522
0.5900360941886902
1.981846570968628
0.5773928165435791
0.7835314869880676
0.13733792304992676
2.7216272354125977
0.5361959934234619
2.73002290725708
0.280935138463974
0.7881268262863159
3.3110244274139404
0.5629233717918396
0.5652883648872375
3.722796678543091
1.791560173034668
2.188631772994995
0.009775523096323013
3.10343861579895
0.5499851107597351
3.571476936340332
0.5699600577354431
0.5528537034988403
