9.876351576561311e-42
1.825950026512146
1.3131747245788574
2.0539586544036865
1.9572705030441284
2.2383339405059814
1.7887986898422241
1.6220719814300537
1.4482721090316772
1.485341191291809
1.3794935941696167
0.484587699174881
0.9072814583778381
2.0085127353668213
1.7461854219436646
1.2119426727294922
2.080996036529541
1.0830059051513672
1.674285650253296
2.0872690677642822
1.4724419116973877
1.9564718008041382
0.859472393989563
1.3856366872787476
1.420069694519043
1.5323666334152222
1.852357029914856
2.6506736278533936
2.4066805839538574
0.8253484964370728
2.7112209796905518
1.9118398427963257
2.2683193683624268
1.9768774509429932
2.3493497371673584
2.427286386489868
2.584589719772339
2.333386182785034
0.5386584997177124
2.6794400215148926
2.0813586711883545
2.3466639518737793
1.6973947286605835
1.4976989030838013
2.38869047164917
1.5642949342727661
1.0539116859436035
1.0128332376480103
1.7524207830429077
1.2645788192749023
1.114469289779663
1.968758225440979
0.8198279738426208
1.8493733406066895
0.8367916941642761
1.645890235900879
2.093266010284424
2.9290921688079834
0.7170798778533936
2.252399444580078
1.5031852722167969
1.9937694072723389
2.3149006366729736
0.7892706990242004
1.5588483810424805
1.6613845825195312
2.0865535736083984
0.3695821762084961
0.5944977402687073
2.2727882862091064
2.3968465328216553
2.308598041534424
1.3952139616012573
1.8143726587295532
2.2404282093048096
0.888972818851471
1.6227867603302002
2.185671091079712
0.8324617743492126
2.1042592525482178
2.7911269664764404
2.138395309448242
1.445995569229126
1.5605127811431885
0.49336954951286316
1.2806211709976196
1.8893746137619019
1.8254270553588867
1.1704550981521606
2.8063619136810303
1.163007378578186
1.3815908432006836
1.9584152698516846
1.4134877920150757
2.0683858394622803
1.3680305480957031
1.8449807167053223
1.6866064071655273
2.720834732055664
1.348744511604309
1.0922752618789673
1.2271333932876587
1.8677098751068115
1.9175810813903809
1.40242338180542
0.877690315246582
0.926398515701294
1.0411447286605835
2.6474008560180664
1.932296872138977
1.0512866973876953
1.50014066696167
1.2545586824417114
2.097852945327759
1.8987362384796143
2.073096990585327
2.587510347366333
1.1001958847045898
2.491776943206787
0.3560855984687805
1.9424513578414917
2.570302724838257
2.6329479217529297
2.358766794204712
2.7656190395355225
2.2395288944244385
2.8197638988494873
2.0149998664855957
0.968431293964386
2.5051462650299072
1.8911463022232056
0.5916954278945923
1.6120920181274414
1.8994117975234985
2.136913776397705
1.7542493343353271
0.542497992515564
0.7786548733711243
1.138838768005371
1.500213623046875
1.569554090499878
1.019814133644104
0.6464951038360596
0.9123309850692749
1.3134219646453857
1.7052099704742432
1.9160915613174438
2.0864784717559814
1.7703478336334229
1.9655098915100098
1.5313290357589722
1.6717668771743774
1.7771676778793335
1.741495966911316
1.9848064184188843
1.5315721035003662
1.6238670349121094
1.4768555164337158
0.9395774602890015
0.6346592903137207
0.4194340109825134
0.9195054769515991
3.0335216522216797
1.3209842443466187
3.250261068344116
1.4862092733383179
2.1996212005615234
1.7272578477859497
0.32973429560661316
2.0110607147216797
1.1343454122543335
1.2290747165679932
1.741782307624817
0.918708324432373
0.6618158221244812
0.9966587424278259
0.5746131539344788
0.9343292713165283
0.765116274356842
0.5346184372901917
1.5816848278045654
1.2670212984085083
0.5048941373825073
1.4612804651260376
1.7210118770599365
0.1859230399131775
0.5926845073699951
0.4731801152229309
1.1442450284957886
0.6746716499328613
1.3205190896987915
1.232535719871521
1.066845417022705
1.09712815284729
2.3517205715179443
1.2961444854736328
2.5257906913757324
1.946677565574646
2.585930824279785
1.4470261335372925
1.074027419090271
2.0692951679229736
0.7859944701194763
0.636690616607666
0.45152848958969116
0.6577762961387634
0.8069896101951599
1.889140248298645
1.4256855249404907
0.8078494668006897
0.33904242515563965
1.8597605228424072
1.2583938837051392
0.8093466758728027
1.1422107219696045
0.6223873496055603
0.7741785645484924
2.0290274620056152
0.9511584043502808
1.0848302841186523
0.5605024695396423
1.3742479085922241
0.8052106499671936
1.1137765645980835
0.980303168296814
1.9591825008392334
0.6371186971664429
1.3100237846374512
1.3579908609390259
0.3716544210910797
1.7619593143463135
0.9961338639259338
0.7767854928970337
0.7959428429603577
1.1083558797836304
0.922061026096344
1.6409751176834106
0.8116734623908997
0.892481803894043
1.9688140153884888
2.193950891494751
0.6830712556838989
2.388688325881958
0.9747670888900757
2.412564516067505
0.7652984261512756
1.466252088546753
0.77046138048172
1.0030797719955444
0.7560842633247375
0.6275500059127808
0.8441501259803772
0.4340192973613739
0.15044134855270386
0.5301455855369568
0.9241252541542053
2.307481050491333
2.721311092376709
4.261528491973877
4.07077169418335
2.0501925945281982
1.1798133850097656
1.1838299036026
1.9391318559646606
2.1589183807373047
1.53439462184906
2.3110604286193848
2.69350528717041
2.1084790229797363
2.9905169010162354
1.3474117517471313
1.9718612432479858
1.877227544784546
1.9639836549758911
1.6812726259231567
1.795575737953186
1.7792943716049194
1.9875619411468506
2.07468843460083
1.3427209854125977
1.5572090148925781
1.6455769538879395
1.1742908954620361
1.4469507932662964
1.810200572013855
2.940443515777588
1.0784516334533691
3.937201738357544
1.6397312879562378
1.627256989479065
1.9772627353668213
1.972945213317871
1.9361714124679565
1.953080654144287
1.87782883644104
1.7724233865737915
0.9556039571762085
1.8823689222335815
1.533097267150879
2.9717719554901123
1.8997184038162231
2.1938138008117676
1.6626415252685547
1.676808476448059
1.857847809791565
1.842115044593811
0.8196712136268616
1.4990360736846924
1.7848889827728271
1.6236097812652588
2.002769708633423
2.534660577774048
1.446304202079773
1.6082404851913452
2.5079569816589355
2.2627711296081543
2.0105302333831787
2.2692251205444336
2.174924850463867
1.439536690711975
2.007216215133667
1.6232918500900269
1.5186134576797485
1.818677306175232
1.2447839975357056
1.4955183267593384
1.3357962369918823
1.4670066833496094
1.3579862117767334
1.0680742263793945
1.4370094537734985
2.1612632274627686
1.7738232612609863
1.70014488697052
1.3486393690109253
1.5949339866638184
1.5059621334075928
1.5807441473007202
2.1179115772247314
2.965142011642456
2.7788968086242676
3.999208450317383
4.202747821807861
4.367353916168213
2.752249002456665
1.2760952711105347
1.5841232538223267
2.221242904663086
0.48067590594291687
1.686793565750122
2.8118107318878174
1.4780489206314087
1.3776823282241821
1.3776041269302368
2.2775168418884277
1.8629151582717896
3.009690284729004
0.6749489307403564
2.5216727256774902
1.2232656478881836
0.8504464626312256
0.3646765649318695
0.5350281596183777
1.040894627571106
0.8090267181396484
1.0634429454803467
2.3887875080108643
0.9513532519340515
0.8941940069198608
0.9753255844116211
2.160878896713257
0.9395237565040588
1.2259349822998047
2.7406201362609863
2.2188925743103027
0.48729798197746277
1.1071065664291382
0.8460619449615479
1.1513957977294922
0.36304423213005066
1.0724595785140991
0.8695279359817505
0.316445529460907
1.9005577564239502
0.3783228397369385
1.4280167818069458
0.5358871817588806
0.7448479533195496
0.15569929778575897
2.0970265865325928
1.1884899139404297
0.5085456967353821
2.5131542682647705
1.3086456060409546
0.5779507160186768
2.9995739459991455
2.990630626678467
1.6309022903442383
2.6509292125701904
2.2641963958740234
1.4249753952026367
0.5578681230545044
1.5412136316299438
1.08761465549469
0.958298921585083
1.8707835674285889
1.410595417022705
0.27160248160362244
0.56660395860672
1.610308289527893
0.9565826654434204
0.6112102270126343
0.9730449318885803
1.088442325592041
0.5154793858528137
0.8507834076881409
1.0852773189544678
4.914092540740967
4.841637134552002
1.679650902748108
0.8545867204666138
1.9430322647094727
2.4292032718658447
2.836474895477295
2.2198100090026855
2.4746007919311523
3.0515146255493164
2.731706142425537
2.1572811603546143
1.798208475112915
1.7089580297470093
1.447049856185913
0.8712197542190552
0.7961117029190063
0.8510633111000061
1.041703701019287
0.9312196969985962
1.1791679859161377
1.4608614444732666
1.4238712787628174
1.3688808679580688
0.9316612482070923
0.6161379218101501
1.1328922510147095
0.9518232941627502
1.671966314315796
1.0893726348876953
1.0262478590011597
0.9722898006439209
0.8632143139839172
1.1836618185043335
1.8136833906173706
1.5984418392181396
0.6527253985404968
0.7749729156494141
1.1834983825683594
0.46715354919433594
1.4321006536483765
0.6307362914085388
0.3287980854511261
1.3878610134124756
1.731313705444336
1.6178628206253052
0.42750996351242065
1.3932034969329834
0.09083999693393707
1.1415235996246338
1.1220929622650146
1.0538629293441772
1.1270644664764404
0.17219188809394836
1.1110001802444458
1.3758243322372437
1.4523483514785767
1.9184774160385132
2.39160418510437
0.622795581817627
1.4704432487487793
1.1988391876220703
1.8201465606689453
1.0945926904678345
1.7213715314865112
0.8393405675888062
2.16691255569458
0.7926990985870361
2.2563905715942383
3.1117138862609863
2.6805200576782227
2.754681348800659
1.7766139507293701
1.7349799871444702
2.065889835357666
2.1422431468963623
2.1671741008758545
2.3155128955841064
1.9305676221847534
2.360990047454834
1.9330872297286987
3.118669033050537
1.8093113899230957
2.3532514572143555
2.003563642501831
1.296986699104309
0.9174759984016418
1.2224739789962769
2.032527446746826
1.8994386196136475
2.876972198486328
2.6548619270324707
2.1332755088806152
2.809769868850708
2.492966413497925
1.9816133975982666
1.8660691976547241
1.8388179540634155
2.29445219039917
1.6288671493530273
0.737380862236023
2.531473398208618
1.28538179397583
2.30342960357666
2.3968539237976074
2.4312961101531982
0.6945469379425049
1.813093900680542
1.9822007417678833
2.5628268718719482
2.071577787399292
3.0696582794189453
2.5565028190612793
2.3863515853881836
1.0005797147750854
2.6137681007385254
2.520690441131592
2.6783597469329834
1.8740010261535645
2.6560230255126953
2.50596022605896
2.7395541667938232
2.120436906814575
2.992720365524292
1.5011906623840332
3.6302976608276367
1.9886138439178467
2.4402334690093994
1.9190433025360107
2.217482328414917
2.8321778774261475
2.643476963043213
1.9661273956298828
2.938939094543457
3.1263766288757324
3.433767795562744
3.2587194442749023
1.6883113384246826
1.706030249595642
2.0528671741485596
2.391411304473877
2.910893440246582
2.811443328857422
3.369662284851074
3.371735095977783
3.1347222328186035
2.7922632694244385
2.3636434078216553
3.0797171592712402
2.764202356338501
2.3505969047546387
1.929347276687622
1.6746271848678589
1.7619059085845947
1.8303444385528564
2.0712339878082275
1.7363592386245728
1.2579615116119385
1.5055080652236938
1.2939558029174805
1.307184100151062
0.9959650635719299
2.0799591541290283
1.8131639957427979
1.0715248584747314
1.273874282836914
1.5603859424591064
1.3759889602661133
2.05784273147583
1.23428213596344
1.3791067600250244
1.0790979862213135
0.9914272427558899
0.5536961555480957
1.709923505783081
1.0386085510253906
1.1832271814346313
0.6812937259674072
0.7202911376953125
0.3732565939426422
0.526379406452179
1.371995210647583
0.3784295618534088
0.08926503360271454
0.8984792828559875
1.1803332567214966
0.6287479400634766
0.23335181176662445
0.6489244103431702
0.6207070350646973
0.515990674495697
1.4362261295318604
0.9985191822052002
0.9912691712379456
1.034869909286499
1.2163798809051514
1.3834633827209473
1.233945369720459
1.1389079093933105
0.6444818377494812
0.9249009490013123
1.2704112529754639
1.36444890499115
1.1200729608535767
0.6027304530143738
0.9017900824546814
1.036738634109497
1.4826953411102295
1.3786331415176392
0.7936431169509888
1.699629306793213
1.4924088716506958
0.9337347745895386
1.4426910877227783
0.3688621520996094
0.13986709713935852
0.7211637496948242
0.8199118375778198
0.9628090262413025
0.849742591381073
1.5277656316757202
1.2371857166290283
1.1753002405166626
1.2389730215072632
1.0234142541885376
4.238453388214111
1.7606643438339233
2.258777379989624
3.176501512527466
4.402619361877441
5.400150775909424
5.57671594619751
5.767183780670166
4.835129737854004
5.2156171798706055
4.681265354156494
4.262039661407471
3.723078727722168
3.912327766418457
3.527865409851074
3.3793787956237793
3.6600871086120605
2.606626272201538
1.2285175323486328
3.0565216541290283
0.6726110577583313
2.654513120651245
2.585134744644165
2.086458921432495
2.4118008613586426
1.9871320724487305
1.478868842124939
1.6648188829421997
2.2706191539764404
1.9580274820327759
0.9641621708869934
1.938186764717102
0.9888609051704407
1.6254476308822632
1.2339611053466797
1.1264991760253906
1.195845365524292
1.6839200258255005
1.2177287340164185
1.2424453496932983
1.168877124786377
1.9529569149017334
1.5613833665847778
2.3082969188690186
2.0648531913757324
1.2145860195159912
2.345616102218628
1.3011949062347412
1.0371743440628052
1.2928932905197144
1.6382858753204346
1.4246772527694702
1.6193106174468994
0.5617864727973938
1.6865283250808716
1.4021817445755005
1.54233980178833
1.4382107257843018
1.0624518394470215
0.37684327363967896
0.28800198435783386
1.117846131324768
1.0665940046310425
1.0805875062942505
0.6184234023094177
0.47683078050613403
0.7371452450752258
0.1693011224269867
0.8660158514976501
1.062500238418579
0.9532760381698608
0.6728289127349854
1.1452704668045044
1.4249910116195679
0.5135942697525024
0.7404167652130127
1.4843485355377197
0.16879388689994812
0.9199750423431396
0.5845569372177124
0.8579626679420471
1.00266432762146
2.110694169998169
0.7835196852684021
0.9292266368865967
0.7260125875473022
1.019140601158142
0.9936056137084961
1.0314180850982666
0.8891600966453552
0.543765664100647
1.7284754514694214
1.2272616624832153
1.7421952486038208
1.0810284614562988
3.02551531791687
0.9142984747886658
0.8801892995834351
1.8218778371810913
1.107702612876892
1.2567906379699707
3.1414408683776855
1.0351338386535645
2.252584218978882
1.2201285362243652
2.1511428356170654
1.2551189661026
1.4744681119918823
1.3343253135681152
1.345426321029663
1.8271293640136719
1.6476861238479614
1.688881754875183
1.5996582508087158
1.0410646200180054
2.4404988288879395
1.9499285221099854
1.2699397802352905
2.178241014480591
1.9825069904327393
1.7947468757629395
1.524749994277954
1.4944056272506714
1.627712607383728
1.8241862058639526
1.3744715452194214
1.6576932668685913
1.8154858350753784
1.8658000230789185
1.6208667755126953
2.0190465450286865
1.548667550086975
1.2048503160476685
2.0204620361328125
1.4614204168319702
1.757267713546753
1.2994486093521118
1.1320035457611084
1.9387950897216797
1.4766268730163574
1.4721896648406982
1.248031497001648
1.2577227354049683
0.548241138458252
1.1326371431350708
0.977961540222168
0.9229404926300049
0.4554847776889801
0.7538594007492065
0.9675309658050537
0.5428664684295654
0.6245124340057373
0.603008508682251
0.8257815837860107
2.3285722732543945
5.24177360534668
5.222498416900635
4.844353199005127
3.980952501296997
3.6213090419769287
2.2591331005096436
1.0436208248138428
1.0244845151901245
2.9332528114318848
1.4619473218917847
1.9529547691345215
1.861119270324707
1.8940845727920532
1.7470910549163818
1.5796401500701904
0.8104937672615051
1.3552768230438232
1.6248114109039307
1.2113903760910034
2.0837039947509766
1.3119080066680908
1.4771409034729004
1.0482980012893677
1.0219552516937256
0.5825436115264893
0.39516210556030273
1.031172275543213
1.0165539979934692
0.14839603006839752
0.841970682144165
1.1609336137771606
1.2952666282653809
2.098160743713379
0.5471650958061218
1.0549260377883911
3.0360684394836426
1.570489764213562
1.2945928573608398
1.3317676782608032
1.142529845237732
1.5901482105255127
1.838026762008667
1.2927285432815552
1.5517326593399048
2.070148229598999
1.625557541847229
0.4951397776603699
1.0157115459442139
1.8515801429748535
0.34566226601600647
2.664818048477173
5.007444381713867
2.6770005226135254
3.0381686687469482
1.561220407485962
3.2928874492645264
1.6244874000549316
2.2429256439208984
1.7923915386199951
1.7434340715408325
1.8576689958572388
0.623414933681488
1.1534472703933716
2.365168809890747
1.4523292779922485
1.4712313413619995
1.0959616899490356
0.657289445400238
1.8720711469650269
1.145291805267334
2.0714774131774902
0.9541391730308533
1.1883701086044312
1.2275831699371338
1.6630642414093018
1.7889790534973145
1.5731744766235352
0.8428530097007751
0.11788877844810486
0.8417031168937683
3.5731139183044434
4.377371311187744
4.938963890075684
2.9448554515838623
1.740181803703308
1.9106345176696777
1.552567481994629
1.289168119430542
2.46028733253479
1.1904886960983276
1.929490327835083
1.4483193159103394
0.11925800144672394
2.234628438949585
0.8102701902389526
1.1675504446029663
1.2644222974777222
2.7479047775268555
1.6169302463531494
1.723211646080017
2.105165481567383
1.7525014877319336
0.3803063929080963
0.8977713584899902
0.5500220656394958
2.831536054611206
1.773646354675293
1.7512190341949463
0.7757877111434937
1.0653187036514282
1.331650972366333
1.5725429058074951
0.3239854872226715
0.9634308815002441
0.9373349547386169
2.171081781387329
1.899044394493103
1.1785932779312134
3.0462560653686523
2.6349055767059326
2.4943807125091553
1.9064935445785522
1.6554992198944092
1.9152852296829224
0.9256052374839783
1.3505135774612427
2.0799381732940674
1.5625931024551392
0.546625018119812
2.5556182861328125
1.8417314291000366
1.0684762001037598
0.4520643949508667
2.359546422958374
2.3825325965881348
1.8100980520248413
1.7105120420455933
2.560185432434082
0.9668277502059937
2.195899486541748
2.380709648132324
1.6258572340011597
1.4097594022750854
2.519097089767456
1.1189675331115723
1.6147983074188232
1.6740238666534424
1.6115580797195435
1.1252188682556152
1.0826960802078247
3.931755542755127
0.6280438303947449
2.6386725902557373
1.3278520107269287
1.6438449621200562
1.1743907928466797
1.972722053527832
1.2590303421020508
1.6702278852462769
0.6608759760856628
1.165596842765808
1.5224034786224365
1.133570909500122
0.752395510673523
4.932301998138428
3.1012935638427734
0.9153941869735718
1.2175652980804443
5.942410469055176
1.6857593059539795
0.6377628445625305
5.714248180389404
2.620997667312622
1.2567142248153687
0.24376310408115387
6.203372955322266
5.7605414390563965
0.38471388816833496
5.604752540588379
0.5211154818534851
0.45091626048088074
0.15301215648651123
5.27391242980957
0.6681504845619202
0.478010892868042
1.0328487157821655
2.656407117843628
0.9504543542861938
5.076732158660889
0.6086536049842834
0.8574553728103638
0.35849514603614807
0.5392627716064453
0.7964838743209839
0.513609766960144
5.1121826171875
1.6513632535934448
0.9868689179420471
2.499406099319458
0.9838845133781433
2.2716052532196045
0.6361343860626221
0.969006359577179
