9.876351576561311e-42
6.601760387420654
6.764492988586426
1.7747751474380493
1.3620113134384155
1.5324517488479614
1.5271011590957642
1.1956406831741333
0.9914140105247498
1.043384313583374
0.9345740079879761
1.3958961963653564
1.2195112705230713
0.8027592897415161
1.3868212699890137
1.05043363571167
7.233188629150391
1.418984293937683
0.863296389579773
1.5003997087478638
1.254204273223877
0.9128196835517883
1.4801876544952393
1.3718950748443604
1.3816399574279785
0.9454629421234131
1.9864864349365234
1.4074562788009644
1.2848964929580688
0.6872997879981995
1.5158220529556274
1.7455923557281494
1.3309733867645264
1.0721373558044434
1.4904093742370605
1.0718224048614502
1.4396191835403442
1.3226419687271118
1.3206630945205688
1.568831205368042
1.087397813796997
1.680718183517456
6.763246536254883
6.889071941375732
1.6112695932388306
1.2106108665466309
0.9594841003417969
1.4834496974945068
1.0472179651260376
0.9563337564468384
1.3315069675445557
0.5218081474304199
1.1505181789398193
1.536831021308899
1.2839528322219849
1.4165904521942139
1.414056658744812
1.791900396347046
0.9383901357650757
1.093888521194458
6.875802516937256
6.9909515380859375
1.5977071523666382
1.2407033443450928
0.6721101403236389
1.7136932611465454
0.41832515597343445
1.2578555345535278
1.4425640106201172
1.7307003736495972
1.1357738971710205
1.5637397766113281
1.0596163272857666
1.0606372356414795
1.5380409955978394
0.9846779108047485
1.2274364233016968
0.5331128239631653
1.1851838827133179
1.2497330904006958
1.3886348009109497
1.4041290283203125
1.097414493560791
1.066326379776001
1.18116295337677
2.052506446838379
0.2355719655752182
1.4610347747802734
1.2442786693572998
1.2926051616668701
1.1330161094665527
1.3299641609191895
2.160679578781128
1.1063278913497925
1.1479963064193726
1.3158886432647705
7.188383102416992
1.3557840585708618
1.2118070125579834
1.3253393173217773
1.114092230796814
0.5665170550346375
1.0242899656295776
0.9657319188117981
1.516603708267212
1.4620517492294312
1.6085268259048462
0.6849727630615234
1.2897257804870605
0.8699297904968262
1.4216508865356445
1.4906129837036133
1.5082811117172241
0.8151186108589172
1.4857418537139893
1.680006980895996
1.3253898620605469
1.3612418174743652
1.3918540477752686
1.2820732593536377
1.243367314338684
1.510851263999939
1.2883769273757935
1.7257531881332397
1.6022300720214844
1.5931848287582397
1.3741958141326904
1.653309941291809
1.1109305620193481
1.0837903022766113
1.156881332397461
1.1724027395248413
1.0759793519973755
1.161298155784607
1.309444546699524
1.2613662481307983
1.1551674604415894
1.1873530149459839
1.1696473360061646
1.7050315141677856
1.1560395956039429
1.5433326959609985
1.3347309827804565
1.265052080154419
1.2728822231292725
1.2152410745620728
1.1327821016311646
1.3905586004257202
1.1447021961212158
1.6035763025283813
1.8278639316558838
1.023105263710022
1.0682293176651
1.5840448141098022
1.5704292058944702
1.6623162031173706
1.716060996055603
2.074092388153076
1.9079734086990356
1.5742555856704712
1.3334380388259888
1.2142771482467651
5.334779262542725
5.7317681312561035
6.337492942810059
5.724364757537842
6.249052047729492
6.31817626953125
5.915765285491943
6.548512935638428
6.35836124420166
6.694065570831299
7.033440589904785
7.049697399139404
7.117513656616211
7.0423126220703125
7.154242992401123
7.070803642272949
7.042164325714111
7.075366973876953
6.780684471130371
7.139543533325195
6.9679059982299805
6.702246189117432
6.65240478515625
6.97986364364624
6.946037292480469
6.880917072296143
6.675074100494385
6.700305938720703
6.820932865142822
6.6369781494140625
6.9355058670043945
6.701852321624756
6.908514499664307
6.78045129776001
5.8678765296936035
6.043580532073975
6.556484222412109
6.050719261169434
6.527718544006348
6.937050819396973
7.050380229949951
7.074470043182373
7.180585861206055
7.0586256980896
7.103107929229736
6.956048011779785
7.077393054962158
6.763365268707275
7.014706611633301
6.168431758880615
6.870254993438721
7.048813343048096
6.964691638946533
7.046436786651611
6.257877826690674
6.757308006286621
6.837340831756592
6.932236671447754
6.906408309936523
6.463363170623779
6.9616570472717285
6.676328182220459
6.933529376983643
6.694602012634277
7.0915751457214355
6.3880815505981445
6.815730571746826
7.062074184417725
6.833103656768799
6.610193252563477
6.958157539367676
7.001630783081055
6.777928829193115
7.094763278961182
6.907907485961914
7.124787330627441
7.016371250152588
6.96782112121582
6.989839553833008
7.024618625640869
6.928499221801758
7.013200759887695
7.00197172164917
7.155186176300049
6.998267650604248
7.176614284515381
7.081178665161133
7.037814140319824
7.17664098739624
7.221979141235352
7.1935200691223145
7.068531513214111
7.010820388793945
6.998497486114502
7.012727737426758
7.099116325378418
1.1506134271621704
0.7819364070892334
0.8646473288536072
1.2350738048553467
2.4156436920166016
2.8064486980438232
3.047354221343994
3.2705078125
3.4563379287719727
3.3313028812408447
3.2066376209259033
1.1251457929611206
2.3124706745147705
1.3374239206314087
2.899320363998413
3.2350106239318848
4.447760581970215
4.367284297943115
4.193653583526611
4.925868511199951
4.218153476715088
3.5258686542510986
3.7801353931427
5.228215217590332
4.490765571594238
4.22044563293457
5.245615005493164
0.31707000732421875
0.8511576056480408
0.635644793510437
1.7846087217330933
3.1338822841644287
3.049978733062744
1.1691075563430786
4.706360816955566
3.6245217323303223
4.636003494262695
3.7821404933929443
4.265953540802002
4.6416120529174805
0.6965897679328918
0.6682444214820862
2.823686122894287
3.5889902114868164
3.912046194076538
5.397172927856445
0.5084426403045654
4.024248123168945
5.500425338745117
0.7337571382522583
3.8465499877929688
4.958704948425293
0.5597375631332397
3.5597705841064453
1.0907598733901978
3.8215904235839844
3.499678134918213
4.795501232147217
3.3960156440734863
4.500040054321289
4.36742639541626
3.6301591396331787
3.4436395168304443
4.017491340637207
3.301725149154663
3.8390798568725586
3.2077338695526123
2.9542384147644043
3.472837448120117
2.522869348526001
3.3571176528930664
3.0458691120147705
2.965951681137085
3.1181039810180664
2.943776845932007
2.834129810333252
2.5659687519073486
2.3127121925354004
1.3681414127349854
1.1989555358886719
1.0607823133468628
0.8354713320732117
1.0020856857299805
0.5804455876350403
0.7277268767356873
0.6526728868484497
0.967612087726593
2.5063400268554688
2.5996320247650146
0.6497291326522827
2.646836757659912
2.8096330165863037
1.9944804906845093
4.243300437927246
4.197589874267578
4.181356906890869
2.902702808380127
4.622965335845947
1.984641671180725
5.389520168304443
1.1315070390701294
5.0293192863464355
5.505472660064697
6.251224517822266
6.538564682006836
1.9394456148147583
2.070951461791992
6.043464660644531
2.33956241607666
2.7321648597717285
0.822076141834259
4.899904251098633
4.430787086486816
4.765578269958496
4.886412143707275
1.8945990800857544
1.3981881141662598
5.291220664978027
5.209517002105713
2.6822688579559326
4.99360990524292
2.686007261276245
4.89586067199707
4.909256458282471
5.280477523803711
1.7141107320785522
1.1925302743911743
2.9564106464385986
5.18183708190918
5.312169075012207
5.5909504890441895
1.3773775100708008
3.2280526161193848
5.35081148147583
1.152965784072876
3.8901827335357666
5.532831192016602
1.4594212770462036
1.9180771112442017
3.3832569122314453
2.3149940967559814
2.3570942878723145
4.649095058441162
5.577363967895508
4.822969436645508
5.0650715827941895
5.203810691833496
2.2973568439483643
4.729637622833252
5.075727939605713
6.00192403793335
3.2893333435058594
3.480100631713867
5.806821823120117
4.880302906036377
3.004173994064331
5.960779190063477
6.0265045166015625
3.508235216140747
0.631885826587677
0.5670045614242554
0.6148298978805542
0.454593688249588
0.7100816965103149
1.1504424810409546
1.6050822734832764
1.3490993976593018
1.1913385391235352
1.5161415338516235
1.5506973266601562
1.8249789476394653
2.331803560256958
2.232917070388794
2.6227564811706543
3.1517040729522705
2.0424139499664307
2.1223695278167725
5.923912048339844
2.7213525772094727
1.934679627418518
4.921345233917236
5.096163749694824
5.583369255065918
6.190981388092041
6.920610427856445
6.974104404449463
7.189079284667969
6.2171854972839355
1.1600260734558105
5.449375629425049
6.186089038848877
6.968651294708252
7.182760238647461
5.807214736938477
1.8206039667129517
5.81095552444458
7.33395528793335
7.07797384262085
5.717193126678467
7.1676201820373535
5.3471808433532715
7.178328514099121
7.294478416442871
7.09481954574585
7.001991271972656
5.2495856285095215
6.410923004150391
5.6145339012146
6.160534858703613
6.176419258117676
6.543522357940674
6.697275161743164
6.859325885772705
6.1247687339782715
5.5428242683410645
2.5603744983673096
2.600334644317627
5.242042541503906
1.9067343473434448
7.169600486755371
7.312642574310303
7.022161960601807
7.200856685638428
7.606396198272705
0.07392914593219757
7.302513599395752
0.32800906896591187
5.796249866485596
7.2769317626953125
7.49063777923584
7.57216215133667
7.000988483428955
1.09091055393219
6.910271644592285
6.9593071937561035
7.493751525878906
7.605898857116699
7.534444332122803
7.974381446838379
7.160560607910156
3.1092276573181152
7.409119606018066
7.454160213470459
7.655834674835205
7.2836103439331055
1.1397147178649902
7.198284149169922
6.983124732971191
7.472939968109131
7.48240327835083
7.590047836303711
7.016653537750244
7.511189937591553
7.159170627593994
7.745965957641602
7.7339558601379395
7.485526084899902
7.5414347648620605
7.261468410491943
1.4355413913726807
7.486512184143066
0.16451707482337952
7.842607021331787
7.573654651641846
7.658136367797852
1.8655667304992676
7.741983413696289
7.223562717437744
7.632141590118408
7.165511608123779
7.923336505889893
7.729508876800537
7.635744571685791
0.2287369966506958
7.167252540588379
7.554113864898682
6.2767252922058105
7.2864556312561035
7.885843276977539
7.069882869720459
7.204622268676758
7.122962474822998
7.858633041381836
1.2683550119400024
7.258734703063965
2.07639217376709
7.520176410675049
7.158115386962891
7.614534854888916
7.190871238708496
2.5674643516540527
7.176643371582031
6.251882553100586
3.2769765853881836
5.506086349487305
7.6790571212768555
7.3017096519470215
7.5268073081970215
7.709992408752441
7.935085296630859
7.942788600921631
5.673381328582764
3.7720603942871094
4.6311445236206055
7.0228962898254395
7.359373569488525
7.415831565856934
6.745311260223389
6.852494716644287
6.839224338531494
1.4187326431274414
1.1184240579605103
1.1067986488342285
1.440218210220337
1.9037766456604004
0.881788432598114
1.0085581541061401
1.7668671607971191
1.8521634340286255
1.1137479543685913
0.668703556060791
1.6921839714050293
1.375635027885437
0.9485602974891663
0.04914277791976929
1.8638557195663452
0.9364432692527771
1.4847174882888794
1.0822641849517822
0.7437018752098083
1.343294620513916
0.9367815852165222
0.7950990796089172
1.9869673252105713
2.1290082931518555
2.1396076679229736
0.9032195210456848
0.953731119632721
1.1597291231155396
0.8443602323532104
0.4661787450313568
1.1129353046417236
0.8502257466316223
1.5584287643432617
0.7725533843040466
1.2050809860229492
0.419994056224823
1.1926032304763794
0.47937870025634766
1.165679693222046
0.34571921825408936
1.1859079599380493
0.5961618423461914
0.8144891858100891
1.9899213314056396
1.0120552778244019
1.3966474533081055
1.2641632556915283
0.34936022758483887
1.1041474342346191
1.7320243120193481
1.428529143333435
0.5313930511474609
0.40499207377433777
0.99745112657547
0.8321059942245483
0.9644609689712524
1.5824986696243286
0.8751786947250366
1.2641794681549072
1.9132492542266846
0.7650575041770935
1.4448027610778809
1.2124444246292114
1.484928011894226
1.3109278678894043
0.5011335611343384
0.45208024978637695
0.2213015854358673
0.6068710684776306
0.9943557381629944
1.401517629623413
1.3042354583740234
1.470578670501709
1.2925715446472168
0.558475136756897
0.22715669870376587
0.17185111343860626
1.6144717931747437
1.8115668296813965
1.8163760900497437
1.9981958866119385
1.0616704225540161
1.1320918798446655
0.9012377858161926
1.2443150281906128
2.279388427734375
2.124016523361206
1.7756226062774658
2.3104610443115234
1.0252959728240967
1.2347362041473389
0.6754429340362549
1.5986371040344238
0.55813068151474
2.098273992538452
1.8466992378234863
1.6408698558807373
0.9822469353675842
1.140242576599121
0.26983797550201416
1.6908317804336548
2.214240789413452
1.9441192150115967
1.4698262214660645
1.5234811305999756
1.1679044961929321
1.6692469120025635
1.3817695379257202
0.9157539010047913
1.2328859567642212
0.6637759208679199
0.9597489833831787
0.6860143542289734
0.8310807347297668
0.5518781542778015
0.5817365646362305
0.7305915951728821
0.6765910387039185
0.8163164258003235
0.5929397940635681
0.6999534964561462
1.1700795888900757
0.6233537197113037
0.8181107044219971
1.2145477533340454
0.5708473920822144
0.5790705680847168
0.38974136114120483
0.9802539944648743
0.5549319982528687
0.5442717671394348
0.41249677538871765
0.8106075525283813
0.7169221639633179
0.29952922463417053
0.21510736644268036
0.2547072470188141
0.71555495262146
0.6027312278747559
0.5975839495658875
1.2961474657058716
0.2240704894065857
0.6623421311378479
0.3793303668498993
0.6421195864677429
0.6813480257987976
0.20855621993541718
0.9004874229431152
0.5293377637863159
0.5203014016151428
0.8990032076835632
0.9882413744926453
0.12146785855293274
0.35604605078697205
0.9571871161460876
0.3452889919281006
0.43652451038360596
0.9119325280189514
0.43302392959594727
0.7663952112197876
0.617180585861206
0.9394631385803223
0.7885609865188599
0.7692968845367432
0.4196346402168274
0.22028520703315735
0.48652908205986023
0.7844327092170715
4.351036071777344
0.839877724647522
0.7101020812988281
0.13640567660331726
0.9991936087608337
0.9458569288253784
7.01056432723999
0.15546706318855286
1.4345390796661377
1.2014883756637573
3.3974781036376953
0.4561881422996521
0.4105609059333801
0.9257770776748657
0.4676322340965271
7.581748008728027
0.3854333162307739
0.19268199801445007
7.614100933074951
0.4067387878894806
6.305791854858398
3.3574154376983643
0.4647643268108368
6.5032639503479
5.78763484954834
0.9488148093223572
0.22832974791526794
0.5614354610443115
6.993993282318115
7.151318073272705
7.468526363372803
0.5264995098114014
0.5594249963760376
0.669517457485199
1.4905600547790527
0.716499924659729
0.4955195188522339
7.575865268707275
0.8898501992225647
0.9912367463111877
0.6693735122680664
1.9587700366973877
7.301384449005127
0.9126919507980347
0.2880483567714691
0.23834167420864105
6.4796013832092285
0.2587776184082031
7.691522121429443
0.6327916383743286
7.00121545791626
6.203033447265625
6.600590705871582
7.682192802429199
1.3051546812057495
5.84338903427124
5.766723155975342
7.930363655090332
7.6470866203308105
0.5167649388313293
0.9360246658325195
1.4024786949157715
0.9827710390090942
1.5590206384658813
2.2527859210968018
1.3125196695327759
1.0545568466186523
0.972786009311676
2.268681526184082
0.9933649301528931
1.0817375183105469
0.7392669916152954
1.8855783939361572
1.63999342918396
1.5551079511642456
1.0629656314849854
0.5639203786849976
0.687419056892395
0.9399067759513855
1.1341019868850708
0.7559317946434021
0.7362318634986877
0.7409874200820923
0.10293005406856537
0.20932604372501373
0.49038952589035034
0.804007887840271
0.9937304258346558
0.768665075302124
0.591586709022522
0.7279964089393616
0.7910096645355225
0.1474284678697586
0.6234306693077087
0.1799292117357254
5.918034553527832
0.7416427135467529
0.4372769892215729
0.6780874729156494
0.4419904947280884
0.804334282875061
0.9430007934570312
3.9924275875091553
0.8103325963020325
0.6400376558303833
0.3876166343688965
7.639307975769043
7.562061309814453
0.10319772362709045
6.562209606170654
0.325409471988678
1.0359797477722168
1.508260726928711
2.3568131923675537
1.2338687181472778
2.3786444664001465
0.555690348148346
1.8754994869232178
0.772379994392395
0.6998800039291382
1.7302298545837402
1.1813663244247437
0.5801903009414673
0.5227710604667664
0.9475119113922119
0.19497394561767578
0.5957390666007996
1.379150152206421
0.48663532733917236
1.4064663648605347
0.3514777719974518
0.5935862064361572
0.9643288850784302
0.4781414568424225
7.389686584472656
0.8242058157920837
0.39283016324043274
7.855764389038086
7.5014424324035645
7.740252494812012
0.5261368751525879
1.2427046298980713
1.2144567966461182
2.443843126296997
0.8786807060241699
1.0995796918869019
1.7093698978424072
0.6175302267074585
0.8818811178207397
0.8395408987998962
0.7441163063049316
0.4613860547542572
0.694867730140686
1.6309468746185303
0.8392083644866943
0.7448870539665222
0.27501538395881653
5.930290699005127
0.4856117367744446
0.6324979066848755
0.6741626262664795
0.6268405318260193
7.779125213623047
4.554155349731445
7.606900691986084
2.2817745208740234
1.8720768690109253
0.6134732365608215
0.9932471513748169
0.6801225543022156
0.5605877041816711
0.7961843609809875
0.5390366911888123
0.17684809863567352
1.0609146356582642
0.39386218786239624
0.7101848721504211
1.354927659034729
0.1510206162929535
2.1677405834198
1.9051164388656616
1.0028833150863647
0.7961214184761047
1.7571765184402466
0.7248013615608215
0.5892009139060974
0.6383144855499268
0.9884369969367981
0.8168911337852478
1.899722695350647
0.795936107635498
4.959195137023926
7.110202789306641
1.6041016578674316
1.0682066679000854
0.6685220003128052
0.9299110174179077
2.189678192138672
0.4427363872528076
1.7707334756851196
0.9778568744659424
0.4060383439064026
0.42314770817756653
2.6676547527313232
0.3390232026576996
0.19491638243198395
0.7171578407287598
0.5735594034194946
5.690830707550049
7.372050762176514
0.6610609889030457
0.4575977623462677
3.3580379486083984
0.7333059906959534
0.4797442555427551
5.218537330627441
1.2658355236053467
1.0492045879364014
0.8914761543273926
0.45252394676208496
0.7377764582633972
0.298918753862381
6.35125732421875
7.803983211517334
1.9036216735839844
4.043997287750244
0.4463746249675751
0.5400505661964417
2.3886044025421143
1.8658397197723389
0.5602698922157288
1.9495011568069458
2.0052452087402344
0.6788527965545654
0.4026540517807007
2.285273790359497
1.9706135988235474
7.68721866607666
2.184999942779541
0.5212542414665222
0.3753557503223419
0.4704892933368683
1.7589677572250366
0.3621874451637268
0.5434001088142395
0.7075771689414978
5.312667369842529
0.4874599874019623
1.2921726703643799
0.6900931596755981
0.6568895578384399
7.569056510925293
0.7775630950927734
0.9561750292778015
7.473866939544678
1.4586659669876099
1.7910064458847046
0.4640918970108032
4.8617072105407715
0.9404715895652771
5.303466796875
0.9881983995437622
0.5691173672676086
