9.876351576561311e-42
7.895756244659424
7.945911884307861
1.479777216911316
1.2534116506576538
1.3731342554092407
1.4266853332519531
1.3107036352157593
1.3013511896133423
1.3486796617507935
0.5401508808135986
1.0124452114105225
0.4122634530067444
1.6973477602005005
0.9517695307731628
0.7889723777770996
7.728619575500488
0.9008119702339172
1.6301522254943848
0.7233421206474304
0.8740959167480469
1.6971105337142944
1.2618393898010254
1.1570043563842773
1.3302090167999268
1.7962826490402222
1.2268011569976807
0.8220845460891724
1.258054256439209
1.8250062465667725
0.08916518837213516
1.480462908744812
1.3912805318832397
1.5318745374679565
1.5888220071792603
0.7475209832191467
1.4611053466796875
1.445811152458191
2.224087953567505
1.4478329420089722
1.2066264152526855
1.4630979299545288
8.05298137664795
7.860599994659424
1.5063375234603882
1.1946884393692017
0.9249958992004395
1.350504994392395
1.4793715476989746
0.6479101777076721
0.5149856805801392
1.6395444869995117
0.7928792238235474
0.9084411859512329
1.1100016832351685
0.9543134570121765
1.189345359802246
0.7759382724761963
1.9756300449371338
0.20428402721881866
7.962080955505371
7.841884136199951
1.4336726665496826
0.7366902828216553
0.7336159348487854
0.7562100887298584
1.798948049545288
0.9720146656036377
0.9667295813560486
1.0722005367279053
0.37563666701316833
1.1941508054733276
1.3410375118255615
1.2130930423736572
1.137571096420288
1.067615270614624
1.4546291828155518
1.6535003185272217
1.4511561393737793
1.2002745866775513
1.631973147392273
1.2031718492507935
1.2143877744674683
1.2133631706237793
1.0403395891189575
1.2314810752868652
1.8754512071609497
1.3545457124710083
1.0986623764038086
1.3430700302124023
1.487647533416748
0.9811230897903442
0.5322433710098267
0.9672460556030273
1.350915789604187
1.1827406883239746
7.433297157287598
1.5187898874282837
1.090538740158081
1.3098526000976562
1.0290223360061646
1.845468282699585
1.1554762125015259
1.052562952041626
1.3869130611419678
0.8450252413749695
1.350435495376587
1.7510548830032349
1.0703158378601074
1.2907228469848633
1.2007771730422974
0.9553883671760559
0.9664437770843506
0.7416989207267761
0.3148971199989319
0.8336314558982849
0.6909814476966858
0.6511279940605164
0.5071355700492859
0.6784356236457825
0.1830758899450302
0.72017902135849
0.21024885773658752
0.8483918309211731
1.1861023902893066
1.1984944343566895
1.1518938541412354
0.6184810400009155
1.720196008682251
1.2275652885437012
1.3412853479385376
0.17422892153263092
1.4331820011138916
1.1405068635940552
1.2192524671554565
1.2495079040527344
0.6500855088233948
1.1143364906311035
0.9683123826980591
0.974899172782898
0.7564381957054138
1.1141835451126099
1.0438114404678345
1.4512735605239868
1.426256537437439
1.2928026914596558
1.0778019428253174
0.35728728771209717
1.1286131143569946
1.0164752006530762
1.1096701622009277
0.38970330357551575
0.720699667930603
1.214829921722412
1.3846766948699951
1.9402875900268555
1.903052806854248
1.9151476621627808
2.1629488468170166
2.2450883388519287
1.985687494277954
2.348151206970215
4.82999324798584
5.476254940032959
5.819718837738037
5.20805025100708
5.792437553405762
5.91395902633667
5.202616214752197
5.937207221984863
6.050382614135742
5.972297668457031
6.924888610839844
6.842508316040039
6.8190155029296875
7.23719596862793
6.616236686706543
7.538377285003662
7.653902530670166
6.946535110473633
7.696959972381592
6.674450397491455
7.365196228027344
7.4823689460754395
7.53627872467041
7.342272758483887
7.427284240722656
7.522093772888184
7.475710391998291
7.486756324768066
7.544259548187256
7.753385066986084
7.512024879455566
7.615079879760742
7.495627403259277
7.810925483703613
5.624976634979248
5.760918140411377
6.005317687988281
5.608311653137207
6.032759189605713
6.618361949920654
6.668422222137451
6.977548599243164
6.764413833618164
7.385167121887207
7.411681175231934
7.976551532745361
6.608165740966797
7.549722671508789
7.272304058074951
5.791565418243408
6.454345226287842
7.230000019073486
7.842031955718994
6.7458109855651855
5.739097595214844
6.2050461769104
7.706799030303955
6.730221748352051
7.490370750427246
5.870848655700684
7.53472375869751
7.66329288482666
5.968679904937744
6.17014741897583
7.005134105682373
5.867316722869873
6.386031150817871
7.167064666748047
7.757676124572754
5.982364654541016
6.3621063232421875
6.738360404968262
6.1542792320251465
6.974808216094971
7.752895832061768
7.16594934463501
7.4040021896362305
7.572478771209717
7.347753524780273
6.728761672973633
7.297969818115234
6.829811096191406
7.233781337738037
7.054968357086182
7.429433345794678
7.192314147949219
7.271411895751953
7.281006336212158
6.74387264251709
6.883342266082764
6.89265251159668
7.128633499145508
7.187366962432861
7.242517948150635
7.408557891845703
7.236998558044434
2.4733011722564697
2.08138370513916
3.5037741661071777
2.4465200901031494
4.182224273681641
5.1758341789245605
4.65079927444458
4.29932165145874
3.927530288696289
3.862697124481201
4.017691135406494
2.5430917739868164
3.856072425842285
2.2580411434173584
3.6977570056915283
4.125166893005371
4.281684398651123
4.244210243225098
4.2850518226623535
4.462416172027588
4.639403343200684
1.9913421869277954
2.955381393432617
4.803461074829102
4.5181565284729
3.6139097213745117
4.266321659088135
1.935967206954956
3.271857738494873
1.463585376739502
3.4976248741149902
4.233164310455322
4.547762393951416
2.7454984188079834
4.466432571411133
4.123001575469971
4.135622978210449
3.7476747035980225
4.191897392272949
4.459105968475342
3.112959146499634
2.9719085693359375
4.988331317901611
3.7975246906280518
4.0352959632873535
4.584030628204346
2.0546624660491943
4.202184677124023
4.9247026443481445
3.1157994270324707
3.7788939476013184
4.371773719787598
2.0269410610198975
4.128753662109375
3.5244476795196533
4.1238813400268555
3.7835378646850586
4.31563663482666
3.7095375061035156
4.400001525878906
4.579845905303955
3.9232585430145264
3.2531137466430664
4.305205345153809
3.855785846710205
4.246413707733154
4.29282283782959
2.7669336795806885
4.057337760925293
4.456131935119629
4.380796432495117
4.153033256530762
3.8844244480133057
3.8916237354278564
4.1327338218688965
4.914671897888184
4.910014629364014
4.344417095184326
2.8564813137054443
2.594674587249756
3.194516181945801
2.8833563327789307
2.7125015258789062
1.8741167783737183
1.8747444152832031
1.7512011528015137
2.6121599674224854
5.011589527130127
4.939383029937744
1.4522379636764526
4.163362503051758
3.513972520828247
3.4003310203552246
3.4309349060058594
3.879824161529541
2.652578353881836
2.8138468265533447
2.4485511779785156
2.688633441925049
3.5878186225891113
2.5967156887054443
2.351987600326538
3.488210916519165
4.572833061218262
4.356628894805908
2.320194959640503
2.113302230834961
5.662916660308838
3.870450258255005
3.5651731491088867
2.4445624351501465
3.110098123550415
2.424212694168091
2.7624850273132324
3.795503854751587
1.686751127243042
1.564044713973999
3.6623878479003906
3.523024320602417
2.2913384437561035
5.390639781951904
4.5128936767578125
3.3334097862243652
3.003150701522827
3.614048480987549
1.480785608291626
3.143888473510742
3.009901285171509
3.091843605041504
3.43621563911438
3.5119659900665283
2.9474246501922607
2.535627841949463
3.4355404376983643
2.2068326473236084
2.5664191246032715
3.1821250915527344
2.9186720848083496
3.020433187484741
2.6186363697052
2.889554500579834
2.071033477783203
2.3789572715759277
3.20816969871521
2.4535939693450928
2.602400541305542
3.2423529624938965
2.0107250213623047
2.555043935775757
3.8301358222961426
3.38291597366333
2.3283164501190186
2.4700498580932617
3.019270896911621
3.7205820083618164
2.6184327602386475
4.512393951416016
4.033745765686035
2.541769027709961
1.732272982597351
1.5751036405563354
1.0834332704544067
0.8376548290252686
0.9453834891319275
1.7052600383758545
2.8677258491516113
2.0865488052368164
2.148468494415283
2.9183857440948486
2.331225633621216
1.8751740455627441
2.1617202758789062
1.6563191413879395
2.5190014839172363
2.3409841060638428
1.6989879608154297
2.0269556045532227
4.148701190948486
3.588655948638916
3.1588029861450195
3.9844682216644287
3.996694326400757
4.790620803833008
5.335217475891113
5.705847263336182
6.058671951293945
7.313665390014648
5.77342414855957
2.139633893966675
4.532515048980713
5.021911144256592
5.9742560386657715
6.17291784286499
6.200663089752197
3.0597712993621826
4.794442176818848
5.773388862609863
5.866796016693115
4.6001434326171875
5.640751361846924
4.288688659667969
5.704254150390625
5.745562553405762
4.944934368133545
5.237308502197266
3.8349835872650146
6.352652072906494
4.039924144744873
4.047428607940674
4.496395111083984
4.733875274658203
5.000720024108887
5.061004161834717
6.6752753257751465
5.609138488769531
5.024081230163574
4.291797637939453
5.425965309143066
2.6451969146728516
5.286586761474609
7.187150001525879
5.281255722045898
7.056719779968262
7.676946640014648
0.9919295907020569
6.921032428741455
1.2726342678070068
6.667651653289795
6.620613098144531
6.699695587158203
7.648468494415283
6.4514923095703125
2.1108994483947754
6.594844818115234
7.040369033813477
6.512269496917725
6.74860143661499
6.862501621246338
7.395884037017822
7.352076053619385
4.412903785705566
7.233154773712158
6.90822696685791
6.742939472198486
6.074717044830322
1.3879188299179077
7.572131633758545
6.9399542808532715
7.787936687469482
7.088413238525391
6.930797100067139
6.301889896392822
7.86984395980835
7.425854206085205
6.8932647705078125
7.0722737312316895
7.370118141174316
7.071847915649414
5.365992546081543
1.9857333898544312
8.002472877502441
1.444982886314392
7.284791469573975
7.189034461975098
6.602232456207275
2.206268787384033
7.366061687469482
6.603298664093018
7.113863468170166
7.448613166809082
7.84749174118042
7.2138214111328125
6.897417068481445
1.3400381803512573
6.558825969696045
7.55368709564209
6.106274604797363
7.457565784454346
7.345526218414307
6.31787109375
6.413940906524658
6.19569730758667
7.831011772155762
1.7634176015853882
8.168411254882812
3.2542076110839844
7.9431304931640625
7.187685489654541
7.0236005783081055
7.918108940124512
2.943617343902588
7.203829288482666
6.5694499015808105
4.037257671356201
5.775574684143066
8.34151840209961
7.462488174438477
7.170380115509033
7.280716896057129
7.3029351234436035
7.70501708984375
4.365242004394531
4.668500900268555
5.437563896179199
8.256406784057617
8.009027481079102
7.4486870765686035
7.567477226257324
7.164361476898193
6.767138957977295
1.1325796842575073
0.45673495531082153
1.496219277381897
2.212392807006836
2.9353785514831543
0.7301508188247681
1.1957834959030151
3.1243343353271484
2.8205373287200928
1.3256120681762695
0.7788338661193848
2.528604030609131
1.915552020072937
0.8293291926383972
0.9872487187385559
2.874717950820923
1.7642707824707031
1.2927019596099854
2.0484158992767334
1.6047683954238892
2.0328400135040283
2.310304641723633
2.605109930038452
2.0751185417175293
2.730046510696411
2.1861629486083984
4.020212173461914
2.871309518814087
1.880168080329895
3.631124973297119
1.430546522140503
0.786184549331665
1.8863401412963867
1.2224109172821045
2.0434465408325195
1.7171428203582764
2.0924129486083984
2.151502847671509
0.7789375185966492
2.407658100128174
1.9711414575576782
1.2372004985809326
2.2706074714660645
1.550110936164856
0.8298515677452087
1.3327629566192627
1.056943416595459
1.067835807800293
1.473747730255127
0.975364089012146
0.7891376614570618
0.9275863170623779
1.127131462097168
2.0117580890655518
1.828137993812561
1.9258383512496948
1.1158413887023926
1.1301370859146118
2.594839572906494
0.8173710703849792
1.0646672248840332
1.4023542404174805
0.8954360485076904
1.4850046634674072
1.01328706741333
1.359357237815857
1.44009530544281
2.0242013931274414
1.9571784734725952
1.6619638204574585
0.43533074855804443
0.9391575455665588
0.9184998869895935
0.9340651035308838
2.1432220935821533
2.020211935043335
1.9413706064224243
2.0947067737579346
2.9449658393859863
2.8771533966064453
4.758625507354736
3.5743227005004883
2.8052353858947754
3.258955955505371
2.1074461936950684
5.0428361892700195
1.916831374168396
1.5088043212890625
3.3715078830718994
2.868830442428589
2.230874538421631
3.7342796325683594
1.3727182149887085
0.6718828082084656
0.9867355823516846
1.9719067811965942
1.723829746246338
2.7125205993652344
1.2722119092941284
2.5042989253997803
0.3825584948062897
2.0972659587860107
2.2860631942749023
2.8626832962036133
1.6270370483398438
3.1583852767944336
1.7923352718353271
2.282762289047241
1.1159652471542358
1.7755417823791504
1.8909372091293335
2.2528634071350098
0.8953152894973755
2.916158437728882
1.742861032485962
1.3187568187713623
1.7043410539627075
1.6529446840286255
1.6494196653366089
3.4241278171539307
1.7231853008270264
2.052043914794922
2.003411054611206
2.7334487438201904
1.8242822885513306
2.3927619457244873
2.38710618019104
1.4779433012008667
1.6428205966949463
2.618860960006714
1.2177791595458984
1.3705822229385376
1.253861665725708
0.5407686233520508
1.040329933166504
1.6692875623703003
1.3824776411056519
1.8433446884155273
1.394848108291626
0.9213160872459412
0.823403537273407
0.5519396662712097
1.81721031665802
0.8366661071777344
1.3817023038864136
1.1178123950958252
1.3946969509124756
1.463945746421814
1.4740301370620728
0.7928857803344727
1.610632300376892
2.1345436573028564
1.1857502460479736
1.2418324947357178
1.3178869485855103
1.4920611381530762
2.2189764976501465
0.9208484292030334
0.714887261390686
1.6899378299713135
1.2967172861099243
0.7688796520233154
0.7713146209716797
0.7891092300415039
1.712024211883545
1.6430342197418213
0.9411097168922424
1.493162989616394
0.8998777270317078
5.391904354095459
0.8162369728088379
0.9627301096916199
1.558969497680664
1.0555081367492676
0.6555880308151245
8.057812690734863
0.5490875840187073
2.70957088470459
0.597758948802948
4.597282409667969
1.1318320035934448
1.3991780281066895
1.2182660102844238
1.0753579139709473
6.946475505828857
1.0996657609939575
1.1684736013412476
6.832645893096924
1.4207422733306885
6.439669132232666
5.111331462860107
0.8093276619911194
6.2528977394104
5.752439498901367
1.1336865425109863
0.8569005727767944
1.3257741928100586
5.95607852935791
6.146989345550537
6.577271461486816
1.1572353839874268
1.269753098487854
0.9988150000572205
2.5475783348083496
1.100907564163208
0.9069135785102844
6.602962970733643
1.1675760746002197
1.8471379280090332
0.7212207317352295
2.8567397594451904
5.932075023651123
0.7218655347824097
0.8716833591461182
0.9332951307296753
6.517353534698486
1.0714561939239502
6.974308490753174
1.6215111017227173
6.494913578033447
6.641382217407227
5.99083137512207
6.81655740737915
2.2476630210876465
5.6328887939453125
5.958630084991455
7.146270275115967
7.37129020690918
2.0571999549865723
3.0714240074157715
3.280803680419922
2.1811959743499756
5.503301620483398
1.6510452032089233
3.3111209869384766
2.3542134761810303
2.6124281883239746
1.3483309745788574
2.0930886268615723
2.7828047275543213
0.05419280007481575
3.312448740005493
3.032649040222168
2.178004026412964
1.9024213552474976
3.0749568939208984
1.6768455505371094
0.470852792263031
2.0360116958618164
2.159395217895508
1.2987021207809448
2.3840322494506836
1.6705628633499146
1.5631426572799683
1.5821048021316528
0.8282063603401184
1.4319381713867188
2.170189380645752
0.8277912735939026
0.9447880983352661
0.6846007704734802
2.4653947353363037
1.50310480594635
1.5846072435379028
7.599860191345215
1.1607139110565186
1.2464993000030518
1.208700180053711
1.4215662479400635
1.1943978071212769
1.0064606666564941
4.965911388397217
1.165911078453064
0.8640968799591064
0.8933597803115845
6.132925510406494
5.97183084487915
0.5941449999809265
6.521929740905762
2.02740478515625
4.283914566040039
4.633631706237793
1.2885607481002808
2.8098630905151367
1.196869134902954
1.4109951257705688
2.015883445739746
0.6369590163230896
3.739345073699951
3.566612958908081
0.969173014163971
2.7368223667144775
1.3742539882659912
2.0757827758789062
0.9484366178512573
1.8029602766036987
1.2802711725234985
1.8198989629745483
1.8684895038604736
2.4691920280456543
0.4463566243648529
1.1478767395019531
0.8227633833885193
6.955519676208496
1.2008765935897827
1.0546377897262573
6.928642749786377
7.146923542022705
7.253031253814697
2.1564080715179443
3.94549560546875
2.782440185546875
1.2760286331176758
2.6692147254943848
1.2183029651641846
2.4912803173065186
2.5978281497955322
1.5421181917190552
2.047351360321045
2.7602145671844482
1.1758235692977905
0.5634645819664001
2.4295108318328857
0.8492865562438965
1.142096996307373
0.5213354229927063
6.836560249328613
1.083054780960083
0.8963304758071899
0.5664405822753906
0.8139294385910034
7.06416130065918
5.178603172302246
7.258440971374512
1.1891463994979858
2.241076946258545
2.0674591064453125
1.3863331079483032
2.063246726989746
2.0464751720428467
2.5876598358154297
1.4055572748184204
1.5402822494506836
1.767564296722412
1.9009201526641846
0.9859062433242798
2.4589664936065674
2.1961302757263184
2.358569383621216
2.6173391342163086
1.702332615852356
1.364732265472412
3.1366255283355713
2.243396759033203
0.2332034409046173
1.7740308046340942
2.5725231170654297
1.660106897354126
3.7747232913970947
0.6142569780349731
5.370103359222412
6.389941692352295
2.9474036693573
2.1728994846343994
1.7304613590240479
1.9847737550735474
3.618109941482544
1.6356297731399536
2.7759504318237305
1.4391318559646606
2.0140483379364014
1.4013341665267944
4.260723114013672
1.487379550933838
1.0016313791275024
1.377583384513855
0.9559915661811829
6.10871696472168
6.335315227508545
2.3989126682281494
2.1911261081695557
4.412702560424805
1.1825907230377197
0.8406227827072144
5.211953639984131
1.9506226778030396
2.164281129837036
1.8521891832351685
1.4501572847366333
1.5270891189575195
0.9484970569610596
5.9952216148376465
7.2584733963012695
3.617626428604126
6.6796770095825195
1.0808218717575073
1.2504408359527588
4.327666759490967
3.5404820442199707
1.545312523841858
3.9744672775268555
2.582223892211914
1.8649414777755737
0.8831325173377991
4.980207920074463
5.487798690795898
7.071733474731445
4.298039436340332
1.3170063495635986
0.8000162243843079
0.7796358466148376
3.5878562927246094
0.8101901412010193
1.0770039558410645
1.2237809896469116
6.9913411140441895
0.43203407526016235
3.890794277191162
0.9198546409606934
1.7643193006515503
6.992925643920898
1.0258904695510864
1.7919085025787354
7.2030839920043945
3.1613831520080566
2.976508855819702
0.33129772543907166
6.603384494781494
1.1620794534683228
6.0190253257751465
1.3872768878936768
1.280153751373291
