9.876351576561311e-42
7.668532848358154
7.258577346801758
0.1921272575855255
1.242591142654419
1.2957566976547241
1.0513468980789185
0.9802413582801819
0.7653988003730774
2.2044386863708496
1.0963844060897827
2.080709457397461
1.3645882606506348
1.4289427995681763
2.036482334136963
1.393392562866211
6.494138240814209
1.3629227876663208
0.5019506216049194
1.2599172592163086
1.4374969005584717
1.1553430557250977
1.5233429670333862
1.4517055749893188
1.7085692882537842
1.3304718732833862
1.1691155433654785
1.6995326280593872
1.4917048215866089
1.5781675577163696
1.5393400192260742
1.4944559335708618
1.3023384809494019
1.6548539400100708
0.9838300943374634
1.312765121459961
1.3834848403930664
1.4099127054214478
1.4475314617156982
1.1013836860656738
1.162894368171692
0.9926413297653198
7.405243396759033
6.9842915534973145
1.2837046384811401
1.1811625957489014
1.0946680307388306
1.7264560461044312
1.7648531198501587
1.3193914890289307
1.6799544095993042
0.38839682936668396
1.4700645208358765
0.9711698293685913
0.837704062461853
1.4960377216339111
1.785857915878296
1.543351411819458
1.736387848854065
1.5341852903366089
7.109378337860107
6.787003040313721
0.4613339900970459
1.4626435041427612
1.1984070539474487
1.510841965675354
0.2748401165008545
1.619494915008545
1.0590819120407104
1.3640069961547852
1.6618815660476685
1.0484758615493774
1.349987506866455
1.6891757249832153
0.8906524181365967
0.8737702369689941
1.2693076133728027
0.6233079433441162
1.3861632347106934
1.6984623670578003
1.0097448825836182
1.2127645015716553
1.6492681503295898
2.0550549030303955
1.455637812614441
0.986086905002594
1.2048677206039429
1.1927658319473267
1.6458618640899658
1.0715370178222656
2.046909809112549
0.9547541737556458
1.0449504852294922
1.6984875202178955
1.3610970973968506
2.404771327972412
6.549743175506592
1.5725725889205933
1.1706898212432861
1.6333141326904297
1.543692708015442
1.2721091508865356
1.351056456565857
1.3234997987747192
1.3957862854003906
2.4561972618103027
1.410404086112976
1.6932711601257324
1.6165353059768677
1.1449103355407715
1.4041458368301392
1.96917724609375
1.5659152269363403
1.237406611442566
2.2300374507904053
1.3837696313858032
1.6456170082092285
1.1623492240905762
1.7076215744018555
1.634182095527649
1.5653704404830933
1.5416818857192993
1.4263275861740112
1.3911432027816772
1.2826716899871826
1.7137471437454224
1.2670379877090454
1.679089069366455
1.8816523551940918
1.3964812755584717
1.7574723958969116
1.134805679321289
1.7112966775894165
1.5829570293426514
1.5134117603302002
1.5810240507125854
0.9380512833595276
1.445367455482483
1.4094440937042236
1.4766184091567993
1.4101227521896362
1.528167724609375
1.4510046243667603
1.225192904472351
1.3342008590698242
1.379275918006897
1.30817449092865
1.5354732275009155
1.5148427486419678
1.488150715827942
1.2521326541900635
1.3362001180648804
1.1698423624038696
1.2615594863891602
1.524060606956482
1.904292106628418
1.7729265689849854
1.5004637241363525
1.5448458194732666
1.4612215757369995
1.4754022359848022
1.5149359703063965
4.200980186462402
5.435778617858887
6.015253067016602
5.465330123901367
6.018913269042969
6.19656229019165
5.683230400085449
6.231736660003662
6.172811985015869
6.422571182250977
7.069632530212402
7.1310038566589355
7.4081339836120605
7.35689115524292
7.466120719909668
7.504993915557861
7.690929412841797
7.533729076385498
7.92747688293457
7.334742546081543
7.696109294891357
7.803529739379883
7.605991840362549
7.424973964691162
7.357833385467529
7.529965400695801
7.618062496185303
7.64087438583374
7.425053596496582
7.435635089874268
7.3375563621521
7.335268497467041
6.77940559387207
6.996537685394287
5.581137657165527
5.871180057525635
6.022228240966797
5.884148597717285
6.381404876708984
6.499895095825195
7.1399149894714355
7.368871688842773
7.669919967651367
7.5854716300964355
7.741347789764404
7.667487621307373
6.887636184692383
7.786243438720703
7.715987682342529
6.003736972808838
6.554879665374756
7.627411365509033
7.682686805725098
7.121474742889404
6.101526737213135
6.181858539581299
7.947122573852539
6.812289714813232
7.639647960662842
6.246659755706787
7.993447780609131
7.32658052444458
6.053437232971191
6.221309185028076
7.604285717010498
6.239727020263672
6.436013221740723
7.747998237609863
6.809032440185547
6.437691688537598
6.456463813781738
6.728013038635254
6.373384952545166
6.4839301109313965
6.734066009521484
7.005544185638428
7.959779262542725
6.636972427368164
6.683576583862305
7.097490310668945
6.960271835327148
6.955233097076416
7.049783229827881
7.396048545837402
7.171542644500732
7.418307304382324
7.750044345855713
7.917255878448486
7.653681755065918
7.775314807891846
7.7742390632629395
7.87329626083374
7.663266658782959
7.395951747894287
7.186986446380615
7.1045379638671875
2.3349459171295166
1.8466606140136719
2.8845973014831543
1.965517282485962
4.899799346923828
5.689871788024902
4.867868900299072
4.24481201171875
3.6879940032958984
3.67230486869812
3.948662042617798
2.2968199253082275
4.475491523742676
2.265145778656006
4.222891807556152
4.313023090362549
3.394947052001953
3.5796353816986084
3.6448593139648438
3.8527884483337402
4.281004428863525
3.6737592220306396
4.3908796310424805
4.216807842254639
4.422365188598633
4.693490028381348
4.77139949798584
1.7125717401504517
2.7179245948791504
1.262973666191101
4.128178119659424
4.167751789093018
4.867389678955078
2.2980434894561768
3.555189847946167
4.24198579788208
3.788719415664673
4.6823530197143555
4.561183452606201
4.325434684753418
2.6176540851593018
2.6126222610473633
5.541163921356201
3.564154624938965
4.329062461853027
4.825398921966553
1.5051367282867432
3.670598268508911
4.96492338180542
2.650327682495117
4.4267754554748535
4.193814754486084
1.5492740869522095
4.519388198852539
2.6802008152008057
3.7296855449676514
4.504004001617432
4.235050201416016
3.51064395904541
3.987689971923828
4.1565046310424805
3.7632133960723877
4.177824020385742
3.7145965099334717
3.680495262145996
3.871399402618408
4.106008529663086
4.11203670501709
3.9714980125427246
5.404357433319092
4.359292984008789
3.893216371536255
3.852076292037964
4.225861072540283
4.433964729309082
5.491162300109863
5.607028961181641
5.056453227996826
2.9626946449279785
2.090395212173462
2.4935812950134277
2.3838484287261963
2.250013589859009
1.638690710067749
1.7180380821228027
1.5302762985229492
2.2487945556640625
5.850279331207275
5.5665812492370605
1.4029300212860107
5.209888458251953
4.223017692565918
3.3609557151794434
4.843313694000244
4.606411933898926
4.555419921875
4.067423343658447
4.764514923095703
2.135735273361206
5.581262588500977
2.4404196739196777
4.959068298339844
4.862239360809326
5.675260066986084
5.790757656097412
2.2464370727539062
1.8738600015640259
6.027289390563965
4.277584552764893
4.746959209442139
2.131027936935425
4.910656929016113
4.900529861450195
5.568532466888428
5.060520648956299
1.2621538639068604
1.2152690887451172
6.127820014953613
4.378098011016846
2.2729547023773193
5.1945319175720215
5.269901275634766
4.9236979484558105
5.173159599304199
5.036532402038574
1.462640404701233
2.800499677658081
4.052987098693848
5.335643768310547
4.980875015258789
5.252689838409424
3.0480120182037354
4.054750442504883
5.118649959564209
2.328906536102295
4.525884628295898
5.181769371032715
2.874182939529419
2.37265682220459
4.4913649559021
2.569603204727173
1.726527214050293
5.357731342315674
5.191392421722412
4.978366374969482
5.116854667663574
5.466987133026123
1.9904342889785767
4.478905200958252
5.7151713371276855
5.59217643737793
3.3380823135375977
2.9528744220733643
5.653743267059326
5.236284255981445
2.7841262817382812
5.531487941741943
5.537492752075195
2.8670101165771484
1.3848072290420532
1.4264273643493652
1.2069765329360962
1.2747358083724976
1.197635293006897
1.916968822479248
2.3588786125183105
1.7292041778564453
2.0996854305267334
2.4282846450805664
1.8733786344528198
1.4551626443862915
1.9491099119186401
1.8646459579467773
2.522090196609497
2.4741263389587402
1.6064581871032715
1.866353988647461
4.826338768005371
3.4347140789031982
2.9157278537750244
5.040269374847412
4.800082683563232
5.196475505828857
5.980784893035889
5.840707302093506
6.020263671875
6.747189521789551
5.874317646026611
1.7597956657409668
5.107593536376953
5.703122615814209
5.990241527557373
5.259740829467773
6.847847938537598
3.2840189933776855
5.424039363861084
5.754080295562744
5.70778226852417
5.34161376953125
5.591683864593506
5.062809467315674
5.960594654083252
5.649175643920898
5.2295098304748535
5.615299701690674
5.085708141326904
6.531017780303955
5.251905918121338
5.495516300201416
5.475443363189697
5.702268600463867
5.647211074829102
5.908938407897949
6.82521390914917
5.520407676696777
5.265475749969482
4.2394890785217285
5.0869550704956055
2.1693179607391357
5.0902180671691895
5.6878275871276855
5.772637844085693
7.7292160987854
6.547293663024902
1.1389634609222412
7.589350700378418
1.3251209259033203
6.692444324493408
6.863255500793457
6.478113651275635
7.13533878326416
6.479280948638916
2.3943679332733154
6.265242099761963
6.735410213470459
6.009611129760742
6.357308864593506
6.085275173187256
6.9393310546875
6.675422191619873
4.045822620391846
6.807366371154785
6.770999908447266
6.159262657165527
5.127974510192871
1.5803391933441162
7.37175178527832
7.0030436515808105
6.920653343200684
6.91317081451416
6.6746907234191895
5.932847499847412
7.471330165863037
7.088504791259766
6.389963150024414
6.498908042907715
6.410468578338623
6.303958415985107
5.35931396484375
2.1299655437469482
7.32133150100708
1.3179596662521362
6.927310943603516
6.2863383293151855
6.271665096282959
2.068910837173462
6.515046119689941
7.4689717292785645
6.869710445404053
6.9262895584106445
7.403133869171143
6.520655632019043
6.164831161499023
1.2850056886672974
6.755762577056885
6.8853583335876465
5.731578826904297
6.994422435760498
6.889791488647461
6.260812759399414
6.225276470184326
5.762175559997559
7.353259563446045
1.7870700359344482
7.331418514251709
3.1989808082580566
7.128985404968262
6.371111869812012
6.137930870056152
7.316261291503906
2.8918771743774414
6.230863571166992
6.1099467277526855
3.884322166442871
5.08424711227417
7.56163215637207
6.759888648986816
6.365651607513428
6.575970649719238
6.90496301651001
7.339035987854004
4.036116123199463
4.232332706451416
4.669915676116943
7.123764991760254
7.4013895988464355
6.6324143409729
6.865374565124512
6.225036144256592
5.8701677322387695
1.718277931213379
0.17055074870586395
0.8144596219062805
1.9164260625839233
0.9881778359413147
0.7013267278671265
1.2102463245391846
0.19300083816051483
1.08003830909729
1.7289206981658936
0.764837920665741
1.4265388250350952
1.0365055799484253
1.2669137716293335
1.04506254196167
0.4751003086566925
1.8770864009857178
1.2083743810653687
2.6192514896392822
1.5848366022109985
3.974869966506958
2.1153886318206787
2.7952115535736084
1.4622182846069336
1.6360870599746704
2.703444242477417
2.878796100616455
3.3368823528289795
2.6742513179779053
2.7000370025634766
1.1237119436264038
1.6726031303405762
2.613593339920044
1.5728222131729126
1.3793773651123047
1.0472140312194824
0.7918404340744019
0.0599784180521965
1.257232666015625
1.5968527793884277
0.9596054553985596
2.0302364826202393
1.5602771043777466
0.8466485738754272
0.7836318016052246
0.7032496333122253
1.086158037185669
1.3857088088989258
1.0552759170532227
1.1934860944747925
1.0132594108581543
1.0364001989364624
0.9569661617279053
2.0021681785583496
0.657567024230957
1.0152183771133423
0.6804484128952026
1.1130982637405396
1.8675050735473633
1.1338750123977661
0.8657732009887695
0.8239293694496155
1.1267480850219727
2.034330368041992
2.118534564971924
0.7867289781570435
1.1803274154663086
1.112085223197937
0.505377471446991
0.8183364868164062
0.7419324517250061
0.701015830039978
1.1879009008407593
0.6485148072242737
1.999155044555664
1.6229290962219238
1.7514934539794922
2.034980058670044
2.6688575744628906
3.043776512145996
4.609330654144287
4.024209022521973
2.6176562309265137
3.7774713039398193
1.846594214439392
4.046976566314697
2.5850043296813965
2.168419361114502
4.990235805511475
3.434643030166626
1.8598119020462036
2.6872408390045166
1.473809003829956
3.2171030044555664
1.2745965719223022
3.0526211261749268
1.982163667678833
2.663118600845337
2.2898919582366943
2.6420395374298096
0.7947922945022583
2.1193442344665527
1.9075090885162354
1.7574429512023926
2.9189798831939697
2.1506826877593994
5.057176113128662
2.9334301948547363
2.1646461486816406
2.697336196899414
2.1629974842071533
2.114000082015991
1.1846166849136353
3.104804039001465
2.6248297691345215
1.0132156610488892
1.6404609680175781
1.2155187129974365
1.6511735916137695
3.909428834915161
1.7373162508010864
1.8156434297561646
1.9329439401626587
3.3362362384796143
1.634812831878662
2.0415685176849365
3.380972146987915
1.109697699546814
0.5847655534744263
2.416499376296997
2.882901430130005
2.131998062133789
1.5773842334747314
1.2022640705108643
1.7771176099777222
3.405283212661743
3.6820766925811768
2.369201898574829
1.5242737531661987
1.2045141458511353
1.0605136156082153
1.5622665882110596
3.1405882835388184
1.596559762954712
1.344772458076477
3.681739330291748
4.0156331062316895
1.4843453168869019
1.5352396965026855
1.4300652742385864
1.851995825767517
1.9887299537658691
4.065524101257324
2.131208896636963
3.08166766166687
2.9436910152435303
2.312113046646118
2.1611552238464355
1.547806739807129
0.13444066047668457
1.9457876682281494
0.8948778510093689
1.2817004919052124
1.4525848627090454
2.655953884124756
1.8160279989242554
2.45481014251709
1.7178043127059937
1.0475900173187256
4.612730026245117
0.5008757710456848
0.9453533291816711
1.5429822206497192
0.8852481842041016
0.38497042655944824
7.2347846031188965
1.7274585962295532
2.54894757270813
1.0828220844268799
3.141310930252075
2.489107370376587
1.2124797105789185
0.5574968457221985
2.341768980026245
6.020246505737305
1.0339267253875732
1.2481962442398071
6.0210041999816895
0.9697453379631042
5.47318172454834
3.2731027603149414
1.2643616199493408
5.4963579177856445
4.839439868927002
1.1726120710372925
0.8631464242935181
0.9950321316719055
5.335211277008057
5.576796531677246
6.081667900085449
0.17944137752056122
0.7554342150688171
0.8293505907058716
2.0137085914611816
0.12668953835964203
1.3006759881973267
6.184601783752441
0.7838377356529236
1.5750172138214111
1.1814093589782715
2.385143995285034
5.7776641845703125
1.5193442106246948
0.7725397944450378
0.9726160764694214
5.742481231689453
0.6791147589683533
6.8000617027282715
1.3097020387649536
5.451082706451416
4.894512176513672
5.682123184204102
6.3130106925964355
1.7689244747161865
4.791314601898193
5.774468898773193
6.479661464691162
7.217602729797363
1.7712770700454712
3.102809190750122
3.4357235431671143
1.8156684637069702
2.9669039249420166
2.4352900981903076
3.623162269592285
2.462947130203247
2.0629048347473145
2.8643674850463867
1.7959294319152832
3.46894907951355
0.717881977558136
2.1619832515716553
2.615516424179077
2.199786424636841
2.50368332862854
2.557704448699951
1.5610383749008179
1.8855414390563965
1.5134553909301758
2.0416736602783203
3.1012351512908936
3.475729465484619
2.10646390914917
2.6098287105560303
3.169304847717285
1.613526701927185
4.05927038192749
4.599863529205322
2.3776695728302
1.2951809167861938
2.542727470397949
2.7784173488616943
2.8964638710021973
2.9451911449432373
6.29481840133667
0.4750596582889557
1.766695499420166
1.803917407989502
1.2075109481811523
0.4277941584587097
0.6804485321044922
4.178516387939453
1.0809948444366455
0.10368228703737259
0.7904555797576904
6.183296203613281
5.975887298583984
1.162740707397461
6.229037284851074
1.5269981622695923
4.119492053985596
2.670775890350342
2.246295690536499
3.469909429550171
2.33202862739563
1.4832472801208496
2.1935999393463135
0.783155083656311
3.7342584133148193
2.9369771480560303
3.719334840774536
2.095810890197754
1.0613458156585693
2.497318744659424
3.0627217292785645
1.8743025064468384
2.375648260116577
2.171684503555298
2.7562687397003174
2.7854630947113037
1.0552667379379272
1.7902050018310547
0.4727950990200043
6.01688814163208
0.6347918510437012
0.8255457282066345
6.46431827545166
6.386701583862305
6.872597694396973
1.6987131834030151
3.714420795440674
2.6437389850616455
3.0179269313812256
2.4991724491119385
1.2078771591186523
1.5542068481445312
2.041229724884033
1.0707300901412964
3.9308485984802246
2.2252790927886963
2.6023154258728027
1.1963484287261963
2.540384292602539
1.5359203815460205
2.3683183193206787
2.057166814804077
5.847482681274414
0.7296603918075562
0.7641080617904663
0.3059599697589874
0.7997288703918457
6.635933876037598
4.030459403991699
7.204920291900635
2.222632646560669
2.7163403034210205
2.165773630142212
3.1147990226745605
1.6191765069961548
3.7002265453338623
2.1872501373291016
1.398998737335205
2.4025137424468994
2.3792994022369385
2.2839901447296143
0.963285505771637
2.362920045852661
2.0389091968536377
2.2532498836517334
2.1537344455718994
2.1100761890411377
1.1891934871673584
3.9845681190490723
1.8434818983078003
3.1770222187042236
1.3571178913116455
2.2952558994293213
2.259615421295166
3.813082218170166
0.5311329364776611
4.811078071594238
6.253325939178467
2.130695104598999
3.0175721645355225
1.618973970413208
1.68075692653656
3.776663303375244
3.4042699337005615
2.4385430812835693
2.135265350341797
2.5024843215942383
1.7860488891601562
4.024105072021484
3.019996404647827
0.7262943983078003
1.259926438331604
1.1083439588546753
5.539510250091553
5.895362854003906
2.321545124053955
3.5640640258789062
3.7127676010131836
1.9143033027648926
0.9255406260490417
4.479183673858643
2.607015371322632
2.0603315830230713
2.9368293285369873
2.2061429023742676
1.4704066514968872
1.1523892879486084
5.444019794464111
6.6576337814331055
3.751124143600464
5.347404479980469
2.8446695804595947
1.2923579216003418
5.159890651702881
3.229435920715332
3.9623842239379883
4.010890960693359
2.507699966430664
2.9124391078948975
1.2710903882980347
5.5565266609191895
6.735164165496826
6.796786785125732
5.037558555603027
1.1075812578201294
2.2574522495269775
1.514251947402954
4.067581653594971
1.2852510213851929
2.6540958881378174
1.7620736360549927
5.345826148986816
2.7068748474121094
4.131450653076172
1.1744472980499268
3.0948386192321777
7.123777866363525
1.567408800125122
4.258007049560547
7.268405914306641
3.34450364112854
2.6730637550354004
1.3781508207321167
4.916616439819336
1.0088046789169312
4.757878303527832
2.05523419380188
0.6072018146514893
