9.876351576561311e-42
1.827486276626587
0.6820542812347412
1.3081672191619873
1.3310811519622803
1.904362440109253
1.048490285873413
0.4644421339035034
0.657145619392395
1.1677662134170532
0.09212298691272736
0.7007527947425842
0.880964994430542
0.33571529388427734
0.9764854311943054
1.001046895980835
1.836356520652771
1.1471771001815796
1.4761183261871338
0.24916335940361023
0.8094243407249451
1.587422490119934
0.6272839307785034
0.6641864776611328
0.9036855697631836
1.7993258237838745
2.2709176540374756
1.169774055480957
1.1025128364562988
1.2153290510177612
1.8157612085342407
2.171086072921753
0.8078057169914246
2.1315364837646484
0.9090423583984375
1.5329300165176392
1.1563564538955688
1.2780038118362427
0.9728797674179077
0.7300034761428833
1.5200660228729248
0.7264937162399292
1.0636446475982666
0.6764271855354309
1.8364514112472534
0.5461114048957825
0.6637366414070129
0.41125041246414185
0.3959515690803528
0.8734157681465149
0.7183496952056885
1.5055208206176758
1.0362327098846436
1.9640109539031982
0.878073513507843
0.5134173631668091
0.924558699131012
2.0110723972320557
1.1821366548538208
1.756212830543518
0.4387238025665283
0.6349653601646423
1.7467442750930786
1.0599801540374756
0.5413628220558167
0.5655404329299927
1.5280094146728516
1.1297160387039185
1.0587260723114014
1.8532973527908325
1.8439600467681885
1.2767372131347656
0.19941946864128113
0.516994059085846
1.581356406211853
1.0316119194030762
1.2963776588439941
1.7730920314788818
0.9781045317649841
2.2300562858581543
0.8225824236869812
1.4957784414291382
0.361774742603302
0.6861259341239929
1.2485555410385132
1.5134562253952026
1.3862618207931519
2.1000607013702393
0.5524557828903198
0.9047435522079468
0.6990985870361328
0.4328633248806
1.8614885807037354
0.6112918853759766
1.6498675346374512
1.481830358505249
1.2107964754104614
1.8860018253326416
1.169641137123108
0.2240179032087326
1.0409955978393555
1.4971750974655151
1.6469961404800415
1.7005316019058228
0.5727882385253906
1.322566032409668
1.0750336647033691
1.3639363050460815
1.2377275228500366
1.7689752578735352
0.46289846301078796
1.2741049528121948
1.0602326393127441
1.825705647468567
1.3427708148956299
0.7829103469848633
1.534067988395691
0.1742827445268631
1.714704990386963
0.5273727774620056
0.7013841867446899
1.6136277914047241
1.9313160181045532
1.7660521268844604
2.0078189373016357
0.7052555680274963
2.2630558013916016
0.5065428614616394
1.4811961650848389
2.3517649173736572
2.173304319381714
0.8921880722045898
1.913673996925354
1.5203531980514526
1.9044032096862793
0.6201715469360352
1.1727943420410156
1.1697912216186523
0.9756582975387573
0.9042987823486328
0.8052769899368286
0.8153414726257324
1.2966246604919434
1.4045002460479736
1.4280016422271729
1.1347063779830933
0.7767540812492371
0.6022434234619141
1.3506317138671875
0.7777292132377625
1.176414132118225
1.9010487794876099
1.8830945491790771
2.443854570388794
2.3303065299987793
1.8039747476577759
1.5151044130325317
1.2504138946533203
1.8019006252288818
1.4452778100967407
0.9684563279151917
0.9387272596359253
2.2128796577453613
1.306569218635559
1.9862534999847412
1.3330165147781372
1.7273285388946533
1.4816868305206299
0.8730312585830688
1.2374273538589478
1.218124508857727
0.9196202754974365
1.5899728536605835
0.9542315006256104
0.7641403675079346
0.8134552836418152
0.36580559611320496
0.6664873957633972
0.15415754914283752
0.3747294247150421
1.0257049798965454
0.38491445779800415
0.7122820615768433
0.6428806185722351
0.9578342437744141
0.3685063421726227
0.46443459391593933
0.48357194662094116
0.1046551838517189
0.3102887272834778
0.5061614513397217
0.7679081559181213
0.1265275776386261
0.8353390097618103
0.9046057462692261
0.8439249992370605
1.9032412767410278
1.4440492391586304
1.8655986785888672
1.3490647077560425
0.7875399589538574
1.647901177406311
1.0248737335205078
0.5189574956893921
0.5380985140800476
0.20463287830352783
0.30901700258255005
1.3716031312942505
0.3163776695728302
0.33007633686065674
0.5661110877990723
1.6518665552139282
1.1516263484954834
0.6436722874641418
0.7992020845413208
0.24718625843524933
1.305015206336975
1.5477166175842285
0.306348592042923
0.2947447597980499
0.6798774003982544
1.317608118057251
0.27354076504707336
0.80856853723526
1.259509801864624
1.1626204252243042
0.9898458123207092
1.1276713609695435
1.2825255393981934
0.9027361273765564
0.9261375069618225
0.6422649025917053
0.8189998865127563
0.22310808300971985
1.3174002170562744
0.8841854333877563
0.7443273067474365
0.7405457496643066
0.3702041208744049
0.8758275508880615
1.1169112920761108
0.7495032548904419
0.7374882698059082
0.26097145676612854
0.5424296855926514
0.44779449701309204
0.48694589734077454
0.8572407960891724
0.535753071308136
0.36887863278388977
0.777080774307251
0.38208985328674316
0.4154011011123657
0.8399935364723206
0.6003178358078003
0.05798099562525749
0.9282084703445435
0.3276374638080597
2.874523878097534
3.0814545154571533
0.7756162285804749
0.23916126787662506
0.4801402986049652
0.7239739894866943
0.47433650493621826
0.5111695528030396
0.9673659205436707
1.5538278818130493
1.2866708040237427
1.6614964008331299
0.7475274205207825
0.5543738603591919
1.4096044301986694
1.2424449920654297
1.3159472942352295
1.2810252904891968
1.5226988792419434
1.6499048471450806
1.1772029399871826
1.2815065383911133
1.1994400024414062
1.8174394369125366
1.6878442764282227
1.147441029548645
2.056107759475708
1.946363925933838
0.568098783493042
3.1961352825164795
0.5702739953994751
0.5787583589553833
1.4052608013153076
0.9195061326026917
1.2883232831954956
1.7720805406570435
1.5400683879852295
1.2061913013458252
1.794761300086975
1.7697136402130127
0.4532405734062195
1.5230236053466797
1.122868537902832
1.0523003339767456
1.414894461631775
1.9934190511703491
0.4453047215938568
1.083876132965088
1.4444979429244995
0.6295562386512756
1.2517569065093994
1.7259036302566528
1.2685626745224
1.370855450630188
0.10704069584608078
0.8981581926345825
1.32483971118927
1.8089723587036133
0.8689566850662231
1.7537786960601807
1.5714458227157593
1.099298357963562
1.3825008869171143
1.6096538305282593
0.6442381739616394
1.492377519607544
0.765341579914093
1.260485053062439
1.2937160730361938
1.164862871170044
1.5438079833984375
1.067442536354065
1.204559326171875
1.4778838157653809
1.6277815103530884
1.1349616050720215
0.5985242128372192
1.0405372381210327
1.2825969457626343
0.9861302971839905
0.9437465071678162
1.1528444290161133
1.0597505569458008
3.5885934829711914
4.2965006828308105
5.332946300506592
4.82737922668457
1.7059378623962402
2.4847350120544434
5.737656116485596
3.174983263015747
4.483371734619141
4.831904411315918
1.2532458305358887
1.2420395612716675
1.4679720401763916
4.132687091827393
3.304556369781494
3.5726306438446045
2.0223991870880127
3.015880823135376
2.7630674839019775
2.065783739089966
1.5972152948379517
1.979388952255249
2.3042829036712646
2.232788562774658
1.9787193536758423
3.1830713748931885
1.6298035383224487
5.832921028137207
1.0842982530593872
3.7077672481536865
2.200684070587158
0.8468803763389587
2.9573163986206055
2.4446487426757812
1.815303087234497
2.163285255432129
2.1051409244537354
2.095999240875244
4.284623146057129
0.8689495921134949
1.5917032957077026
0.8581950068473816
2.4365899562835693
5.305455207824707
3.061354637145996
2.109346628189087
1.1980376243591309
1.521775484085083
5.331523895263672
1.645034909248352
1.5302698612213135
5.478865623474121
1.91975998878479
1.5705476999282837
4.737583637237549
4.029538631439209
2.880359411239624
4.100436687469482
3.348449945449829
2.8821539878845215
1.5845363140106201
3.132241725921631
2.7230098247528076
2.525151014328003
2.8192591667175293
2.8428139686584473
2.1983158588409424
1.0997968912124634
2.407304286956787
2.1149728298187256
1.3353338241577148
2.363792896270752
2.0677132606506348
1.8624298572540283
2.2859718799591064
1.932773232460022
5.1429762840271
5.4895243644714355
5.469139575958252
5.300111293792725
4.925728797912598
4.522996425628662
4.173839092254639
4.242147922515869
3.617642879486084
3.7320780754089355
2.9711248874664307
2.390819787979126
2.2702808380126953
2.4533145427703857
2.1559555530548096
1.9569222927093506
2.2359864711761475
2.2993061542510986
2.2867560386657715
2.0973572731018066
2.106163740158081
1.6396235227584839
1.8312698602676392
1.2676368951797485
0.9944372177124023
1.1435792446136475
1.2481590509414673
0.6221550107002258
1.809689998626709
1.8093242645263672
0.8185139298439026
1.2893059253692627
1.0082613229751587
0.4839206337928772
1.648512840270996
1.6426336765289307
0.8174839019775391
1.4055805206298828
1.0687243938446045
0.7986411452293396
0.9208495616912842
0.4398755133152008
1.5928157567977905
1.1236141920089722
1.3604319095611572
1.7721959352493286
0.6323792934417725
1.8118168115615845
0.9393523335456848
1.0754523277282715
1.1650651693344116
1.3157167434692383
1.1669530868530273
1.7797610759735107
1.9749468564987183
1.9463013410568237
1.9552311897277832
1.9348682165145874
1.2730474472045898
2.0750222206115723
0.5681734085083008
0.8342834115028381
1.659379482269287
0.40687593817710876
1.1851788759231567
1.648802399635315
0.9372721910476685
1.4085341691970825
1.3412035703659058
0.9366173148155212
1.2386395931243896
1.1416126489639282
0.3754771947860718
1.3502041101455688
0.38621798157691956
0.44239357113838196
1.491442084312439
1.3772064447402954
1.2962929010391235
1.1470861434936523
1.172723650932312
1.5526612997055054
1.571527361869812
1.8487389087677002
1.7591537237167358
0.9856334328651428
2.1410768032073975
0.561470091342926
1.4283734560012817
1.2330927848815918
1.164247751235962
1.178910255432129
0.7012329697608948
1.2738120555877686
0.3251153826713562
1.2676479816436768
1.6314383745193481
1.483115792274475
1.6019947528839111
1.1869016885757446
2.1873269081115723
1.315820336341858
1.453761339187622
1.623119592666626
1.5923618078231812
1.579370141029358
2.1168224811553955
1.0312244892120361
0.5893603563308716
1.128077507019043
0.8605722784996033
1.572755217552185
1.685219645500183
1.4999083280563354
1.6523637771606445
0.6215814352035522
1.1354765892028809
1.199746012687683
1.4146063327789307
1.7053815126419067
0.481497585773468
1.0504353046417236
1.317469835281372
1.1869786977767944
1.5099543333053589
1.5121676921844482
1.357312798500061
1.0336345434188843
1.2294014692306519
1.5047975778579712
1.3648704290390015
1.3828160762786865
1.470526933670044
1.216469645500183
1.4093427658081055
1.2612824440002441
1.7882589101791382
1.3796660900115967
1.4357322454452515
1.7378945350646973
1.9129362106323242
1.8935065269470215
1.2880263328552246
1.3491088151931763
1.5854684114456177
1.6694862842559814
1.7019895315170288
1.5242952108383179
1.6130532026290894
1.545268177986145
1.5433409214019775
1.7795308828353882
1.9835631847381592
1.8491199016571045
1.5654464960098267
1.6836018562316895
1.739987850189209
1.4113706350326538
1.6828051805496216
1.5178965330123901
1.6382105350494385
1.7497822046279907
1.6497647762298584
1.761864423751831
1.599016785621643
1.6698851585388184
1.7755303382873535
1.3594270944595337
1.78102445602417
1.6174017190933228
1.2686867713928223
1.5489437580108643
1.8757340908050537
1.9225246906280518
1.6806079149246216
1.658565878868103
1.6929126977920532
1.702235221862793
1.5201085805892944
1.4543758630752563
1.5957573652267456
1.0290507078170776
1.047419786453247
1.426133394241333
1.455374836921692
1.2849043607711792
1.536258339881897
0.9361036419868469
1.3530617952346802
1.0342190265655518
1.266344666481018
1.73981511592865
1.3483058214187622
2.0045340061187744
1.8771624565124512
1.6304078102111816
1.4171298742294312
1.5427744388580322
1.1563750505447388
1.0597789287567139
1.1898674964904785
1.5673996210098267
1.5273126363754272
1.35280442237854
1.156955361366272
1.4978694915771484
2.1343836784362793
1.5502662658691406
1.7943511009216309
1.8086847066879272
1.6645597219467163
1.720857858657837
1.7710416316986084
1.5201431512832642
1.6075925827026367
1.2378532886505127
1.4281493425369263
1.5191123485565186
2.0200085639953613
1.658034324645996
1.6934648752212524
1.2249417304992676
1.2120707035064697
1.5080180168151855
1.678879737854004
0.9884352087974548
0.47572919726371765
0.9050126075744629
1.803624153137207
2.5519495010375977
3.908186197280884
4.23525857925415
4.402917861938477
4.26948356628418
4.531894207000732
4.554752349853516
5.231547832489014
5.403482913970947
4.470749855041504
3.5664825439453125
4.330533981323242
4.937514781951904
4.763608932495117
4.884171962738037
2.6142797470092773
4.78618049621582
2.1809158325195312
2.2009782791137695
2.1990597248077393
4.292259216308594
4.760474681854248
4.688949108123779
3.174736976623535
1.937163233757019
1.8163005113601685
2.2647652626037598
1.913329005241394
2.5825297832489014
1.9614943265914917
2.1300525665283203
2.1597256660461426
2.3974416255950928
2.4611475467681885
2.151780605316162
1.8800153732299805
2.0452263355255127
2.4137535095214844
2.0809860229492188
2.487705945968628
2.338869094848633
1.7599420547485352
2.4785783290863037
1.8812121152877808
2.024785280227661
1.6678656339645386
2.0122833251953125
1.7970060110092163
1.465662956237793
1.7034046649932861
1.7615087032318115
1.728035807609558
1.4042589664459229
1.9910788536071777
2.0744991302490234
2.134436845779419
2.163156747817993
1.3305374383926392
1.804836392402649
1.9870989322662354
1.4640172719955444
1.8831614255905151
1.5344451665878296
1.2255644798278809
1.8087446689605713
1.478779911994934
1.3152519464492798
1.7739590406417847
1.3876304626464844
1.3281350135803223
1.485927700996399
1.8085747957229614
1.4448753595352173
2.1319923400878906
1.6357650756835938
1.7379947900772095
1.8197027444839478
1.7211315631866455
1.562137246131897
1.4970316886901855
2.066411256790161
0.9725673794746399
1.7658363580703735
1.2048583030700684
1.680149793624878
1.5307211875915527
1.8575479984283447
1.669760823249817
1.6891337633132935
1.7576617002487183
1.279232144355774
1.6964162588119507
1.1503949165344238
1.3852049112319946
1.6396993398666382
1.3574495315551758
1.541532039642334
1.650020956993103
1.6241881847381592
1.5494003295898438
1.68137526512146
1.5786666870117188
1.6578856706619263
1.61439847946167
1.5268161296844482
1.7350043058395386
1.5461186170578003
1.44037663936615
1.4337834119796753
1.614009976387024
1.9630459547042847
1.6120352745056152
1.5364042520523071
1.2400646209716797
1.6464086771011353
1.5470798015594482
1.7727910280227661
1.1387146711349487
1.3109383583068848
1.6391727924346924
1.1842788457870483
1.76749587059021
1.4408146142959595
1.4618452787399292
1.4412182569503784
1.7647178173065186
1.266150951385498
1.92368483543396
1.23066246509552
1.093971610069275
1.9080485105514526
1.3970584869384766
1.9982911348342896
1.2826058864593506
1.6995348930358887
2.000810146331787
1.8560131788253784
1.2582834959030151
1.888632893562317
1.2233799695968628
1.6124608516693115
1.2314765453338623
1.2100019454956055
1.0896748304367065
0.9149596691131592
1.3686203956604004
1.193483829498291
1.081916332244873
0.9181207418441772
0.8376441597938538
0.4508841037750244
4.632974147796631
4.673287391662598
5.106793403625488
5.497925758361816
4.969701290130615
4.369654655456543
4.5583367347717285
4.769808769226074
2.68485689163208
4.775770664215088
4.011408805847168
4.547513484954834
2.2160918712615967
2.138855457305908
1.967306137084961
2.3019607067108154
1.8752667903900146
2.089381217956543
1.790417194366455
2.5595526695251465
1.892635464668274
1.7412103414535522
1.740397572517395
1.8775266408920288
2.165067195892334
1.8942599296569824
1.645354151725769
1.7991504669189453
2.1075189113616943
1.830422282218933
1.5773438215255737
1.7946299314498901
1.7146642208099365
1.6047576665878296
1.5758414268493652
1.5598574876785278
1.5131479501724243
1.5625920295715332
1.6248860359191895
1.7313036918640137
1.5053328275680542
1.552634835243225
1.663472294807434
1.6005617380142212
0.9006554484367371
1.9218952655792236
1.218872308731079
1.2921861410140991
1.8714051246643066
0.638546347618103
0.7183009386062622
4.780431747436523
4.8162522315979
3.6857497692108154
4.587231636047363
3.104013681411743
4.502058029174805
1.7615708112716675
4.087182521820068
3.619950771331787
2.2255733013153076
2.258960485458374
2.0922017097473145
2.584143877029419
2.018557548522949
1.868523120880127
2.036849021911621
1.4791613817214966
1.4705016613006592
1.6514219045639038
1.716163158416748
1.295235276222229
1.4928388595581055
1.613455891609192
1.5576649904251099
1.558644413948059
1.7756260633468628
0.9843886494636536
0.8307752013206482
0.6658728122711182
0.8129062652587891
4.792064666748047
4.812114715576172
4.562582969665527
4.247924327850342
3.4778425693511963
1.9674608707427979
2.2067277431488037
2.475644111633301
1.712395429611206
2.178158760070801
2.1270909309387207
1.6381477117538452
1.3635400533676147
1.8225903511047363
1.6971495151519775
1.6774749755859375
1.579048752784729
1.5341585874557495
1.1541550159454346
1.39296555519104
1.8478261232376099
1.0208842754364014
1.2503265142440796
0.5116073489189148
4.729499340057373
1.7991498708724976
3.826976776123047
2.43947172164917
2.442312240600586
1.5326616764068604
2.079298257827759
1.746840238571167
1.9737958908081055
1.545541524887085
1.5870168209075928
1.3706390857696533
1.4592851400375366
0.5087172985076904
3.933966875076294
4.166827201843262
4.879128932952881
3.358370304107666
1.8027175664901733
2.392382860183716
1.5948941707611084
2.194021224975586
2.039965867996216
1.5652834177017212
1.4877456426620483
1.4507346153259277
1.4093937873840332
1.0936108827590942
3.9983019828796387
4.765547752380371
2.193209648132324
1.9686039686203003
1.6639533042907715
1.6646579504013062
3.344132423400879
4.585384845733643
1.5320680141448975
1.8976930379867554
1.6992779970169067
1.6534587144851685
1.4971336126327515
1.794521450996399
1.9084217548370361
1.3348532915115356
1.0893456935882568
1.3214972019195557
1.6889618635177612
1.604038953781128
1.2973041534423828
2.1295571327209473
1.6050057411193848
3.7652552127838135
2.235001564025879
1.5566391944885254
2.2302732467651367
1.479885458946228
2.146305561065674
1.2172881364822388
0.7147323489189148
2.398508310317993
1.6302999258041382
1.544715404510498
1.632696509361267
3.7716145515441895
1.7424942255020142
2.0261075496673584
3.6995060443878174
2.8791863918304443
1.582865834236145
2.1099836826324463
4.226361274719238
4.163118362426758
0.775597333908081
4.341848373413086
1.6117596626281738
1.5764144659042358
1.4612787961959839
4.607385635375977
1.6561660766601562
1.5345369577407837
1.4978463649749756
1.5682669878005981
1.5563644170761108
4.844804763793945
1.8371849060058594
1.4563241004943848
1.226711630821228
1.5750938653945923
1.5272077322006226
1.234387755393982
5.0049543380737305
2.751621723175049
1.3212077617645264
1.6027636528015137
1.337685465812683
1.5808647871017456
1.8459744453430176
1.15121328830719
